1.0, 0.0, 0.0, 0.002231, 1.847529, -0.765923, 0.0
1.0, 0.0, 0.0, 0.002231, 1.847529, -0.765923, 0.0
17.0, -0.00012, -0.000251, -0.004065, 1.847529, -0.765923, 0.0
34.0, -0.000393, -0.000351, -0.009461, 1.847529, -0.765923, 0.0
34.0, -0.000393, -0.000351, -0.009461, 1.847529, -0.765923, 0.0
50.0, -0.00083, -0.000207, -0.012067, 1.847529, -0.765923, 0.0
50.0, -0.00083, -0.000207, -0.012067, 1.847529, -0.765923, 0.0
67.0, -0.001462, 0.000117, -0.013007, 1.847529, -0.765923, 0.0
83.0, -0.002323, 0.000524, -0.01273, 1.847529, -0.765923, 0.0
83.0, -0.002323, 0.000524, -0.01273, 1.847529, -0.765923, 0.0
100.0, -0.003452, 0.00091, -0.011606, 1.847529, -0.765923, 0.0
100.0, -0.003452, 0.00091, -0.011606, 1.847529, -0.765923, 0.0
117.0, -0.004882, 0.001175, -0.009935, 1.847529, -0.765923, 0.0
136.0, -0.006455, 0.001208, -0.007588, 1.847529, -0.765923, 0.0
136.0, -0.006455, 0.001208, -0.007588, 1.847529, -0.765923, 0.0
152.0, -0.008415, 0.001366, -0.005201, 1.847635, -0.632588, 0.0
152.0, -0.008415, 0.001366, -0.005201, 1.847635, -0.632588, 0.0
167.0, -0.010808, 0.001569, -0.002359, 1.847635, -0.632588, 0.0
184.0, -0.013732, 0.001949, 0.000622, 1.847635, -0.632588, 0.0
184.0, -0.013732, 0.001949, 0.000622, 1.847635, -0.632588, 0.0
201.0, -0.017143, 0.002495, 0.00357, 1.847635, -0.632588, 0.0
201.0, -0.017143, 0.002495, 0.00357, 1.847635, -0.632588, 0.0
217.0, -0.020402, 0.003149, 0.002965, 1.847635, -0.632588, 0.0
235.0, -0.024585, 0.004298, 0.003352, 1.847635, -0.632588, 0.0
235.0, -0.024585, 0.004298, 0.003352, 1.847635, -0.632588, 0.0
250.0, -0.029283, 0.005643, 0.003764, 1.847635, -0.632588, 0.0
250.0, -0.029283, 0.005643, 0.003764, 1.847635, -0.632588, 0.0
266.0, -0.034353, 0.00712, 0.004148, 1.847635, -0.632588, 0.0
282.0, -0.039736, 0.00868, 0.004487, 1.847635, -0.632588, 0.0
282.0, -0.039736, 0.00868, 0.004487, 1.847635, -0.632588, 0.0
300.0, -0.045375, 0.010294, 0.004765, 1.847635, -0.632588, 0.0
300.0, -0.045375, 0.010294, 0.004765, 1.847635, -0.632588, 0.0
316.0, -0.051225, 0.011948, 0.00497, 1.847635, -0.632588, 0.0
334.0, -0.057246, 0.013629, 0.005104, 1.847635, -0.632588, 0.0
334.0, -0.057246, 0.013629, 0.005104, 1.847635, -0.632588, 0.0
350.0, -0.063407, 0.015331, 0.005172, 1.847635, -0.632588, 0.0
350.0, -0.063407, 0.015331, 0.005172, 1.847635, -0.632588, 0.0
367.0, -0.06968, 0.017048, 0.005183, 1.847635, -0.632588, 0.0
383.0, -0.076044, 0.018775, 0.005149, 1.847635, -0.632588, 0.0
383.0, -0.076044, 0.018775, 0.005149, 1.847635, -0.632588, 0.0
400.0, -0.082481, 0.02051, 0.00508, 1.847834, -0.382586, 0.0
400.0, -0.082481, 0.02051, 0.00508, 1.847834, -0.382586, 0.0
416.0, -0.088977, 0.02225, 0.004986, 1.847834, -0.382586, 0.0
436.0, -0.09552, 0.023995, 0.004876, 1.847834, -0.382586, 0.0
436.0, -0.09552, 0.023995, 0.004876, 1.847834, -0.382586, 0.0
450.0, -0.1021, 0.025742, 0.004758, 1.847834, -0.382586, 0.0
450.0, -0.1021, 0.025742, 0.004758, 1.847834, -0.382586, 0.0
468.0, -0.10871, 0.027491, 0.004637, 1.847834, -0.382586, 0.0
485.0, -0.115344, 0.029241, 0.004519, 1.847834, -0.382586, 0.0
485.0, -0.115344, 0.029241, 0.004519, 1.847834, -0.382586, 0.0
500.0, -0.121997, 0.030993, 0.004407, 1.847834, -0.382586, 0.0
500.0, -0.121997, 0.030993, 0.004407, 1.847834, -0.382586, 0.0
517.0, -0.128702, 0.032754, 0.004304, 1.847834, -0.382586, 0.0
534.0, -0.135382, 0.034507, 0.00421, 1.847834, -0.382586, 0.0
534.0, -0.135382, 0.034507, 0.00421, 1.847834, -0.382586, 0.0
550.0, -0.14207, 0.036259, 0.004126, 1.847834, -0.382586, 0.0
550.0, -0.14207, 0.036259, 0.004126, 1.847834, -0.382586, 0.0
566.0, -0.148764, 0.038012, 0.004053, 1.847834, -0.382586, 0.0
584.0, -0.155465, 0.039765, 0.00399, 1.847834, -0.382586, 0.0
584.0, -0.155465, 0.039765, 0.00399, 1.847834, -0.382586, 0.0
600.0, -0.162172, 0.041519, 0.003936, 1.847834, -0.382586, 0.0
600.0, -0.162172, 0.041519, 0.003936, 1.847834, -0.382586, 0.0
617.0, -0.168884, 0.043273, 0.003892, 1.847834, -0.382586, 0.0
636.0, -0.175599, 0.045028, 0.003856, 1.847834, -0.382586, 0.0
636.0, -0.175599, 0.045028, 0.003856, 1.847834, -0.382586, 0.0
651.0, -0.182321, 0.046784, 0.003828, 1.848033, -0.132488, 0.0
651.0, -0.182321, 0.046784, 0.003828, 1.848033, -0.132488, 0.0
667.0, -0.189048, 0.048542, 0.003806, 1.848033, -0.132488, 0.0
684.0, -0.195776, 0.050299, 0.003788, 1.848033, -0.132488, 0.0
684.0, -0.195776, 0.050299, 0.003788, 1.848033, -0.132488, 0.0
701.0, -0.202505, 0.052057, 0.003774, 1.848033, -0.132488, 0.0
701.0, -0.202505, 0.052057, 0.003774, 1.848033, -0.132488, 0.0
717.0, -0.209272, 0.053825, 0.003763, 1.848033, -0.132488, 0.0
734.0, -0.216003, 0.055583, 0.003754, 1.848033, -0.132488, 0.0
734.0, -0.216003, 0.055583, 0.003754, 1.848033, -0.132488, 0.0
752.0, -0.223049, 0.057442, 0.003728, 1.848033, -0.132488, 0.0
752.0, -0.223049, 0.057442, 0.003728, 1.848033, -0.132488, 0.0
767.0, -0.229598, 0.059213, 0.003665, 1.848033, -0.132488, 0.0
767.0, -0.229598, 0.059213, 0.003665, 1.848033, -0.132488, 0.0
784.0, -0.235969, 0.061, 0.003559, 1.848033, -0.132488, 0.0
801.0, -0.242106, 0.062805, 0.003409, 1.848033, -0.132488, 0.0
801.0, -0.242106, 0.062805, 0.003409, 1.848033, -0.132488, 0.0
819.0, -0.24796, 0.064632, 0.00322, 1.848033, -0.132488, 0.0
819.0, -0.24796, 0.064632, 0.00322, 1.848033, -0.132488, 0.0
835.0, -0.254156, 0.066721, 0.003249, 1.848033, -0.132488, 0.0
851.0, -0.260123, 0.068906, 0.003181, 1.848033, -0.132488, 0.0
851.0, -0.260123, 0.068906, 0.003181, 1.848033, -0.132488, 0.0
868.0, -0.265616, 0.071117, 0.002962, 1.848033, -0.132488, 0.0
868.0, -0.265616, 0.071117, 0.002962, 1.848033, -0.132488, 0.0
884.0, -0.27054, 0.07333, 0.002622, 1.84822, 0.101901, 0.0
902.0, -0.274872, 0.07554, 0.00221, 1.84822, 0.101901, 0.0
902.0, -0.274872, 0.07554, 0.00221, 1.84822, 0.101901, 0.0
919.0, -0.278614, 0.077751, 0.001774, 1.84822, 0.101901, 0.0
919.0, -0.278614, 0.077751, 0.001774, 1.84822, 0.101901, 0.0
935.0, -0.281477, 0.079724, 0.00123, 1.84822, 0.101901, 0.0
952.0, -0.283759, 0.081639, 0.000759, 1.84822, 0.101901, 0.0
952.0, -0.283759, 0.081639, 0.000759, 1.84822, 0.101901, 0.0
967.0, -0.285584, 0.083576, 0.000382, 1.84822, 0.101901, 0.0
967.0, -0.285584, 0.083576, 0.000382, 1.84822, 0.101901, 0.0
984.0, -0.287, 0.085571, 0.00008, 1.84822, 0.101901, 0.0
1001.0, -0.288025, 0.087639, -0.000174, 1.84822, 0.101901, 0.0
1001.0, -0.288025, 0.087639, -0.000174, 1.84822, 0.101901, 0.0
1019.0, -0.288663, 0.08979, -0.000398, 1.84822, 0.101901, 0.0
1019.0, -0.288663, 0.08979, -0.000398, 1.84822, 0.101901, 0.0
1034.0, -0.288906, 0.092033, -0.000597, 1.84822, 0.101901, 0.0
1051.0, -0.288743, 0.094376, -0.000771, 1.84822, 0.101901, 0.0
1051.0, -0.288743, 0.094376, -0.000771, 1.84822, 0.101901, 0.0
1067.0, -0.288155, 0.096828, -0.000915, 1.84822, 0.101901, 0.0
1067.0, -0.288155, 0.096828, -0.000915, 1.84822, 0.101901, 0.0
1084.0, -0.28712, 0.09939, -0.00103, 1.84822, 0.101901, 0.0
1102.0, -0.285619, 0.10206, -0.001123, 1.84822, 0.101901, 0.0
1102.0, -0.285619, 0.10206, -0.001123, 1.84822, 0.101901, 0.0
1127.0, -0.283635, 0.104832, -0.0012, 1.84822, 0.101901, 0.0
1128.0, -0.283635, 0.104832, -0.0012, 1.84822, 0.101901, 0.0
1150.0, -0.279306, 0.109841, -0.00116, 1.848419, 0.351908, 0.0
1150.0, -0.279306, 0.109841, -0.00116, 1.848419, 0.351908, 0.0
1150.0, -0.279306, 0.109841, -0.00116, 1.848419, 0.351908, 0.0
1166.0, -0.275996, 0.112803, -0.001419, 1.848419, 0.351908, 0.0
1182.0, -0.271985, 0.115927, -0.001664, 1.848419, 0.351908, 0.0
1182.0, -0.271985, 0.115927, -0.001664, 1.848419, 0.351908, 0.0
1198.0, -0.267397, 0.119145, -0.001866, 1.848419, 0.351908, 0.0
1198.0, -0.267397, 0.119145, -0.001866, 1.848419, 0.351908, 0.0
1217.0, -0.262282, 0.122426, -0.002015, 1.848419, 0.351908, 0.0
1239.0, -0.25477, 0.126882, -0.002105, 1.848419, 0.351908, 0.0
1239.0, -0.25477, 0.126882, -0.002105, 1.848419, 0.351908, 0.0
1239.0, -0.25477, 0.126882, -0.002105, 1.848419, 0.351908, 0.0
1254.0, -0.249277, 0.129875, -0.001987, 1.848419, 0.351908, 0.0
1272.0, -0.243477, 0.132817, -0.00188, 1.848419, 0.351908, 0.0
1272.0, -0.243477, 0.132817, -0.00188, 1.848419, 0.351908, 0.0
1288.0, -0.237222, 0.1358, -0.001845, 1.848419, 0.351908, 0.0
1288.0, -0.237222, 0.1358, -0.001845, 1.848419, 0.351908, 0.0
1305.0, -0.230455, 0.138859, -0.001883, 1.848419, 0.351908, 0.0
1322.0, -0.223153, 0.142004, -0.001976, 1.848419, 0.351908, 0.0
1322.0, -0.223153, 0.142004, -0.001976, 1.848419, 0.351908, 0.0
1339.0, -0.212961, 0.146189, -0.002971, 1.848419, 0.351908, 0.0
1339.0, -0.212961, 0.146189, -0.002971, 1.848419, 0.351908, 0.0
1373.0, -0.201486, 0.150719, -0.003849, 1.848419, 0.351908, 0.0
1388.0, -0.179146, 0.159196, -0.004608, 1.848419, 0.351908, 0.0
1388.0, -0.179146, 0.159196, -0.004608, 1.848419, 0.351908, 0.0
1388.0, -0.179146, 0.159196, -0.004608, 1.848419, 0.351908, 0.0
1403.0, -0.166625, 0.163624, -0.004813, 1.848633, 0.620261, 0.0
1403.0, -0.166625, 0.163624, -0.004813, 1.848633, 0.620261, 0.0
1422.0, -0.15367, 0.16798, -0.004663, 1.848633, 0.620261, 0.0
1422.0, -0.15367, 0.16798, -0.004663, 1.848633, 0.620261, 0.0
1436.0, -0.141696, 0.171843, -0.003867, 1.848633, 0.620261, 0.0
1454.0, -0.129798, 0.175525, -0.003053, 1.848633, 0.620261, 0.0
1454.0, -0.129798, 0.175525, -0.003053, 1.848633, 0.620261, 0.0
1469.0, -0.117583, 0.179162, -0.002425, 1.848633, 0.620261, 0.0
1469.0, -0.117583, 0.179162, -0.002425, 1.848633, 0.620261, 0.0
1486.0, -0.104752, 0.182851, -0.002012, 1.848633, 0.620261, 0.0
1502.0, -0.091502, 0.186538, -0.0018, 1.848633, 0.620261, 0.0
1502.0, -0.091502, 0.186538, -0.0018, 1.848633, 0.620261, 0.0
1522.0, -0.077681, 0.190268, -0.001738, 1.848633, 0.620261, 0.0
1522.0, -0.077681, 0.190268, -0.001738, 1.848633, 0.620261, 0.0
1536.0, -0.063486, 0.19399, -0.001704, 1.848633, 0.620261, 0.0
1553.0, -0.048787, 0.197736, -0.001742, 1.848633, 0.620261, 0.0
1553.0, -0.048787, 0.197736, -0.001742, 1.848633, 0.620261, 0.0
1569.0, -0.033538, 0.201518, -0.001847, 1.848633, 0.620261, 0.0
1569.0, -0.033538, 0.201518, -0.001847, 1.848633, 0.620261, 0.0
1586.0, -0.017726, 0.205336, -0.001996, 1.848633, 0.620261, 0.0
1604.0, -0.001352, 0.209189, -0.002165, 1.848633, 0.620261, 0.0
1604.0, -0.001352, 0.209189, -0.002165, 1.848633, 0.620261, 0.0
1625.0, 0.015585, 0.213075, -0.002337, 1.848633, 0.620261, 0.0
1625.0, 0.015585, 0.213075, -0.002337, 1.848633, 0.620261, 0.0
1645.0, 0.041253, 0.218816, -0.002549, 1.848819, 0.853781, 0.0
1645.0, 0.041253, 0.218816, -0.002549, 1.848819, 0.853781, 0.0
1662.0, 0.059458, 0.222749, -0.002813, 1.848819, 0.853781, 0.0
1662.0, 0.059458, 0.222749, -0.002813, 1.848819, 0.853781, 0.0
1678.0, 0.078317, 0.226709, -0.003051, 1.848819, 0.853781, 0.0
1678.0, 0.078317, 0.226709, -0.003051, 1.848819, 0.853781, 0.0
1694.0, 0.097742, 0.230683, -0.003228, 1.848819, 0.853781, 0.0
1711.0, 0.117695, 0.234664, -0.003343, 1.848819, 0.853781, 0.0
1711.0, 0.117695, 0.234664, -0.003343, 1.848819, 0.853781, 0.0
1729.0, 0.138158, 0.238645, -0.003403, 1.848819, 0.853781, 0.0
1729.0, 0.138158, 0.238645, -0.003403, 1.848819, 0.853781, 0.0
1744.0, 0.158089, 0.242439, -0.00302, 1.848819, 0.853781, 0.0
1760.0, 0.178111, 0.246172, -0.002619, 1.848819, 0.853781, 0.0
1760.0, 0.178111, 0.246172, -0.002619, 1.848819, 0.853781, 0.0
1777.0, 0.198447, 0.249899, -0.002314, 1.848819, 0.853781, 0.0
1778.0, 0.198447, 0.249899, -0.002314, 1.848819, 0.853781, 0.0
1794.0, 0.219151, 0.253641, -0.002107, 1.848819, 0.853781, 0.0
1811.0, 0.240208, 0.257404, -0.00197, 1.848819, 0.853781, 0.0
1811.0, 0.240208, 0.257404, -0.00197, 1.848819, 0.853781, 0.0
1829.0, 0.26158, 0.261191, -0.00187, 1.848819, 0.853781, 0.0
1829.0, 0.26158, 0.261191, -0.00187, 1.848819, 0.853781, 0.0
1844.0, 0.284316, 0.265193, -0.002212, 1.848819, 0.853781, 0.0
1861.0, 0.307588, 0.269273, -0.002489, 1.848819, 0.853781, 0.0
1861.0, 0.307588, 0.269273, -0.002489, 1.848819, 0.853781, 0.0
1877.0, 0.331037, 0.27337, -0.002566, 1.848819, 0.853781, 0.0
1877.0, 0.331037, 0.27337, -0.002566, 1.848819, 0.853781, 0.0
1895.0, 0.354508, 0.277458, -0.002442, 1.849024, 1.11174, 0.0
1914.0, 0.377939, 0.281524, -0.002168, 1.849024, 1.11174, 0.0
1914.0, 0.377939, 0.281524, -0.002168, 1.849024, 1.11174, 0.0
1938.0, 0.413261, 0.287627, -0.001576, 1.849024, 1.11174, 0.0
1938.0, 0.413261, 0.287627, -0.001576, 1.849024, 1.11174, 0.0
1953.0, 0.435348, 0.291423, -0.00075, 1.849024, 1.11174, 0.0
1953.0, 0.435348, 0.291423, -0.00075, 1.849024, 1.11174, 0.0
1970.0, 0.457096, 0.29514, 0.000014, 1.849024, 1.11174, 0.0
1970.0, 0.457096, 0.29514, 0.000014, 1.849024, 1.11174, 0.0
1991.0, 0.478835, 0.29884, 0.000566, 1.849024, 1.11174, 0.0
2008.0, 0.508199, 0.303822, 0.001037, 1.849024, 1.11174, 0.0
2008.0, 0.508199, 0.303822, 0.001037, 1.849024, 1.11174, 0.0
2008.0, 0.508199, 0.303822, 0.001037, 1.849024, 1.11174, 0.0
2025.0, 0.530192, 0.307548, 0.001147, 1.849024, 1.11174, 0.0
2042.0, 0.55544, 0.311833, -0.000111, 1.849024, 1.11174, 0.0
2042.0, 0.55544, 0.311833, -0.000111, 1.849024, 1.11174, 0.0
2059.0, 0.581647, 0.316304, -0.001267, 1.849024, 1.11174, 0.0
2059.0, 0.581647, 0.316304, -0.001267, 1.849024, 1.11174, 0.0
2075.0, 0.607851, 0.3208, -0.001902, 1.849024, 1.11174, 0.0
2091.0, 0.633692, 0.325248, -0.002009, 1.849024, 1.11174, 0.0
2091.0, 0.633692, 0.325248, -0.002009, 1.849024, 1.11174, 0.0
2108.0, 0.659077, 0.329617, -0.001721, 1.849024, 1.11174, 0.0
2109.0, 0.659077, 0.329617, -0.001721, 1.849024, 1.11174, 0.0
2126.0, 0.684019, 0.333902, -0.001193, 1.849024, 1.11174, 0.0
2143.0, 0.706918, 0.337819, 0.000094, 1.849221, 1.35959, 0.0
2143.0, 0.706918, 0.337819, 0.000094, 1.849221, 1.35959, 0.0
2163.0, 0.734409, 0.342493, 0.001591, 1.849221, 1.35959, 0.0
2163.0, 0.734409, 0.342493, 0.001591, 1.849221, 1.35959, 0.0
2179.0, 0.756345, 0.3462, 0.002394, 1.849221, 1.35959, 0.0
2179.0, 0.756345, 0.3462, 0.002394, 1.849221, 1.35959, 0.0
2196.0, 0.778332, 0.349901, 0.002823, 1.849221, 1.35959, 0.0
2214.0, 0.800432, 0.353618, 0.002953, 1.849221, 1.35959, 0.0
2214.0, 0.800432, 0.353618, 0.002953, 1.849221, 1.35959, 0.0
2232.0, 0.822659, 0.357361, 0.002872, 1.849221, 1.35959, 0.0
2232.0, 0.822659, 0.357361, 0.002872, 1.849221, 1.35959, 0.0
2246.0, 0.844452, 0.361038, 0.002885, 1.849221, 1.35959, 0.0
2262.0, 0.866196, 0.364716, 0.002802, 1.849221, 1.35959, 0.0
2262.0, 0.866196, 0.364716, 0.002802, 1.849221, 1.35959, 0.0
2279.0, 0.88804, 0.368418, 0.002601, 1.849221, 1.35959, 0.0
2279.0, 0.88804, 0.368418, 0.002601, 1.849221, 1.35959, 0.0
2296.0, 0.910032, 0.372156, 0.002314, 1.849221, 1.35959, 0.0
2313.0, 0.932173, 0.375928, 0.001984, 1.849221, 1.35959, 0.0
2313.0, 0.932173, 0.375928, 0.001984, 1.849221, 1.35959, 0.0
2330.0, 0.954453, 0.379734, 0.001647, 1.849221, 1.35959, 0.0
2330.0, 0.954453, 0.379734, 0.001647, 1.849221, 1.35959, 0.0
2345.0, 0.977434, 0.383669, 0.001094, 1.849221, 1.35959, 0.0
2362.0, 1.000677, 0.387659, 0.000609, 1.849221, 1.35959, 0.0
2362.0, 1.000677, 0.387659, 0.000609, 1.849221, 1.35959, 0.0
2379.0, 1.023994, 0.391671, 0.000269, 1.849221, 1.35959, 0.0
2379.0, 1.023994, 0.391671, 0.000269, 1.849221, 1.35959, 0.0
2396.0, 1.047306, 0.395686, 0.000076, 1.849424, 1.613681, 0.0
2413.0, 1.070584, 0.399696, 0.000003, 1.849424, 1.613681, 0.0
2413.0, 1.070584, 0.399696, 0.000003, 1.849424, 1.613681, 0.0
2431.0, 1.093821, 0.403697, 0.000016, 1.849424, 1.613681, 0.0
2431.0, 1.093821, 0.403697, 0.000016, 1.849424, 1.613681, 0.0
2446.0, 1.117015, 0.407687, 0.000087, 1.849424, 1.613681, 0.0
2463.0, 1.140198, 0.41167, 0.000189, 1.849424, 1.613681, 0.0
2463.0, 1.140198, 0.41167, 0.000189, 1.849424, 1.613681, 0.0
2479.0, 1.163324, 0.415637, 0.000306, 1.849424, 1.613681, 0.0
2479.0, 1.163324, 0.415637, 0.000306, 1.849424, 1.613681, 0.0
2496.0, 1.186422, 0.419595, 0.000424, 1.849424, 1.613681, 0.0
2513.0, 1.209497, 0.423545, 0.000534, 1.849424, 1.613681, 0.0
2513.0, 1.209497, 0.423545, 0.000534, 1.849424, 1.613681, 0.0
2530.0, 1.232553, 0.427487, 0.000631, 1.849424, 1.613681, 0.0
2530.0, 1.232553, 0.427487, 0.000631, 1.849424, 1.613681, 0.0
2546.0, 1.25559, 0.431424, 0.000715, 1.849424, 1.613681, 0.0
2563.0, 1.278613, 0.435356, 0.000783, 1.849424, 1.613681, 0.0
2563.0, 1.278613, 0.435356, 0.000783, 1.849424, 1.613681, 0.0
2580.0, 1.301626, 0.439286, 0.000835, 1.849424, 1.613681, 0.0
2580.0, 1.301626, 0.439286, 0.000835, 1.849424, 1.613681, 0.0
2596.0, 1.32463, 0.443213, 0.000873, 1.849424, 1.613681, 0.0
2615.0, 1.348773, 0.447334, 0.000903, 1.849424, 1.613681, 0.0
2615.0, 1.348773, 0.447334, 0.000903, 1.849424, 1.613681, 0.0
2631.0, 1.371762, 0.451259, 0.000915, 1.849424, 1.613681, 0.0
2631.0, 1.371762, 0.451259, 0.000915, 1.849424, 1.613681, 0.0
2646.0, 1.394634, 0.455164, 0.000966, 1.849623, 1.864541, 0.0
2664.0, 1.417472, 0.459064, 0.001006, 1.849623, 1.864541, 0.0
2664.0, 1.417472, 0.459064, 0.001006, 1.849623, 1.864541, 0.0
2683.0, 1.440311, 0.462963, 0.001023, 1.849623, 1.864541, 0.0
2683.0, 1.440311, 0.462963, 0.001023, 1.849623, 1.864541, 0.0
2697.0, 1.463164, 0.466866, 0.001018, 1.849623, 1.864541, 0.0
2713.0, 1.486034, 0.470772, 0.000998, 1.849623, 1.864541, 0.0
2713.0, 1.486034, 0.470772, 0.000998, 1.849623, 1.864541, 0.0
2733.0, 1.50892, 0.474682, 0.000969, 1.849623, 1.864541, 0.0
2733.0, 1.50892, 0.474682, 0.000969, 1.849623, 1.864541, 0.0
2747.0, 1.531942, 0.478616, 0.000888, 1.849623, 1.864541, 0.0
2764.0, 1.55501, 0.48256, 0.000813, 1.849623, 1.864541, 0.0
2764.0, 1.55501, 0.48256, 0.000813, 1.849623, 1.864541, 0.0
2780.0, 1.578085, 0.486507, 0.000761, 1.849623, 1.864541, 0.0
2780.0, 1.578085, 0.486507, 0.000761, 1.849623, 1.864541, 0.0
2797.0, 1.601154, 0.490454, 0.000734, 1.849623, 1.864541, 0.0
2814.0, 1.624211, 0.494399, 0.000726, 1.849623, 1.864541, 0.0
2814.0, 1.624211, 0.494399, 0.000726, 1.849623, 1.864541, 0.0
2832.0, 1.647255, 0.498342, 0.000732, 1.849623, 1.864541, 0.0
2832.0, 1.647255, 0.498342, 0.000732, 1.849623, 1.864541, 0.0
2847.0, 1.670289, 0.502282, 0.000746, 1.849623, 1.864541, 0.0
2864.0, 1.693313, 0.506221, 0.000764, 1.849623, 1.864541, 0.0
2864.0, 1.693313, 0.506221, 0.000764, 1.849623, 1.864541, 0.0
2886.0, 1.717026, 0.510276, 0.000785, 1.849623, 1.864541, 0.0
2886.0, 1.717026, 0.510276, 0.000785, 1.849623, 1.864541, 0.0
2905.0, 1.749422, 0.515815, 0.000835, 1.849823, 2.115055, 0.0
2905.0, 1.749422, 0.515815, 0.000835, 1.849823, 2.115055, 0.0
2923.0, 1.772392, 0.519742, 0.000817, 1.849823, 2.115055, 0.0
2923.0, 1.772392, 0.519742, 0.000817, 1.849823, 2.115055, 0.0
2940.0, 1.79687, 0.52393, 0.000199, 1.849823, 2.115055, 0.0
2940.0, 1.79687, 0.52393, 0.000199, 1.849823, 2.115055, 0.0
2957.0, 1.826829, 0.529066, -0.000424, 1.849823, 2.115055, 0.0
2957.0, 1.826829, 0.529066, -0.000424, 1.849823, 2.115055, 0.0
2975.0, 1.851583, 0.533319, -0.000669, 1.849823, 2.115055, 0.0
2991.0, 1.876119, 0.537538, -0.000652, 1.849823, 2.115055, 0.0
2991.0, 1.876119, 0.537538, -0.000652, 1.849823, 2.115055, 0.0
3010.0, 1.9004, 0.541711, -0.00045, 1.849823, 2.115055, 0.0
3010.0, 1.9004, 0.541711, -0.00045, 1.849823, 2.115055, 0.0
3041.0, 1.940363, 0.548565, 0.000112, 1.849823, 2.115055, 0.0
3041.0, 1.940363, 0.548565, 0.000112, 1.849823, 2.115055, 0.0
3052.0, 1.960969, 0.552084, 0.001663, 1.849823, 2.115055, 0.0
3052.0, 1.960969, 0.552084, 0.001663, 1.849823, 2.115055, 0.0
3072.0, 1.980583, 0.555412, 0.003112, 1.849823, 2.115055, 0.0
3072.0, 1.980583, 0.555412, 0.003112, 1.849823, 2.115055, 0.0
3086.0, 2.000111, 0.558704, 0.003953, 1.849823, 2.115055, 0.0
3102.0, 2.019908, 0.56203, 0.004335, 1.849823, 2.115055, 0.0
3102.0, 2.019908, 0.56203, 0.004335, 1.849823, 2.115055, 0.0
3120.0, 2.040078, 0.565417, 0.004228, 1.849823, 2.115055, 0.0
3120.0, 2.040078, 0.565417, 0.004228, 1.849823, 2.115055, 0.0
3138.0, 2.06557, 0.569717, 0.001868, 1.850013, 2.353338, 0.0
3154.0, 2.095986, 0.574905, -0.000746, 1.850013, 2.353338, 0.0
3154.0, 2.095986, 0.574905, -0.000746, 1.850013, 2.353338, 0.0
3172.0, 2.123218, 0.579608, -0.00214, 1.850013, 2.353338, 0.0
3172.0, 2.123218, 0.579608, -0.00214, 1.850013, 2.353338, 0.0
3187.0, 2.149976, 0.584262, -0.002716, 1.850013, 2.353338, 0.0
3187.0, 2.149976, 0.584262, -0.002716, 1.850013, 2.353338, 0.0
3203.0, 2.176106, 0.588816, -0.002531, 1.850013, 2.353338, 0.0
3222.0, 2.20162, 0.593249, -0.001978, 1.850013, 2.353338, 0.0
3222.0, 2.20162, 0.593249, -0.001978, 1.850013, 2.353338, 0.0
3237.0, 2.223765, 0.597073, -0.000013, 1.850013, 2.353338, 0.0
3237.0, 2.223765, 0.597073, -0.000013, 1.850013, 2.353338, 0.0
3254.0, 2.244727, 0.600656, 0.001758, 1.850013, 2.353338, 0.0
3271.0, 2.26544, 0.604163, 0.003064, 1.850013, 2.353338, 0.0
3271.0, 2.26544, 0.604163, 0.003064, 1.850013, 2.353338, 0.0
3288.0, 2.286273, 0.607668, 0.003721, 1.850013, 2.353338, 0.0
3288.0, 2.286273, 0.607668, 0.003721, 1.850013, 2.353338, 0.0
3305.0, 2.307359, 0.611206, 0.003984, 1.850013, 2.353338, 0.0
3322.0, 2.328721, 0.614792, 0.003838, 1.850013, 2.353338, 0.0
3322.0, 2.328721, 0.614792, 0.003838, 1.850013, 2.353338, 0.0
3338.0, 2.350622, 0.618479, 0.003442, 1.850013, 2.353338, 0.0
3338.0, 2.350622, 0.618479, 0.003442, 1.850013, 2.353338, 0.0
3355.0, 2.37283, 0.622234, 0.002873, 1.850013, 2.353338, 0.0
3372.0, 2.395235, 0.626039, 0.002387, 1.850013, 2.353338, 0.0
3372.0, 2.395235, 0.626039, 0.002387, 1.850013, 2.353338, 0.0
3388.0, 2.417769, 0.629882, 0.001886, 1.850213, 2.605351, 0.0
3388.0, 2.417769, 0.629882, 0.001886, 1.850213, 2.605351, 0.0
3405.0, 2.440402, 0.633755, 0.001539, 1.850213, 2.605351, 0.0
3424.0, 2.463104, 0.637649, 0.001202, 1.850213, 2.605351, 0.0
3424.0, 2.463104, 0.637649, 0.001202, 1.850213, 2.605351, 0.0
3439.0, 2.485866, 0.641559, 0.001017, 1.850213, 2.605351, 0.0
3439.0, 2.485866, 0.641559, 0.001017, 1.850213, 2.605351, 0.0
3455.0, 2.508678, 0.645481, 0.000828, 1.850213, 2.605351, 0.0
3483.0, 2.541625, 0.651146, 0.000775, 1.850213, 2.605351, 0.0
3483.0, 2.541625, 0.651146, 0.000775, 1.850213, 2.605351, 0.0
3483.0, 2.541625, 0.651146, 0.000775, 1.850213, 2.605351, 0.0
3512.0, 2.586782, 0.658908, 0.000585, 1.850213, 2.605351, 0.0
3512.0, 2.586782, 0.658908, 0.000585, 1.850213, 2.605351, 0.0
3512.0, 2.586782, 0.658908, 0.000585, 1.850213, 2.605351, 0.0
3529.0, 2.609711, 0.662847, 0.000533, 1.850213, 2.605351, 0.0
3529.0, 2.609711, 0.662847, 0.000533, 1.850213, 2.605351, 0.0
3545.0, 2.631712, 0.666624, 0.000854, 1.850213, 2.605351, 0.0
3562.0, 2.653458, 0.67035, 0.001244, 1.850213, 2.605351, 0.0
3562.0, 2.653458, 0.67035, 0.001244, 1.850213, 2.605351, 0.0
3580.0, 2.67522, 0.67407, 0.001434, 1.850213, 2.605351, 0.0
3580.0, 2.67522, 0.67407, 0.001434, 1.850213, 2.605351, 0.0
3595.0, 2.697104, 0.677806, 0.001563, 1.850213, 2.605351, 0.0
3612.0, 2.719132, 0.681565, 0.001514, 1.850213, 2.605351, 0.0
3612.0, 2.719132, 0.681565, 0.001514, 1.850213, 2.605351, 0.0
3630.0, 2.741307, 0.685349, 0.001471, 1.850213, 2.605351, 0.0
3630.0, 2.741307, 0.685349, 0.001471, 1.850213, 2.605351, 0.0
3645.0, 2.764719, 0.689349, 0.000869, 1.850419, 2.863248, 0.0
3663.0, 2.788555, 0.69343, 0.000385, 1.850419, 2.863248, 0.0
3663.0, 2.788555, 0.69343, 0.000385, 1.850419, 2.863248, 0.0
3679.0, 2.812461, 0.697533, 0.000023, 1.850419, 2.863248, 0.0
3679.0, 2.812461, 0.697533, 0.000023, 1.850419, 2.863248, 0.0
3695.0, 2.836306, 0.701631, -0.000063, 1.850419, 2.863248, 0.0
3715.0, 2.860038, 0.705711, -0.000062, 1.850419, 2.863248, 0.0
3715.0, 2.860038, 0.705711, -0.000062, 1.850419, 2.863248, 0.0
3730.0, 2.883656, 0.709768, 0.00012, 1.850419, 2.863248, 0.0
3730.0, 2.883656, 0.709768, 0.00012, 1.850419, 2.863248, 0.0
3745.0, 2.907165, 0.713801, 0.000287, 1.850419, 2.863248, 0.0
3763.0, 2.930591, 0.717813, 0.000552, 1.850419, 2.863248, 0.0
3763.0, 2.930591, 0.717813, 0.000552, 1.850419, 2.863248, 0.0
3781.0, 2.955516, 0.722075, 0.000757, 1.850419, 2.863248, 0.0
3781.0, 2.955516, 0.722075, 0.000757, 1.850419, 2.863248, 0.0
3796.0, 2.978778, 0.726047, 0.001, 1.850419, 2.863248, 0.0
3813.0, 3.001986, 0.730006, 0.001137, 1.850419, 2.863248, 0.0
3813.0, 3.001986, 0.730006, 0.001137, 1.850419, 2.863248, 0.0
3832.0, 3.025153, 0.733954, 0.001315, 1.850419, 2.863248, 0.0
3832.0, 3.025153, 0.733954, 0.001315, 1.850419, 2.863248, 0.0
3847.0, 3.048114, 0.737865, 0.001454, 1.850419, 2.863248, 0.0
3864.0, 3.071002, 0.741762, 0.001627, 1.850419, 2.863248, 0.0
3864.0, 3.071002, 0.741762, 0.001627, 1.850419, 2.863248, 0.0
3882.0, 3.093867, 0.745655, 0.001672, 1.850419, 2.863248, 0.0
3882.0, 3.093867, 0.745655, 0.001672, 1.850419, 2.863248, 0.0
3897.0, 3.116736, 0.749549, 0.001741, 1.850619, 3.114407, 0.0
3914.0, 3.139614, 0.753445, 0.001697, 1.850619, 3.114407, 0.0
3914.0, 3.139614, 0.753445, 0.001697, 1.850619, 3.114407, 0.0
3935.0, 3.162507, 0.757347, 0.001701, 1.850619, 3.114407, 0.0
3935.0, 3.162507, 0.757347, 0.001701, 1.850619, 3.114407, 0.0
3946.0, 3.185578, 0.761282, 0.001548, 1.850619, 3.114407, 0.0
3964.0, 3.208709, 0.765231, 0.001469, 1.850619, 3.114407, 0.0
3964.0, 3.208709, 0.765231, 0.001469, 1.850619, 3.114407, 0.0
3985.0, 3.231843, 0.769184, 0.001344, 1.850619, 3.114407, 0.0
3985.0, 3.231843, 0.769184, 0.001344, 1.850619, 3.114407, 0.0
3999.0, 3.259402, 0.773896, 0.001331, 1.850619, 3.114407, 0.0
4000.0, 3.259402, 0.773896, 0.001331, 1.850619, 3.114407, 0.0
4016.0, 3.282485, 0.777844, 0.001242, 1.850619, 3.114407, 0.0
4035.0, 3.305568, 0.781793, 0.001251, 1.850619, 3.114407, 0.0
4035.0, 3.305568, 0.781793, 0.001251, 1.850619, 3.114407, 0.0
4050.0, 3.328177, 0.785661, 0.001389, 1.850619, 3.114407, 0.0
4050.0, 3.328177, 0.785661, 0.001389, 1.850619, 3.114407, 0.0
4066.0, 3.350649, 0.789503, 0.00159, 1.850619, 3.114407, 0.0
4083.0, 3.373115, 0.793341, 0.001647, 1.850619, 3.114407, 0.0
4083.0, 3.373115, 0.793341, 0.001647, 1.850619, 3.114407, 0.0
4103.0, 3.396413, 0.797319, 0.001712, 1.850619, 3.114407, 0.0
4103.0, 3.396413, 0.797319, 0.001712, 1.850619, 3.114407, 0.0
4119.0, 3.418988, 0.801174, 0.001639, 1.850619, 3.114407, 0.0
4119.0, 3.418988, 0.801174, 0.001639, 1.850619, 3.114407, 0.0
4134.0, 3.44492, 0.805609, 0.000269, 1.850808, 3.351569, 0.0
4152.0, 3.471746, 0.810221, -0.000993, 1.850808, 3.351569, 0.0
4152.0, 3.471746, 0.810221, -0.000993, 1.850808, 3.351569, 0.0
4167.0, 3.498452, 0.814835, -0.001576, 1.850808, 3.351569, 0.0
4167.0, 3.498452, 0.814835, -0.001576, 1.850808, 3.351569, 0.0
4184.0, 3.525173, 0.81946, -0.001643, 1.850808, 3.351569, 0.0
4201.0, 3.550808, 0.823892, -0.001208, 1.850808, 3.351569, 0.0
4201.0, 3.550808, 0.823892, -0.001208, 1.850808, 3.351569, 0.0
4219.0, 3.575906, 0.828215, -0.000607, 1.850808, 3.351569, 0.0
4219.0, 3.575906, 0.828215, -0.000607, 1.850808, 3.351569, 0.0
4234.0, 3.597999, 0.832024, 0.001173, 1.850808, 3.351569, 0.0
4250.0, 3.618953, 0.835665, 0.002745, 1.850808, 3.351569, 0.0
4250.0, 3.618953, 0.835665, 0.002745, 1.850808, 3.351569, 0.0
4267.0, 3.639562, 0.839309, 0.003925, 1.850808, 3.351569, 0.0
4267.0, 3.639562, 0.839309, 0.003925, 1.850808, 3.351569, 0.0
4285.0, 3.660047, 0.843031, 0.004549, 1.850808, 3.351569, 0.0
4302.0, 3.680564, 0.846893, 0.004875, 1.850808, 3.351569, 0.0
4302.0, 3.680564, 0.846893, 0.004875, 1.850808, 3.351569, 0.0
4318.0, 3.70097, 0.850897, 0.004872, 1.850808, 3.351569, 0.0
4318.0, 3.70097, 0.850897, 0.004872, 1.850808, 3.351569, 0.0
4335.0, 3.721315, 0.855078, 0.004787, 1.850808, 3.351569, 0.0
4352.0, 3.741516, 0.859435, 0.004567, 1.850808, 3.351569, 0.0
4352.0, 3.741516, 0.859435, 0.004567, 1.850808, 3.351569, 0.0
4368.0, 3.761515, 0.86397, 0.004425, 1.850808, 3.351569, 0.0
4368.0, 3.761515, 0.86397, 0.004425, 1.850808, 3.351569, 0.0
4383.0, 3.781258, 0.868681, 0.004245, 1.851007, 3.601969, 0.0
4402.0, 3.80071, 0.873567, 0.004198, 1.851007, 3.601969, 0.0
4402.0, 3.80071, 0.873567, 0.004198, 1.851007, 3.601969, 0.0
4420.0, 3.819831, 0.878625, 0.004138, 1.851007, 3.601969, 0.0
4420.0, 3.819831, 0.878625, 0.004138, 1.851007, 3.601969, 0.0
4435.0, 3.83861, 0.883855, 0.004213, 1.851007, 3.601969, 0.0
4451.0, 3.857012, 0.889254, 0.004267, 1.851007, 3.601969, 0.0
4451.0, 3.857012, 0.889254, 0.004267, 1.851007, 3.601969, 0.0
4469.0, 3.875022, 0.89482, 0.004448, 1.851007, 3.601969, 0.0
4469.0, 3.875022, 0.89482, 0.004448, 1.851007, 3.601969, 0.0
4486.0, 3.892618, 0.90055, 0.00459, 1.851007, 3.601969, 0.0
4510.0, 3.917793, 0.909186, 0.005011, 1.851007, 3.601969, 0.0
4510.0, 3.917793, 0.909186, 0.005011, 1.851007, 3.601969, 0.0
4510.0, 3.917793, 0.909186, 0.005011, 1.851007, 3.601969, 0.0
4525.0, 3.934342, 0.915292, 0.005214, 1.851007, 3.601969, 0.0
4542.0, 3.949739, 0.921279, 0.00581, 1.851007, 3.601969, 0.0
4542.0, 3.949739, 0.921279, 0.00581, 1.851007, 3.601969, 0.0
4560.0, 3.964588, 0.927313, 0.006245, 1.851007, 3.601969, 0.0
4560.0, 3.964588, 0.927313, 0.006245, 1.851007, 3.601969, 0.0
4575.0, 3.979181, 0.933452, 0.006578, 1.851007, 3.601969, 0.0
4593.0, 3.993638, 0.939711, 0.006651, 1.851007, 3.601969, 0.0
4593.0, 3.993638, 0.939711, 0.006651, 1.851007, 3.601969, 0.0
4610.0, 4.008028, 0.946083, 0.006656, 1.851007, 3.601969, 0.0
4610.0, 4.008028, 0.946083, 0.006656, 1.851007, 3.601969, 0.0
4632.0, 4.022375, 0.952559, 0.006477, 1.851007, 3.601969, 0.0
4643.0, 4.037421, 0.959462, 0.006009, 1.851212, 3.859903, 0.0
4643.0, 4.037421, 0.959462, 0.006009, 1.851212, 3.859903, 0.0
4661.0, 4.052642, 0.96654, 0.005459, 1.851212, 3.859903, 0.0
4661.0, 4.052642, 0.96654, 0.005459, 1.851212, 3.859903, 0.0
4676.0, 4.067837, 0.973682, 0.005095, 1.851212, 3.859903, 0.0
4693.0, 4.082922, 0.980837, 0.004775, 1.851212, 3.859903, 0.0
4693.0, 4.082922, 0.980837, 0.004775, 1.851212, 3.859903, 0.0
4709.0, 4.097889, 0.987985, 0.004637, 1.851212, 3.859903, 0.0
4709.0, 4.097889, 0.987985, 0.004637, 1.851212, 3.859903, 0.0
4726.0, 4.112734, 0.995117, 0.004496, 1.851212, 3.859903, 0.0
4741.0, 4.127701, 1.002338, 0.004485, 1.851212, 3.859903, 0.0
4741.0, 4.127701, 1.002338, 0.004485, 1.851212, 3.859903, 0.0
4759.0, 4.142354, 1.009435, 0.004422, 1.851212, 3.859903, 0.0
4759.0, 4.142354, 1.009435, 0.004422, 1.851212, 3.859903, 0.0
4776.0, 4.156938, 1.016518, 0.004453, 1.851212, 3.859903, 0.0
4792.0, 4.171459, 1.023588, 0.00441, 1.851212, 3.859903, 0.0
4792.0, 4.171459, 1.023588, 0.00441, 1.851212, 3.859903, 0.0
4809.0, 4.185934, 1.030648, 0.004446, 1.851212, 3.859903, 0.0
4809.0, 4.185934, 1.030648, 0.004446, 1.851212, 3.859903, 0.0
4826.0, 4.200366, 1.037699, 0.004397, 1.851212, 3.859903, 0.0
4843.0, 4.214746, 1.044731, 0.004432, 1.851212, 3.859903, 0.0
4843.0, 4.214746, 1.044731, 0.004432, 1.851212, 3.859903, 0.0
4859.0, 4.229091, 1.051755, 0.004381, 1.851212, 3.859903, 0.0
4859.0, 4.229091, 1.051755, 0.004381, 1.851212, 3.859903, 0.0
4877.0, 4.243663, 1.058895, 0.004403, 1.851212, 3.859903, 0.0
4894.0, 4.257971, 1.065912, 0.004335, 1.851412, 4.11045, 0.0
4894.0, 4.257971, 1.065912, 0.004335, 1.851412, 4.11045, 0.0
4912.0, 4.273945, 1.073748, 0.004356, 1.851412, 4.11045, 0.0
4912.0, 4.273945, 1.073748, 0.004356, 1.851412, 4.11045, 0.0
4930.0, 4.288228, 1.08076, 0.004269, 1.851412, 4.11045, 0.0
4930.0, 4.288228, 1.08076, 0.004269, 1.851412, 4.11045, 0.0
4944.0, 4.302338, 1.087687, 0.004339, 1.851412, 4.11045, 0.0
4961.0, 4.316393, 1.094591, 0.004323, 1.851412, 4.11045, 0.0
4961.0, 4.316393, 1.094591, 0.004323, 1.851412, 4.11045, 0.0
4978.0, 4.330454, 1.101497, 0.004361, 1.851412, 4.11045, 0.0
4978.0, 4.330454, 1.101497, 0.004361, 1.851412, 4.11045, 0.0
4994.0, 4.344531, 1.108414, 0.004296, 1.851412, 4.11045, 0.0
5012.0, 4.358638, 1.115345, 0.004294, 1.851412, 4.11045, 0.0
5012.0, 4.358638, 1.115345, 0.004294, 1.851412, 4.11045, 0.0
5030.0, 4.372766, 1.12229, 0.004206, 1.851412, 4.11045, 0.0
5030.0, 4.372766, 1.12229, 0.004206, 1.851412, 4.11045, 0.0
5044.0, 4.387126, 1.12935, 0.004111, 1.851412, 4.11045, 0.0
5061.0, 4.401558, 1.136449, 0.003951, 1.851412, 4.11045, 0.0
5062.0, 4.401558, 1.136449, 0.003951, 1.851412, 4.11045, 0.0
5079.0, 4.416006, 1.143554, 0.00391, 1.851412, 4.11045, 0.0
5079.0, 4.416006, 1.143554, 0.00391, 1.851412, 4.11045, 0.0
5095.0, 4.430435, 1.150654, 0.003831, 1.851412, 4.11045, 0.0
5112.0, 4.444847, 1.157742, 0.003863, 1.851412, 4.11045, 0.0
5112.0, 4.444847, 1.157742, 0.003863, 1.851412, 4.11045, 0.0
5129.0, 4.459233, 1.164819, 0.003837, 1.851412, 4.11045, 0.0
5129.0, 4.459233, 1.164819, 0.003837, 1.851412, 4.11045, 0.0
5145.0, 4.4736, 1.171885, 0.003904, 1.851613, 4.362437, 0.0
5161.0, 4.487946, 1.17894, 0.003897, 1.851613, 4.362437, 0.0
5161.0, 4.487946, 1.17894, 0.003897, 1.851613, 4.362437, 0.0
5179.0, 4.50228, 1.185987, 0.00397, 1.851613, 4.362437, 0.0
5179.0, 4.50228, 1.185987, 0.00397, 1.851613, 4.362437, 0.0
5195.0, 4.516598, 1.193028, 0.003962, 1.851613, 4.362437, 0.0
5212.0, 4.530909, 1.200063, 0.004028, 1.851613, 4.362437, 0.0
5212.0, 4.530909, 1.200063, 0.004028, 1.851613, 4.362437, 0.0
5231.0, 4.545208, 1.207093, 0.004009, 1.851613, 4.362437, 0.0
5231.0, 4.545208, 1.207093, 0.004009, 1.851613, 4.362437, 0.0
5245.0, 4.559504, 1.21412, 0.004065, 1.851613, 4.362437, 0.0
5261.0, 4.573791, 1.221144, 0.004036, 1.851613, 4.362437, 0.0
5261.0, 4.573791, 1.221144, 0.004036, 1.851613, 4.362437, 0.0
5279.0, 4.588077, 1.228166, 0.004082, 1.851613, 4.362437, 0.0
5279.0, 4.588077, 1.228166, 0.004082, 1.851613, 4.362437, 0.0
5294.0, 4.602355, 1.235186, 0.004045, 1.851613, 4.362437, 0.0
5312.0, 4.616635, 1.242205, 0.004085, 1.851613, 4.362437, 0.0
5312.0, 4.616635, 1.242205, 0.004085, 1.851613, 4.362437, 0.0
5330.0, 4.630908, 1.249223, 0.004043, 1.851613, 4.362437, 0.0
5330.0, 4.630908, 1.249223, 0.004043, 1.851613, 4.362437, 0.0
5351.0, 4.645183, 1.25624, 0.004079, 1.851613, 4.362437, 0.0
5367.0, 4.663029, 1.265014, 0.004054, 1.851613, 4.362437, 0.0
5367.0, 4.663029, 1.265014, 0.004054, 1.851613, 4.362437, 0.0
5382.0, 4.677286, 1.272023, 0.004092, 1.851613, 4.362437, 0.0
5382.0, 4.677286, 1.272023, 0.004092, 1.851613, 4.362437, 0.0
5399.0, 4.691556, 1.27904, 0.004041, 1.851815, 4.616708, 0.0
5399.0, 4.691556, 1.27904, 0.004041, 1.851815, 4.616708, 0.0
5415.0, 4.705836, 1.28606, 0.004067, 1.851815, 4.616708, 0.0
5433.0, 4.720113, 1.29308, 0.004016, 1.851815, 4.616708, 0.0
5433.0, 4.720113, 1.29308, 0.004016, 1.851815, 4.616708, 0.0
5448.0, 4.734021, 1.299916, 0.004198, 1.851815, 4.616708, 0.0
5448.0, 4.734021, 1.299916, 0.004198, 1.851815, 4.616708, 0.0
5466.0, 4.748341, 1.306954, 0.004291, 1.851815, 4.616708, 0.0
5485.0, 4.762547, 1.313933, 0.004404, 1.851815, 4.616708, 0.0
5485.0, 4.762547, 1.313933, 0.004404, 1.851815, 4.616708, 0.0
5500.0, 4.776428, 1.320754, 0.00437, 1.851815, 4.616708, 0.0
5500.0, 4.776428, 1.320754, 0.00437, 1.851815, 4.616708, 0.0
5517.0, 4.790346, 1.327593, 0.004373, 1.851815, 4.616708, 0.0
5535.0, 4.804317, 1.33446, 0.004273, 1.851815, 4.616708, 0.0
5535.0, 4.804317, 1.33446, 0.004273, 1.851815, 4.616708, 0.0
5552.0, 4.818625, 1.341495, 0.004131, 1.851815, 4.616708, 0.0
5552.0, 4.818625, 1.341495, 0.004131, 1.851815, 4.616708, 0.0
5567.0, 4.833037, 1.348584, 0.003924, 1.851815, 4.616708, 0.0
5584.0, 4.847482, 1.35569, 0.003848, 1.851815, 4.616708, 0.0
5584.0, 4.847482, 1.35569, 0.003848, 1.851815, 4.616708, 0.0
5600.0, 4.861917, 1.362793, 0.003749, 1.851815, 4.616708, 0.0
5600.0, 4.861917, 1.362793, 0.003749, 1.851815, 4.616708, 0.0
5616.0, 4.876338, 1.369887, 0.003773, 1.851815, 4.616708, 0.0
5635.0, 4.890731, 1.37697, 0.003749, 1.851815, 4.616708, 0.0
5635.0, 4.890731, 1.37697, 0.003749, 1.851815, 4.616708, 0.0
5651.0, 4.905213, 1.384093, 0.003781, 1.852015, 4.867885, 0.0
5651.0, 4.905213, 1.384093, 0.003781, 1.852015, 4.867885, 0.0
5667.0, 4.919701, 1.39122, 0.00375, 1.852015, 4.867885, 0.0
5685.0, 4.934173, 1.398337, 0.003818, 1.852015, 4.867885, 0.0
5685.0, 4.934173, 1.398337, 0.003818, 1.852015, 4.867885, 0.0
5700.0, 4.948613, 1.405439, 0.003822, 1.852015, 4.867885, 0.0
5700.0, 4.948613, 1.405439, 0.003822, 1.852015, 4.867885, 0.0
5717.0, 4.963029, 1.412526, 0.003913, 1.852015, 4.867885, 0.0
5735.0, 4.977416, 1.419599, 0.003925, 1.852015, 4.867885, 0.0
5735.0, 4.977416, 1.419599, 0.003925, 1.852015, 4.867885, 0.0
5751.0, 4.991785, 1.426662, 0.004012, 1.852015, 4.867885, 0.0
5751.0, 4.991785, 1.426662, 0.004012, 1.852015, 4.867885, 0.0
5767.0, 5.006131, 1.433715, 0.004014, 1.852015, 4.867885, 0.0
5784.0, 5.020466, 1.44076, 0.004086, 1.852015, 4.867885, 0.0
5784.0, 5.020466, 1.44076, 0.004086, 1.852015, 4.867885, 0.0
5801.0, 5.034784, 1.447798, 0.004071, 1.852015, 4.867885, 0.0
5801.0, 5.034784, 1.447798, 0.004071, 1.852015, 4.867885, 0.0
5816.0, 5.049096, 1.454831, 0.004127, 1.852015, 4.867885, 0.0
5834.0, 5.063395, 1.46186, 0.004098, 1.852015, 4.867885, 0.0
5834.0, 5.063395, 1.46186, 0.004098, 1.852015, 4.867885, 0.0
5849.0, 5.07769, 1.468886, 0.004141, 1.852015, 4.867885, 0.0
5849.0, 5.07769, 1.468886, 0.004141, 1.852015, 4.867885, 0.0
5866.0, 5.091976, 1.475909, 0.0041, 1.852015, 4.867885, 0.0
5883.0, 5.10626, 1.48293, 0.004135, 1.852015, 4.867885, 0.0
5883.0, 5.10626, 1.48293, 0.004135, 1.852015, 4.867885, 0.0
5900.0, 5.12054, 1.489951, 0.004088, 1.852214, 5.117887, 0.0
5900.0, 5.12054, 1.489951, 0.004088, 1.852214, 5.117887, 0.0
5917.0, 5.134818, 1.496969, 0.004118, 1.852214, 5.117887, 0.0
5935.0, 5.14909, 1.503987, 0.004069, 1.852214, 5.117887, 0.0
5935.0, 5.14909, 1.503987, 0.004069, 1.852214, 5.117887, 0.0
5950.0, 5.163363, 1.511004, 0.004098, 1.852214, 5.117887, 0.0
5950.0, 5.163363, 1.511004, 0.004098, 1.852214, 5.117887, 0.0
5966.0, 5.177631, 1.518019, 0.004049, 1.852214, 5.117887, 0.0
5984.0, 5.191901, 1.525035, 0.004079, 1.852214, 5.117887, 0.0
5984.0, 5.191901, 1.525035, 0.004079, 1.852214, 5.117887, 0.0
6000.0, 5.206166, 1.53205, 0.00403, 1.852214, 5.117887, 0.0
6000.0, 5.206166, 1.53205, 0.00403, 1.852214, 5.117887, 0.0
6016.0, 5.220435, 1.539065, 0.004062, 1.852214, 5.117887, 0.0
6035.0, 5.2347, 1.54608, 0.004015, 1.852214, 5.117887, 0.0
6035.0, 5.2347, 1.54608, 0.004015, 1.852214, 5.117887, 0.0
6050.0, 5.249016, 1.553079, 0.004027, 1.852214, 5.117887, 0.0
6050.0, 5.249016, 1.553079, 0.004027, 1.852214, 5.117887, 0.0
6066.0, 5.263437, 1.560042, 0.003921, 1.852214, 5.117887, 0.0
6084.0, 5.278031, 1.566952, 0.003845, 1.852214, 5.117887, 0.0
6084.0, 5.278031, 1.566952, 0.003845, 1.852214, 5.117887, 0.0
6100.0, 5.292843, 1.57379, 0.003636, 1.852214, 5.117887, 0.0
6100.0, 5.292843, 1.57379, 0.003636, 1.852214, 5.117887, 0.0
6116.0, 5.307926, 1.580543, 0.003456, 1.852214, 5.117887, 0.0
6134.0, 5.323311, 1.587198, 0.003154, 1.852214, 5.117887, 0.0
6134.0, 5.323311, 1.587198, 0.003154, 1.852214, 5.117887, 0.0
6150.0, 5.339037, 1.593745, 0.002898, 1.852413, 5.367891, 0.0
6150.0, 5.339037, 1.593745, 0.002898, 1.852413, 5.367891, 0.0
6166.0, 5.355123, 1.600176, 0.002539, 1.852413, 5.367891, 0.0
6184.0, 5.371599, 1.606484, 0.002244, 1.852413, 5.367891, 0.0
6184.0, 5.371599, 1.606484, 0.002244, 1.852413, 5.367891, 0.0
