2.0, 0.0, 0.0, 0.002231, 3.536941, -3.534126, 0.0
2.0, 0.0, 0.0, 0.002231, 3.536941, -3.534126, 0.0
18.0, -0.000119, -0.000242, -0.004068, 3.536941, -3.534126, 0.0
18.0, -0.000119, -0.000242, -0.004068, 3.536941, -3.534126, 0.0
33.0, -0.000371, -0.000274, -0.009476, 3.536941, -3.534126, 0.0
50.0, -0.000745, 0.000029, -0.012101, 3.536941, -3.534126, 0.0
50.0, -0.000745, 0.000029, -0.012101, 3.536941, -3.534126, 0.0
66.0, -0.001253, 0.000629, -0.013064, 3.536941, -3.534126, 0.0
66.0, -0.001253, 0.000629, -0.013064, 3.536941, -3.534126, 0.0
83.0, -0.001915, 0.001448, -0.012815, 3.536941, -3.534126, 0.0
100.0, -0.002753, 0.002396, -0.011724, 3.536941, -3.534126, 0.0
100.0, -0.002753, 0.002396, -0.011724, 3.536941, -3.534126, 0.0
118.0, -0.003787, 0.003385, -0.010086, 3.536941, -3.534126, 0.0
118.0, -0.003787, 0.003385, -0.010086, 3.536941, -3.534126, 0.0
132.0, -0.004952, 0.004169, -0.008667, 3.536941, -3.534126, 0.0
148.0, -0.00636, 0.005302, -0.007103, 3.536941, -3.534126, 0.0
148.0, -0.00636, 0.005302, -0.007103, 3.536941, -3.534126, 0.0
166.0, -0.0081, 0.006828, -0.005095, 3.536941, -3.534126, 0.0
166.0, -0.0081, 0.006828, -0.005095, 3.536941, -3.534126, 0.0
183.0, -0.010171, 0.008673, -0.002584, 3.536941, -3.534126, 0.0
199.0, -0.012581, 0.01093, -0.00006, 3.536941, -3.534126, 0.0
199.0, -0.012581, 0.01093, -0.00006, 3.536941, -3.534126, 0.0
217.0, -0.01485, 0.01326, -0.000101, 3.536941, -3.534126, 0.0
217.0, -0.01485, 0.01326, -0.000101, 3.536941, -3.534126, 0.0
233.0, -0.017749, 0.016446, 0.000818, 3.536941, -3.534126, 0.0
250.0, -0.021042, 0.020111, 0.001917, 3.536941, -3.534126, 0.0
250.0, -0.021042, 0.020111, 0.001917, 3.536941, -3.534126, 0.0
266.0, -0.024662, 0.024178, 0.002881, 3.536941, -3.534126, 0.0
266.0, -0.024662, 0.024178, 0.002881, 3.536941, -3.534126, 0.0
282.0, -0.028621, 0.028638, 0.003779, 3.536941, -3.534126, 0.0
299.0, -0.032906, 0.033461, 0.004548, 3.536941, -3.534126, 0.0
299.0, -0.032906, 0.033461, 0.004548, 3.536941, -3.534126, 0.0
318.0, -0.037522, 0.038647, 0.005208, 3.536941, -3.534126, 0.0
318.0, -0.037522, 0.038647, 0.005208, 3.536941, -3.534126, 0.0
334.0, -0.042469, 0.044195, 0.005777, 3.536941, -3.534126, 0.0
350.0, -0.047749, 0.050108, 0.00627, 3.536941, -3.534126, 0.0
350.0, -0.047749, 0.050108, 0.00627, 3.536941, -3.534126, 0.0
365.0, -0.053362, 0.056387, 0.006699, 3.536941, -3.534126, 0.0
365.0, -0.053362, 0.056387, 0.006699, 3.536941, -3.534126, 0.0
382.0, -0.059309, 0.063031, 0.007078, 3.536941, -3.534126, 0.0
398.0, -0.06559, 0.070043, 0.007414, 3.536941, -3.534126, 0.0
398.0, -0.06559, 0.070043, 0.007414, 3.536941, -3.534126, 0.0
416.0, -0.072204, 0.077423, 0.007718, 3.536941, -3.534126, 0.0
416.0, -0.072204, 0.077423, 0.007718, 3.536941, -3.534126, 0.0
432.0, -0.079152, 0.085171, 0.007997, 3.536941, -3.534126, 0.0
450.0, -0.086435, 0.093287, 0.008257, 3.536941, -3.534126, 0.0
450.0, -0.086435, 0.093287, 0.008257, 3.536941, -3.534126, 0.0
467.0, -0.094052, 0.101771, 0.008503, 3.536941, -3.534126, 0.0
467.0, -0.094052, 0.101771, 0.008503, 3.536941, -3.534126, 0.0
482.0, -0.102005, 0.110623, 0.00874, 3.536941, -3.534126, 0.0
500.0, -0.110293, 0.119842, 0.008971, 3.536941, -3.534126, 0.0
500.0, -0.110293, 0.119842, 0.008971, 3.536941, -3.534126, 0.0
518.0, -0.118918, 0.12943, 0.009198, 3.536941, -3.534126, 0.0
518.0, -0.118918, 0.12943, 0.009198, 3.536941, -3.534126, 0.0
532.0, -0.127879, 0.139384, 0.009422, 3.536941, -3.534126, 0.0
550.0, -0.137179, 0.149706, 0.009646, 3.536941, -3.534126, 0.0
550.0, -0.137179, 0.149706, 0.009646, 3.536941, -3.534126, 0.0
567.0, -0.146818, 0.160394, 0.00987, 3.536941, -3.534126, 0.0
567.0, -0.146818, 0.160394, 0.00987, 3.536941, -3.534126, 0.0
582.0, -0.156797, 0.171447, 0.010095, 3.536941, -3.534126, 0.0
598.0, -0.167116, 0.182866, 0.01032, 3.536941, -3.534126, 0.0
598.0, -0.167116, 0.182866, 0.01032, 3.536941, -3.534126, 0.0
616.0, -0.177775, 0.194649, 0.010547, 3.536941, -3.534126, 0.0
616.0, -0.177775, 0.194649, 0.010547, 3.536941, -3.534126, 0.0
632.0, -0.188778, 0.206797, 0.010775, 3.536941, -3.534126, 0.0
649.0, -0.200123, 0.219307, 0.011004, 3.536941, -3.534126, 0.0
649.0, -0.200123, 0.219307, 0.011004, 3.536941, -3.534126, 0.0
666.0, -0.211813, 0.23218, 0.011234, 3.536941, -3.534126, 0.0
666.0, -0.211813, 0.23218, 0.011234, 3.536941, -3.534126, 0.0
682.0, -0.223848, 0.245414, 0.011465, 3.536941, -3.534126, 0.0
699.0, -0.23623, 0.259008, 0.011696, 3.536941, -3.534126, 0.0
699.0, -0.23623, 0.259008, 0.011696, 3.536941, -3.534126, 0.0
717.0, -0.248959, 0.272962, 0.011928, 3.536941, -3.534126, 0.0
717.0, -0.248959, 0.272962, 0.011928, 3.536941, -3.534126, 0.0
732.0, -0.262036, 0.287274, 0.01216, 3.536941, -3.534126, 0.0
750.0, -0.275462, 0.301944, 0.012392, 3.536941, -3.534126, 0.0
750.0, -0.275462, 0.301944, 0.012392, 3.536941, -3.534126, 0.0
767.0, -0.28924, 0.31697, 0.012625, 3.536941, -3.534126, 0.0
767.0, -0.28924, 0.31697, 0.012625, 3.536941, -3.534126, 0.0
782.0, -0.30337, 0.33235, 0.012858, 3.536941, -3.534126, 0.0
799.0, -0.317854, 0.348084, 0.01309, 3.536941, -3.534126, 0.0
799.0, -0.317854, 0.348084, 0.01309, 3.536941, -3.534126, 0.0
817.0, -0.332691, 0.364172, 0.013321, 3.536941, -3.534126, 0.0
817.0, -0.332691, 0.364172, 0.013321, 3.536941, -3.534126, 0.0
832.0, -0.347888, 0.380613, 0.013554, 3.536941, -3.534126, 0.0
849.0, -0.363442, 0.397406, 0.013786, 3.536941, -3.534126, 0.0
849.0, -0.363442, 0.397406, 0.013786, 3.536941, -3.534126, 0.0
866.0, -0.379356, 0.414546, 0.014017, 3.536941, -3.534126, 0.0
866.0, -0.379356, 0.414546, 0.014017, 3.536941, -3.534126, 0.0
882.0, -0.39563, 0.432032, 0.014248, 3.536941, -3.534126, 0.0
899.0, -0.412265, 0.449863, 0.014477, 3.536941, -3.534126, 0.0
899.0, -0.412265, 0.449863, 0.014477, 3.536941, -3.534126, 0.0
917.0, -0.429263, 0.468038, 0.014705, 3.536941, -3.534126, 0.0
917.0, -0.429263, 0.468038, 0.014705, 3.536941, -3.534126, 0.0
932.0, -0.446621, 0.486551, 0.014931, 3.536941, -3.534126, 0.0
949.0, -0.464346, 0.505402, 0.015157, 3.536941, -3.534126, 0.0
949.0, -0.464346, 0.505402, 0.015157, 3.536941, -3.534126, 0.0
966.0, -0.482438, 0.524591, 0.015383, 3.536941, -3.534126, 0.0
966.0, -0.482438, 0.524591, 0.015383, 3.536941, -3.534126, 0.0
982.0, -0.500902, 0.544115, 0.015608, 3.536941, -3.534126, 0.0
1000.0, -0.519737, 0.563974, 0.015834, 3.536941, -3.534126, 0.0
1000.0, -0.519737, 0.563974, 0.015834, 3.536941, -3.534126, 0.0
1016.0, -0.538946, 0.584167, 0.016059, 3.536941, -3.534126, 0.0
1016.0, -0.538946, 0.584167, 0.016059, 3.536941, -3.534126, 0.0
1032.0, -0.558531, 0.604689, 0.016284, 3.536941, -3.534126, 0.0
1049.0, -0.578494, 0.625539, 0.016508, 3.536941, -3.534126, 0.0
1049.0, -0.578494, 0.625539, 0.016508, 3.536941, -3.534126, 0.0
1065.0, -0.598838, 0.646714, 0.016732, 3.536941, -3.534126, 0.0
1065.0, -0.598838, 0.646714, 0.016732, 3.536941, -3.534126, 0.0
1082.0, -0.619565, 0.668211, 0.016955, 3.536941, -3.534126, 0.0
1099.0, -0.640677, 0.690027, 0.017176, 3.536941, -3.534126, 0.0
1099.0, -0.640677, 0.690027, 0.017176, 3.536941, -3.534126, 0.0
1116.0, -0.662174, 0.712161, 0.017397, 3.536941, -3.534126, 0.0
1116.0, -0.662174, 0.712161, 0.017397, 3.536941, -3.534126, 0.0
1131.0, -0.684061, 0.73461, 0.017616, 3.536941, -3.534126, 0.0
1150.0, -0.70634, 0.757368, 0.017835, 3.536941, -3.534126, 0.0
1150.0, -0.70634, 0.757368, 0.017835, 3.536941, -3.534126, 0.0
1166.0, -0.729015, 0.780432, 0.018052, 3.536941, -3.534126, 0.0
1166.0, -0.729015, 0.780432, 0.018052, 3.536941, -3.534126, 0.0
1183.0, -0.752088, 0.803798, 0.018269, 3.536941, -3.534126, 0.0
1200.0, -0.775561, 0.827465, 0.018484, 3.536941, -3.534126, 0.0
1200.0, -0.775561, 0.827465, 0.018484, 3.536941, -3.534126, 0.0
1218.0, -0.799437, 0.851428, 0.018697, 3.536941, -3.534126, 0.0
1218.0, -0.799437, 0.851428, 0.018697, 3.536941, -3.534126, 0.0
1233.0, -0.823718, 0.875683, 0.018909, 3.536941, -3.534126, 0.0
1250.0, -0.84841, 0.900223, 0.01912, 3.536941, -3.534126, 0.0
1250.0, -0.84841, 0.900223, 0.01912, 3.536941, -3.534126, 0.0
1265.0, -0.873516, 0.925042, 0.01933, 3.536941, -3.534126, 0.0
1265.0, -0.873516, 0.925042, 0.01933, 3.536941, -3.534126, 0.0
1282.0, -0.899039, 0.950137, 0.019538, 3.536941, -3.534126, 0.0
1298.0, -0.924982, 0.975502, 0.019744, 3.536941, -3.534126, 0.0
1298.0, -0.924982, 0.975502, 0.019744, 3.536941, -3.534126, 0.0
1316.0, -0.951348, 1.001135, 0.019948, 3.536941, -3.534126, 0.0
1316.0, -0.951348, 1.001135, 0.019948, 3.536941, -3.534126, 0.0
1332.0, -0.978141, 1.027026, 0.020149, 3.536941, -3.534126, 0.0
1348.0, -1.005366, 1.053167, 0.020349, 3.536941, -3.534126, 0.0
1348.0, -1.005366, 1.053167, 0.020349, 3.536941, -3.534126, 0.0
1365.0, -1.033028, 1.07955, 0.020546, 3.536941, -3.534126, 0.0
1365.0, -1.033028, 1.07955, 0.020546, 3.536941, -3.534126, 0.0
1382.0, -1.061131, 1.106166, 0.020741, 3.536941, -3.534126, 0.0
1399.0, -1.089678, 1.133011, 0.020934, 3.536941, -3.534126, 0.0
1399.0, -1.089678, 1.133011, 0.020934, 3.536941, -3.534126, 0.0
1418.0, -1.118839, 1.160235, 0.021123, 3.536941, -3.534126, 0.0
1418.0, -1.118839, 1.160235, 0.021123, 3.536941, -3.534126, 0.0
1432.0, -1.14827, 1.187498, 0.021302, 3.536941, -3.534126, 0.0
1450.0, -1.178154, 1.214955, 0.021478, 3.536941, -3.534126, 0.0
1450.0, -1.178154, 1.214955, 0.021478, 3.536941, -3.534126, 0.0
1466.0, -1.208502, 1.242597, 0.021653, 3.536941, -3.534126, 0.0
1466.0, -1.208502, 1.242597, 0.021653, 3.536941, -3.534126, 0.0
1483.0, -1.239318, 1.270415, 0.021826, 3.536941, -3.534126, 0.0
1500.0, -1.270607, 1.2984, 0.021996, 3.536941, -3.534126, 0.0
1500.0, -1.270607, 1.2984, 0.021996, 3.536941, -3.534126, 0.0
1517.0, -1.302371, 1.326545, 0.022161, 3.536941, -3.534126, 0.0
1517.0, -1.302371, 1.326545, 0.022161, 3.536941, -3.534126, 0.0
1532.0, -1.33464, 1.354855, 0.02233, 3.536941, -3.534126, 0.0
1548.0, -1.367399, 1.383294, 0.022491, 3.536941, -3.534126, 0.0
1548.0, -1.367399, 1.383294, 0.022491, 3.536941, -3.534126, 0.0
1565.0, -1.400644, 1.411838, 0.02264, 3.536941, -3.534126, 0.0
1565.0, -1.400644, 1.411838, 0.02264, 3.536941, -3.534126, 0.0
1582.0, -1.434497, 1.440572, 0.022775, 3.536941, -3.534126, 0.0
1599.0, -1.468719, 1.469277, 0.022898, 3.536941, -3.534126, 0.0
1599.0, -1.468719, 1.469277, 0.022898, 3.536941, -3.534126, 0.0
1616.0, -1.503432, 1.498044, 0.023009, 3.536941, -3.534126, 0.0
1616.0, -1.503432, 1.498044, 0.023009, 3.536941, -3.534126, 0.0
1633.0, -1.538617, 1.526837, 0.023099, 3.536941, -3.534126, 0.0
1649.0, -1.574289, 1.555646, 0.023178, 3.536941, -3.534126, 0.0
1649.0, -1.574289, 1.555646, 0.023178, 3.536941, -3.534126, 0.0
1667.0, -1.610506, 1.584497, 0.023247, 3.536941, -3.534126, 0.0
1667.0, -1.610506, 1.584497, 0.023247, 3.536941, -3.534126, 0.0
1682.0, -1.647169, 1.613293, 0.023308, 3.536941, -3.534126, 0.0
1700.0, -1.68433, 1.64206, 0.023358, 3.536941, -3.534126, 0.0
1700.0, -1.68433, 1.64206, 0.023358, 3.536941, -3.534126, 0.0
1718.0, -1.721988, 1.670788, 0.023399, 3.536941, -3.534126, 0.0
1718.0, -1.721988, 1.670788, 0.023399, 3.536941, -3.534126, 0.0
1732.0, -1.760148, 1.699463, 0.02343, 3.536941, -3.534126, 0.0
1749.0, -1.798804, 1.728067, 0.023448, 3.536941, -3.534126, 0.0
1749.0, -1.798804, 1.728067, 0.023448, 3.536941, -3.534126, 0.0
1766.0, -1.837949, 1.75658, 0.023452, 3.536941, -3.534126, 0.0
1766.0, -1.837949, 1.75658, 0.023452, 3.536941, -3.534126, 0.0
1782.0, -1.877583, 1.784992, 0.023442, 3.536941, -3.534126, 0.0
1799.0, -1.917702, 1.813289, 0.023418, 3.536941, -3.534126, 0.0
1799.0, -1.917702, 1.813289, 0.023418, 3.536941, -3.534126, 0.0
1817.0, -1.958305, 1.841463, 0.023382, 3.536941, -3.534126, 0.0
1817.0, -1.958305, 1.841463, 0.023382, 3.536941, -3.534126, 0.0
1832.0, -1.999351, 1.869527, 0.02332, 3.536941, -3.534126, 0.0
1849.0, -2.040769, 1.89749, 0.023212, 3.536941, -3.534126, 0.0
1849.0, -2.040769, 1.89749, 0.023212, 3.536941, -3.534126, 0.0
1867.0, -2.082499, 1.925364, 0.023052, 3.536941, -3.534126, 0.0
1867.0, -2.082499, 1.925364, 0.023052, 3.536941, -3.534126, 0.0
1883.0, -2.124484, 1.953159, 0.022841, 3.536941, -3.534126, 0.0
1900.0, -2.166679, 1.980886, 0.022587, 3.536941, -3.534126, 0.0
1900.0, -2.166679, 1.980886, 0.022587, 3.536941, -3.534126, 0.0
1916.0, -2.209044, 2.008553, 0.0223, 3.536941, -3.534126, 0.0
1916.0, -2.209044, 2.008553, 0.0223, 3.536941, -3.534126, 0.0
1932.0, -2.251511, 2.03615, 0.021976, 3.536941, -3.534126, 0.0
1948.0, -2.293992, 2.063647, 0.021605, 3.536941, -3.534126, 0.0
1948.0, -2.293992, 2.063647, 0.021605, 3.536941, -3.534126, 0.0
1965.0, -2.336407, 2.091019, 0.021185, 3.536941, -3.534126, 0.0
1965.0, -2.336407, 2.091019, 0.021185, 3.536941, -3.534126, 0.0
1982.0, -2.378689, 2.118242, 0.020722, 3.536941, -3.534126, 0.0
1999.0, -2.42078, 2.145298, 0.020227, 3.536941, -3.534126, 0.0
1999.0, -2.42078, 2.145298, 0.020227, 3.536941, -3.534126, 0.0
2018.0, -2.462634, 2.172171, 0.019712, 3.536941, -3.534126, 0.0
2018.0, -2.462634, 2.172171, 0.019712, 3.536941, -3.534126, 0.0
2033.0, -2.504367, 2.198945, 0.019184, 3.536941, -3.534126, 0.0
2049.0, -2.545632, 2.225402, 0.018664, 3.536941, -3.534126, 0.0
2049.0, -2.545632, 2.225402, 0.018664, 3.536941, -3.534126, 0.0
2066.0, -2.586571, 2.251637, 0.01816, 3.536941, -3.534126, 0.0
2066.0, -2.586571, 2.251637, 0.01816, 3.536941, -3.534126, 0.0
2083.0, -2.627165, 2.277643, 0.017679, 3.536941, -3.534126, 0.0
2099.0, -2.667399, 2.303412, 0.017227, 3.536941, -3.534126, 0.0
2099.0, -2.667399, 2.303412, 0.017227, 3.536941, -3.534126, 0.0
2117.0, -2.707261, 2.328941, 0.016804, 3.536941, -3.534126, 0.0
2117.0, -2.707261, 2.328941, 0.016804, 3.536941, -3.534126, 0.0
2133.0, -2.746723, 2.354218, 0.016406, 3.536941, -3.534126, 0.0
2149.0, -2.785787, 2.379247, 0.01604, 3.536941, -3.534126, 0.0
2149.0, -2.785787, 2.379247, 0.01604, 3.536941, -3.534126, 0.0
2166.0, -2.82445, 2.404034, 0.015705, 3.536941, -3.534126, 0.0
2166.0, -2.82445, 2.404034, 0.015705, 3.536941, -3.534126, 0.0
2182.0, -2.862715, 2.428582, 0.0154, 3.536941, -3.534126, 0.0
2199.0, -2.90056, 2.452884, 0.015121, 3.536941, -3.534126, 0.0
2199.0, -2.90056, 2.452884, 0.015121, 3.536941, -3.534126, 0.0
2216.0, -2.937989, 2.476944, 0.014866, 3.536941, -3.534126, 0.0
2216.0, -2.937989, 2.476944, 0.014866, 3.536941, -3.534126, 0.0
2232.0, -2.975012, 2.500772, 0.014636, 3.536941, -3.534126, 0.0
2249.0, -3.011613, 2.524365, 0.014422, 3.536941, -3.534126, 0.0
2249.0, -3.011613, 2.524365, 0.014422, 3.536941, -3.534126, 0.0
2266.0, -3.047785, 2.547721, 0.014219, 3.536941, -3.534126, 0.0
2266.0, -3.047785, 2.547721, 0.014219, 3.536941, -3.534126, 0.0
2282.0, -3.083522, 2.570842, 0.014026, 3.536941, -3.534126, 0.0
2299.0, -3.118821, 2.593729, 0.01384, 3.536941, -3.534126, 0.0
2299.0, -3.118821, 2.593729, 0.01384, 3.536941, -3.534126, 0.0
2317.0, -3.153683, 2.616382, 0.013661, 3.536941, -3.534126, 0.0
2317.0, -3.153683, 2.616382, 0.013661, 3.536941, -3.534126, 0.0
2333.0, -3.188102, 2.638805, 0.013488, 3.536941, -3.534126, 0.0
2349.0, -3.222078, 2.661, 0.01332, 3.536941, -3.534126, 0.0
2349.0, -3.222078, 2.661, 0.01332, 3.536941, -3.534126, 0.0
2366.0, -3.25561, 2.68297, 0.013156, 3.536941, -3.534126, 0.0
2366.0, -3.25561, 2.68297, 0.013156, 3.536941, -3.534126, 0.0
2382.0, -3.288694, 2.704717, 0.012997, 3.536941, -3.534126, 0.0
2399.0, -3.321331, 2.726245, 0.012841, 3.536941, -3.534126, 0.0
2399.0, -3.321331, 2.726245, 0.012841, 3.536941, -3.534126, 0.0
2417.0, -3.353522, 2.747556, 0.012688, 3.536941, -3.534126, 0.0
2417.0, -3.353522, 2.747556, 0.012688, 3.536941, -3.534126, 0.0
2433.0, -3.385259, 2.768648, 0.012538, 3.536941, -3.534126, 0.0
2449.0, -3.416545, 2.789527, 0.01239, 3.536941, -3.534126, 0.0
2449.0, -3.416545, 2.789527, 0.01239, 3.536941, -3.534126, 0.0
2467.0, -3.447383, 2.810198, 0.012245, 3.536941, -3.534126, 0.0
2467.0, -3.447383, 2.810198, 0.012245, 3.536941, -3.534126, 0.0
2482.0, -3.477762, 2.830657, 0.012101, 3.536941, -3.534126, 0.0
2499.0, -3.507687, 2.850908, 0.011959, 3.536941, -3.534126, 0.0
2499.0, -3.507687, 2.850908, 0.011959, 3.536941, -3.534126, 0.0
2517.0, -3.537156, 2.870954, 0.011818, 3.536941, -3.534126, 0.0
2517.0, -3.537156, 2.870954, 0.011818, 3.536941, -3.534126, 0.0
2532.0, -3.566168, 2.890795, 0.01168, 3.536941, -3.534126, 0.0
2550.0, -3.594723, 2.910435, 0.011542, 3.536941, -3.534126, 0.0
2550.0, -3.594723, 2.910435, 0.011542, 3.536941, -3.534126, 0.0
2565.0, -3.62282, 2.929875, 0.011406, 3.536941, -3.534126, 0.0
2565.0, -3.62282, 2.929875, 0.011406, 3.536941, -3.534126, 0.0
2582.0, -3.650458, 2.949116, 0.01127, 3.536941, -3.534126, 0.0
2599.0, -3.677637, 2.96816, 0.011136, 3.536941, -3.534126, 0.0
2599.0, -3.677637, 2.96816, 0.011136, 3.536941, -3.534126, 0.0
2616.0, -3.704356, 2.987009, 0.011003, 3.536941, -3.534126, 0.0
2616.0, -3.704356, 2.987009, 0.011003, 3.536941, -3.534126, 0.0
2632.0, -3.730615, 3.005662, 0.010871, 3.536941, -3.534126, 0.0
2649.0, -3.756413, 3.024122, 0.01074, 3.536941, -3.534126, 0.0
2649.0, -3.756413, 3.024122, 0.01074, 3.536941, -3.534126, 0.0
2666.0, -3.781749, 3.042389, 0.01061, 3.536941, -3.534126, 0.0
2666.0, -3.781749, 3.042389, 0.01061, 3.536941, -3.534126, 0.0
2682.0, -3.806623, 3.060465, 0.01048, 3.536941, -3.534126, 0.0
2699.0, -3.831035, 3.07835, 0.010351, 3.536941, -3.534126, 0.0
2699.0, -3.831035, 3.07835, 0.010351, 3.536941, -3.534126, 0.0
2717.0, -3.854985, 3.096045, 0.010223, 3.536941, -3.534126, 0.0
2717.0, -3.854985, 3.096045, 0.010223, 3.536941, -3.534126, 0.0
2732.0, -3.878477, 3.113555, 0.010096, 3.536941, -3.534126, 0.0
2749.0, -3.901506, 3.130877, 0.009971, 3.536941, -3.534126, 0.0
2749.0, -3.901506, 3.130877, 0.009971, 3.536941, -3.534126, 0.0
2765.0, -3.924073, 3.148011, 0.009844, 3.536941, -3.534126, 0.0
2765.0, -3.924073, 3.148011, 0.009844, 3.536941, -3.534126, 0.0
2782.0, -3.946175, 3.164957, 0.009717, 3.536941, -3.534126, 0.0
2798.0, -3.967812, 3.181714, 0.00959, 3.536941, -3.534126, 0.0
2798.0, -3.967812, 3.181714, 0.00959, 3.536941, -3.534126, 0.0
2816.0, -3.988986, 3.198285, 0.009462, 3.536941, -3.534126, 0.0
2816.0, -3.988986, 3.198285, 0.009462, 3.536941, -3.534126, 0.0
2831.0, -4.00969, 3.214665, 0.009332, 3.536941, -3.534126, 0.0
2849.0, -4.02993, 3.230858, 0.009203, 3.536941, -3.534126, 0.0
2849.0, -4.02993, 3.230858, 0.009203, 3.536941, -3.534126, 0.0
2866.0, -4.049706, 3.246863, 0.009075, 3.536941, -3.534126, 0.0
2866.0, -4.049706, 3.246863, 0.009075, 3.536941, -3.534126, 0.0
2883.0, -4.069043, 3.262704, 0.008946, 3.536941, -3.534126, 0.0
2899.0, -4.087892, 3.278337, 0.008818, 3.536941, -3.534126, 0.0
2899.0, -4.087892, 3.278337, 0.008818, 3.536941, -3.534126, 0.0
2917.0, -4.106277, 3.293785, 0.008691, 3.536941, -3.534126, 0.0
2917.0, -4.106277, 3.293785, 0.008691, 3.536941, -3.534126, 0.0
2933.0, -4.124195, 3.309044, 0.008561, 3.536941, -3.534126, 0.0
2949.0, -4.141649, 3.324115, 0.008432, 3.536941, -3.534126, 0.0
2949.0, -4.141649, 3.324115, 0.008432, 3.536941, -3.534126, 0.0
2966.0, -4.15864, 3.339, 0.008302, 3.536941, -3.534126, 0.0
2966.0, -4.15864, 3.339, 0.008302, 3.536941, -3.534126, 0.0
2982.0, -4.17517, 3.353699, 0.008173, 3.536941, -3.534126, 0.0
3000.0, -4.191236, 3.368211, 0.008043, 3.536941, -3.534126, 0.0
3000.0, -4.191236, 3.368211, 0.008043, 3.536941, -3.534126, 0.0
3018.0, -4.206841, 3.382535, 0.007912, 3.536941, -3.534126, 0.0
3018.0, -4.206841, 3.382535, 0.007912, 3.536941, -3.534126, 0.0
3032.0, -4.221985, 3.396675, 0.007781, 3.536941, -3.534126, 0.0
3049.0, -4.236669, 3.410627, 0.007649, 3.536941, -3.534126, 0.0
3049.0, -4.236669, 3.410627, 0.007649, 3.536941, -3.534126, 0.0
3065.0, -4.250891, 3.424389, 0.007515, 3.536941, -3.534126, 0.0
3065.0, -4.250891, 3.424389, 0.007515, 3.536941, -3.534126, 0.0
3082.0, -4.264651, 3.437962, 0.007379, 3.536941, -3.534126, 0.0
3099.0, -4.277948, 3.451344, 0.007241, 3.536941, -3.534126, 0.0
3099.0, -4.277948, 3.451344, 0.007241, 3.536941, -3.534126, 0.0
3117.0, -4.290784, 3.464535, 0.0071, 3.536941, -3.534126, 0.0
3117.0, -4.290784, 3.464535, 0.0071, 3.536941, -3.534126, 0.0
3133.0, -4.303159, 3.477535, 0.006958, 3.536941, -3.534126, 0.0
3149.0, -4.315073, 3.490341, 0.006814, 3.536941, -3.534126, 0.0
3149.0, -4.315073, 3.490341, 0.006814, 3.536941, -3.534126, 0.0
3166.0, -4.326526, 3.502954, 0.006667, 3.536941, -3.534126, 0.0
3166.0, -4.326526, 3.502954, 0.006667, 3.536941, -3.534126, 0.0
3182.0, -4.337519, 3.515373, 0.006519, 3.536941, -3.534126, 0.0
3200.0, -4.348053, 3.527597, 0.006369, 3.536941, -3.534126, 0.0
3200.0, -4.348053, 3.527597, 0.006369, 3.536941, -3.534126, 0.0
3218.0, -4.358128, 3.539628, 0.006216, 3.536941, -3.534126, 0.0
3218.0, -4.358128, 3.539628, 0.006216, 3.536941, -3.534126, 0.0
3233.0, -4.367745, 3.551462, 0.006061, 3.536941, -3.534126, 0.0
3249.0, -4.376905, 3.5631, 0.005904, 3.536941, -3.534126, 0.0
3249.0, -4.376905, 3.5631, 0.005904, 3.536941, -3.534126, 0.0
3265.0, -4.385606, 3.574539, 0.005744, 3.536941, -3.534126, 0.0
3265.0, -4.385606, 3.574539, 0.005744, 3.536941, -3.534126, 0.0
3282.0, -4.393851, 3.585778, 0.005581, 3.536941, -3.534126, 0.0
3300.0, -4.401638, 3.596817, 0.005415, 3.536941, -3.534126, 0.0
3300.0, -4.401638, 3.596817, 0.005415, 3.536941, -3.534126, 0.0
3317.0, -4.408969, 3.607655, 0.005245, 3.536941, -3.534126, 0.0
3317.0, -4.408969, 3.607655, 0.005245, 3.536941, -3.534126, 0.0
3333.0, -4.415843, 3.618289, 0.005072, 3.536941, -3.534126, 0.0
3349.0, -4.422263, 3.628719, 0.004896, 3.536941, -3.534126, 0.0
3349.0, -4.422263, 3.628719, 0.004896, 3.536941, -3.534126, 0.0
3366.0, -4.428228, 3.638944, 0.004716, 3.536941, -3.534126, 0.0
3366.0, -4.428228, 3.638944, 0.004716, 3.536941, -3.534126, 0.0
3383.0, -4.433741, 3.648964, 0.004534, 3.536941, -3.534126, 0.0
3400.0, -4.438801, 3.658778, 0.004349, 3.536941, -3.534126, 0.0
3400.0, -4.438801, 3.658778, 0.004349, 3.536941, -3.534126, 0.0
3418.0, -4.44341, 3.668386, 0.004161, 3.536941, -3.534126, 0.0
3418.0, -4.44341, 3.668386, 0.004161, 3.536941, -3.534126, 0.0
3432.0, -4.447569, 3.677785, 0.00397, 3.536941, -3.534126, 0.0
3450.0, -4.451278, 3.686976, 0.003778, 3.536941, -3.534126, 0.0
3450.0, -4.451278, 3.686976, 0.003778, 3.536941, -3.534126, 0.0
3467.0, -4.454539, 3.695957, 0.003583, 3.536941, -3.534126, 0.0
3467.0, -4.454539, 3.695957, 0.003583, 3.536941, -3.534126, 0.0
3482.0, -4.457352, 3.704727, 0.003388, 3.536941, -3.534126, 0.0
3498.0, -4.459719, 3.713285, 0.003193, 3.536941, -3.534126, 0.0
3498.0, -4.459719, 3.713285, 0.003193, 3.536941, -3.534126, 0.0
3517.0, -4.46164, 3.721632, 0.002999, 3.536941, -3.534126, 0.0
3517.0, -4.46164, 3.721632, 0.002999, 3.536941, -3.534126, 0.0
3531.0, -4.463116, 3.729766, 0.002808, 3.536941, -3.534126, 0.0
3549.0, -4.464149, 3.737686, 0.002622, 3.536941, -3.534126, 0.0
3549.0, -4.464149, 3.737686, 0.002622, 3.536941, -3.534126, 0.0
3565.0, -4.46474, 3.745392, 0.002442, 3.536941, -3.534126, 0.0
3565.0, -4.46474, 3.745392, 0.002442, 3.536941, -3.534126, 0.0
3583.0, -4.464888, 3.752884, 0.002271, 3.536941, -3.534126, 0.0
3599.0, -4.464596, 3.760161, 0.00211, 3.536941, -3.534126, 0.0
3599.0, -4.464596, 3.760161, 0.00211, 3.536941, -3.534126, 0.0
3617.0, -4.463862, 3.767224, 0.001961, 3.536941, -3.534126, 0.0
3617.0, -4.463862, 3.767224, 0.001961, 3.536941, -3.534126, 0.0
3632.0, -4.462688, 3.774073, 0.001824, 3.536941, -3.534126, 0.0
3649.0, -4.461073, 3.780707, 0.001699, 3.536941, -3.534126, 0.0
3649.0, -4.461073, 3.780707, 0.001699, 3.536941, -3.534126, 0.0
3666.0, -4.459017, 3.787126, 0.001585, 3.536941, -3.534126, 0.0
3666.0, -4.459017, 3.787126, 0.001585, 3.536941, -3.534126, 0.0
3682.0, -4.456519, 3.793329, 0.00148, 3.536941, -3.534126, 0.0
3700.0, -4.453579, 3.799316, 0.001379, 3.536941, -3.534126, 0.0
3700.0, -4.453579, 3.799316, 0.001379, 3.536941, -3.534126, 0.0
3718.0, -4.450195, 3.805086, 0.001278, 3.536941, -3.534126, 0.0
3718.0, -4.450195, 3.805086, 0.001278, 3.536941, -3.534126, 0.0
3733.0, -4.446366, 3.810638, 0.001173, 3.536941, -3.534126, 0.0
3749.0, -4.442092, 3.815969, 0.00106, 3.536941, -3.534126, 0.0
3749.0, -4.442092, 3.815969, 0.00106, 3.536941, -3.534126, 0.0
3765.0, -4.437371, 3.821077, 0.000932, 3.536941, -3.534126, 0.0
3765.0, -4.437371, 3.821077, 0.000932, 3.536941, -3.534126, 0.0
3782.0, -4.432204, 3.825961, 0.000789, 3.536941, -3.534126, 0.0
3800.0, -4.426588, 3.830618, 0.000625, 3.536941, -3.534126, 0.0
3800.0, -4.426588, 3.830618, 0.000625, 3.536941, -3.534126, 0.0
3817.0, -4.420524, 3.835047, 0.000442, 3.536941, -3.534126, 0.0
3817.0, -4.420524, 3.835047, 0.000442, 3.536941, -3.534126, 0.0
3832.0, -4.41401, 3.839245, 0.000236, 3.536941, -3.534126, 0.0
3849.0, -4.407045, 3.843211, 0.00001, 3.536941, -3.534126, 0.0
3849.0, -4.407045, 3.843211, 0.00001, 3.536941, -3.534126, 0.0
3866.0, -4.399632, 3.846943, -0.000234, 3.536941, -3.534126, 0.0
3866.0, -4.399632, 3.846943, -0.000234, 3.536941, -3.534126, 0.0
3883.0, -4.391769, 3.850438, -0.000494, 3.536941, -3.534126, 0.0
3899.0, -4.383458, 3.853696, -0.000768, 3.536941, -3.534126, 0.0
3899.0, -4.383458, 3.853696, -0.000768, 3.536941, -3.534126, 0.0
3917.0, -4.374697, 3.856716, -0.001051, 3.536941, -3.534126, 0.0
3917.0, -4.374697, 3.856716, -0.001051, 3.536941, -3.534126, 0.0
3933.0, -4.365489, 3.859498, -0.001342, 3.536941, -3.534126, 0.0
3949.0, -4.355832, 3.862045, -0.001637, 3.536941, -3.534126, 0.0
3949.0, -4.355832, 3.862045, -0.001637, 3.536941, -3.534126, 0.0
3966.0, -4.345723, 3.864358, -0.001935, 3.536941, -3.534126, 0.0
3966.0, -4.345723, 3.864358, -0.001935, 3.536941, -3.534126, 0.0
3982.0, -4.335162, 3.86644, -0.002232, 3.536941, -3.534126, 0.0
4000.0, -4.324148, 3.868293, -0.002526, 3.536941, -3.534126, 0.0
4000.0, -4.324148, 3.868293, -0.002526, 3.536941, -3.534126, 0.0
4016.0, -4.312681, 3.869917, -0.002814, 3.536941, -3.534126, 0.0
4016.0, -4.312681, 3.869917, -0.002814, 3.536941, -3.534126, 0.0
4033.0, -4.300758, 3.871321, -0.003097, 3.536941, -3.534126, 0.0
4050.0, -4.288343, 3.872518, -0.003372, 3.536941, -3.534126, 0.0
4050.0, -4.288343, 3.872518, -0.003372, 3.536941, -3.534126, 0.0
4066.0, -4.275497, 3.87351, -0.003639, 3.536941, -3.534126, 0.0
4066.0, -4.275497, 3.87351, -0.003639, 3.536941, -3.534126, 0.0
4083.0, -4.262186, 3.874309, -0.003897, 3.536941, -3.534126, 0.0
4099.0, -4.248406, 3.874922, -0.004144, 3.536941, -3.534126, 0.0
4099.0, -4.248406, 3.874922, -0.004144, 3.536941, -3.534126, 0.0
4118.0, -4.234156, 3.875354, -0.004379, 3.536941, -3.534126, 0.0
4118.0, -4.234156, 3.875354, -0.004379, 3.536941, -3.534126, 0.0
4132.0, -4.219487, 3.875626, -0.004581, 3.536941, -3.534126, 0.0
4150.0, -4.204456, 3.875761, -0.004731, 3.536941, -3.534126, 0.0
4150.0, -4.204456, 3.875761, -0.004731, 3.536941, -3.534126, 0.0
4166.0, -4.189124, 3.875781, -0.00482, 3.536941, -3.534126, 0.0
4166.0, -4.189124, 3.875781, -0.00482, 3.536941, -3.534126, 0.0
4183.0, -4.173543, 3.875703, -0.004845, 3.536941, -3.534126, 0.0
4198.0, -4.157759, 3.875545, -0.00481, 3.536941, -3.534126, 0.0
4198.0, -4.157759, 3.875545, -0.00481, 3.536941, -3.534126, 0.0
4216.0, -4.141811, 3.875319, -0.004725, 3.536941, -3.534126, 0.0
4216.0, -4.141811, 3.875319, -0.004725, 3.536941, -3.534126, 0.0
4232.0, -4.125727, 3.875037, -0.004601, 3.536941, -3.534126, 0.0
4249.0, -4.109535, 3.874708, -0.004447, 3.536941, -3.534126, 0.0
4249.0, -4.109535, 3.874708, -0.004447, 3.536941, -3.534126, 0.0
4266.0, -4.093257, 3.874341, -0.004274, 3.536941, -3.534126, 0.0
4266.0, -4.093257, 3.874341, -0.004274, 3.536941, -3.534126, 0.0
4281.0, -4.076911, 3.873941, -0.004092, 3.536941, -3.534126, 0.0
4300.0, -4.060511, 3.873514, -0.003908, 3.536941, -3.534126, 0.0
4300.0, -4.060511, 3.873514, -0.003908, 3.536941, -3.534126, 0.0
4316.0, -4.044066, 3.873066, -0.003729, 3.536941, -3.534126, 0.0
4316.0, -4.044066, 3.873066, -0.003729, 3.536941, -3.534126, 0.0
4333.0, -4.027636, 3.872613, -0.003539, 3.536941, -3.534126, 0.0
4349.0, -4.01129, 3.872177, -0.003323, 3.536941, -3.534126, 0.0
4349.0, -4.01129, 3.872177, -0.003323, 3.536941, -3.534126, 0.0
4366.0, -3.995094, 3.871776, -0.003071, 3.536941, -3.534126, 0.0
4367.0, -3.995094, 3.871776, -0.003071, 3.536941, -3.534126, 0.0
4383.0, -3.979107, 3.871429, -0.002782, 3.536941, -3.534126, 0.0
4400.0, -3.96338, 3.871149, -0.002461, 3.536941, -3.534126, 0.0
4400.0, -3.96338, 3.871149, -0.002461, 3.536941, -3.534126, 0.0
4418.0, -3.947955, 3.87095, -0.002114, 3.536941, -3.534126, 0.0
4418.0, -3.947955, 3.87095, -0.002114, 3.536941, -3.534126, 0.0
4432.0, -3.932866, 3.870837, -0.001751, 3.536941, -3.534126, 0.0
4449.0, -3.918143, 3.870816, -0.001379, 3.536941, -3.534126, 0.0
4449.0, -3.918143, 3.870816, -0.001379, 3.536941, -3.534126, 0.0
4465.0, -3.90381, 3.870891, -0.001009, 3.536941, -3.534126, 0.0
4465.0, -3.90381, 3.870891, -0.001009, 3.536941, -3.534126, 0.0
4482.0, -3.889884, 3.871064, -0.000646, 3.536941, -3.534126, 0.0
4500.0, -3.876377, 3.871337, -0.000296, 3.536941, -3.534126, 0.0
4500.0, -3.876377, 3.871337, -0.000296, 3.536941, -3.534126, 0.0
4517.0, -3.863312, 3.871712, 0.000035, 3.536941, -3.534126, 0.0
4517.0, -3.863312, 3.871712, 0.000035, 3.536941, -3.534126, 0.0
4532.0, -3.850695, 3.872185, 0.000347, 3.536941, -3.534126, 0.0
4550.0, -3.838533, 3.872753, 0.000636, 3.536941, -3.534126, 0.0
4550.0, -3.838533, 3.872753, 0.000636, 3.536941, -3.534126, 0.0
4566.0, -3.826835, 3.873411, 0.000903, 3.536941, -3.534126, 0.0
4566.0, -3.826835, 3.873411, 0.000903, 3.536941, -3.534126, 0.0
4583.0, -3.815608, 3.874155, 0.001148, 3.536941, -3.534126, 0.0
4600.0, -3.804854, 3.87498, 0.001371, 3.536941, -3.534126, 0.0
4600.0, -3.804854, 3.87498, 0.001371, 3.536941, -3.534126, 0.0
4618.0, -3.794579, 3.875885, 0.001575, 3.536941, -3.534126, 0.0
4618.0, -3.794579, 3.875885, 0.001575, 3.536941, -3.534126, 0.0
4632.0, -3.784786, 3.876861, 0.001759, 3.536941, -3.534126, 0.0
4650.0, -3.775479, 3.8779, 0.001927, 3.536941, -3.534126, 0.0
4650.0, -3.775479, 3.8779, 0.001927, 3.536941, -3.534126, 0.0
4667.0, -3.766658, 3.878995, 0.002079, 3.536941, -3.534126, 0.0
4667.0, -3.766658, 3.878995, 0.002079, 3.536941, -3.534126, 0.0
4682.0, -3.758328, 3.88014, 0.002218, 3.536941, -3.534126, 0.0
4700.0, -3.750489, 3.881327, 0.002344, 3.536941, -3.534126, 0.0
4700.0, -3.750489, 3.881327, 0.002344, 3.536941, -3.534126, 0.0
4717.0, -3.743142, 3.882552, 0.00246, 3.536941, -3.534126, 0.0
4718.0, -3.743142, 3.882552, 0.00246, 3.536941, -3.534126, 0.0
4732.0, -3.73629, 3.883807, 0.002567, 3.536941, -3.534126, 0.0
4750.0, -3.729932, 3.885084, 0.002666, 3.536941, -3.534126, 0.0
4750.0, -3.729932, 3.885084, 0.002666, 3.536941, -3.534126, 0.0
4767.0, -3.724069, 3.886374, 0.002759, 3.536941, -3.534126, 0.0
4767.0, -3.724069, 3.886374, 0.002759, 3.536941, -3.534126, 0.0
4783.0, -3.718702, 3.887671, 0.002846, 3.536941, -3.534126, 0.0
4800.0, -3.71383, 3.888969, 0.00293, 3.536941, -3.534126, 0.0
4800.0, -3.71383, 3.888969, 0.00293, 3.536941, -3.534126, 0.0
4817.0, -3.709455, 3.890261, 0.003011, 3.536941, -3.534126, 0.0
4817.0, -3.709455, 3.890261, 0.003011, 3.536941, -3.534126, 0.0
4833.0, -3.705573, 3.891541, 0.00309, 3.536941, -3.534126, 0.0
4850.0, -3.702186, 3.892801, 0.003171, 3.536941, -3.534126, 0.0
4850.0, -3.702186, 3.892801, 0.003171, 3.536941, -3.534126, 0.0
4865.0, -3.699291, 3.894033, 0.003255, 3.536941, -3.534126, 0.0
4865.0, -3.699291, 3.894033, 0.003255, 3.536941, -3.534126, 0.0
4882.0, -3.696887, 3.895229, 0.003344, 3.536941, -3.534126, 0.0
4899.0, -3.694968, 3.89638, 0.003442, 3.536941, -3.534126, 0.0
4899.0, -3.694968, 3.89638, 0.003442, 3.536941, -3.534126, 0.0
4917.0, -3.693527, 3.897478, 0.003551, 3.536941, -3.534126, 0.0
4917.0, -3.693527, 3.897478, 0.003551, 3.536941, -3.534126, 0.0
4933.0, -3.69255, 3.898513, 0.003672, 3.536941, -3.534126, 0.0
4949.0, -3.692011, 3.899478, 0.003792, 3.536941, -3.534126, 0.0
4949.0, -3.692011, 3.899478, 0.003792, 3.536941, -3.534126, 0.0
4966.0, -3.691876, 3.900387, 0.003883, 3.536941, -3.534126, 0.0
4966.0, -3.691876, 3.900387, 0.003883, 3.536941, -3.534126, 0.0
4982.0, -3.69213, 3.901278, 0.003943, 3.536941, -3.534126, 0.0
5000.0, -3.692795, 3.90219, 0.00402, 3.536941, -3.534126, 0.0
5000.0, -3.692795, 3.90219, 0.00402, 3.536941, -3.534126, 0.0
5017.0, -3.693919, 3.903139, 0.004158, 3.536941, -3.534126, 0.0
5017.0, -3.693919, 3.903139, 0.004158, 3.536941, -3.534126, 0.0
5032.0, -3.695497, 3.904118, 0.004347, 3.536941, -3.534126, 0.0
5050.0, -3.697494, 3.905108, 0.004559, 3.536941, -3.534126, 0.0
5050.0, -3.697494, 3.905108, 0.004559, 3.536941, -3.534126, 0.0
5067.0, -3.699861, 3.906096, 0.004762, 3.536941, -3.534126, 0.0
5067.0, -3.699861, 3.906096, 0.004762, 3.536941, -3.534126, 0.0
5083.0, -3.702544, 3.907071, 0.004933, 3.536941, -3.534126, 0.0
5099.0, -3.705493, 3.908026, 0.005056, 3.536941, -3.534126, 0.0
5099.0, -3.705493, 3.908026, 0.005056, 3.536941, -3.534126, 0.0
5117.0, -3.708662, 3.90896, 0.005126, 3.536941, -3.534126, 0.0
5117.0, -3.708662, 3.90896, 0.005126, 3.536941, -3.534126, 0.0
5133.0, -3.711965, 3.909858, 0.005121, 3.536941, -3.534126, 0.0
5149.0, -3.715304, 3.910702, 0.005031, 3.536941, -3.534126, 0.0
5149.0, -3.715304, 3.910702, 0.005031, 3.536941, -3.534126, 0.0
5166.0, -3.718591, 3.911479, 0.004854, 3.536941, -3.534126, 0.0
5166.0, -3.718591, 3.911479, 0.004854, 3.536941, -3.534126, 0.0
5183.0, -3.721748, 3.912174, 0.004597, 3.536941, -3.534126, 0.0
5200.0, -3.72471, 3.912778, 0.004276, 3.536941, -3.534126, 0.0
5200.0, -3.72471, 3.912778, 0.004276, 3.536941, -3.534126, 0.0
5218.0, -3.72742, 3.913283, 0.003906, 3.536941, -3.534126, 0.0
5218.0, -3.72742, 3.913283, 0.003906, 3.536941, -3.534126, 0.0
5233.0, -3.729838, 3.913677, 0.003505, 3.536941, -3.534126, 0.0
5250.0, -3.73193, 3.913949, 0.003092, 3.536941, -3.534126, 0.0
5250.0, -3.73193, 3.913949, 0.003092, 3.536941, -3.534126, 0.0
5266.0, -3.733675, 3.914093, 0.002675, 3.536941, -3.534126, 0.0
5266.0, -3.733675, 3.914093, 0.002675, 3.536941, -3.534126, 0.0
5283.0, -3.735038, 3.914104, 0.002268, 3.536941, -3.534126, 0.0
5300.0, -3.736015, 3.91399, 0.001865, 3.536941, -3.534126, 0.0
5300.0, -3.736015, 3.91399, 0.001865, 3.536941, -3.534126, 0.0
5317.0, -3.736608, 3.913768, 0.001443, 3.536941, -3.534126, 0.0
5317.0, -3.736608, 3.913768, 0.001443, 3.536941, -3.534126, 0.0
5332.0, -3.736856, 3.913466, 0.000973, 3.536941, -3.534126, 0.0
5349.0, -3.736826, 3.913067, 0.000487, 3.536941, -3.534126, 0.0
5349.0, -3.736826, 3.913067, 0.000487, 3.536941, -3.534126, 0.0
5366.0, -3.736529, 3.912485, 0.000027, 3.536941, -3.534126, 0.0
5366.0, -3.736529, 3.912485, 0.000027, 3.536941, -3.534126, 0.0
5383.0, -3.735889, 3.911654, -0.00047, 3.536941, -3.534126, 0.0
5399.0, -3.73483, 3.910556, -0.001035, 3.536941, -3.534126, 0.0
5399.0, -3.73483, 3.910556, -0.001035, 3.536941, -3.534126, 0.0
5418.0, -3.733304, 3.909204, -0.001664, 3.536941, -3.534126, 0.0
5418.0, -3.733304, 3.909204, -0.001664, 3.536941, -3.534126, 0.0
5432.0, -3.731281, 3.907617, -0.002337, 3.536941, -3.534126, 0.0
5449.0, -3.728747, 3.905819, -0.003029, 3.536941, -3.534126, 0.0
5449.0, -3.728747, 3.905819, -0.003029, 3.536941, -3.534126, 0.0
5466.0, -3.725696, 3.903832, -0.003714, 3.536941, -3.534126, 0.0
5466.0, -3.725696, 3.903832, -0.003714, 3.536941, -3.534126, 0.0
5483.0, -3.722129, 3.901671, -0.00437, 3.536941, -3.534126, 0.0
5500.0, -3.718045, 3.899348, -0.004984, 3.536941, -3.534126, 0.0
5500.0, -3.718045, 3.899348, -0.004984, 3.536941, -3.534126, 0.0
5517.0, -3.713449, 3.896873, -0.005544, 3.536941, -3.534126, 0.0
5517.0, -3.713449, 3.896873, -0.005544, 3.536941, -3.534126, 0.0
5532.0, -3.708393, 3.894266, -0.006024, 3.536941, -3.534126, 0.0
5549.0, -3.702943, 3.89155, -0.006406, 3.536941, -3.534126, 0.0
5549.0, -3.702943, 3.89155, -0.006406, 3.536941, -3.534126, 0.0
5566.0, -3.697164, 3.888744, -0.00668, 3.536941, -3.534126, 0.0
5566.0, -3.697164, 3.888744, -0.00668, 3.536941, -3.534126, 0.0
5583.0, -3.691115, 3.885865, -0.006849, 3.536941, -3.534126, 0.0
5599.0, -3.684844, 3.882927, -0.006921, 3.536941, -3.534126, 0.0
5599.0, -3.684844, 3.882927, -0.006921, 3.536941, -3.534126, 0.0
5617.0, -3.678396, 3.879941, -0.006909, 3.536941, -3.534126, 0.0
5617.0, -3.678396, 3.879941, -0.006909, 3.536941, -3.534126, 0.0
5633.0, -3.671803, 3.876915, -0.00683, 3.536941, -3.534126, 0.0
5649.0, -3.665095, 3.873857, -0.006701, 3.536941, -3.534126, 0.0
5649.0, -3.665095, 3.873857, -0.006701, 3.536941, -3.534126, 0.0
5666.0, -3.658294, 3.870773, -0.006536, 3.536941, -3.534126, 0.0
5666.0, -3.658294, 3.870773, -0.006536, 3.536941, -3.534126, 0.0
5683.0, -3.65142, 3.867667, -0.006348, 3.536941, -3.534126, 0.0
5701.0, -3.644487, 3.864544, -0.006151, 3.536941, -3.534126, 0.0
5701.0, -3.644487, 3.864544, -0.006151, 3.536941, -3.534126, 0.0
5718.0, -3.637506, 3.861406, -0.005952, 3.536941, -3.534126, 0.0
5718.0, -3.637506, 3.861406, -0.005952, 3.536941, -3.534126, 0.0
5734.0, -3.630469, 3.858247, -0.005758, 3.536941, -3.534126, 0.0
5750.0, -3.623421, 3.855088, -0.005577, 3.536941, -3.534126, 0.0
5750.0, -3.623421, 3.855088, -0.005577, 3.536941, -3.534126, 0.0
5765.0, -3.616349, 3.851921, -0.005409, 3.536941, -3.534126, 0.0
5765.0, -3.616349, 3.851921, -0.005409, 3.536941, -3.534126, 0.0
5782.0, -3.609258, 3.848747, -0.005258, 3.536941, -3.534126, 0.0
5799.0, -3.602144, 3.845565, -0.005125, 3.536941, -3.534126, 0.0
5799.0, -3.602144, 3.845565, -0.005125, 3.536941, -3.534126, 0.0
5818.0, -3.594644, 3.842213, -0.005003, 3.536941, -3.534126, 0.0
5818.0, -3.594644, 3.842213, -0.005003, 3.536941, -3.534126, 0.0
5833.0, -3.587616, 3.839071, -0.004871, 3.536941, -3.534126, 0.0
5850.0, -3.580699, 3.835975, -0.004718, 3.536941, -3.534126, 0.0
5850.0, -3.580699, 3.835975, -0.004718, 3.536941, -3.534126, 0.0
5869.0, -3.573615, 3.832798, -0.00453, 3.536941, -3.534126, 0.0
5869.0, -3.573615, 3.832798, -0.00453, 3.536941, -3.534126, 0.0
5885.0, -3.567078, 3.829858, -0.004321, 3.536941, -3.534126, 0.0
5885.0, -3.567078, 3.829858, -0.004321, 3.536941, -3.534126, 0.0
5901.0, -3.560794, 3.82702, -0.004079, 3.536941, -3.534126, 0.0
5919.0, -3.554803, 3.824301, -0.00381, 3.536941, -3.534126, 0.0
5919.0, -3.554803, 3.824301, -0.00381, 3.536941, -3.534126, 0.0
5936.0, -3.549132, 3.821709, -0.003522, 3.536941, -3.534126, 0.0
5936.0, -3.549132, 3.821709, -0.003522, 3.536941, -3.534126, 0.0
5951.0, -3.543813, 3.819253, -0.00322, 3.536941, -3.534126, 0.0
5970.0, -3.538869, 3.81694, -0.002909, 3.536941, -3.534126, 0.0
5970.0, -3.538869, 3.81694, -0.002909, 3.536941, -3.534126, 0.0
5988.0, -3.534319, 3.814776, -0.002597, 3.536941, -3.534126, 0.0
5988.0, -3.534319, 3.814776, -0.002597, 3.536941, -3.534126, 0.0
6022.0, -3.528966, 3.812175, -0.002209, 3.536941, -3.534126, 0.0
6022.0, -3.528966, 3.812175, -0.002209, 3.536941, -3.534126, 0.0
6040.0, -3.521625, 3.808464, -0.001918, 3.536941, -3.534126, 0.0
6040.0, -3.521625, 3.808464, -0.001918, 3.536941, -3.534126, 0.0
6040.0, -3.521625, 3.808464, -0.001918, 3.536941, -3.534126, 0.0
6056.0, -3.518638, 3.806791, -0.00164, 3.536941, -3.534126, 0.0
6056.0, -3.518638, 3.806791, -0.00164, 3.536941, -3.534126, 0.0
6077.0, -3.51614, 3.805246, -0.00121, 3.536941, -3.534126, 0.0
6091.0, -3.514271, 3.80394, -0.000818, 3.536941, -3.534126, 0.0
6091.0, -3.514271, 3.80394, -0.000818, 3.536941, -3.534126, 0.0
6112.0, -3.512972, 3.80284, -0.000416, 3.536941, -3.534126, 0.0
6112.0, -3.512972, 3.80284, -0.000416, 3.536941, -3.534126, 0.0
6131.0, -3.512252, 3.802041, -0.000056, 3.536941, -3.534126, 0.0
6131.0, -3.512252, 3.802041, -0.000056, 3.536941, -3.534126, 0.0
6150.0, -3.511869, 3.801333, 0.000302, 3.536941, -3.534126, 0.0
6150.0, -3.511869, 3.801333, 0.000302, 3.536941, -3.534126, 0.0
6167.0, -3.512079, 3.800933, 0.000576, 3.536941, -3.534126, 0.0
6167.0, -3.512079, 3.800933, 0.000576, 3.536941, -3.534126, 0.0
6183.0, -3.512652, 3.800518, 0.000956, 3.536941, -3.534126, 0.0
6200.0, -3.513634, 3.800085, 0.00124, 3.536941, -3.534126, 0.0
6200.0, -3.513634, 3.800085, 0.00124, 3.536941, -3.534126, 0.0
6222.0, -3.515076, 3.799666, 0.00157, 3.536941, -3.534126, 0.0
6222.0, -3.515076, 3.799666, 0.00157, 3.536941, -3.534126, 0.0
6241.0, -3.517491, 3.799176, 0.002035, 3.536941, -3.534126, 0.0
6241.0, -3.517491, 3.799176, 0.002035, 3.536941, -3.534126, 0.0
6256.0, -3.519719, 3.798898, 0.002401, 3.536941, -3.534126, 0.0
6256.0, -3.519719, 3.798898, 0.002401, 3.536941, -3.534126, 0.0
6273.0, -3.522382, 3.798671, 0.002783, 3.536941, -3.534126, 0.0
6290.0, -3.525331, 3.798499, 0.00311, 3.536941, -3.534126, 0.0
6291.0, -3.525331, 3.798499, 0.00311, 3.536941, -3.534126, 0.0
6307.0, -3.528527, 3.798375, 0.003371, 3.536941, -3.534126, 0.0
6307.0, -3.528527, 3.798375, 0.003371, 3.536941, -3.534126, 0.0
6324.0, -3.53239, 3.798289, 0.003718, 3.536941, -3.534126, 0.0
6341.0, -3.536554, 3.798245, 0.003955, 3.536941, -3.534126, 0.0
6341.0, -3.536554, 3.798245, 0.003955, 3.536941, -3.534126, 0.0
6365.0, -3.541007, 3.79824, 0.004053, 3.536941, -3.534126, 0.0
6365.0, -3.541007, 3.79824, 0.004053, 3.536941, -3.534126, 0.0
6383.0, -3.547015, 3.798279, 0.004035, 3.536941, -3.534126, 0.0
6383.0, -3.547015, 3.798279, 0.004035, 3.536941, -3.534126, 0.0
6399.0, -3.551344, 3.798343, 0.003928, 3.536941, -3.534126, 0.0
6399.0, -3.551344, 3.798343, 0.003928, 3.536941, -3.534126, 0.0
6419.0, -3.555714, 3.798432, 0.003779, 3.536941, -3.534126, 0.0
6419.0, -3.555714, 3.798432, 0.003779, 3.536941, -3.534126, 0.0
6431.0, -3.559577, 3.798516, 0.003419, 3.536941, -3.534126, 0.0
6449.0, -3.563197, 3.798591, 0.003056, 3.536941, -3.534126, 0.0
6449.0, -3.563197, 3.798591, 0.003056, 3.536941, -3.534126, 0.0
6467.0, -3.566711, 3.798647, 0.002724, 3.536941, -3.534126, 0.0
6467.0, -3.566711, 3.798647, 0.002724, 3.536941, -3.534126, 0.0
6488.0, -3.571199, 3.798681, 0.002342, 3.536941, -3.534126, 0.0
6488.0, -3.571199, 3.798681, 0.002342, 3.536941, -3.534126, 0.0
6506.0, -3.574148, 3.798656, 0.002058, 3.536941, -3.534126, 0.0
6506.0, -3.574148, 3.798656, 0.002058, 3.536941, -3.534126, 0.0
6525.0, -3.577196, 3.798563, 0.001909, 3.536941, -3.534126, 0.0
6539.0, -3.580009, 3.798397, 0.001705, 3.536941, -3.534126, 0.0
6539.0, -3.580009, 3.798397, 0.001705, 3.536941, -3.534126, 0.0
6556.0, -3.582437, 3.798154, 0.001415, 3.536941, -3.534126, 0.0
6556.0, -3.582437, 3.798154, 0.001415, 3.536941, -3.534126, 0.0
6571.0, -3.584413, 3.797832, 0.001056, 3.536941, -3.534126, 0.0
6588.0, -3.585912, 3.797435, 0.000648, 3.536941, -3.534126, 0.0
6588.0, -3.585912, 3.797435, 0.000648, 3.536941, -3.534126, 0.0
6607.0, -3.586939, 3.796972, 0.000197, 3.536941, -3.534126, 0.0
6607.0, -3.586939, 3.796972, 0.000197, 3.536941, -3.534126, 0.0
6621.0, -3.58748, 3.796509, -0.000306, 3.536941, -3.534126, 0.0
6639.0, -3.587651, 3.796019, -0.000804, 3.536941, -3.534126, 0.0
6639.0, -3.587651, 3.796019, -0.000804, 3.536941, -3.534126, 0.0
6654.0, -3.587506, 3.79544, -0.001247, 3.536941, -3.534126, 0.0
6654.0, -3.587506, 3.79544, -0.001247, 3.536941, -3.534126, 0.0
6671.0, -3.587019, 3.794699, -0.001665, 3.536941, -3.534126, 0.0
6691.0, -3.586124, 3.793767, -0.002112, 3.536941, -3.534126, 0.0
6691.0, -3.586124, 3.793767, -0.002112, 3.536941, -3.534126, 0.0
6716.0, -3.584764, 3.792649, -0.002606, 3.536941, -3.534126, 0.0
6716.0, -3.584764, 3.792649, -0.002606, 3.536941, -3.534126, 0.0
6740.0, -3.581563, 3.790407, -0.003606, 3.536941, -3.534126, 0.0
6740.0, -3.581563, 3.790407, -0.003606, 3.536941, -3.534126, 0.0
6740.0, -3.581563, 3.790407, -0.003606, 3.536941, -3.534126, 0.0
6757.0, -3.57911, 3.788972, -0.004276, 3.536941, -3.534126, 0.0
6757.0, -3.57911, 3.788972, -0.004276, 3.536941, -3.534126, 0.0
6775.0, -3.576121, 3.787352, -0.004773, 3.536941, -3.534126, 0.0
6791.0, -3.572813, 3.785653, -0.005174, 3.536941, -3.534126, 0.0
6791.0, -3.572813, 3.785653, -0.005174, 3.536941, -3.534126, 0.0
