2.0, 0.0, 0.0, 0.002231, 2.29664, -5.543054, 0.0
2.0, 0.0, 0.0, 0.002231, 2.29664, -5.543054, 0.0
13.0, -0.000038, -0.000186, -0.004139, 2.29664, -5.543054, 0.0
13.0, -0.000038, -0.000186, -0.004139, 2.29664, -5.543054, 0.0
28.0, -0.000106, -0.000217, -0.008217, 2.29664, -5.543054, 0.0
28.0, -0.000106, -0.000217, -0.008217, 2.29664, -5.543054, 0.0
45.0, -0.000202, -0.000063, -0.01009, 2.29664, -5.543054, 0.0
45.0, -0.000202, -0.000063, -0.01009, 2.29664, -5.543054, 0.0
62.0, -0.000396, 0.000204, -0.010756, 2.29664, -5.543054, 0.0
78.0, -0.000734, 0.000525, -0.010482, 2.29664, -5.543054, 0.0
78.0, -0.000734, 0.000525, -0.010482, 2.29664, -5.543054, 0.0
95.0, -0.001214, 0.000741, -0.00959, 2.29664, -5.543054, 0.0
96.0, -0.001214, 0.000741, -0.00959, 2.29664, -5.543054, 0.0
113.0, -0.001952, 0.001007, -0.007993, 2.29664, -5.543054, 0.0
129.0, -0.003066, 0.001363, -0.005952, 2.29664, -5.543054, 0.0
129.0, -0.003066, 0.001363, -0.005952, 2.29664, -5.543054, 0.0
146.0, -0.004276, 0.001668, -0.005084, 2.29664, -5.543054, 0.0
146.0, -0.004276, 0.001668, -0.005084, 2.29664, -5.543054, 0.0
162.0, -0.005965, 0.002326, -0.003715, 2.29664, -5.543054, 0.0
179.0, -0.00813, 0.003163, -0.002439, 2.296916, -5.195288, 0.0
179.0, -0.00813, 0.003163, -0.002439, 2.296916, -5.195288, 0.0
194.0, -0.010734, 0.004174, -0.001158, 2.296916, -5.195288, 0.0
194.0, -0.010734, 0.004174, -0.001158, 2.296916, -5.195288, 0.0
212.0, -0.0138, 0.005332, 0.000077, 2.296916, -5.195288, 0.0
228.0, -0.017337, 0.006634, 0.001268, 2.296916, -5.195288, 0.0
228.0, -0.017337, 0.006634, 0.001268, 2.296916, -5.195288, 0.0
244.0, -0.021351, 0.008071, 0.00236, 2.296916, -5.195288, 0.0
244.0, -0.021351, 0.008071, 0.00236, 2.296916, -5.195288, 0.0
261.0, -0.025845, 0.009645, 0.003366, 2.296916, -5.195288, 0.0
278.0, -0.030823, 0.011353, 0.004259, 2.296916, -5.195288, 0.0
278.0, -0.030823, 0.011353, 0.004259, 2.296916, -5.195288, 0.0
295.0, -0.036282, 0.013195, 0.005051, 2.296916, -5.195288, 0.0
295.0, -0.036282, 0.013195, 0.005051, 2.296916, -5.195288, 0.0
312.0, -0.042226, 0.01517, 0.005731, 2.296916, -5.195288, 0.0
328.0, -0.048647, 0.017278, 0.006317, 2.296916, -5.195288, 0.0
328.0, -0.048647, 0.017278, 0.006317, 2.296916, -5.195288, 0.0
345.0, -0.055552, 0.019518, 0.006806, 2.296916, -5.195288, 0.0
345.0, -0.055552, 0.019518, 0.006806, 2.296916, -5.195288, 0.0
361.0, -0.062937, 0.021892, 0.00722, 2.296916, -5.195288, 0.0
379.0, -0.070805, 0.024399, 0.007559, 2.296916, -5.195288, 0.0
379.0, -0.070805, 0.024399, 0.007559, 2.296916, -5.195288, 0.0
395.0, -0.079153, 0.027038, 0.007843, 2.296916, -5.195288, 0.0
395.0, -0.079153, 0.027038, 0.007843, 2.296916, -5.195288, 0.0
413.0, -0.087983, 0.029812, 0.008072, 2.296916, -5.195288, 0.0
429.0, -0.097296, 0.03272, 0.008266, 2.297315, -4.695284, 0.0
429.0, -0.097296, 0.03272, 0.008266, 2.297315, -4.695284, 0.0
444.0, -0.107093, 0.035764, 0.008422, 2.297315, -4.695284, 0.0
444.0, -0.107093, 0.035764, 0.008422, 2.297315, -4.695284, 0.0
461.0, -0.117367, 0.038942, 0.008556, 2.297315, -4.695284, 0.0
478.0, -0.128123, 0.042256, 0.008666, 2.297315, -4.695284, 0.0
478.0, -0.128123, 0.042256, 0.008666, 2.297315, -4.695284, 0.0
494.0, -0.139357, 0.045705, 0.008764, 2.297315, -4.695284, 0.0
494.0, -0.139357, 0.045705, 0.008764, 2.297315, -4.695284, 0.0
512.0, -0.15107, 0.049292, 0.008847, 2.297315, -4.695284, 0.0
528.0, -0.163262, 0.053016, 0.008927, 2.297315, -4.695284, 0.0
528.0, -0.163262, 0.053016, 0.008927, 2.297315, -4.695284, 0.0
544.0, -0.175935, 0.05688, 0.008998, 2.297315, -4.695284, 0.0
544.0, -0.175935, 0.05688, 0.008998, 2.297315, -4.695284, 0.0
561.0, -0.189084, 0.060882, 0.009072, 2.297315, -4.695284, 0.0
579.0, -0.20272, 0.065028, 0.00914, 2.297315, -4.695284, 0.0
579.0, -0.20272, 0.065028, 0.00914, 2.297315, -4.695284, 0.0
595.0, -0.216826, 0.069314, 0.009213, 2.297315, -4.695284, 0.0
595.0, -0.216826, 0.069314, 0.009213, 2.297315, -4.695284, 0.0
612.0, -0.231411, 0.073742, 0.009282, 2.297315, -4.695284, 0.0
629.0, -0.246461, 0.07831, 0.009354, 2.297315, -4.695284, 0.0
629.0, -0.246461, 0.07831, 0.009354, 2.297315, -4.695284, 0.0
644.0, -0.261986, 0.083023, 0.009422, 2.297315, -4.695284, 0.0
644.0, -0.261986, 0.083023, 0.009422, 2.297315, -4.695284, 0.0
661.0, -0.277987, 0.087882, 0.0095, 2.297315, -4.695284, 0.0
677.0, -0.294467, 0.09289, 0.009576, 2.297713, -4.195253, 0.0
677.0, -0.294467, 0.09289, 0.009576, 2.297713, -4.195253, 0.0
695.0, -0.311425, 0.098048, 0.009661, 2.297713, -4.195253, 0.0
695.0, -0.311425, 0.098048, 0.009661, 2.297713, -4.195253, 0.0
712.0, -0.328862, 0.103356, 0.009743, 2.297713, -4.195253, 0.0
728.0, -0.346789, 0.108821, 0.009838, 2.297713, -4.195253, 0.0
728.0, -0.346789, 0.108821, 0.009838, 2.297713, -4.195253, 0.0
745.0, -0.365198, 0.114441, 0.009928, 2.297713, -4.195253, 0.0
745.0, -0.365198, 0.114441, 0.009928, 2.297713, -4.195253, 0.0
761.0, -0.384082, 0.120216, 0.010022, 2.297713, -4.195253, 0.0
778.0, -0.403441, 0.126149, 0.01011, 2.297713, -4.195253, 0.0
778.0, -0.403441, 0.126149, 0.01011, 2.297713, -4.195253, 0.0
795.0, -0.423273, 0.132238, 0.010201, 2.297713, -4.195253, 0.0
795.0, -0.423273, 0.132238, 0.010201, 2.297713, -4.195253, 0.0
811.0, -0.443578, 0.138486, 0.010287, 2.297713, -4.195253, 0.0
828.0, -0.464354, 0.144893, 0.010377, 2.297713, -4.195253, 0.0
828.0, -0.464354, 0.144893, 0.010377, 2.297713, -4.195253, 0.0
843.0, -0.485604, 0.151461, 0.010463, 2.297713, -4.195253, 0.0
843.0, -0.485604, 0.151461, 0.010463, 2.297713, -4.195253, 0.0
861.0, -0.507325, 0.15819, 0.010555, 2.297713, -4.195253, 0.0
876.0, -0.529518, 0.165083, 0.010643, 2.297713, -4.195253, 0.0
876.0, -0.529518, 0.165083, 0.010643, 2.297713, -4.195253, 0.0
893.0, -0.552183, 0.172138, 0.010737, 2.297713, -4.195253, 0.0
893.0, -0.552183, 0.172138, 0.010737, 2.297713, -4.195253, 0.0
912.0, -0.57532, 0.179358, 0.010827, 2.297713, -4.195253, 0.0
927.0, -0.598928, 0.186741, 0.010923, 2.298111, -3.695249, 0.0
927.0, -0.598928, 0.186741, 0.010923, 2.298111, -3.695249, 0.0
944.0, -0.623008, 0.194289, 0.011015, 2.298111, -3.695249, 0.0
944.0, -0.623008, 0.194289, 0.011015, 2.298111, -3.695249, 0.0
960.0, -0.64756, 0.202001, 0.011113, 2.298111, -3.695249, 0.0
977.0, -0.672584, 0.209877, 0.011207, 2.298111, -3.695249, 0.0
977.0, -0.672584, 0.209877, 0.011207, 2.298111, -3.695249, 0.0
994.0, -0.698079, 0.217917, 0.011307, 2.298111, -3.695249, 0.0
994.0, -0.698079, 0.217917, 0.011307, 2.298111, -3.695249, 0.0
1012.0, -0.724049, 0.226122, 0.011402, 2.298111, -3.695249, 0.0
1027.0, -0.750468, 0.234482, 0.011495, 2.298111, -3.695249, 0.0
1027.0, -0.750468, 0.234482, 0.011495, 2.298111, -3.695249, 0.0
1044.0, -0.777356, 0.243003, 0.011584, 2.298111, -3.695249, 0.0
1044.0, -0.777356, 0.243003, 0.011584, 2.298111, -3.695249, 0.0
1060.0, -0.804716, 0.251684, 0.011683, 2.298111, -3.695249, 0.0
1077.0, -0.832554, 0.260527, 0.011779, 2.298111, -3.695249, 0.0
1077.0, -0.832554, 0.260527, 0.011779, 2.298111, -3.695249, 0.0
1094.0, -0.860867, 0.269528, 0.011884, 2.298111, -3.695249, 0.0
1094.0, -0.860867, 0.269528, 0.011884, 2.298111, -3.695249, 0.0
1111.0, -0.889658, 0.278691, 0.011985, 2.298111, -3.695249, 0.0
1128.0, -0.918948, 0.288017, 0.0121, 2.298111, -3.695249, 0.0
1128.0, -0.918948, 0.288017, 0.0121, 2.298111, -3.695249, 0.0
1143.0, -0.948724, 0.297503, 0.012209, 2.298111, -3.695249, 0.0
1143.0, -0.948724, 0.297503, 0.012209, 2.298111, -3.695249, 0.0
1160.0, -0.978975, 0.307142, 0.012318, 2.298111, -3.695249, 0.0
1178.0, -1.009704, 0.316934, 0.012417, 2.298509, -3.195246, 0.0
1178.0, -1.009704, 0.316934, 0.012417, 2.298509, -3.195246, 0.0
1194.0, -1.040906, 0.326876, 0.012517, 2.298509, -3.195246, 0.0
1194.0, -1.040906, 0.326876, 0.012517, 2.298509, -3.195246, 0.0
1212.0, -1.072584, 0.336966, 0.012609, 2.298509, -3.195246, 0.0
1228.0, -1.104737, 0.347203, 0.012703, 2.298509, -3.195246, 0.0
1228.0, -1.104737, 0.347203, 0.012703, 2.298509, -3.195246, 0.0
1245.0, -1.137367, 0.357585, 0.012791, 2.298509, -3.195246, 0.0
1245.0, -1.137367, 0.357585, 0.012791, 2.298509, -3.195246, 0.0
1261.0, -1.170474, 0.368108, 0.012882, 2.298509, -3.195246, 0.0
1278.0, -1.204061, 0.378772, 0.012968, 2.298509, -3.195246, 0.0
1278.0, -1.204061, 0.378772, 0.012968, 2.298509, -3.195246, 0.0
1295.0, -1.238125, 0.389575, 0.013058, 2.298509, -3.195246, 0.0
1295.0, -1.238125, 0.389575, 0.013058, 2.298509, -3.195246, 0.0
1312.0, -1.272671, 0.400517, 0.013143, 2.298509, -3.195246, 0.0
1328.0, -1.307647, 0.41158, 0.013211, 2.298509, -3.195246, 0.0
1328.0, -1.307647, 0.41158, 0.013211, 2.298509, -3.195246, 0.0
1345.0, -1.342993, 0.422747, 0.013233, 2.298509, -3.195246, 0.0
1345.0, -1.342993, 0.422747, 0.013233, 2.298509, -3.195246, 0.0
1360.0, -1.378647, 0.433998, 0.01321, 2.298509, -3.195246, 0.0
1376.0, -1.414557, 0.445316, 0.013128, 2.298509, -3.195246, 0.0
1376.0, -1.414557, 0.445316, 0.013128, 2.298509, -3.195246, 0.0
1394.0, -1.450673, 0.456685, 0.013003, 2.298509, -3.195246, 0.0
1394.0, -1.450673, 0.456685, 0.013003, 2.298509, -3.195246, 0.0
1412.0, -1.486961, 0.468094, 0.012831, 2.298509, -3.195246, 0.0
1428.0, -1.523385, 0.479532, 0.012634, 2.298908, -2.695242, 0.0
1428.0, -1.523385, 0.479532, 0.012634, 2.298908, -2.695242, 0.0
1444.0, -1.559923, 0.490992, 0.012413, 2.298908, -2.695242, 0.0
1444.0, -1.559923, 0.490992, 0.012413, 2.298908, -2.695242, 0.0
1461.0, -1.596549, 0.502467, 0.012186, 2.298908, -2.695242, 0.0
1478.0, -1.63325, 0.513956, 0.011954, 2.298908, -2.695242, 0.0
1478.0, -1.63325, 0.513956, 0.011954, 2.298908, -2.695242, 0.0
1495.0, -1.670007, 0.525452, 0.011734, 2.298908, -2.695242, 0.0
1495.0, -1.670007, 0.525452, 0.011734, 2.298908, -2.695242, 0.0
1512.0, -1.706813, 0.536956, 0.01152, 2.298908, -2.695242, 0.0
1528.0, -1.743628, 0.548456, 0.011315, 2.298908, -2.695242, 0.0
1528.0, -1.743628, 0.548456, 0.011315, 2.298908, -2.695242, 0.0
1545.0, -1.780466, 0.55996, 0.011126, 2.298908, -2.695242, 0.0
1545.0, -1.780466, 0.55996, 0.011126, 2.298908, -2.695242, 0.0
1560.0, -1.817327, 0.571467, 0.010966, 2.298908, -2.695242, 0.0
1578.0, -1.854213, 0.582981, 0.010826, 2.298908, -2.695242, 0.0
1578.0, -1.854213, 0.582981, 0.010826, 2.298908, -2.695242, 0.0
1595.0, -1.891117, 0.594499, 0.010714, 2.298908, -2.695242, 0.0
1595.0, -1.891117, 0.594499, 0.010714, 2.298908, -2.695242, 0.0
1612.0, -1.928039, 0.606025, 0.010618, 2.298908, -2.695242, 0.0
1628.0, -1.965001, 0.617564, 0.010556, 2.298908, -2.695242, 0.0
1628.0, -1.965001, 0.617564, 0.010556, 2.298908, -2.695242, 0.0
1644.0, -2.001982, 0.629113, 0.010502, 2.298908, -2.695242, 0.0
1644.0, -2.001982, 0.629113, 0.010502, 2.298908, -2.695242, 0.0
1660.0, -2.038971, 0.640666, 0.010462, 2.298908, -2.695242, 0.0
1678.0, -2.075964, 0.652224, 0.010422, 2.299306, -2.195238, 0.0
1678.0, -2.075964, 0.652224, 0.010422, 2.299306, -2.195238, 0.0
1695.0, -2.112957, 0.663784, 0.010393, 2.299306, -2.195238, 0.0
1695.0, -2.112957, 0.663784, 0.010393, 2.299306, -2.195238, 0.0
1712.0, -2.149951, 0.675348, 0.010363, 2.299306, -2.195238, 0.0
1728.0, -2.186943, 0.686912, 0.010343, 2.299306, -2.195238, 0.0
1728.0, -2.186943, 0.686912, 0.010343, 2.299306, -2.195238, 0.0
1745.0, -2.223937, 0.69848, 0.010323, 2.299306, -2.195238, 0.0
1745.0, -2.223937, 0.69848, 0.010323, 2.299306, -2.195238, 0.0
1760.0, -2.260928, 0.710049, 0.010311, 2.299306, -2.195238, 0.0
1778.0, -2.297921, 0.72162, 0.010298, 2.299306, -2.195238, 0.0
1778.0, -2.297921, 0.72162, 0.010298, 2.299306, -2.195238, 0.0
1795.0, -2.334912, 0.733192, 0.010293, 2.299306, -2.195238, 0.0
1795.0, -2.334912, 0.733192, 0.010293, 2.299306, -2.195238, 0.0
1812.0, -2.371904, 0.744766, 0.010285, 2.299306, -2.195238, 0.0
1828.0, -2.408894, 0.756341, 0.010284, 2.299306, -2.195238, 0.0
1828.0, -2.408894, 0.756341, 0.010284, 2.299306, -2.195238, 0.0
1845.0, -2.445885, 0.767917, 0.01028, 2.299306, -2.195238, 0.0
1845.0, -2.445885, 0.767917, 0.01028, 2.299306, -2.195238, 0.0
1861.0, -2.482875, 0.779494, 0.010282, 2.299306, -2.195238, 0.0
1878.0, -2.519866, 0.791072, 0.01028, 2.299306, -2.195238, 0.0
1878.0, -2.519866, 0.791072, 0.01028, 2.299306, -2.195238, 0.0
1895.0, -2.556855, 0.80265, 0.010284, 2.299306, -2.195238, 0.0
1895.0, -2.556855, 0.80265, 0.010284, 2.299306, -2.195238, 0.0
1912.0, -2.593846, 0.81423, 0.010283, 2.299306, -2.195238, 0.0
1928.0, -2.630784, 0.825804, 0.010266, 2.299704, -1.695233, 0.0
1928.0, -2.630784, 0.825804, 0.010266, 2.299704, -1.695233, 0.0
1944.0, -2.667608, 0.837368, 0.010204, 2.299704, -1.695233, 0.0
1944.0, -2.667608, 0.837368, 0.010204, 2.299704, -1.695233, 0.0
1961.0, -2.704254, 0.848912, 0.010097, 2.299704, -1.695233, 0.0
1978.0, -2.740666, 0.860432, 0.009934, 2.299704, -1.695233, 0.0
1978.0, -2.740666, 0.860432, 0.009934, 2.299704, -1.695233, 0.0
1995.0, -2.776794, 0.871919, 0.00973, 2.299704, -1.695233, 0.0
1995.0, -2.776794, 0.871919, 0.00973, 2.299704, -1.695233, 0.0
2011.0, -2.812601, 0.883372, 0.009483, 2.299704, -1.695233, 0.0
2028.0, -2.848024, 0.894776, 0.009204, 2.299704, -1.695233, 0.0
2028.0, -2.848024, 0.894776, 0.009204, 2.299704, -1.695233, 0.0
2044.0, -2.883058, 0.906139, 0.008905, 2.299704, -1.695233, 0.0
2044.0, -2.883058, 0.906139, 0.008905, 2.299704, -1.695233, 0.0
2061.0, -2.917687, 0.917462, 0.008612, 2.299704, -1.695233, 0.0
2078.0, -2.951897, 0.928748, 0.008322, 2.299704, -1.695233, 0.0
2078.0, -2.951897, 0.928748, 0.008322, 2.299704, -1.695233, 0.0
2095.0, -2.985672, 0.939998, 0.008052, 2.299704, -1.695233, 0.0
2095.0, -2.985672, 0.939998, 0.008052, 2.299704, -1.695233, 0.0
2112.0, -3.019002, 0.951214, 0.007795, 2.299704, -1.695233, 0.0
2128.0, -3.051899, 0.962406, 0.007576, 2.299704, -1.695233, 0.0
2128.0, -3.051899, 0.962406, 0.007576, 2.299704, -1.695233, 0.0
2144.0, -3.08434, 0.973571, 0.007371, 2.299704, -1.695233, 0.0
2144.0, -3.08434, 0.973571, 0.007371, 2.299704, -1.695233, 0.0
2161.0, -3.116306, 0.984708, 0.007191, 2.299704, -1.695233, 0.0
2178.0, -3.147793, 0.995819, 0.007022, 2.300102, -1.195229, 0.0
2178.0, -3.147793, 0.995819, 0.007022, 2.300102, -1.195229, 0.0
2194.0, -3.178792, 1.006903, 0.006879, 2.300102, -1.195229, 0.0
2194.0, -3.178792, 1.006903, 0.006879, 2.300102, -1.195229, 0.0
2211.0, -3.209302, 1.017965, 0.006746, 2.300102, -1.195229, 0.0
2227.0, -3.23932, 1.029002, 0.006639, 2.300102, -1.195229, 0.0
2227.0, -3.23932, 1.029002, 0.006639, 2.300102, -1.195229, 0.0
2244.0, -3.268845, 1.040021, 0.00654, 2.300102, -1.195229, 0.0
2244.0, -3.268845, 1.040021, 0.00654, 2.300102, -1.195229, 0.0
2261.0, -3.297873, 1.051019, 0.006464, 2.300102, -1.195229, 0.0
2278.0, -3.326407, 1.062002, 0.006393, 2.300102, -1.195229, 0.0
2278.0, -3.326407, 1.062002, 0.006393, 2.300102, -1.195229, 0.0
2294.0, -3.354442, 1.072966, 0.006342, 2.300102, -1.195229, 0.0
2294.0, -3.354442, 1.072966, 0.006342, 2.300102, -1.195229, 0.0
2312.0, -3.381982, 1.083917, 0.006292, 2.300102, -1.195229, 0.0
2328.0, -3.409022, 1.094852, 0.00626, 2.300102, -1.195229, 0.0
2328.0, -3.409022, 1.094852, 0.00626, 2.300102, -1.195229, 0.0
2345.0, -3.435564, 1.105775, 0.006225, 2.300102, -1.195229, 0.0
2345.0, -3.435564, 1.105775, 0.006225, 2.300102, -1.195229, 0.0
2361.0, -3.461607, 1.116685, 0.006206, 2.300102, -1.195229, 0.0
2378.0, -3.487152, 1.127586, 0.006179, 2.300102, -1.195229, 0.0
2378.0, -3.487152, 1.127586, 0.006179, 2.300102, -1.195229, 0.0
2395.0, -3.512197, 1.138475, 0.006169, 2.300102, -1.195229, 0.0
2395.0, -3.512197, 1.138475, 0.006169, 2.300102, -1.195229, 0.0
2412.0, -3.536744, 1.149355, 0.006148, 2.300102, -1.195229, 0.0
2428.0, -3.560791, 1.160225, 0.006142, 2.3005, -0.695225, 0.0
2428.0, -3.560791, 1.160225, 0.006142, 2.3005, -0.695225, 0.0
2443.0, -3.584339, 1.171088, 0.006124, 2.3005, -0.695225, 0.0
2443.0, -3.584339, 1.171088, 0.006124, 2.3005, -0.695225, 0.0
2460.0, -3.607387, 1.181944, 0.00612, 2.3005, -0.695225, 0.0
2477.0, -3.629937, 1.192794, 0.006102, 2.3005, -0.695225, 0.0
2477.0, -3.629937, 1.192794, 0.006102, 2.3005, -0.695225, 0.0
2494.0, -3.651986, 1.203637, 0.006099, 2.3005, -0.695225, 0.0
2494.0, -3.651986, 1.203637, 0.006099, 2.3005, -0.695225, 0.0
2512.0, -3.673537, 1.214476, 0.006081, 2.3005, -0.695225, 0.0
2529.0, -3.694571, 1.225301, 0.006071, 2.3005, -0.695225, 0.0
2529.0, -3.694571, 1.225301, 0.006071, 2.3005, -0.695225, 0.0
2545.0, -3.715104, 1.236121, 0.006045, 2.3005, -0.695225, 0.0
2545.0, -3.715104, 1.236121, 0.006045, 2.3005, -0.695225, 0.0
2562.0, -3.735137, 1.246937, 0.006039, 2.3005, -0.695225, 0.0
2579.0, -3.754674, 1.257754, 0.006017, 2.3005, -0.695225, 0.0
2579.0, -3.754674, 1.257754, 0.006017, 2.3005, -0.695225, 0.0
2595.0, -3.773713, 1.268569, 0.006014, 2.3005, -0.695225, 0.0
2595.0, -3.773713, 1.268569, 0.006014, 2.3005, -0.695225, 0.0
2612.0, -3.792258, 1.279385, 0.005992, 2.3005, -0.695225, 0.0
2629.0, -3.810318, 1.290209, 0.005996, 2.3005, -0.695225, 0.0
2629.0, -3.810318, 1.290209, 0.005996, 2.3005, -0.695225, 0.0
2644.0, -3.827886, 1.301038, 0.005976, 2.3005, -0.695225, 0.0
2645.0, -3.827886, 1.301038, 0.005976, 2.3005, -0.695225, 0.0
2660.0, -3.844954, 1.311866, 0.005973, 2.3005, -0.695225, 0.0
2678.0, -3.861524, 1.322697, 0.005944, 2.300898, -0.195221, 0.0
2678.0, -3.861524, 1.322697, 0.005944, 2.300898, -0.195221, 0.0
2695.0, -3.877592, 1.333527, 0.005933, 2.300898, -0.195221, 0.0
2695.0, -3.877592, 1.333527, 0.005933, 2.300898, -0.195221, 0.0
2712.0, -3.893161, 1.34436, 0.005895, 2.300898, -0.195221, 0.0
2728.0, -3.908229, 1.355192, 0.005878, 2.300898, -0.195221, 0.0
2728.0, -3.908229, 1.355192, 0.005878, 2.300898, -0.195221, 0.0
2745.0, -3.922798, 1.366028, 0.005833, 2.300898, -0.195221, 0.0
2745.0, -3.922798, 1.366028, 0.005833, 2.300898, -0.195221, 0.0
2761.0, -3.936866, 1.376864, 0.005811, 2.300898, -0.195221, 0.0
2778.0, -3.950436, 1.387706, 0.005759, 2.300898, -0.195221, 0.0
2778.0, -3.950436, 1.387706, 0.005759, 2.300898, -0.195221, 0.0
2795.0, -3.963506, 1.398548, 0.005733, 2.300898, -0.195221, 0.0
2795.0, -3.963506, 1.398548, 0.005733, 2.300898, -0.195221, 0.0
2812.0, -3.976078, 1.409396, 0.005674, 2.300898, -0.195221, 0.0
2828.0, -3.98815, 1.420246, 0.005643, 2.300898, -0.195221, 0.0
2828.0, -3.98815, 1.420246, 0.005643, 2.300898, -0.195221, 0.0
2843.0, -3.999726, 1.431103, 0.005577, 2.300898, -0.195221, 0.0
2843.0, -3.999726, 1.431103, 0.005577, 2.300898, -0.195221, 0.0
2860.0, -4.010802, 1.441962, 0.00554, 2.300898, -0.195221, 0.0
2877.0, -4.021381, 1.452827, 0.005465, 2.300898, -0.195221, 0.0
2877.0, -4.021381, 1.452827, 0.005465, 2.300898, -0.195221, 0.0
2893.0, -4.031462, 1.463696, 0.00542, 2.300898, -0.195221, 0.0
2893.0, -4.031462, 1.463696, 0.00542, 2.300898, -0.195221, 0.0
2912.0, -4.041046, 1.474572, 0.005336, 2.300898, -0.195221, 0.0
2927.0, -4.050132, 1.485452, 0.005283, 2.301296, 0.304783, 0.0
2927.0, -4.050132, 1.485452, 0.005283, 2.301296, 0.304783, 0.0
2944.0, -4.058722, 1.49634, 0.005188, 2.301296, 0.304783, 0.0
2944.0, -4.058722, 1.49634, 0.005188, 2.301296, 0.304783, 0.0
2960.0, -4.066814, 1.507231, 0.005127, 2.301296, 0.304783, 0.0
2977.0, -4.074411, 1.518131, 0.005021, 2.301296, 0.304783, 0.0
2977.0, -4.074411, 1.518131, 0.005021, 2.301296, 0.304783, 0.0
2995.0, -4.08151, 1.529036, 0.004952, 2.301296, 0.304783, 0.0
2995.0, -4.08151, 1.529036, 0.004952, 2.301296, 0.304783, 0.0
3012.0, -4.088114, 1.539949, 0.004836, 2.301296, 0.304783, 0.0
3028.0, -4.094216, 1.550858, 0.004757, 2.301296, 0.304783, 0.0
3028.0, -4.094216, 1.550858, 0.004757, 2.301296, 0.304783, 0.0
3044.0, -4.099823, 1.561775, 0.004631, 2.301296, 0.304783, 0.0
3044.0, -4.099823, 1.561775, 0.004631, 2.301296, 0.304783, 0.0
3060.0, -4.104933, 1.572697, 0.004547, 2.301296, 0.304783, 0.0
3077.0, -4.109551, 1.58363, 0.004417, 2.301296, 0.304783, 0.0
3077.0, -4.109551, 1.58363, 0.004417, 2.301296, 0.304783, 0.0
3094.0, -4.113672, 1.594571, 0.004333, 2.301296, 0.304783, 0.0
3094.0, -4.113672, 1.594571, 0.004333, 2.301296, 0.304783, 0.0
3112.0, -4.117301, 1.605524, 0.004202, 2.301296, 0.304783, 0.0
3127.0, -4.120435, 1.616493, 0.004122, 2.301296, 0.304783, 0.0
3127.0, -4.120435, 1.616493, 0.004122, 2.301296, 0.304783, 0.0
3144.0, -4.123076, 1.627478, 0.003996, 2.301296, 0.304783, 0.0
3144.0, -4.123076, 1.627478, 0.003996, 2.301296, 0.304783, 0.0
3160.0, -4.125219, 1.63847, 0.003923, 2.301296, 0.304783, 0.0
3178.0, -4.126868, 1.649474, 0.003805, 2.301695, 0.804788, 0.0
3178.0, -4.126868, 1.649474, 0.003805, 2.301695, 0.804788, 0.0
3194.0, -4.128017, 1.660484, 0.003744, 2.301695, 0.804788, 0.0
3194.0, -4.128017, 1.660484, 0.003744, 2.301695, 0.804788, 0.0
3212.0, -4.128672, 1.671507, 0.003641, 2.301695, 0.804788, 0.0
3228.0, -4.128825, 1.682537, 0.003596, 2.301695, 0.804788, 0.0
3228.0, -4.128825, 1.682537, 0.003596, 2.301695, 0.804788, 0.0
3244.0, -4.128483, 1.69358, 0.003511, 2.301695, 0.804788, 0.0
3244.0, -4.128483, 1.69358, 0.003511, 2.301695, 0.804788, 0.0
3261.0, -4.12764, 1.704628, 0.003487, 2.301695, 0.804788, 0.0
3278.0, -4.126299, 1.715691, 0.00342, 2.301695, 0.804788, 0.0
3278.0, -4.126299, 1.715691, 0.00342, 2.301695, 0.804788, 0.0
3295.0, -4.124455, 1.726759, 0.003416, 2.301695, 0.804788, 0.0
3295.0, -4.124455, 1.726759, 0.003416, 2.301695, 0.804788, 0.0
3312.0, -4.122113, 1.737841, 0.003367, 2.301695, 0.804788, 0.0
3328.0, -4.119267, 1.748927, 0.003379, 2.301695, 0.804788, 0.0
3328.0, -4.119267, 1.748927, 0.003379, 2.301695, 0.804788, 0.0
3345.0, -4.115922, 1.760027, 0.003344, 2.301695, 0.804788, 0.0
3345.0, -4.115922, 1.760027, 0.003344, 2.301695, 0.804788, 0.0
3361.0, -4.112072, 1.77113, 0.003368, 2.301695, 0.804788, 0.0
3378.0, -4.107721, 1.782245, 0.00334, 2.301695, 0.804788, 0.0
3378.0, -4.107721, 1.782245, 0.00334, 2.301695, 0.804788, 0.0
3394.0, -4.102866, 1.793362, 0.00337, 2.301695, 0.804788, 0.0
3394.0, -4.102866, 1.793362, 0.00337, 2.301695, 0.804788, 0.0
3411.0, -4.097508, 1.804489, 0.003344, 2.301695, 0.804788, 0.0
3428.0, -4.091647, 1.815617, 0.003374, 2.302093, 1.304792, 0.0
3428.0, -4.091647, 1.815617, 0.003374, 2.302093, 1.304792, 0.0
3445.0, -4.085282, 1.826753, 0.003342, 2.302093, 1.304792, 0.0
3445.0, -4.085282, 1.826753, 0.003342, 2.302093, 1.304792, 0.0
3461.0, -4.078413, 1.837888, 0.003365, 2.302093, 1.304792, 0.0
3478.0, -4.071041, 1.849031, 0.003325, 2.302093, 1.304792, 0.0
3478.0, -4.071041, 1.849031, 0.003325, 2.302093, 1.304792, 0.0
3495.0, -4.063165, 1.860171, 0.003339, 2.302093, 1.304792, 0.0
3495.0, -4.063165, 1.860171, 0.003339, 2.302093, 1.304792, 0.0
3511.0, -4.054785, 1.871316, 0.003292, 2.302093, 1.304792, 0.0
3528.0, -4.045909, 1.882449, 0.003301, 2.302093, 1.304792, 0.0
3528.0, -4.045909, 1.882449, 0.003301, 2.302093, 1.304792, 0.0
3545.0, -4.03653, 1.893584, 0.003248, 2.302093, 1.304792, 0.0
3545.0, -4.03653, 1.893584, 0.003248, 2.302093, 1.304792, 0.0
3561.0, -4.02665, 1.904714, 0.003248, 2.302093, 1.304792, 0.0
3578.0, -4.016265, 1.915847, 0.003185, 2.302093, 1.304792, 0.0
3578.0, -4.016265, 1.915847, 0.003185, 2.302093, 1.304792, 0.0
3594.0, -4.005377, 1.926975, 0.003176, 2.302093, 1.304792, 0.0
3594.0, -4.005377, 1.926975, 0.003176, 2.302093, 1.304792, 0.0
3612.0, -3.993984, 1.938106, 0.003106, 2.302093, 1.304792, 0.0
3627.0, -3.98208, 1.949239, 0.003086, 2.302093, 1.304792, 0.0
3627.0, -3.98208, 1.949239, 0.003086, 2.302093, 1.304792, 0.0
3645.0, -3.969666, 1.960375, 0.003008, 2.302093, 1.304792, 0.0
3645.0, -3.969666, 1.960375, 0.003008, 2.302093, 1.304792, 0.0
3660.0, -3.956752, 1.971502, 0.002985, 2.302093, 1.304792, 0.0
3678.0, -3.943333, 1.982627, 0.002906, 2.302491, 1.804796, 0.0
3678.0, -3.943333, 1.982627, 0.002906, 2.302491, 1.804796, 0.0
3695.0, -3.929416, 1.993741, 0.002882, 2.302491, 1.804796, 0.0
3695.0, -3.929416, 1.993741, 0.002882, 2.302491, 1.804796, 0.0
3712.0, -3.914994, 2.00485, 0.002803, 2.302491, 1.804796, 0.0
3728.0, -3.900074, 2.015947, 0.002778, 2.302491, 1.804796, 0.0
3728.0, -3.900074, 2.015947, 0.002778, 2.302491, 1.804796, 0.0
3745.0, -3.884649, 2.027039, 0.002698, 2.302491, 1.804796, 0.0
3745.0, -3.884649, 2.027039, 0.002698, 2.302491, 1.804796, 0.0
3761.0, -3.868726, 2.038116, 0.002672, 2.302491, 1.804796, 0.0
3778.0, -3.852299, 2.049186, 0.002592, 2.302491, 1.804796, 0.0
3778.0, -3.852299, 2.049186, 0.002592, 2.302491, 1.804796, 0.0
3795.0, -3.835374, 2.060242, 0.002564, 2.302491, 1.804796, 0.0
3795.0, -3.835374, 2.060242, 0.002564, 2.302491, 1.804796, 0.0
3812.0, -3.817944, 2.07129, 0.002484, 2.302491, 1.804796, 0.0
3827.0, -3.800017, 2.082321, 0.002456, 2.302491, 1.804796, 0.0
3827.0, -3.800017, 2.082321, 0.002456, 2.302491, 1.804796, 0.0
3845.0, -3.781585, 2.093343, 0.002377, 2.302491, 1.804796, 0.0
3845.0, -3.781585, 2.093343, 0.002377, 2.302491, 1.804796, 0.0
3860.0, -3.762655, 2.104347, 0.002348, 2.302491, 1.804796, 0.0
3878.0, -3.743222, 2.115338, 0.00227, 2.302491, 1.804796, 0.0
3878.0, -3.743222, 2.115338, 0.00227, 2.302491, 1.804796, 0.0
3895.0, -3.723291, 2.126311, 0.002242, 2.302491, 1.804796, 0.0
3895.0, -3.723291, 2.126311, 0.002242, 2.302491, 1.804796, 0.0
3912.0, -3.702855, 2.137271, 0.002165, 2.302491, 1.804796, 0.0
3929.0, -3.681939, 2.148202, 0.002144, 2.302889, 2.304799, 0.0
3929.0, -3.681939, 2.148202, 0.002144, 2.302889, 2.304799, 0.0
3944.0, -3.660523, 2.159115, 0.002073, 2.302889, 2.304799, 0.0
3944.0, -3.660523, 2.159115, 0.002073, 2.302889, 2.304799, 0.0
3960.0, -3.638612, 2.170007, 0.00205, 2.302889, 2.304799, 0.0
3978.0, -3.616193, 2.180882, 0.001975, 2.302889, 2.304799, 0.0
3978.0, -3.616193, 2.180882, 0.001975, 2.302889, 2.304799, 0.0
3995.0, -3.593276, 2.191734, 0.001948, 2.302889, 2.304799, 0.0
3995.0, -3.593276, 2.191734, 0.001948, 2.302889, 2.304799, 0.0
4012.0, -3.569853, 2.202569, 0.001872, 2.302889, 2.304799, 0.0
4028.0, -3.545913, 2.213389, 0.001837, 2.302889, 2.304799, 0.0
4028.0, -3.545913, 2.213389, 0.001837, 2.302889, 2.304799, 0.0
4044.0, -3.521461, 2.22419, 0.001755, 2.302889, 2.304799, 0.0
4044.0, -3.521461, 2.22419, 0.001755, 2.302889, 2.304799, 0.0
4061.0, -3.496513, 2.234966, 0.001724, 2.302889, 2.304799, 0.0
4078.0, -3.471061, 2.245717, 0.001651, 2.302889, 2.304799, 0.0
4078.0, -3.471061, 2.245717, 0.001651, 2.302889, 2.304799, 0.0
4095.0, -3.445115, 2.256439, 0.001626, 2.302889, 2.304799, 0.0
4095.0, -3.445115, 2.256439, 0.001626, 2.302889, 2.304799, 0.0
4112.0, -3.418667, 2.267135, 0.001558, 2.302889, 2.304799, 0.0
4128.0, -3.391726, 2.277799, 0.001537, 2.302889, 2.304799, 0.0
4128.0, -3.391726, 2.277799, 0.001537, 2.302889, 2.304799, 0.0
4145.0, -3.364281, 2.288435, 0.001472, 2.302889, 2.304799, 0.0
4145.0, -3.364281, 2.288435, 0.001472, 2.302889, 2.304799, 0.0
4161.0, -3.336343, 2.299038, 0.001451, 2.302889, 2.304799, 0.0
4178.0, -3.307902, 2.30961, 0.001386, 2.303287, 2.804803, 0.0
4178.0, -3.307902, 2.30961, 0.001386, 2.303287, 2.804803, 0.0
4193.0, -3.278967, 2.320148, 0.001365, 2.303287, 2.804803, 0.0
4193.0, -3.278967, 2.320148, 0.001365, 2.303287, 2.804803, 0.0
4211.0, -3.249528, 2.330653, 0.0013, 2.303287, 2.804803, 0.0
4227.0, -3.219596, 2.341122, 0.001277, 2.303287, 2.804803, 0.0
4227.0, -3.219596, 2.341122, 0.001277, 2.303287, 2.804803, 0.0
4244.0, -3.189161, 2.351557, 0.001211, 2.303287, 2.804803, 0.0
4244.0, -3.189161, 2.351557, 0.001211, 2.303287, 2.804803, 0.0
4261.0, -3.158232, 2.361953, 0.001188, 2.303287, 2.804803, 0.0
4277.0, -3.126799, 2.372313, 0.001122, 2.303287, 2.804803, 0.0
4277.0, -3.126799, 2.372313, 0.001122, 2.303287, 2.804803, 0.0
4294.0, -3.094873, 2.382632, 0.001097, 2.303287, 2.804803, 0.0
4294.0, -3.094873, 2.382632, 0.001097, 2.303287, 2.804803, 0.0
4312.0, -3.062443, 2.392914, 0.001031, 2.303287, 2.804803, 0.0
4328.0, -3.02952, 2.403153, 0.001005, 2.303287, 2.804803, 0.0
4328.0, -3.02952, 2.403153, 0.001005, 2.303287, 2.804803, 0.0
4345.0, -2.996094, 2.413352, 0.000938, 2.303287, 2.804803, 0.0
4345.0, -2.996094, 2.413352, 0.000938, 2.303287, 2.804803, 0.0
4361.0, -2.962174, 2.423507, 0.000913, 2.303287, 2.804803, 0.0
4378.0, -2.927752, 2.433619, 0.000846, 2.303287, 2.804803, 0.0
4378.0, -2.927752, 2.433619, 0.000846, 2.303287, 2.804803, 0.0
4394.0, -2.892835, 2.443684, 0.000819, 2.303287, 2.804803, 0.0
4394.0, -2.892835, 2.443684, 0.000819, 2.303287, 2.804803, 0.0
4412.0, -2.857417, 2.453705, 0.000752, 2.303287, 2.804803, 0.0
4428.0, -2.821532, 2.46367, 0.000736, 2.303685, 3.304806, 0.0
4428.0, -2.821532, 2.46367, 0.000736, 2.303685, 3.304806, 0.0
4444.0, -2.785154, 2.473586, 0.000678, 2.303685, 3.304806, 0.0
4444.0, -2.785154, 2.473586, 0.000678, 2.303685, 3.304806, 0.0
4460.0, -2.748281, 2.483452, 0.000655, 2.303685, 3.304806, 0.0
4478.0, -2.710903, 2.493269, 0.000588, 2.303685, 3.304806, 0.0
4478.0, -2.710903, 2.493269, 0.000588, 2.303685, 3.304806, 0.0
4494.0, -2.673028, 2.503035, 0.000557, 2.303685, 3.304806, 0.0
4494.0, -2.673028, 2.503035, 0.000557, 2.303685, 3.304806, 0.0
4512.0, -2.634648, 2.512751, 0.000485, 2.303685, 3.304806, 0.0
4527.0, -2.595741, 2.522422, 0.000438, 2.303685, 3.304806, 0.0
4527.0, -2.595741, 2.522422, 0.000438, 2.303685, 3.304806, 0.0
4545.0, -2.556321, 2.532043, 0.000353, 2.303685, 3.304806, 0.0
4545.0, -2.556321, 2.532043, 0.000353, 2.303685, 3.304806, 0.0
4561.0, -2.516407, 2.541608, 0.000313, 2.303685, 3.304806, 0.0
4578.0, -2.475992, 2.551118, 0.000239, 2.303685, 3.304806, 0.0
4578.0, -2.475992, 2.551118, 0.000239, 2.303685, 3.304806, 0.0
4595.0, -2.435089, 2.560568, 0.000208, 2.303685, 3.304806, 0.0
4595.0, -2.435089, 2.560568, 0.000208, 2.303685, 3.304806, 0.0
4612.0, -2.393686, 2.56996, 0.000142, 2.303685, 3.304806, 0.0
4629.0, -2.351795, 2.579291, 0.000115, 2.303685, 3.304806, 0.0
4629.0, -2.351795, 2.579291, 0.000115, 2.303685, 3.304806, 0.0
4644.0, -2.309404, 2.588562, 0.000051, 2.303685, 3.304806, 0.0
4644.0, -2.309404, 2.588562, 0.000051, 2.303685, 3.304806, 0.0
4661.0, -2.266525, 2.597768, 0.000024, 2.303685, 3.304806, 0.0
4677.0, -2.223145, 2.606912, -0.000041, 2.304084, 3.80481, 0.0
4677.0, -2.223145, 2.606912, -0.000041, 2.304084, 3.80481, 0.0
4694.0, -2.179277, 2.615991, -0.00007, 2.304084, 3.80481, 0.0
4694.0, -2.179277, 2.615991, -0.00007, 2.304084, 3.80481, 0.0
4712.0, -2.134908, 2.625005, -0.000137, 2.304084, 3.80481, 0.0
4728.0, -2.09005, 2.633954, -0.000169, 2.304084, 3.80481, 0.0
4728.0, -2.09005, 2.633954, -0.000169, 2.304084, 3.80481, 0.0
4745.0, -2.044692, 2.642835, -0.000237, 2.304084, 3.80481, 0.0
4745.0, -2.044692, 2.642835, -0.000237, 2.304084, 3.80481, 0.0
4761.0, -1.998844, 2.651648, -0.000272, 2.304084, 3.80481, 0.0
4778.0, -1.952497, 2.660392, -0.000343, 2.304084, 3.80481, 0.0
4778.0, -1.952497, 2.660392, -0.000343, 2.304084, 3.80481, 0.0
4794.0, -1.90566, 2.669066, -0.000379, 2.304084, 3.80481, 0.0
4794.0, -1.90566, 2.669066, -0.000379, 2.304084, 3.80481, 0.0
4812.0, -1.858322, 2.67767, -0.000451, 2.304084, 3.80481, 0.0
4829.0, -1.81053, 2.686201, -0.000475, 2.304084, 3.80481, 0.0
4829.0, -1.81053, 2.686201, -0.000475, 2.304084, 3.80481, 0.0
4844.0, -1.762331, 2.69466, -0.000502, 2.304084, 3.80481, 0.0
4844.0, -1.762331, 2.69466, -0.000502, 2.304084, 3.80481, 0.0
4861.0, -1.713801, 2.703042, -0.000448, 2.304084, 3.80481, 0.0
4877.0, -1.664985, 2.711346, -0.00038, 2.304084, 3.80481, 0.0
4877.0, -1.664985, 2.711346, -0.00038, 2.304084, 3.80481, 0.0
4894.0, -1.615946, 2.719568, -0.000232, 2.304084, 3.80481, 0.0
4894.0, -1.615946, 2.719568, -0.000232, 2.304084, 3.80481, 0.0
4911.0, -1.566716, 2.727706, -0.00008, 2.304084, 3.80481, 0.0
4928.0, -1.517377, 2.735752, 0.00015, 2.304482, 4.304814, 0.0
4928.0, -1.517377, 2.735752, 0.00015, 2.304482, 4.304814, 0.0
4944.0, -1.46792, 2.743708, 0.000361, 2.304482, 4.304814, 0.0
4944.0, -1.46792, 2.743708, 0.000361, 2.304482, 4.304814, 0.0
4960.0, -1.41837, 2.751576, 0.000606, 2.304482, 4.304814, 0.0
4978.0, -1.368709, 2.75936, 0.000809, 2.304482, 4.304814, 0.0
4978.0, -1.368709, 2.75936, 0.000809, 2.304482, 4.304814, 0.0
4994.0, -1.319005, 2.767052, 0.001031, 2.304482, 4.304814, 0.0
4994.0, -1.319005, 2.767052, 0.001031, 2.304482, 4.304814, 0.0
5012.0, -1.269238, 2.774659, 0.0012, 2.304482, 4.304814, 0.0
5027.0, -1.219393, 2.782186, 0.001368, 2.304482, 4.304814, 0.0
5027.0, -1.219393, 2.782186, 0.001368, 2.304482, 4.304814, 0.0
5044.0, -1.169496, 2.78963, 0.001482, 2.304482, 4.304814, 0.0
5044.0, -1.169496, 2.78963, 0.001482, 2.304482, 4.304814, 0.0
5061.0, -1.119574, 2.79699, 0.001613, 2.304482, 4.304814, 0.0
5077.0, -1.069629, 2.804266, 0.001696, 2.304482, 4.304814, 0.0
5077.0, -1.069629, 2.804266, 0.001696, 2.304482, 4.304814, 0.0
5094.0, -1.019676, 2.811457, 0.001796, 2.304482, 4.304814, 0.0
5094.0, -1.019676, 2.811457, 0.001796, 2.304482, 4.304814, 0.0
5111.0, -0.969708, 2.818564, 0.001845, 2.304482, 4.304814, 0.0
5128.0, -0.919739, 2.825587, 0.001911, 2.304482, 4.304814, 0.0
5128.0, -0.919739, 2.825587, 0.001911, 2.304482, 4.304814, 0.0
5144.0, -0.869759, 2.832525, 0.001927, 2.304482, 4.304814, 0.0
5144.0, -0.869759, 2.832525, 0.001927, 2.304482, 4.304814, 0.0
5161.0, -0.81978, 2.839377, 0.001961, 2.304482, 4.304814, 0.0
5178.0, -0.769793, 2.846145, 0.001948, 2.30488, 4.804833, 0.0
5178.0, -0.769793, 2.846145, 0.001948, 2.30488, 4.804833, 0.0
5194.0, -0.719809, 2.852827, 0.001956, 2.30488, 4.804833, 0.0
5194.0, -0.719809, 2.852827, 0.001956, 2.30488, 4.804833, 0.0
5212.0, -0.669817, 2.859423, 0.00192, 2.30488, 4.804833, 0.0
5227.0, -0.619829, 2.865932, 0.001908, 2.30488, 4.804833, 0.0
5227.0, -0.619829, 2.865932, 0.001908, 2.30488, 4.804833, 0.0
5244.0, -0.569834, 2.872355, 0.001855, 2.30488, 4.804833, 0.0
5244.0, -0.569834, 2.872355, 0.001855, 2.30488, 4.804833, 0.0
5261.0, -0.519844, 2.878689, 0.001828, 2.30488, 4.804833, 0.0
5278.0, -0.469848, 2.884935, 0.001764, 2.30488, 4.804833, 0.0
5278.0, -0.469848, 2.884935, 0.001764, 2.30488, 4.804833, 0.0
5294.0, -0.419857, 2.891091, 0.001727, 2.30488, 4.804833, 0.0
5294.0, -0.419857, 2.891091, 0.001727, 2.30488, 4.804833, 0.0
5312.0, -0.369838, 2.89716, 0.001655, 2.30488, 4.804833, 0.0
5329.0, -0.319883, 2.903131, 0.001628, 2.30488, 4.804833, 0.0
5329.0, -0.319883, 2.903131, 0.001628, 2.30488, 4.804833, 0.0
5345.0, -0.269933, 2.909009, 0.001565, 2.30488, 4.804833, 0.0
5345.0, -0.269933, 2.909009, 0.001565, 2.30488, 4.804833, 0.0
5360.0, -0.219987, 2.914794, 0.001526, 2.30488, 4.804833, 0.0
5377.0, -0.17003, 2.920486, 0.001447, 2.30488, 4.804833, 0.0
5377.0, -0.17003, 2.920486, 0.001447, 2.30488, 4.804833, 0.0
5394.0, -0.120072, 2.926086, 0.001395, 2.30488, 4.804833, 0.0
5394.0, -0.120072, 2.926086, 0.001395, 2.30488, 4.804833, 0.0
5412.0, -0.070103, 2.931593, 0.001307, 2.30488, 4.804833, 0.0
5427.0, -0.020095, 2.937011, 0.001233, 2.305278, 5.304852, 0.0
5427.0, -0.020095, 2.937011, 0.001233, 2.305278, 5.304852, 0.0
5444.0, 0.029933, 2.942336, 0.00113, 2.305278, 5.304852, 0.0
5444.0, 0.029933, 2.942336, 0.00113, 2.305278, 5.304852, 0.0
5461.0, 0.079959, 2.947566, 0.001064, 2.305278, 5.304852, 0.0
5478.0, 0.129988, 2.952701, 0.000975, 2.305278, 5.304852, 0.0
5478.0, 0.129988, 2.952701, 0.000975, 2.305278, 5.304852, 0.0
5494.0, 0.180009, 2.957738, 0.000923, 2.305278, 5.304852, 0.0
5494.0, 0.180009, 2.957738, 0.000923, 2.305278, 5.304852, 0.0
5512.0, 0.230031, 2.962678, 0.000843, 2.305278, 5.304852, 0.0
5528.0, 0.280044, 2.96752, 0.000797, 2.305278, 5.304852, 0.0
5528.0, 0.280044, 2.96752, 0.000797, 2.305278, 5.304852, 0.0
5545.0, 0.33006, 2.972263, 0.000721, 2.305278, 5.304852, 0.0
5545.0, 0.33006, 2.972263, 0.000721, 2.305278, 5.304852, 0.0
5561.0, 0.380068, 2.976907, 0.000676, 2.305278, 5.304852, 0.0
5577.0, 0.430079, 2.981451, 0.000599, 2.305278, 5.304852, 0.0
5577.0, 0.430079, 2.981451, 0.000599, 2.305278, 5.304852, 0.0
5594.0, 0.480083, 2.985895, 0.000552, 2.305278, 5.304852, 0.0
5594.0, 0.480083, 2.985895, 0.000552, 2.305278, 5.304852, 0.0
5612.0, 0.53009, 2.99024, 0.000474, 2.305278, 5.304852, 0.0
5628.0, 0.580091, 2.994485, 0.000424, 2.305278, 5.304852, 0.0
5628.0, 0.580091, 2.994485, 0.000424, 2.305278, 5.304852, 0.0
5644.0, 0.630097, 2.998629, 0.000343, 2.305278, 5.304852, 0.0
5644.0, 0.630097, 2.998629, 0.000343, 2.305278, 5.304852, 0.0
5661.0, 0.680097, 3.002673, 0.000291, 2.305278, 5.304852, 0.0
5678.0, 0.730101, 3.006615, 0.000208, 2.305676, 5.804857, 0.0
5678.0, 0.730101, 3.006615, 0.000208, 2.305676, 5.804857, 0.0
5695.0, 0.7801, 3.010457, 0.000153, 2.305676, 5.804857, 0.0
5695.0, 0.7801, 3.010457, 0.000153, 2.305676, 5.804857, 0.0
5712.0, 0.830103, 3.014198, 0.000069, 2.305676, 5.804857, 0.0
5729.0, 0.880101, 3.017838, 0.000013, 2.305676, 5.804857, 0.0
5729.0, 0.880101, 3.017838, 0.000013, 2.305676, 5.804857, 0.0
5745.0, 0.930104, 3.021375, -0.000072, 2.305676, 5.804857, 0.0
5745.0, 0.930104, 3.021375, -0.000072, 2.305676, 5.804857, 0.0
5761.0, 0.980102, 3.024811, -0.000128, 2.305676, 5.804857, 0.0
5777.0, 1.030104, 3.028144, -0.000214, 2.305676, 5.804857, 0.0
5777.0, 1.030104, 3.028144, -0.000214, 2.305676, 5.804857, 0.0
5794.0, 1.080107, 3.031375, -0.000271, 2.305676, 5.804857, 0.0
5794.0, 1.080107, 3.031375, -0.000271, 2.305676, 5.804857, 0.0
5812.0, 1.13011, 3.034503, -0.000357, 2.305676, 5.804857, 0.0
5828.0, 1.18007, 3.037526, -0.000399, 2.305676, 5.804857, 0.0
5828.0, 1.18007, 3.037526, -0.000399, 2.305676, 5.804857, 0.0
5845.0, 1.230024, 3.040444, -0.000472, 2.305676, 5.804857, 0.0
5845.0, 1.230024, 3.040444, -0.000472, 2.305676, 5.804857, 0.0
5861.0, 1.279974, 3.043259, -0.000522, 2.305676, 5.804857, 0.0
5878.0, 1.329935, 3.04597, -0.000608, 2.305676, 5.804857, 0.0
5878.0, 1.329935, 3.04597, -0.000608, 2.305676, 5.804857, 0.0
5894.0, 1.379897, 3.048577, -0.00067, 2.305676, 5.804857, 0.0
5894.0, 1.379897, 3.048577, -0.00067, 2.305676, 5.804857, 0.0
5912.0, 1.42987, 3.051081, -0.000763, 2.305676, 5.804857, 0.0
5928.0, 1.479881, 3.053484, -0.000845, 2.306074, 6.304864, 0.0
5928.0, 1.479881, 3.053484, -0.000845, 2.306074, 6.304864, 0.0
5944.0, 1.529912, 3.055783, -0.000953, 2.306074, 6.304864, 0.0
5944.0, 1.529912, 3.055783, -0.000953, 2.306074, 6.304864, 0.0
5961.0, 1.579941, 3.057979, -0.001027, 2.306074, 6.304864, 0.0
5977.0, 1.629973, 3.06007, -0.00112, 2.306074, 6.304864, 0.0
5977.0, 1.629973, 3.06007, -0.00112, 2.306074, 6.304864, 0.0
5995.0, 1.679997, 3.062056, -0.00118, 2.306074, 6.304864, 0.0
5995.0, 1.679997, 3.062056, -0.00118, 2.306074, 6.304864, 0.0
6012.0, 1.730022, 3.063936, -0.001263, 2.306074, 6.304864, 0.0
6028.0, 1.780038, 3.06571, -0.001317, 2.306074, 6.304864, 0.0
6028.0, 1.780038, 3.06571, -0.001317, 2.306074, 6.304864, 0.0
6044.0, 1.830057, 3.067378, -0.001396, 2.306074, 6.304864, 0.0
6044.0, 1.830057, 3.067378, -0.001396, 2.306074, 6.304864, 0.0
6061.0, 1.880068, 3.06894, -0.001448, 2.306074, 6.304864, 0.0
6079.0, 1.930082, 3.070394, -0.001528, 2.306074, 6.304864, 0.0
6079.0, 1.930082, 3.070394, -0.001528, 2.306074, 6.304864, 0.0
6095.0, 1.980089, 3.071742, -0.001582, 2.306074, 6.304864, 0.0
6095.0, 1.980089, 3.071742, -0.001582, 2.306074, 6.304864, 0.0
6112.0, 2.0301, 3.072983, -0.001663, 2.306074, 6.304864, 0.0
6128.0, 2.080105, 3.074118, -0.001719, 2.306074, 6.304864, 0.0
6128.0, 2.080105, 3.074118, -0.001719, 2.306074, 6.304864, 0.0
6145.0, 2.130114, 3.075145, -0.001802, 2.306074, 6.304864, 0.0
6145.0, 2.130114, 3.075145, -0.001802, 2.306074, 6.304864, 0.0
6161.0, 2.180116, 3.076066, -0.001861, 2.306074, 6.304864, 0.0
6179.0, 2.230123, 3.076879, -0.001946, 2.306473, 6.804868, 0.0
6179.0, 2.230123, 3.076879, -0.001946, 2.306473, 6.804868, 0.0
6194.0, 2.280125, 3.077586, -0.002006, 2.306473, 6.804868, 0.0
6194.0, 2.280125, 3.077586, -0.002006, 2.306473, 6.804868, 0.0
6211.0, 2.330132, 3.078186, -0.002092, 2.306473, 6.804868, 0.0
6227.0, 2.380133, 3.078678, -0.002154, 2.306473, 6.804868, 0.0
6227.0, 2.380133, 3.078678, -0.002154, 2.306473, 6.804868, 0.0
6244.0, 2.43014, 3.079063, -0.00224, 2.306473, 6.804868, 0.0
6244.0, 2.43014, 3.079063, -0.00224, 2.306473, 6.804868, 0.0
6261.0, 2.48014, 3.07934, -0.002303, 2.306473, 6.804868, 0.0
6278.0, 2.530147, 3.07951, -0.002389, 2.306473, 6.804868, 0.0
6278.0, 2.530147, 3.07951, -0.002389, 2.306473, 6.804868, 0.0
6294.0, 2.580147, 3.079573, -0.002452, 2.306473, 6.804868, 0.0
6294.0, 2.580147, 3.079573, -0.002452, 2.306473, 6.804868, 0.0
6311.0, 2.630153, 3.079527, -0.002539, 2.306473, 6.804868, 0.0
6328.0, 2.680116, 3.079374, -0.002586, 2.306473, 6.804868, 0.0
6328.0, 2.680116, 3.079374, -0.002586, 2.306473, 6.804868, 0.0
6345.0, 2.730074, 3.079113, -0.002659, 2.306473, 6.804868, 0.0
6345.0, 2.730074, 3.079113, -0.002659, 2.306473, 6.804868, 0.0
6361.0, 2.780027, 3.078743, -0.002715, 2.306473, 6.804868, 0.0
6378.0, 2.829992, 3.078264, -0.002801, 2.306473, 6.804868, 0.0
6378.0, 2.829992, 3.078264, -0.002801, 2.306473, 6.804868, 0.0
6395.0, 2.879957, 3.077678, -0.002868, 2.306473, 6.804868, 0.0
6395.0, 2.879957, 3.077678, -0.002868, 2.306473, 6.804868, 0.0
6412.0, 2.929933, 3.076983, -0.002962, 2.306473, 6.804868, 0.0
6428.0, 2.979948, 3.07618, -0.003049, 2.306871, 7.304873, 0.0
6428.0, 2.979948, 3.07618, -0.003049, 2.306871, 7.304873, 0.0
6443.0, 3.029983, 3.075269, -0.003157, 2.306871, 7.304873, 0.0
6443.0, 3.029983, 3.075269, -0.003157, 2.306871, 7.304873, 0.0
6460.0, 3.080015, 3.074251, -0.003235, 2.306871, 7.304873, 0.0
6478.0, 3.130051, 3.073124, -0.003328, 2.306871, 7.304873, 0.0
6478.0, 3.130051, 3.073124, -0.003328, 2.306871, 7.304873, 0.0
6494.0, 3.180078, 3.071889, -0.003393, 2.306871, 7.304873, 0.0
6494.0, 3.180078, 3.071889, -0.003393, 2.306871, 7.304873, 0.0
6512.0, 3.230107, 3.070545, -0.003475, 2.306871, 7.304873, 0.0
6527.0, 3.280127, 3.069093, -0.003533, 2.306871, 7.304873, 0.0
6527.0, 3.280127, 3.069093, -0.003533, 2.306871, 7.304873, 0.0
6544.0, 3.33015, 3.06753, -0.003611, 2.306871, 7.304873, 0.0
6544.0, 3.33015, 3.06753, -0.003611, 2.306871, 7.304873, 0.0
6561.0, 3.380164, 3.065859, -0.003667, 2.306871, 7.304873, 0.0
6579.0, 3.430182, 3.064077, -0.003745, 2.306871, 7.304873, 0.0
6579.0, 3.430182, 3.064077, -0.003745, 2.306871, 7.304873, 0.0
6595.0, 3.480192, 3.062187, -0.003803, 2.306871, 7.304873, 0.0
6595.0, 3.480192, 3.062187, -0.003803, 2.306871, 7.304873, 0.0
6612.0, 3.530206, 3.060187, -0.003883, 2.306871, 7.304873, 0.0
6629.0, 3.580214, 3.058079, -0.003942, 2.306871, 7.304873, 0.0
6629.0, 3.580214, 3.058079, -0.003942, 2.306871, 7.304873, 0.0
6645.0, 3.630226, 3.05586, -0.004024, 2.306871, 7.304873, 0.0
6645.0, 3.630226, 3.05586, -0.004024, 2.306871, 7.304873, 0.0
6660.0, 3.680231, 3.053533, -0.004086, 2.306871, 7.304873, 0.0
6678.0, 3.730242, 3.051097, -0.004169, 2.307269, 7.804876, 0.0
6678.0, 3.730242, 3.051097, -0.004169, 2.307269, 7.804876, 0.0
6694.0, 3.780247, 3.048552, -0.004232, 2.307269, 7.804876, 0.0
6694.0, 3.780247, 3.048552, -0.004232, 2.307269, 7.804876, 0.0
6712.0, 3.830257, 3.045897, -0.004317, 2.307269, 7.804876, 0.0
6728.0, 3.880262, 3.043135, -0.004381, 2.307269, 7.804876, 0.0
6728.0, 3.880262, 3.043135, -0.004381, 2.307269, 7.804876, 0.0
6745.0, 3.930271, 3.040262, -0.004466, 2.307269, 7.804876, 0.0
6745.0, 3.930271, 3.040262, -0.004466, 2.307269, 7.804876, 0.0
6761.0, 3.980275, 3.037282, -0.004531, 2.307269, 7.804876, 0.0
6778.0, 4.030285, 3.034191, -0.004616, 2.307269, 7.804876, 0.0
6778.0, 4.030285, 3.034191, -0.004616, 2.307269, 7.804876, 0.0
6795.0, 4.080289, 3.030993, -0.004681, 2.307269, 7.804876, 0.0
6795.0, 4.080289, 3.030993, -0.004681, 2.307269, 7.804876, 0.0
6812.0, 4.1303, 3.027685, -0.004765, 2.307269, 7.804876, 0.0
6829.0, 4.180266, 3.024271, -0.004815, 2.307269, 7.804876, 0.0
6829.0, 4.180266, 3.024271, -0.004815, 2.307269, 7.804876, 0.0
6844.0, 4.230227, 3.020748, -0.004886, 2.307269, 7.804876, 0.0
6844.0, 4.230227, 3.020748, -0.004886, 2.307269, 7.804876, 0.0
6861.0, 4.280184, 3.017117, -0.004944, 2.307269, 7.804876, 0.0
6877.0, 4.330151, 3.013375, -0.005027, 2.307269, 7.804876, 0.0
6877.0, 4.330151, 3.013375, -0.005027, 2.307269, 7.804876, 0.0
6894.0, 4.380119, 3.009525, -0.005096, 2.307269, 7.804876, 0.0
6894.0, 4.380119, 3.009525, -0.005096, 2.307269, 7.804876, 0.0
6912.0, 4.430099, 3.005566, -0.005187, 2.307269, 7.804876, 0.0
6927.0, 4.480116, 3.001495, -0.005276, 2.307667, 8.30488, 0.0
6927.0, 4.480116, 3.001495, -0.005276, 2.307667, 8.30488, 0.0
6944.0, 4.530154, 2.997315, -0.005381, 2.307667, 8.30488, 0.0
6944.0, 4.530154, 2.997315, -0.005381, 2.307667, 8.30488, 0.0
6961.0, 4.58019, 2.993027, -0.005461, 2.307667, 8.30488, 0.0
6977.0, 4.63023, 2.988631, -0.005551, 2.307667, 8.30488, 0.0
6977.0, 4.63023, 2.988631, -0.005551, 2.307667, 8.30488, 0.0
6994.0, 4.680261, 2.984128, -0.005617, 2.307667, 8.30488, 0.0
6994.0, 4.680261, 2.984128, -0.005617, 2.307667, 8.30488, 0.0
7012.0, 4.730293, 2.979516, -0.005696, 2.307667, 8.30488, 0.0
7027.0, 4.780317, 2.974795, -0.005755, 2.307667, 8.30488, 0.0
7027.0, 4.780317, 2.974795, -0.005755, 2.307667, 8.30488, 0.0
7044.0, 4.830343, 2.969966, -0.00583, 2.307667, 8.30488, 0.0
7044.0, 4.830343, 2.969966, -0.00583, 2.307667, 8.30488, 0.0
7060.0, 4.880361, 2.965028, -0.005887, 2.307667, 8.30488, 0.0
7077.0, 4.930382, 2.959981, -0.005961, 2.307667, 8.30488, 0.0
7077.0, 4.930382, 2.959981, -0.005961, 2.307667, 8.30488, 0.0
7094.0, 4.980395, 2.954827, -0.006019, 2.307667, 8.30488, 0.0
7094.0, 4.980395, 2.954827, -0.006019, 2.307667, 8.30488, 0.0
7112.0, 5.030412, 2.949563, -0.006096, 2.307667, 8.30488, 0.0
7127.0, 5.080423, 2.944192, -0.006156, 2.307667, 8.30488, 0.0
7127.0, 5.080423, 2.944192, -0.006156, 2.307667, 8.30488, 0.0
7144.0, 5.130438, 2.938713, -0.006233, 2.307667, 8.30488, 0.0
7144.0, 5.130438, 2.938713, -0.006233, 2.307667, 8.30488, 0.0
7160.0, 5.180448, 2.933126, -0.006296, 2.307667, 8.30488, 0.0
7177.0, 5.230462, 2.927431, -0.006375, 2.308065, 8.804884, 0.0
7177.0, 5.230462, 2.927431, -0.006375, 2.308065, 8.804884, 0.0
7194.0, 5.280469, 2.921628, -0.006438, 2.308065, 8.804884, 0.0
7195.0, 5.280469, 2.921628, -0.006438, 2.308065, 8.804884, 0.0
7212.0, 5.330483, 2.915718, -0.006518, 2.308065, 8.804884, 0.0
7227.0, 5.38049, 2.909701, -0.006583, 2.308065, 8.804884, 0.0
7227.0, 5.38049, 2.909701, -0.006583, 2.308065, 8.804884, 0.0
7244.0, 5.430503, 2.903576, -0.006663, 2.308065, 8.804884, 0.0
7244.0, 5.430503, 2.903576, -0.006663, 2.308065, 8.804884, 0.0
7261.0, 5.480511, 2.897345, -0.006728, 2.308065, 8.804884, 0.0
7278.0, 5.530523, 2.891006, -0.006809, 2.308065, 8.804884, 0.0
7278.0, 5.530523, 2.891006, -0.006809, 2.308065, 8.804884, 0.0
7295.0, 5.58053, 2.884561, -0.006874, 2.308065, 8.804884, 0.0
7295.0, 5.58053, 2.884561, -0.006874, 2.308065, 8.804884, 0.0
7312.0, 5.630543, 2.878008, -0.006954, 2.308065, 8.804884, 0.0
7328.0, 5.680512, 2.871354, -0.007003, 2.308065, 8.804884, 0.0
7328.0, 5.680512, 2.871354, -0.007003, 2.308065, 8.804884, 0.0
7345.0, 5.730477, 2.864594, -0.007069, 2.308065, 8.804884, 0.0
7345.0, 5.730477, 2.864594, -0.007069, 2.308065, 8.804884, 0.0
7360.0, 5.780437, 2.857727, -0.007126, 2.308065, 8.804884, 0.0
7377.0, 5.830407, 2.850752, -0.007205, 2.308065, 8.804884, 0.0
7377.0, 5.830407, 2.850752, -0.007205, 2.308065, 8.804884, 0.0
7394.0, 5.880378, 2.843671, -0.007274, 2.308065, 8.804884, 0.0
7394.0, 5.880378, 2.843671, -0.007274, 2.308065, 8.804884, 0.0
7412.0, 5.930361, 2.836483, -0.00736, 2.308065, 8.804884, 0.0
7427.0, 5.980381, 2.829194, -0.007448, 2.308464, 9.304888, 0.0
7427.0, 5.980381, 2.829194, -0.007448, 2.308464, 9.304888, 0.0
7444.0, 6.030423, 2.821821, -0.007546, 2.308464, 9.304888, 0.0
7444.0, 6.030423, 2.821821, -0.007546, 2.308464, 9.304888, 0.0
7461.0, 6.080461, 2.814382, -0.007621, 2.308464, 9.304888, 0.0
7478.0, 6.130503, 2.806886, -0.007699, 2.308464, 9.304888, 0.0
7478.0, 6.130503, 2.806886, -0.007699, 2.308464, 9.304888, 0.0
7495.0, 6.180535, 2.799346, -0.007752, 2.308464, 9.304888, 0.0
7495.0, 6.180535, 2.799346, -0.007752, 2.308464, 9.304888, 0.0
7512.0, 6.230569, 2.791768, -0.00781, 2.308464, 9.304888, 0.0
7529.0, 6.280593, 2.78416, -0.007846, 2.308464, 9.304888, 0.0
7529.0, 6.280593, 2.78416, -0.007846, 2.308464, 9.304888, 0.0
7545.0, 6.330619, 2.776526, -0.00789, 2.308464, 9.304888, 0.0
7545.0, 6.330619, 2.776526, -0.00789, 2.308464, 9.304888, 0.0
7561.0, 6.380637, 2.768872, -0.007914, 2.308464, 9.304888, 0.0
7577.0, 6.430656, 2.761199, -0.007948, 2.308464, 9.304888, 0.0
7577.0, 6.430656, 2.761199, -0.007948, 2.308464, 9.304888, 0.0
7595.0, 6.480669, 2.753514, -0.007963, 2.308464, 9.304888, 0.0
7595.0, 6.480669, 2.753514, -0.007963, 2.308464, 9.304888, 0.0
7612.0, 6.530684, 2.745815, -0.00799, 2.308464, 9.304888, 0.0
7628.0, 6.580691, 2.738108, -0.008, 2.308464, 9.304888, 0.0
7628.0, 6.580691, 2.738108, -0.008, 2.308464, 9.304888, 0.0
7645.0, 6.630703, 2.730392, -0.008021, 2.308464, 9.304888, 0.0
7645.0, 6.630703, 2.730392, -0.008021, 2.308464, 9.304888, 0.0
7660.0, 6.680708, 2.722669, -0.008026, 2.308464, 9.304888, 0.0
7678.0, 6.730826, 2.714924, -0.008044, 2.308862, 9.804892, 0.0
7678.0, 6.730826, 2.714924, -0.008044, 2.308862, 9.804892, 0.0
7695.0, 6.780829, 2.707191, -0.008046, 2.308862, 9.804892, 0.0
7695.0, 6.780829, 2.707191, -0.008046, 2.308862, 9.804892, 0.0
7712.0, 6.830837, 2.699454, -0.008061, 2.308862, 9.804892, 0.0
7728.0, 6.880801, 2.691721, -0.008045, 2.308862, 9.804892, 0.0
7728.0, 6.880801, 2.691721, -0.008045, 2.308862, 9.804892, 0.0
7745.0, 6.930759, 2.683985, -0.008044, 2.308862, 9.804892, 0.0
7745.0, 6.930759, 2.683985, -0.008044, 2.308862, 9.804892, 0.0
7761.0, 6.980712, 2.676247, -0.008035, 2.308862, 9.804892, 0.0
7778.0, 7.030675, 2.668506, -0.008046, 2.308862, 9.804892, 0.0
7778.0, 7.030675, 2.668506, -0.008046, 2.308862, 9.804892, 0.0
7794.0, 7.080638, 2.660763, -0.008047, 2.308862, 9.804892, 0.0
7794.0, 7.080638, 2.660763, -0.008047, 2.308862, 9.804892, 0.0
7812.0, 7.130613, 2.653017, -0.008064, 2.308862, 9.804892, 0.0
7827.0, 7.180625, 2.645264, -0.008084, 2.308862, 9.804892, 0.0
7827.0, 7.180625, 2.645264, -0.008084, 2.308862, 9.804892, 0.0
7844.0, 7.230658, 2.637509, -0.008115, 2.308862, 9.804892, 0.0
7844.0, 7.230658, 2.637509, -0.008115, 2.308862, 9.804892, 0.0
7861.0, 7.280688, 2.629754, -0.008125, 2.308862, 9.804892, 0.0
7878.0, 7.330721, 2.621998, -0.008141, 2.308862, 9.804892, 0.0
7878.0, 7.330721, 2.621998, -0.008141, 2.308862, 9.804892, 0.0
7895.0, 7.380745, 2.614244, -0.008137, 2.308862, 9.804892, 0.0
7895.0, 7.380745, 2.614244, -0.008137, 2.308862, 9.804892, 0.0
7912.0, 7.430771, 2.606489, -0.008142, 2.308862, 9.804892, 0.0
7929.0, 7.480788, 2.598734, -0.00813, 2.30926, 10.304969, 0.0
7929.0, 7.480788, 2.598734, -0.00813, 2.30926, 10.304969, 0.0
7944.0, 7.530807, 2.590979, -0.00813, 2.30926, 10.304969, 0.0
7944.0, 7.530807, 2.590979, -0.00813, 2.30926, 10.304969, 0.0
7961.0, 7.580817, 2.583223, -0.008116, 2.30926, 10.304969, 0.0
7977.0, 7.63083, 2.575467, -0.008116, 2.30926, 10.304969, 0.0
7977.0, 7.63083, 2.575467, -0.008116, 2.30926, 10.304969, 0.0
7994.0, 7.680853, 2.567708, -0.008103, 2.30926, 10.304969, 0.0
7994.0, 7.680853, 2.567708, -0.008103, 2.30926, 10.304969, 0.0
8012.0, 7.730863, 2.559951, -0.008105, 2.30926, 10.304969, 0.0
8028.0, 7.780866, 2.552195, -0.008094, 2.30926, 10.304969, 0.0
8028.0, 7.780866, 2.552195, -0.008094, 2.30926, 10.304969, 0.0
8044.0, 7.830874, 2.544437, -0.008098, 2.30926, 10.304969, 0.0
8044.0, 7.830874, 2.544437, -0.008098, 2.30926, 10.304969, 0.0
8061.0, 7.880875, 2.53668, -0.008089, 2.30926, 10.304969, 0.0
8079.0, 7.930881, 2.528923, -0.008094, 2.30926, 10.304969, 0.0
8079.0, 7.930881, 2.528923, -0.008094, 2.30926, 10.304969, 0.0
8095.0, 7.980881, 2.521166, -0.008087, 2.30926, 10.304969, 0.0
8095.0, 7.980881, 2.521166, -0.008087, 2.30926, 10.304969, 0.0
8112.0, 8.030886, 2.513409, -0.008093, 2.30926, 10.304969, 0.0
8128.0, 8.080846, 2.505659, -0.008072, 2.30926, 10.304969, 0.0
8128.0, 8.080846, 2.505659, -0.008072, 2.30926, 10.304969, 0.0
8145.0, 8.130802, 2.497909, -0.008065, 2.30926, 10.304969, 0.0
8145.0, 8.130802, 2.497909, -0.008065, 2.30926, 10.304969, 0.0
8161.0, 8.180754, 2.490159, -0.008052, 2.30926, 10.304969, 0.0
8179.0, 8.230715, 2.482408, -0.008059, 2.309658, 10.804986, 0.0
8179.0, 8.230715, 2.482408, -0.008059, 2.309658, 10.804986, 0.0
8194.0, 8.280677, 2.474657, -0.008058, 2.309658, 10.804986, 0.0
8194.0, 8.280677, 2.474657, -0.008058, 2.309658, 10.804986, 0.0
8212.0, 8.33065, 2.466904, -0.008073, 2.309658, 10.804986, 0.0
8228.0, 8.380661, 2.459146, -0.008091, 2.309658, 10.804986, 0.0
8228.0, 8.380661, 2.459146, -0.008091, 2.309658, 10.804986, 0.0
8244.0, 8.430693, 2.451385, -0.008122, 2.309658, 10.804986, 0.0
8244.0, 8.430693, 2.451385, -0.008122, 2.309658, 10.804986, 0.0
8261.0, 8.480721, 2.443627, -0.008131, 2.309658, 10.804986, 0.0
8277.0, 8.530755, 2.435868, -0.008146, 2.309658, 10.804986, 0.0
8277.0, 8.530755, 2.435868, -0.008146, 2.309658, 10.804986, 0.0
8294.0, 8.580778, 2.428111, -0.008141, 2.309658, 10.804986, 0.0
8294.0, 8.580778, 2.428111, -0.008141, 2.309658, 10.804986, 0.0
8312.0, 8.630803, 2.420354, -0.008145, 2.309658, 10.804986, 0.0
8328.0, 8.680819, 2.412597, -0.008133, 2.309658, 10.804986, 0.0
8328.0, 8.680819, 2.412597, -0.008133, 2.309658, 10.804986, 0.0
8345.0, 8.730838, 2.40484, -0.008133, 2.309658, 10.804986, 0.0
8345.0, 8.730838, 2.40484, -0.008133, 2.309658, 10.804986, 0.0
8361.0, 8.780848, 2.397084, -0.008118, 2.309658, 10.804986, 0.0
8378.0, 8.830861, 2.389326, -0.008118, 2.309658, 10.804986, 0.0
8378.0, 8.830861, 2.389326, -0.008118, 2.309658, 10.804986, 0.0
8395.0, 8.880867, 2.381569, -0.008105, 2.309658, 10.804986, 0.0
8395.0, 8.880867, 2.381569, -0.008105, 2.309658, 10.804986, 0.0
8413.0, 8.930877, 2.373811, -0.008106, 2.309658, 10.804986, 0.0
8428.0, 8.98088, 2.366054, -0.008095, 2.310056, 11.30499, 0.0
8428.0, 8.98088, 2.366054, -0.008095, 2.310056, 11.30499, 0.0
8443.0, 9.030887, 2.358296, -0.008099, 2.310056, 11.30499, 0.0
8443.0, 9.030887, 2.358296, -0.008099, 2.310056, 11.30499, 0.0
8460.0, 9.080888, 2.350539, -0.00809, 2.310056, 11.30499, 0.0
8478.0, 9.130894, 2.342781, -0.008095, 2.310056, 11.30499, 0.0
8478.0, 9.130894, 2.342781, -0.008095, 2.310056, 11.30499, 0.0
8495.0, 9.180894, 2.335025, -0.008087, 2.310056, 11.30499, 0.0
8495.0, 9.180894, 2.335025, -0.008087, 2.310056, 11.30499, 0.0
8511.0, 9.230899, 2.327267, -0.008094, 2.310056, 11.30499, 0.0
8528.0, 9.280859, 2.319517, -0.008072, 2.310056, 11.30499, 0.0
8528.0, 9.280859, 2.319517, -0.008072, 2.310056, 11.30499, 0.0
8545.0, 9.330815, 2.311766, -0.008066, 2.310056, 11.30499, 0.0
8545.0, 9.330815, 2.311766, -0.008066, 2.310056, 11.30499, 0.0
8561.0, 9.380766, 2.304017, -0.008053, 2.310056, 11.30499, 0.0
8578.0, 9.430727, 2.296265, -0.00806, 2.310056, 11.30499, 0.0
8578.0, 9.430727, 2.296265, -0.00806, 2.310056, 11.30499, 0.0
8595.0, 9.480689, 2.288514, -0.008058, 2.310056, 11.30499, 0.0
8595.0, 9.480689, 2.288514, -0.008058, 2.310056, 11.30499, 0.0
8612.0, 9.530662, 2.280761, -0.008073, 2.310056, 11.30499, 0.0
8629.0, 9.580673, 2.273003, -0.008092, 2.310056, 11.30499, 0.0
8629.0, 9.580673, 2.273003, -0.008092, 2.310056, 11.30499, 0.0
8644.0, 9.630704, 2.265243, -0.008122, 2.310056, 11.30499, 0.0
8644.0, 9.630704, 2.265243, -0.008122, 2.310056, 11.30499, 0.0
8661.0, 9.680733, 2.257484, -0.008131, 2.310056, 11.30499, 0.0
8678.0, 9.730765, 2.249725, -0.008146, 2.310454, 11.804995, 0.0
8678.0, 9.730765, 2.249725, -0.008146, 2.310454, 11.804995, 0.0
8694.0, 9.780789, 2.241968, -0.008141, 2.310454, 11.804995, 0.0
8694.0, 9.780789, 2.241968, -0.008141, 2.310454, 11.804995, 0.0
8712.0, 9.830814, 2.234211, -0.008145, 2.310454, 11.804995, 0.0
8728.0, 9.880831, 2.226454, -0.008133, 2.310454, 11.804995, 0.0
8728.0, 9.880831, 2.226454, -0.008133, 2.310454, 11.804995, 0.0
8745.0, 9.930849, 2.218697, -0.008133, 2.310454, 11.804995, 0.0
8745.0, 9.930849, 2.218697, -0.008133, 2.310454, 11.804995, 0.0
8761.0, 9.980859, 2.210941, -0.008118, 2.310454, 11.804995, 0.0
8778.0, 10.030872, 2.203183, -0.008118, 2.310454, 11.804995, 0.0
8778.0, 10.030872, 2.203183, -0.008118, 2.310454, 11.804995, 0.0
8795.0, 10.080878, 2.195426, -0.008105, 2.310454, 11.804995, 0.0
8795.0, 10.080878, 2.195426, -0.008105, 2.310454, 11.804995, 0.0
8812.0, 10.130887, 2.187668, -0.008106, 2.310454, 11.804995, 0.0
8829.0, 10.18089, 2.179911, -0.008095, 2.310454, 11.804995, 0.0
8829.0, 10.18089, 2.179911, -0.008095, 2.310454, 11.804995, 0.0
8843.0, 10.230898, 2.172153, -0.008099, 2.310454, 11.804995, 0.0
8843.0, 10.230898, 2.172153, -0.008099, 2.310454, 11.804995, 0.0
8861.0, 10.280898, 2.164396, -0.00809, 2.310454, 11.804995, 0.0
8877.0, 10.330904, 2.156638, -0.008095, 2.310454, 11.804995, 0.0
8877.0, 10.330904, 2.156638, -0.008095, 2.310454, 11.804995, 0.0
8894.0, 10.380903, 2.148882, -0.008088, 2.310454, 11.804995, 0.0
8894.0, 10.380903, 2.148882, -0.008088, 2.310454, 11.804995, 0.0
8912.0, 10.430908, 2.141124, -0.008094, 2.310454, 11.804995, 0.0
8928.0, 10.480906, 2.133368, -0.008087, 2.310853, 12.304998, 0.0
8928.0, 10.480906, 2.133368, -0.008087, 2.310853, 12.304998, 0.0
8943.0, 10.53091, 2.125611, -0.008094, 2.310853, 12.304998, 0.0
8943.0, 10.53091, 2.125611, -0.008094, 2.310853, 12.304998, 0.0
8961.0, 10.580909, 2.117855, -0.008088, 2.310853, 12.304998, 0.0
8978.0, 10.630913, 2.110098, -0.008096, 2.310853, 12.304998, 0.0
8978.0, 10.630913, 2.110098, -0.008096, 2.310853, 12.304998, 0.0
8994.0, 10.680911, 2.102342, -0.00809, 2.310853, 12.304998, 0.0
8994.0, 10.680911, 2.102342, -0.00809, 2.310853, 12.304998, 0.0
9011.0, 10.730915, 2.094585, -0.008097, 2.310853, 12.304998, 0.0
9028.0, 10.780875, 2.086835, -0.008076, 2.310853, 12.304998, 0.0
9028.0, 10.780875, 2.086835, -0.008076, 2.310853, 12.304998, 0.0
9044.0, 10.830831, 2.079086, -0.00807, 2.310853, 12.304998, 0.0
9044.0, 10.830831, 2.079086, -0.00807, 2.310853, 12.304998, 0.0
9061.0, 10.88078, 2.071337, -0.008057, 2.310853, 12.304998, 0.0
9078.0, 10.930741, 2.063586, -0.008064, 2.310853, 12.304998, 0.0
9078.0, 10.930741, 2.063586, -0.008064, 2.310853, 12.304998, 0.0
9094.0, 10.980701, 2.055835, -0.008062, 2.310853, 12.304998, 0.0
9094.0, 10.980701, 2.055835, -0.008062, 2.310853, 12.304998, 0.0
9112.0, 11.030675, 2.048083, -0.008077, 2.310853, 12.304998, 0.0
9128.0, 11.080686, 2.040325, -0.008095, 2.310853, 12.304998, 0.0
9128.0, 11.080686, 2.040325, -0.008095, 2.310853, 12.304998, 0.0
9144.0, 11.130716, 2.032564, -0.008124, 2.310853, 12.304998, 0.0
9144.0, 11.130716, 2.032564, -0.008124, 2.310853, 12.304998, 0.0
9161.0, 11.180746, 2.024806, -0.008133, 2.310853, 12.304998, 0.0
9177.0, 11.230779, 2.017047, -0.008148, 2.311251, 12.805003, 0.0
9177.0, 11.230779, 2.017047, -0.008148, 2.311251, 12.805003, 0.0
9195.0, 11.280802, 2.00929, -0.008142, 2.311251, 12.805003, 0.0
9195.0, 11.280802, 2.00929, -0.008142, 2.311251, 12.805003, 0.0
9212.0, 11.330827, 2.001533, -0.008146, 2.311251, 12.805003, 0.0
9229.0, 11.380843, 1.993776, -0.008134, 2.311251, 12.805003, 0.0
9229.0, 11.380843, 1.993776, -0.008134, 2.311251, 12.805003, 0.0
9244.0, 11.430861, 1.986019, -0.008133, 2.311251, 12.805003, 0.0
9244.0, 11.430861, 1.986019, -0.008133, 2.311251, 12.805003, 0.0
9261.0, 11.480871, 1.978263, -0.008119, 2.311251, 12.805003, 0.0
9279.0, 11.530885, 1.970505, -0.008118, 2.311251, 12.805003, 0.0
9279.0, 11.530885, 1.970505, -0.008118, 2.311251, 12.805003, 0.0
9296.0, 11.58089, 1.962748, -0.008105, 2.311251, 12.805003, 0.0
9296.0, 11.58089, 1.962748, -0.008105, 2.311251, 12.805003, 0.0
9313.0, 11.631102, 1.954959, -0.008107, 2.311251, 12.805003, 0.0
9329.0, 11.681067, 1.947208, -0.00808, 2.311251, 12.805003, 0.0
9329.0, 11.681067, 1.947208, -0.00808, 2.311251, 12.805003, 0.0
9345.0, 11.731026, 1.939457, -0.008071, 2.311251, 12.805003, 0.0
9345.0, 11.731026, 1.939457, -0.008071, 2.311251, 12.805003, 0.0
9361.0, 11.780978, 1.931706, -0.008055, 2.311251, 12.805003, 0.0
9378.0, 11.831024, 1.923941, -0.00806, 2.311251, 12.805003, 0.0
9378.0, 11.831024, 1.923941, -0.00806, 2.311251, 12.805003, 0.0
9394.0, 11.880986, 1.916189, -0.008057, 2.311251, 12.805003, 0.0
9394.0, 11.880986, 1.916189, -0.008057, 2.311251, 12.805003, 0.0
9413.0, 11.930961, 1.908435, -0.008071, 2.311251, 12.805003, 0.0
9428.0, 11.980972, 1.900677, -0.008089, 2.311649, 13.305197, 0.0
9428.0, 11.980972, 1.900677, -0.008089, 2.311649, 13.305197, 0.0
9444.0, 12.031005, 1.892915, -0.008119, 2.311649, 13.305197, 0.0
9444.0, 12.031005, 1.892915, -0.008119, 2.311649, 13.305197, 0.0
9461.0, 12.081035, 1.885156, -0.008128, 2.311649, 13.305197, 0.0
9478.0, 12.131068, 1.877397, -0.008143, 2.311649, 13.305197, 0.0
9478.0, 12.131068, 1.877397, -0.008143, 2.311649, 13.305197, 0.0
9495.0, 12.181092, 1.869639, -0.008138, 2.311649, 13.305197, 0.0
9495.0, 12.181092, 1.869639, -0.008138, 2.311649, 13.305197, 0.0
9512.0, 12.231118, 1.861881, -0.008143, 2.311649, 13.305197, 0.0
9529.0, 12.281135, 1.854125, -0.00813, 2.311649, 13.305197, 0.0
9529.0, 12.281135, 1.854125, -0.00813, 2.311649, 13.305197, 0.0
9545.0, 12.331154, 1.846367, -0.008131, 2.311649, 13.305197, 0.0
9545.0, 12.331154, 1.846367, -0.008131, 2.311649, 13.305197, 0.0
9561.0, 12.381164, 1.838611, -0.008117, 2.311649, 13.305197, 0.0
9578.0, 12.431177, 1.830853, -0.008117, 2.311649, 13.305197, 0.0
9578.0, 12.431177, 1.830853, -0.008117, 2.311649, 13.305197, 0.0
9595.0, 12.481182, 1.823096, -0.008104, 2.311649, 13.305197, 0.0
9595.0, 12.481182, 1.823096, -0.008104, 2.311649, 13.305197, 0.0
9612.0, 12.531192, 1.815338, -0.008105, 2.311649, 13.305197, 0.0
9628.0, 12.581157, 1.807587, -0.008079, 2.311649, 13.305197, 0.0
9628.0, 12.581157, 1.807587, -0.008079, 2.311649, 13.305197, 0.0
9647.0, 12.631185, 1.799826, -0.008069, 2.311649, 13.305197, 0.0
9647.0, 12.631185, 1.799826, -0.008069, 2.311649, 13.305197, 0.0
9661.0, 12.681137, 1.792075, -0.008054, 2.311649, 13.305197, 0.0
9679.0, 12.7311, 1.784323, -0.008059, 2.312047, 13.805246, 0.0
9679.0, 12.7311, 1.784323, -0.008059, 2.312047, 13.805246, 0.0
9695.0, 12.781063, 1.776571, -0.008056, 2.312047, 13.805246, 0.0
9695.0, 12.781063, 1.776571, -0.008056, 2.312047, 13.805246, 0.0
9712.0, 12.831038, 1.768817, -0.00807, 2.312047, 13.805246, 0.0
9729.0, 12.881049, 1.761058, -0.008088, 2.312047, 13.805246, 0.0
9729.0, 12.881049, 1.761058, -0.008088, 2.312047, 13.805246, 0.0
9751.0, 12.931082, 1.753297, -0.008118, 2.312047, 13.805246, 0.0
9751.0, 12.931082, 1.753297, -0.008118, 2.312047, 13.805246, 0.0
9771.0, 13.009508, 1.741133, -0.008141, 2.312047, 13.805246, 0.0
9771.0, 13.009508, 1.741133, -0.008141, 2.312047, 13.805246, 0.0
9787.0, 13.059503, 1.733381, -0.008241, 2.312047, 13.805246, 0.0
9787.0, 13.059503, 1.733381, -0.008241, 2.312047, 13.805246, 0.0
9806.0, 13.10954, 1.725624, -0.008306, 2.312047, 13.805246, 0.0
9806.0, 13.10954, 1.725624, -0.008306, 2.312047, 13.805246, 0.0
9822.0, 13.161974, 1.717495, -0.009317, 2.312047, 13.805246, 0.0
9844.0, 13.23301, 1.706523, -0.010447, 2.312047, 13.805246, 0.0
9844.0, 13.23301, 1.706523, -0.010447, 2.312047, 13.805246, 0.0
9844.0, 13.23301, 1.706523, -0.010447, 2.312047, 13.805246, 0.0
9861.0, 13.285861, 1.6984, -0.010841, 2.312047, 13.805246, 0.0
9882.0, 13.35214, 1.688236, -0.010753, 2.312047, 13.805246, 0.0
9882.0, 13.35214, 1.688236, -0.010753, 2.312047, 13.805246, 0.0
9899.0, 13.404149, 1.680249, -0.010387, 2.312047, 13.805246, 0.0
9899.0, 13.404149, 1.680249, -0.010387, 2.312047, 13.805246, 0.0
9933.0, 13.456312, 1.672211, -0.009813, 2.312047, 13.805246, 0.0
9933.0, 13.456312, 1.672211, -0.009813, 2.312047, 13.805246, 0.0
9975.0, 13.548372, 1.657987, -0.004574, 2.31245, 14.311523, 0.0
9975.0, 13.548372, 1.657987, -0.004574, 2.31245, 14.311523, 0.0
9975.0, 13.548372, 1.657987, -0.004574, 2.31245, 14.311523, 0.0
9975.0, 13.548372, 1.657987, -0.004574, 2.31245, 14.311523, 0.0
