2.0, 0.0, 0.0, 0.002231, 2.829553, -2.827301, 0.0
2.0, 0.0, 0.0, 0.002231, 2.829553, -2.827301, 0.0
16.0, -0.000085, -0.000251, -0.004071, 2.829553, -2.827301, 0.0
17.0, -0.000085, -0.000251, -0.004071, 2.829553, -2.827301, 0.0
32.0, -0.000245, -0.000339, -0.009483, 2.829553, -2.827301, 0.0
49.0, -0.0005, -0.000172, -0.012134, 2.829553, -2.827301, 0.0
49.0, -0.0005, -0.000172, -0.012134, 2.829553, -2.827301, 0.0
64.0, -0.000891, 0.000183, -0.013124, 2.829553, -2.827301, 0.0
64.0, -0.000891, 0.000183, -0.013124, 2.829553, -2.827301, 0.0
81.0, -0.001466, 0.000619, -0.012894, 2.829553, -2.827301, 0.0
98.0, -0.002272, 0.001026, -0.011809, 2.829553, -2.827301, 0.0
98.0, -0.002272, 0.001026, -0.011809, 2.829553, -2.827301, 0.0
116.0, -0.003351, 0.001297, -0.010165, 2.829553, -2.827301, 0.0
116.0, -0.003351, 0.001297, -0.010165, 2.829553, -2.827301, 0.0
131.0, -0.004611, 0.001328, -0.008172, 2.663934, -2.662937, 0.0
148.0, -0.006215, 0.001449, -0.006064, 2.663934, -2.662937, 0.0
148.0, -0.006215, 0.001449, -0.006064, 2.663934, -2.662937, 0.0
164.0, -0.008268, 0.001675, -0.00357, 2.663934, -2.662937, 0.0
164.0, -0.008268, 0.001675, -0.00357, 2.663934, -2.662937, 0.0
181.0, -0.010777, 0.001987, -0.000711, 2.663934, -2.662937, 0.0
198.0, -0.013773, 0.002462, 0.002121, 2.663934, -2.662937, 0.0
198.0, -0.013773, 0.002462, 0.002121, 2.663934, -2.662937, 0.0
215.0, -0.016597, 0.003004, 0.001613, 2.663934, -2.662937, 0.0
215.0, -0.016597, 0.003004, 0.001613, 2.663934, -2.662937, 0.0
231.0, -0.020333, 0.004055, 0.002088, 2.663934, -2.662937, 0.0
248.0, -0.024627, 0.00532, 0.002652, 2.663934, -2.662937, 0.0
248.0, -0.024627, 0.00532, 0.002652, 2.663934, -2.662937, 0.0
265.0, -0.029404, 0.006752, 0.003235, 2.663934, -2.662937, 0.0
265.0, -0.029404, 0.006752, 0.003235, 2.663934, -2.662937, 0.0
281.0, -0.03468, 0.008322, 0.003824, 2.663934, -2.662937, 0.0
297.0, -0.040426, 0.01001, 0.004393, 2.663934, -2.662937, 0.0
297.0, -0.040426, 0.01001, 0.004393, 2.663934, -2.662937, 0.0
315.0, -0.046658, 0.011816, 0.004926, 2.663934, -2.662937, 0.0
315.0, -0.046658, 0.011816, 0.004926, 2.663934, -2.662937, 0.0
331.0, -0.05337, 0.013737, 0.005412, 2.663934, -2.662937, 0.0
348.0, -0.060566, 0.015777, 0.005847, 2.663934, -2.662937, 0.0
348.0, -0.060566, 0.015777, 0.005847, 2.663934, -2.662937, 0.0
365.0, -0.068247, 0.017936, 0.006232, 2.663934, -2.662937, 0.0
365.0, -0.068247, 0.017936, 0.006232, 2.663934, -2.662937, 0.0
381.0, -0.076413, 0.020216, 0.006568, 2.308953, -2.310648, 0.0
398.0, -0.085064, 0.022618, 0.006859, 2.308953, -2.310648, 0.0
398.0, -0.085064, 0.022618, 0.006859, 2.308953, -2.310648, 0.0
415.0, -0.094199, 0.025144, 0.007109, 2.308953, -2.310648, 0.0
415.0, -0.094199, 0.025144, 0.007109, 2.308953, -2.310648, 0.0
431.0, -0.103827, 0.027797, 0.007326, 2.308953, -2.310648, 0.0
448.0, -0.113942, 0.030574, 0.007512, 2.308953, -2.310648, 0.0
448.0, -0.113942, 0.030574, 0.007512, 2.308953, -2.310648, 0.0
465.0, -0.12454, 0.033476, 0.007669, 2.308953, -2.310648, 0.0
465.0, -0.12454, 0.033476, 0.007669, 2.308953, -2.310648, 0.0
481.0, -0.135621, 0.036503, 0.007804, 2.308953, -2.310648, 0.0
498.0, -0.147185, 0.039655, 0.007921, 2.308953, -2.310648, 0.0
498.0, -0.147185, 0.039655, 0.007921, 2.308953, -2.310648, 0.0
516.0, -0.159232, 0.042932, 0.008023, 2.308953, -2.310648, 0.0
516.0, -0.159232, 0.042932, 0.008023, 2.308953, -2.310648, 0.0
532.0, -0.171781, 0.046339, 0.008113, 2.308953, -2.310648, 0.0
548.0, -0.184786, 0.049864, 0.008196, 2.308953, -2.310648, 0.0
548.0, -0.184786, 0.049864, 0.008196, 2.308953, -2.310648, 0.0
564.0, -0.198275, 0.053513, 0.008273, 2.308953, -2.310648, 0.0
564.0, -0.198275, 0.053513, 0.008273, 2.308953, -2.310648, 0.0
581.0, -0.212248, 0.057287, 0.008348, 2.308953, -2.310648, 0.0
598.0, -0.226704, 0.061186, 0.00842, 2.308953, -2.310648, 0.0
598.0, -0.226704, 0.061186, 0.00842, 2.308953, -2.310648, 0.0
616.0, -0.241644, 0.065209, 0.008492, 2.308953, -2.310648, 0.0
616.0, -0.241644, 0.065209, 0.008492, 2.308953, -2.310648, 0.0
631.0, -0.257068, 0.069355, 0.008563, 1.954005, -1.958391, 0.0
648.0, -0.272977, 0.073626, 0.008634, 1.954005, -1.958391, 0.0
648.0, -0.272977, 0.073626, 0.008634, 1.954005, -1.958391, 0.0
665.0, -0.28937, 0.07802, 0.008706, 1.954005, -1.958391, 0.0
665.0, -0.28937, 0.07802, 0.008706, 1.954005, -1.958391, 0.0
681.0, -0.306247, 0.082537, 0.008777, 1.954005, -1.958391, 0.0
698.0, -0.323609, 0.087177, 0.00885, 1.954005, -1.958391, 0.0
698.0, -0.323609, 0.087177, 0.00885, 1.954005, -1.958391, 0.0
716.0, -0.341455, 0.09194, 0.008922, 1.954005, -1.958391, 0.0
716.0, -0.341455, 0.09194, 0.008922, 1.954005, -1.958391, 0.0
731.0, -0.35978, 0.096823, 0.008977, 1.954005, -1.958391, 0.0
747.0, -0.378451, 0.101792, 0.008992, 1.954005, -1.958391, 0.0
747.0, -0.378451, 0.101792, 0.008992, 1.954005, -1.958391, 0.0
764.0, -0.397431, 0.106837, 0.008957, 1.954005, -1.958391, 0.0
764.0, -0.397431, 0.106837, 0.008957, 1.954005, -1.958391, 0.0
781.0, -0.416668, 0.111943, 0.008868, 1.954005, -1.958391, 0.0
797.0, -0.436107, 0.117096, 0.00873, 1.954005, -1.958391, 0.0
797.0, -0.436107, 0.117096, 0.00873, 1.954005, -1.958391, 0.0
815.0, -0.455716, 0.122287, 0.008552, 1.954005, -1.958391, 0.0
815.0, -0.455716, 0.122287, 0.008552, 1.954005, -1.958391, 0.0
831.0, -0.475454, 0.127504, 0.008342, 1.954005, -1.958391, 0.0
847.0, -0.4953, 0.132743, 0.008113, 1.954005, -1.958391, 0.0
847.0, -0.4953, 0.132743, 0.008113, 1.954005, -1.958391, 0.0
865.0, -0.515236, 0.138, 0.007876, 1.954005, -1.958391, 0.0
865.0, -0.515236, 0.138, 0.007876, 1.954005, -1.958391, 0.0
880.0, -0.535244, 0.143269, 0.007641, 1.599037, -1.606115, 0.0
898.0, -0.555311, 0.14855, 0.007414, 1.599037, -1.606115, 0.0
898.0, -0.555311, 0.14855, 0.007414, 1.599037, -1.606115, 0.0
916.0, -0.575425, 0.153839, 0.0072, 1.599037, -1.606115, 0.0
916.0, -0.575425, 0.153839, 0.0072, 1.599037, -1.606115, 0.0
931.0, -0.595528, 0.159122, 0.006982, 1.599037, -1.606115, 0.0
948.0, -0.615549, 0.164381, 0.006743, 1.599037, -1.606115, 0.0
948.0, -0.615549, 0.164381, 0.006743, 1.599037, -1.606115, 0.0
965.0, -0.635421, 0.1696, 0.006474, 1.599037, -1.606115, 0.0
965.0, -0.635421, 0.1696, 0.006474, 1.599037, -1.606115, 0.0
980.0, -0.655084, 0.174762, 0.006173, 1.599037, -1.606115, 0.0
997.0, -0.674487, 0.179855, 0.005843, 1.599037, -1.606115, 0.0
997.0, -0.674487, 0.179855, 0.005843, 1.599037, -1.606115, 0.0
1015.0, -0.693589, 0.184868, 0.005493, 1.599037, -1.606115, 0.0
1015.0, -0.693589, 0.184868, 0.005493, 1.599037, -1.606115, 0.0
1031.0, -0.712361, 0.189794, 0.005132, 1.599037, -1.606115, 0.0
1047.0, -0.730769, 0.194624, 0.004768, 1.599037, -1.606115, 0.0
1047.0, -0.730769, 0.194624, 0.004768, 1.599037, -1.606115, 0.0
1064.0, -0.748789, 0.199352, 0.004406, 1.599037, -1.606115, 0.0
1064.0, -0.748789, 0.199352, 0.004406, 1.599037, -1.606115, 0.0
1081.0, -0.7664, 0.203973, 0.004055, 1.599037, -1.606115, 0.0
1098.0, -0.783613, 0.208491, 0.003719, 1.599037, -1.606115, 0.0
1098.0, -0.783613, 0.208491, 0.003719, 1.599037, -1.606115, 0.0
1116.0, -0.800364, 0.212888, 0.003403, 1.599037, -1.606115, 0.0
1116.0, -0.800364, 0.212888, 0.003403, 1.599037, -1.606115, 0.0
1131.0, -0.816664, 0.217169, 0.003107, 1.244103, -1.253871, 0.0
1148.0, -0.83251, 0.221331, 0.002836, 1.244103, -1.253871, 0.0
1148.0, -0.83251, 0.221331, 0.002836, 1.244103, -1.253871, 0.0
1164.0, -0.847912, 0.225378, 0.002589, 1.244103, -1.253871, 0.0
1164.0, -0.847912, 0.225378, 0.002589, 1.244103, -1.253871, 0.0
1181.0, -0.862853, 0.229305, 0.002366, 1.244103, -1.253871, 0.0
1198.0, -0.87731, 0.233104, 0.002167, 1.244103, -1.253871, 0.0
1198.0, -0.87731, 0.233104, 0.002167, 1.244103, -1.253871, 0.0
1216.0, -0.891299, 0.236781, 0.001988, 1.244103, -1.253871, 0.0
1216.0, -0.891299, 0.236781, 0.001988, 1.244103, -1.253871, 0.0
1231.0, -0.904816, 0.240333, 0.001827, 1.244103, -1.253871, 0.0
1247.0, -0.917859, 0.243759, 0.001681, 1.244103, -1.253871, 0.0
1247.0, -0.917859, 0.243759, 0.001681, 1.244103, -1.253871, 0.0
1264.0, -0.930428, 0.247057, 0.00155, 1.244103, -1.253871, 0.0
1264.0, -0.930428, 0.247057, 0.00155, 1.244103, -1.253871, 0.0
1281.0, -0.94252, 0.250226, 0.001429, 1.244103, -1.253871, 0.0
1297.0, -0.954136, 0.253265, 0.001318, 1.244103, -1.253871, 0.0
1297.0, -0.954136, 0.253265, 0.001318, 1.244103, -1.253871, 0.0
1315.0, -0.965274, 0.256173, 0.001214, 1.244103, -1.253871, 0.0
1315.0, -0.965274, 0.256173, 0.001214, 1.244103, -1.253871, 0.0
1331.0, -0.975938, 0.258949, 0.001118, 1.244103, -1.253871, 0.0
1348.0, -0.986126, 0.261592, 0.001026, 1.244103, -1.253871, 0.0
1348.0, -0.986126, 0.261592, 0.001026, 1.244103, -1.253871, 0.0
1365.0, -0.995834, 0.2641, 0.000937, 1.244103, -1.253871, 0.0
1365.0, -0.995834, 0.2641, 0.000937, 1.244103, -1.253871, 0.0
1381.0, -1.005062, 0.266471, 0.00085, 0.889151, -0.901611, 0.0
1398.0, -1.013817, 0.268706, 0.000763, 0.889151, -0.901611, 0.0
1398.0, -1.013817, 0.268706, 0.000763, 0.889151, -0.901611, 0.0
1416.0, -1.022085, 0.270802, 0.000678, 0.889151, -0.901611, 0.0
1416.0, -1.022085, 0.270802, 0.000678, 0.889151, -0.901611, 0.0
1431.0, -1.02987, 0.272757, 0.000592, 0.889151, -0.901611, 0.0
1448.0, -1.037175, 0.274572, 0.000506, 0.889151, -0.901611, 0.0
1448.0, -1.037175, 0.274572, 0.000506, 0.889151, -0.901611, 0.0
1465.0, -1.044002, 0.276246, 0.000421, 0.889151, -0.901611, 0.0
1465.0, -1.044002, 0.276246, 0.000421, 0.889151, -0.901611, 0.0
1480.0, -1.050349, 0.277778, 0.000336, 0.889151, -0.901611, 0.0
1498.0, -1.056219, 0.279167, 0.000251, 0.889151, -0.901611, 0.0
1498.0, -1.056219, 0.279167, 0.000251, 0.889151, -0.901611, 0.0
1515.0, -1.061611, 0.280413, 0.000166, 0.889151, -0.901611, 0.0
1515.0, -1.061611, 0.280413, 0.000166, 0.889151, -0.901611, 0.0
1532.0, -1.066526, 0.281516, 0.000081, 0.889151, -0.901611, 0.0
1548.0, -1.070964, 0.282475, -0.000004, 0.889151, -0.901611, 0.0
1548.0, -1.070964, 0.282475, -0.000004, 0.889151, -0.901611, 0.0
1566.0, -1.074924, 0.283288, -0.000091, 0.889151, -0.901611, 0.0
1566.0, -1.074924, 0.283288, -0.000091, 0.889151, -0.901611, 0.0
1581.0, -1.078406, 0.283957, -0.00018, 0.889151, -0.901611, 0.0
1598.0, -1.08141, 0.284482, -0.000271, 0.889151, -0.901611, 0.0
1598.0, -1.08141, 0.284482, -0.000271, 0.889151, -0.901611, 0.0
1616.0, -1.083935, 0.284863, -0.000363, 0.889151, -0.901611, 0.0
1616.0, -1.083935, 0.284863, -0.000363, 0.889151, -0.901611, 0.0
1631.0, -1.085982, 0.285103, -0.00046, 0.534232, -0.549383, 0.0
1648.0, -1.087552, 0.285207, -0.000562, 0.534232, -0.549383, 0.0
1648.0, -1.087552, 0.285207, -0.000562, 0.534232, -0.549383, 0.0
1665.0, -1.088646, 0.285185, -0.000676, 0.534232, -0.549383, 0.0
1665.0, -1.088646, 0.285185, -0.000676, 0.534232, -0.549383, 0.0
1681.0, -1.089276, 0.285061, -0.000829, 0.534232, -0.549383, 0.0
1697.0, -1.089491, 0.284878, -0.001057, 0.534232, -0.549383, 0.0
1697.0, -1.089491, 0.284878, -0.001057, 0.534232, -0.549383, 0.0
1715.0, -1.0894, 0.284646, -0.001366, 0.534232, -0.549383, 0.0
1715.0, -1.0894, 0.284646, -0.001366, 0.534232, -0.549383, 0.0
1730.0, -1.089041, 0.28426, -0.001644, 0.534232, -0.549383, 0.0
1747.0, -1.08831, 0.283641, -0.001978, 0.534232, -0.549383, 0.0
1747.0, -1.08831, 0.283641, -0.001978, 0.534232, -0.549383, 0.0
1765.0, -1.087114, 0.282778, -0.002399, 0.534232, -0.549383, 0.0
1765.0, -1.087114, 0.282778, -0.002399, 0.534232, -0.549383, 0.0
1781.0, -1.085407, 0.281691, -0.002896, 0.534232, -0.549383, 0.0
1798.0, -1.083166, 0.280397, -0.003443, 0.534232, -0.549383, 0.0
1798.0, -1.083166, 0.280397, -0.003443, 0.534232, -0.549383, 0.0
1816.0, -1.080386, 0.278913, -0.00401, 0.534232, -0.549383, 0.0
1816.0, -1.080386, 0.278913, -0.00401, 0.534232, -0.549383, 0.0
1831.0, -1.077072, 0.277252, -0.00457, 0.534232, -0.549383, 0.0
1848.0, -1.073227, 0.275423, -0.005104, 0.534232, -0.549383, 0.0
1848.0, -1.073227, 0.275423, -0.005104, 0.534232, -0.549383, 0.0
1865.0, -1.06886, 0.273428, -0.005599, 0.534232, -0.549383, 0.0
1865.0, -1.06886, 0.273428, -0.005599, 0.534232, -0.549383, 0.0
1881.0, -1.063975, 0.271271, -0.006045, 0.179227, -0.19707, 0.0
1898.0, -1.058581, 0.268954, -0.006441, 0.179227, -0.19707, 0.0
1898.0, -1.058581, 0.268954, -0.006441, 0.179227, -0.19707, 0.0
1916.0, -1.052683, 0.266477, -0.006786, 0.179227, -0.19707, 0.0
1916.0, -1.052683, 0.266477, -0.006786, 0.179227, -0.19707, 0.0
1931.0, -1.046281, 0.263838, -0.007085, 0.179227, -0.19707, 0.0
1947.0, -1.039385, 0.261038, -0.007339, 0.179227, -0.19707, 0.0
1947.0, -1.039385, 0.261038, -0.007339, 0.179227, -0.19707, 0.0
1964.0, -1.032, 0.258076, -0.007554, 0.179227, -0.19707, 0.0
1964.0, -1.032, 0.258076, -0.007554, 0.179227, -0.19707, 0.0
1981.0, -1.024129, 0.254952, -0.007735, 0.179227, -0.19707, 0.0
1998.0, -1.015777, 0.251665, -0.007888, 0.179227, -0.19707, 0.0
1998.0, -1.015777, 0.251665, -0.007888, 0.179227, -0.19707, 0.0
2016.0, -1.006945, 0.248214, -0.008019, 0.179227, -0.19707, 0.0
2016.0, -1.006945, 0.248214, -0.008019, 0.179227, -0.19707, 0.0
2031.0, -0.997622, 0.244593, -0.008132, 0.179227, -0.19707, 0.0
2047.0, -0.987841, 0.240813, -0.008232, 0.179227, -0.19707, 0.0
2048.0, -0.987841, 0.240813, -0.008232, 0.179227, -0.19707, 0.0
2065.0, -0.977586, 0.236866, -0.008325, 0.179227, -0.19707, 0.0
2065.0, -0.977586, 0.236866, -0.008325, 0.179227, -0.19707, 0.0
2081.0, -0.966857, 0.232751, -0.008412, 0.179227, -0.19707, 0.0
2099.0, -0.955655, 0.228468, -0.008496, 0.179227, -0.19707, 0.0
2099.0, -0.955655, 0.228468, -0.008496, 0.179227, -0.19707, 0.0
2117.0, -0.943967, 0.22401, -0.00858, 0.179227, -0.19707, 0.0
2117.0, -0.943967, 0.22401, -0.00858, 0.179227, -0.19707, 0.0
2131.0, -0.931821, 0.219388, -0.008664, -0.175748, 0.155213, 0.0
2148.0, -0.9192, 0.214594, -0.008749, -0.175748, 0.155213, 0.0
2148.0, -0.9192, 0.214594, -0.008749, -0.175748, 0.155213, 0.0
2165.0, -0.906112, 0.209631, -0.008836, -0.175748, 0.155213, 0.0
2165.0, -0.906112, 0.209631, -0.008836, -0.175748, 0.155213, 0.0
2181.0, -0.892553, 0.204496, -0.008926, -0.175748, 0.155213, 0.0
2198.0, -0.878524, 0.199189, -0.009017, -0.175748, 0.155213, 0.0
2198.0, -0.878524, 0.199189, -0.009017, -0.175748, 0.155213, 0.0
2216.0, -0.864025, 0.19371, -0.009111, -0.175748, 0.155213, 0.0
2216.0, -0.864025, 0.19371, -0.009111, -0.175748, 0.155213, 0.0
2231.0, -0.849051, 0.188055, -0.00921, -0.175748, 0.155213, 0.0
2248.0, -0.833606, 0.182227, -0.009311, -0.175748, 0.155213, 0.0
2248.0, -0.833606, 0.182227, -0.009311, -0.175748, 0.155213, 0.0
2265.0, -0.817692, 0.176225, -0.009412, -0.175748, 0.155213, 0.0
2265.0, -0.817692, 0.176225, -0.009412, -0.175748, 0.155213, 0.0
2282.0, -0.801309, 0.170049, -0.009515, -0.175748, 0.155213, 0.0
2298.0, -0.784459, 0.163699, -0.009618, -0.175748, 0.155213, 0.0
2298.0, -0.784459, 0.163699, -0.009618, -0.175748, 0.155213, 0.0
2316.0, -0.76714, 0.157174, -0.009723, -0.175748, 0.155213, 0.0
2316.0, -0.76714, 0.157174, -0.009723, -0.175748, 0.155213, 0.0
2331.0, -0.749361, 0.150477, -0.009825, -0.175748, 0.155213, 0.0
2348.0, -0.731116, 0.143604, -0.00993, -0.175748, 0.155213, 0.0
2348.0, -0.731116, 0.143604, -0.00993, -0.175748, 0.155213, 0.0
2365.0, -0.712404, 0.136556, -0.010036, -0.175748, 0.155213, 0.0
2365.0, -0.712404, 0.136556, -0.010036, -0.175748, 0.155213, 0.0
2380.0, -0.693224, 0.129331, -0.010145, -0.530653, 0.507427, 0.0
2398.0, -0.673575, 0.121928, -0.010256, -0.530653, 0.507427, 0.0
2398.0, -0.673575, 0.121928, -0.010256, -0.530653, 0.507427, 0.0
2415.0, -0.653459, 0.114349, -0.010368, -0.530653, 0.507427, 0.0
2415.0, -0.653459, 0.114349, -0.010368, -0.530653, 0.507427, 0.0
2431.0, -0.632866, 0.106588, -0.010484, -0.530653, 0.507427, 0.0
2449.0, -0.611803, 0.098648, -0.010601, -0.530653, 0.507427, 0.0
2449.0, -0.611803, 0.098648, -0.010601, -0.530653, 0.507427, 0.0
2465.0, -0.590186, 0.090498, -0.010717, -0.530653, 0.507427, 0.0
2465.0, -0.590186, 0.090498, -0.010717, -0.530653, 0.507427, 0.0
2481.0, -0.568188, 0.082201, -0.010832, -0.530653, 0.507427, 0.0
2498.0, -0.545722, 0.073725, -0.010947, -0.530653, 0.507427, 0.0
2498.0, -0.545722, 0.073725, -0.010947, -0.530653, 0.507427, 0.0
2516.0, -0.52279, 0.06507, -0.011061, -0.530653, 0.507427, 0.0
2516.0, -0.52279, 0.06507, -0.011061, -0.530653, 0.507427, 0.0
2531.0, -0.49941, 0.056243, -0.011167, -0.530653, 0.507427, 0.0
2548.0, -0.475567, 0.047237, -0.011274, -0.530653, 0.507427, 0.0
2548.0, -0.475567, 0.047237, -0.011274, -0.530653, 0.507427, 0.0
2566.0, -0.451261, 0.038053, -0.011384, -0.530653, 0.507427, 0.0
2566.0, -0.451261, 0.038053, -0.011384, -0.530653, 0.507427, 0.0
2581.0, -0.426486, 0.028687, -0.011498, -0.530653, 0.507427, 0.0
2598.0, -0.401244, 0.019139, -0.011614, -0.530653, 0.507427, 0.0
2598.0, -0.401244, 0.019139, -0.011614, -0.530653, 0.507427, 0.0
2617.0, -0.375533, 0.009411, -0.011732, -0.530653, 0.507427, 0.0
2617.0, -0.375533, 0.009411, -0.011732, -0.530653, 0.507427, 0.0
2631.0, -0.349333, -0.000507, -0.011859, -0.885649, 0.859732, 0.0
2648.0, -0.32266, -0.010609, -0.011986, -0.885649, 0.859732, 0.0
2648.0, -0.32266, -0.010609, -0.011986, -0.885649, 0.859732, 0.0
2665.0, -0.295519, -0.020893, -0.012109, -0.885649, 0.859732, 0.0
2665.0, -0.295519, -0.020893, -0.012109, -0.885649, 0.859732, 0.0
2681.0, -0.267865, -0.031376, -0.012229, -0.885649, 0.859732, 0.0
2699.0, -0.239795, -0.042022, -0.012347, -0.885649, 0.859732, 0.0
2699.0, -0.239795, -0.042022, -0.012347, -0.885649, 0.859732, 0.0
2716.0, -0.211261, -0.052849, -0.012462, -0.885649, 0.859732, 0.0
2716.0, -0.211261, -0.052849, -0.012462, -0.885649, 0.859732, 0.0
2732.0, -0.182274, -0.063854, -0.012572, -0.885649, 0.859732, 0.0
2749.0, -0.152827, -0.075039, -0.012682, -0.885649, 0.859732, 0.0
2749.0, -0.152827, -0.075039, -0.012682, -0.885649, 0.859732, 0.0
2765.0, -0.122915, -0.086406, -0.012793, -0.885649, 0.859732, 0.0
2765.0, -0.122915, -0.086406, -0.012793, -0.885649, 0.859732, 0.0
2782.0, -0.092538, -0.097956, -0.012907, -0.885649, 0.859732, 0.0
2798.0, -0.061695, -0.109689, -0.013023, -0.885649, 0.859732, 0.0
2798.0, -0.061695, -0.109689, -0.013023, -0.885649, 0.859732, 0.0
2817.0, -0.030386, -0.121605, -0.013141, -0.885649, 0.859732, 0.0
2817.0, -0.030386, -0.121605, -0.013141, -0.885649, 0.859732, 0.0
2831.0, 0.001437, -0.133722, -0.013265, -0.885649, 0.859732, 0.0
2848.0, 0.033694, -0.146011, -0.013389, -0.885649, 0.859732, 0.0
2848.0, 0.033694, -0.146011, -0.013389, -0.885649, 0.859732, 0.0
2865.0, 0.066418, -0.158483, -0.013511, -0.885649, 0.859732, 0.0
2865.0, 0.066418, -0.158483, -0.013511, -0.885649, 0.859732, 0.0
2881.0, 0.099606, -0.171137, -0.013632, -1.240616, 1.212008, 0.0
2898.0, 0.133258, -0.183974, -0.013751, -1.240616, 1.212008, 0.0
2898.0, 0.133258, -0.183974, -0.013751, -1.240616, 1.212008, 0.0
2916.0, 0.167374, -0.196994, -0.013869, -1.240616, 1.212008, 0.0
2916.0, 0.167374, -0.196994, -0.013869, -1.240616, 1.212008, 0.0
2931.0, 0.20194, -0.210192, -0.013981, -1.240616, 1.212008, 0.0
2949.0, 0.236967, -0.223571, -0.014094, -1.240616, 1.212008, 0.0
2949.0, 0.236967, -0.223571, -0.014094, -1.240616, 1.212008, 0.0
2965.0, 0.272458, -0.237134, -0.014209, -1.240616, 1.212008, 0.0
2965.0, 0.272458, -0.237134, -0.014209, -1.240616, 1.212008, 0.0
2981.0, 0.308414, -0.25088, -0.014326, -1.240616, 1.212008, 0.0
2998.0, 0.344837, -0.264811, -0.014446, -1.240616, 1.212008, 0.0
2998.0, 0.344837, -0.264811, -0.014446, -1.240616, 1.212008, 0.0
3017.0, 0.381727, -0.278926, -0.014568, -1.240616, 1.212008, 0.0
3017.0, 0.381727, -0.278926, -0.014568, -1.240616, 1.212008, 0.0
3032.0, 0.419083, -0.293224, -0.01469, -1.240616, 1.212008, 0.0
3048.0, 0.456905, -0.307707, -0.014813, -1.240616, 1.212008, 0.0
3048.0, 0.456905, -0.307707, -0.014813, -1.240616, 1.212008, 0.0
3064.0, 0.495193, -0.322373, -0.014936, -1.240616, 1.212008, 0.0
3064.0, 0.495193, -0.322373, -0.014936, -1.240616, 1.212008, 0.0
3081.0, 0.533947, -0.337223, -0.015059, -1.240616, 1.212008, 0.0
3097.0, 0.573168, -0.352257, -0.015183, -1.240616, 1.212008, 0.0
3097.0, 0.573168, -0.352257, -0.015183, -1.240616, 1.212008, 0.0
3117.0, 0.612854, -0.367474, -0.015305, -1.240616, 1.212008, 0.0
3117.0, 0.612854, -0.367474, -0.015305, -1.240616, 1.212008, 0.0
3131.0, 0.6532, -0.38295, -0.015434, -1.595515, 1.564216, 0.0
3147.0, 0.693838, -0.398542, -0.015563, -1.595515, 1.564216, 0.0
3149.0, 0.693838, -0.398542, -0.015563, -1.595515, 1.564216, 0.0
3165.0, 0.734943, -0.414318, -0.015689, -1.595515, 1.564216, 0.0
3165.0, 0.734943, -0.414318, -0.015689, -1.595515, 1.564216, 0.0
3181.0, 0.776511, -0.430277, -0.015811, -1.595515, 1.564216, 0.0
3198.0, 0.818543, -0.446418, -0.015931, -1.595515, 1.564216, 0.0
3198.0, 0.818543, -0.446418, -0.015931, -1.595515, 1.564216, 0.0
3216.0, 0.861037, -0.462742, -0.01605, -1.595515, 1.564216, 0.0
3216.0, 0.861037, -0.462742, -0.01605, -1.595515, 1.564216, 0.0
3231.0, 0.903963, -0.479236, -0.016154, -1.595515, 1.564216, 0.0
3249.0, 0.947342, -0.495908, -0.016259, -1.595515, 1.564216, 0.0
3249.0, 0.947342, -0.495908, -0.016259, -1.595515, 1.564216, 0.0
3264.0, 0.991349, -0.512828, -0.016371, -1.595515, 1.564216, 0.0
3264.0, 0.991349, -0.512828, -0.016371, -1.595515, 1.564216, 0.0
3281.0, 1.035662, -0.529869, -0.01649, -1.595515, 1.564216, 0.0
3298.0, 1.080444, -0.547094, -0.016613, -1.595515, 1.564216, 0.0
3298.0, 1.080444, -0.547094, -0.016613, -1.595515, 1.564216, 0.0
3315.0, 1.125696, -0.564504, -0.01674, -1.595515, 1.564216, 0.0
3315.0, 1.125696, -0.564504, -0.01674, -1.595515, 1.564216, 0.0
3332.0, 1.171435, -0.582104, -0.016875, -1.595515, 1.564216, 0.0
3348.0, 1.217648, -0.599889, -0.01701, -1.595515, 1.564216, 0.0
3348.0, 1.217648, -0.599889, -0.01701, -1.595515, 1.564216, 0.0
3366.0, 1.264329, -0.617857, -0.017142, -1.595515, 1.564216, 0.0
3366.0, 1.264329, -0.617857, -0.017142, -1.595515, 1.564216, 0.0
3382.0, 1.311476, -0.636007, -0.01727, -1.950609, 1.916618, 0.0
3398.0, 1.359088, -0.654338, -0.017395, -1.950609, 1.916618, 0.0
3398.0, 1.359088, -0.654338, -0.017395, -1.950609, 1.916618, 0.0
3416.0, 1.407125, -0.672852, -0.017501, -1.950609, 1.916618, 0.0
3416.0, 1.407125, -0.672852, -0.017501, -1.950609, 1.916618, 0.0
3432.0, 1.455547, -0.691556, -0.017578, -1.950609, 1.916618, 0.0
3448.0, 1.504281, -0.710447, -0.017609, -1.950609, 1.916618, 0.0
3448.0, 1.504281, -0.710447, -0.017609, -1.950609, 1.916618, 0.0
3466.0, 1.553267, -0.729526, -0.017588, -1.950609, 1.916618, 0.0
3466.0, 1.553267, -0.729526, -0.017588, -1.950609, 1.916618, 0.0
3482.0, 1.602455, -0.748793, -0.01752, -1.950609, 1.916618, 0.0
3499.0, 1.651806, -0.76825, -0.017414, -1.950609, 1.916618, 0.0
3499.0, 1.651806, -0.76825, -0.017414, -1.950609, 1.916618, 0.0
3515.0, 1.701286, -0.787899, -0.01728, -1.950609, 1.916618, 0.0
3515.0, 1.701286, -0.787899, -0.01728, -1.950609, 1.916618, 0.0
3532.0, 1.750852, -0.807731, -0.017123, -1.950609, 1.916618, 0.0
3547.0, 1.800495, -0.827753, -0.016962, -1.950609, 1.916618, 0.0
3547.0, 1.800495, -0.827753, -0.016962, -1.950609, 1.916618, 0.0
3565.0, 1.850203, -0.847965, -0.016808, -1.950609, 1.916618, 0.0
3565.0, 1.850203, -0.847965, -0.016808, -1.950609, 1.916618, 0.0
3582.0, 1.899967, -0.868367, -0.016668, -1.950609, 1.916618, 0.0
3598.0, 1.949775, -0.888956, -0.016548, -1.950609, 1.916618, 0.0
3598.0, 1.949775, -0.888956, -0.016548, -1.950609, 1.916618, 0.0
3616.0, 1.999621, -0.909733, -0.016449, -1.950609, 1.916618, 0.0
3616.0, 1.999621, -0.909733, -0.016449, -1.950609, 1.916618, 0.0
3632.0, 2.049516, -0.930701, -0.016381, -2.305509, 2.268826, 0.0
3648.0, 2.099473, -0.951866, -0.016335, -2.305509, 2.268826, 0.0
3648.0, 2.099473, -0.951866, -0.016335, -2.305509, 2.268826, 0.0
3666.0, 2.149418, -0.973198, -0.016308, -2.305509, 2.268826, 0.0
3666.0, 2.149418, -0.973198, -0.016308, -2.305509, 2.268826, 0.0
3682.0, 2.199379, -0.994708, -0.016299, -2.305509, 2.268826, 0.0
3699.0, 2.249351, -1.016394, -0.016307, -2.305509, 2.268826, 0.0
3699.0, 2.249351, -1.016394, -0.016307, -2.305509, 2.268826, 0.0
3716.0, 2.299332, -1.038255, -0.01633, -2.305509, 2.268826, 0.0
3716.0, 2.299332, -1.038255, -0.01633, -2.305509, 2.268826, 0.0
3732.0, 2.349302, -1.060282, -0.016359, -2.305509, 2.268826, 0.0
3750.0, 2.399349, -1.082515, -0.016403, -2.305509, 2.268826, 0.0
3750.0, 2.399349, -1.082515, -0.016403, -2.305509, 2.268826, 0.0
3766.0, 2.449368, -1.104906, -0.01646, -2.305509, 2.268826, 0.0
3766.0, 2.449368, -1.104906, -0.01646, -2.305509, 2.268826, 0.0
3781.0, 2.499352, -1.127454, -0.016531, -2.305509, 2.268826, 0.0
3798.0, 2.549344, -1.150177, -0.016613, -2.305509, 2.268826, 0.0
3798.0, 2.549344, -1.150177, -0.016613, -2.305509, 2.268826, 0.0
3815.0, 2.599344, -1.173074, -0.016703, -2.305509, 2.268826, 0.0
3815.0, 2.599344, -1.173074, -0.016703, -2.305509, 2.268826, 0.0
3832.0, 2.64935, -1.196146, -0.016798, -2.305509, 2.268826, 0.0
3848.0, 2.699361, -1.219391, -0.016899, -2.305509, 2.268826, 0.0
3848.0, 2.699361, -1.219391, -0.016899, -2.305509, 2.268826, 0.0
3865.0, 2.749378, -1.242811, -0.017002, -2.305509, 2.268826, 0.0
3865.0, 2.749378, -1.242811, -0.017002, -2.305509, 2.268826, 0.0
3880.0, 2.799398, -1.266403, -0.017107, -2.660478, 2.621104, 0.0
3899.0, 2.849422, -1.290169, -0.017213, -2.660478, 2.621104, 0.0
3899.0, 2.849422, -1.290169, -0.017213, -2.660478, 2.621104, 0.0
3917.0, 2.899449, -1.314109, -0.01732, -2.660478, 2.621104, 0.0
3917.0, 2.899449, -1.314109, -0.01732, -2.660478, 2.621104, 0.0
3931.0, 2.949498, -1.338232, -0.017434, -2.660478, 2.621104, 0.0
3948.0, 2.999554, -1.362529, -0.017548, -2.660478, 2.621104, 0.0
3948.0, 2.999554, -1.362529, -0.017548, -2.660478, 2.621104, 0.0
3966.0, 3.049611, -1.386999, -0.017658, -2.660478, 2.621104, 0.0
3966.0, 3.049611, -1.386999, -0.017658, -2.660478, 2.621104, 0.0
3982.0, 3.099667, -1.411641, -0.017764, -2.660478, 2.621104, 0.0
3999.0, 3.149722, -1.436455, -0.017867, -2.660478, 2.621104, 0.0
3999.0, 3.149722, -1.436455, -0.017867, -2.660478, 2.621104, 0.0
4016.0, 3.199975, -1.461539, -0.017969, -2.660478, 2.621104, 0.0
4016.0, 3.199975, -1.461539, -0.017969, -2.660478, 2.621104, 0.0
4031.0, 3.249986, -1.486675, -0.018055, -2.660478, 2.621104, 0.0
4048.0, 3.299986, -1.511978, -0.018141, -2.660478, 2.621104, 0.0
4048.0, 3.299986, -1.511978, -0.018141, -2.660478, 2.621104, 0.0
4064.0, 3.349986, -1.537453, -0.018234, -2.660478, 2.621104, 0.0
4064.0, 3.349986, -1.537453, -0.018234, -2.660478, 2.621104, 0.0
4081.0, 3.399989, -1.563101, -0.018335, -2.660478, 2.621104, 0.0
4098.0, 3.449998, -1.588922, -0.01844, -2.660478, 2.621104, 0.0
4098.0, 3.449998, -1.588922, -0.01844, -2.660478, 2.621104, 0.0
4115.0, 3.500012, -1.614917, -0.018549, -2.660478, 2.621104, 0.0
4115.0, 3.500012, -1.614917, -0.018549, -2.660478, 2.621104, 0.0
4131.0, 3.550069, -1.641103, -0.018676, -3.015472, 2.973407, 0.0
4148.0, 3.600141, -1.667466, -0.018802, -3.015472, 2.973407, 0.0
4148.0, 3.600141, -1.667466, -0.018802, -3.015472, 2.973407, 0.0
4166.0, 3.650216, -1.693998, -0.018921, -3.015472, 2.973407, 0.0
4166.0, 3.650216, -1.693998, -0.018921, -3.015472, 2.973407, 0.0
4182.0, 3.700289, -1.720698, -0.019033, -3.015472, 2.973407, 0.0
4199.0, 3.750359, -1.747563, -0.019138, -3.015472, 2.973407, 0.0
4199.0, 3.750359, -1.747563, -0.019138, -3.015472, 2.973407, 0.0
4216.0, 3.800425, -1.774595, -0.019239, -3.015472, 2.973407, 0.0
4216.0, 3.800425, -1.774595, -0.019239, -3.015472, 2.973407, 0.0
4232.0, 3.850468, -1.801783, -0.019328, -3.015472, 2.973407, 0.0
4249.0, 3.900502, -1.829134, -0.019418, -3.015472, 2.973407, 0.0
4249.0, 3.900502, -1.829134, -0.019418, -3.015472, 2.973407, 0.0
4266.0, 3.950535, -1.856652, -0.019509, -3.015472, 2.973407, 0.0
4266.0, 3.950535, -1.856652, -0.019509, -3.015472, 2.973407, 0.0
4281.0, 4.000566, -1.884337, -0.019604, -3.015472, 2.973407, 0.0
4298.0, 4.050599, -1.912189, -0.019702, -3.015472, 2.973407, 0.0
4298.0, 4.050599, -1.912189, -0.019702, -3.015472, 2.973407, 0.0
4316.0, 4.100644, -1.940215, -0.019802, -3.015472, 2.973407, 0.0
4316.0, 4.100644, -1.940215, -0.019802, -3.015472, 2.973407, 0.0
4331.0, 4.150699, -1.968412, -0.019912, -3.015472, 2.973407, 0.0
4348.0, 4.200907, -1.99686, -0.020022, -3.015472, 2.973407, 0.0
4348.0, 4.200907, -1.99686, -0.020022, -3.015472, 2.973407, 0.0
4365.0, 4.250969, -2.02539, -0.020129, -3.015472, 2.973407, 0.0
4365.0, 4.250969, -2.02539, -0.020129, -3.015472, 2.973407, 0.0
4381.0, 4.30103, -2.054083, -0.020233, -3.370446, 3.325689, 0.0
4398.0, 4.351089, -2.082939, -0.020334, -3.370446, 3.325689, 0.0
4398.0, 4.351089, -2.082939, -0.020334, -3.370446, 3.325689, 0.0
4417.0, 4.401146, -2.111957, -0.020432, -3.370446, 3.325689, 0.0
4417.0, 4.401146, -2.111957, -0.020432, -3.370446, 3.325689, 0.0
4432.0, 4.451181, -2.141126, -0.020522, -3.370446, 3.325689, 0.0
4449.0, 4.50121, -2.170453, -0.020612, -3.370446, 3.325689, 0.0
4449.0, 4.50121, -2.170453, -0.020612, -3.370446, 3.325689, 0.0
4465.0, 4.551237, -2.199943, -0.020704, -3.370446, 3.325689, 0.0
4465.0, 4.551237, -2.199943, -0.020704, -3.370446, 3.325689, 0.0
4482.0, 4.601265, -2.229595, -0.0208, -3.370446, 3.325689, 0.0
4498.0, 4.651296, -2.25941, -0.020898, -3.370446, 3.325689, 0.0
4498.0, 4.651296, -2.25941, -0.020898, -3.370446, 3.325689, 0.0
4516.0, 4.701328, -2.289387, -0.020999, -3.370446, 3.325689, 0.0
4516.0, 4.701328, -2.289387, -0.020999, -3.370446, 3.325689, 0.0
4532.0, 4.751363, -2.319526, -0.0211, -3.370446, 3.325689, 0.0
4549.0, 4.8014, -2.349826, -0.021202, -3.370446, 3.325689, 0.0
4549.0, 4.8014, -2.349826, -0.021202, -3.370446, 3.325689, 0.0
4565.0, 4.851438, -2.380286, -0.021303, -3.370446, 3.325689, 0.0
4565.0, 4.851438, -2.380286, -0.021303, -3.370446, 3.325689, 0.0
4581.0, 4.901478, -2.410905, -0.021405, -3.370446, 3.325689, 0.0
4598.0, 4.951519, -2.441684, -0.021505, -3.370446, 3.325689, 0.0
4598.0, 4.951519, -2.441684, -0.021505, -3.370446, 3.325689, 0.0
4617.0, 5.001561, -2.472621, -0.021605, -3.370446, 3.325689, 0.0
4617.0, 5.001561, -2.472621, -0.021605, -3.370446, 3.325689, 0.0
4632.0, 5.051622, -2.503713, -0.021711, -3.725345, 3.677897, 0.0
4649.0, 5.101689, -2.53493, -0.021813, -3.725345, 3.677897, 0.0
4649.0, 5.101689, -2.53493, -0.021813, -3.725345, 3.677897, 0.0
4664.0, 5.151754, -2.566247, -0.021908, -3.725345, 3.677897, 0.0
4664.0, 5.151754, -2.566247, -0.021908, -3.725345, 3.677897, 0.0
4681.0, 5.201816, -2.597647, -0.021994, -3.725345, 3.677897, 0.0
4697.0, 5.251873, -2.629114, -0.022071, -3.725345, 3.677897, 0.0
4697.0, 5.251873, -2.629114, -0.022071, -3.725345, 3.677897, 0.0
4715.0, 5.302004, -2.660684, -0.022141, -3.725345, 3.677897, 0.0
4715.0, 5.302004, -2.660684, -0.022141, -3.725345, 3.677897, 0.0
4731.0, 5.352032, -2.692238, -0.022195, -3.725345, 3.677897, 0.0
4749.0, 5.40205, -2.723824, -0.022243, -3.725345, 3.677897, 0.0
4749.0, 5.40205, -2.723824, -0.022243, -3.725345, 3.677897, 0.0
4765.0, 5.452065, -2.755441, -0.022287, -3.725345, 3.677897, 0.0
4765.0, 5.452065, -2.755441, -0.022287, -3.725345, 3.677897, 0.0
4782.0, 5.502077, -2.787084, -0.022328, -3.725345, 3.677897, 0.0
4798.0, 5.552089, -2.818749, -0.022367, -3.725345, 3.677897, 0.0
4798.0, 5.552089, -2.818749, -0.022367, -3.725345, 3.677897, 0.0
4816.0, 5.602365, -2.8506, -0.022402, -3.725345, 3.677897, 0.0
4816.0, 5.602365, -2.8506, -0.022402, -3.725345, 3.677897, 0.0
4831.0, 5.652357, -2.882286, -0.022426, -3.725345, 3.677897, 0.0
4849.0, 5.702344, -2.913983, -0.022448, -3.725345, 3.677897, 0.0
4849.0, 5.702344, -2.913983, -0.022448, -3.725345, 3.677897, 0.0
4866.0, 5.752332, -2.945689, -0.022469, -3.725345, 3.677897, 0.0
4866.0, 5.752332, -2.945689, -0.022469, -3.725345, 3.677897, 0.0
4881.0, 5.80232, -2.977407, -0.022489, -4.080408, 4.030267, 0.0
4899.0, 5.852312, -3.009133, -0.022509, -4.080408, 4.030267, 0.0
4899.0, 5.852312, -3.009133, -0.022509, -4.080408, 4.030267, 0.0
4916.0, 5.902307, -3.040867, -0.022528, -4.080408, 4.030267, 0.0
4916.0, 5.902307, -3.040867, -0.022528, -4.080408, 4.030267, 0.0
4931.0, 5.952291, -3.072619, -0.022539, -4.080408, 4.030267, 0.0
4948.0, 6.002177, -3.104351, -0.022506, -4.080408, 4.030267, 0.0
4948.0, 6.002177, -3.104351, -0.022506, -4.080408, 4.030267, 0.0
4965.0, 6.05189, -3.13604, -0.022412, -4.080408, 4.030267, 0.0
4965.0, 6.05189, -3.13604, -0.022412, -4.080408, 4.030267, 0.0
4981.0, 6.101367, -3.167669, -0.022257, -4.080408, 4.030267, 0.0
4998.0, 6.150563, -3.199225, -0.022043, -4.080408, 4.030267, 0.0
4999.0, 6.150563, -3.199225, -0.022043, -4.080408, 4.030267, 0.0
5016.0, 6.199434, -3.230698, -0.021782, -4.080408, 4.030267, 0.0
5016.0, 6.199434, -3.230698, -0.021782, -4.080408, 4.030267, 0.0
5031.0, 6.247931, -3.262068, -0.021479, -4.080408, 4.030267, 0.0
5049.0, 6.29604, -3.293337, -0.021153, -4.080408, 4.030267, 0.0
5049.0, 6.29604, -3.293337, -0.021153, -4.080408, 4.030267, 0.0
5065.0, 6.343746, -3.324502, -0.02082, -4.080408, 4.030267, 0.0
5065.0, 6.343746, -3.324502, -0.02082, -4.080408, 4.030267, 0.0
5082.0, 6.391036, -3.355558, -0.020489, -4.080408, 4.030267, 0.0
5099.0, 6.437899, -3.386502, -0.020166, -4.080408, 4.030267, 0.0
5099.0, 6.437899, -3.386502, -0.020166, -4.080408, 4.030267, 0.0
5116.0, 6.484323, -3.417328, -0.019859, -4.080408, 4.030267, 0.0
5116.0, 6.484323, -3.417328, -0.019859, -4.080408, 4.030267, 0.0
5131.0, 6.530318, -3.448042, -0.019576, -4.435308, 4.382476, 0.0
5149.0, 6.575865, -3.478632, -0.019312, -4.435308, 4.382476, 0.0
5149.0, 6.575865, -3.478632, -0.019312, -4.435308, 4.382476, 0.0
5165.0, 6.620955, -3.509093, -0.019065, -4.435308, 4.382476, 0.0
5165.0, 6.620955, -3.509093, -0.019065, -4.435308, 4.382476, 0.0
5182.0, 6.665582, -3.539419, -0.018835, -4.435308, 4.382476, 0.0
5199.0, 6.709741, -3.569608, -0.018622, -4.435308, 4.382476, 0.0
5199.0, 6.709741, -3.569608, -0.018622, -4.435308, 4.382476, 0.0
5217.0, 6.753432, -3.599659, -0.018424, -4.435308, 4.382476, 0.0
5217.0, 6.753432, -3.599659, -0.018424, -4.435308, 4.382476, 0.0
5232.0, 6.796636, -3.62956, -0.018236, -4.435308, 4.382476, 0.0
5249.0, 6.839362, -3.659319, -0.018061, -4.435308, 4.382476, 0.0
5249.0, 6.839362, -3.659319, -0.018061, -4.435308, 4.382476, 0.0
5265.0, 6.881616, -3.688938, -0.017902, -4.435308, 4.382476, 0.0
5265.0, 6.881616, -3.688938, -0.017902, -4.435308, 4.382476, 0.0
5282.0, 6.923397, -3.718419, -0.017756, -4.435308, 4.382476, 0.0
5299.0, 6.964706, -3.747762, -0.017622, -4.435308, 4.382476, 0.0
5299.0, 6.964706, -3.747762, -0.017622, -4.435308, 4.382476, 0.0
5315.0, 7.005542, -3.776968, -0.017498, -4.435308, 4.382476, 0.0
5315.0, 7.005542, -3.776968, -0.017498, -4.435308, 4.382476, 0.0
5331.0, 7.045919, -3.806047, -0.017386, -4.435308, 4.382476, 0.0
5347.0, 7.085894, -3.835041, -0.017279, -4.435308, 4.382476, 0.0
5347.0, 7.085894, -3.835041, -0.017279, -4.435308, 4.382476, 0.0
5365.0, 7.125324, -3.863847, -0.017173, -4.435308, 4.382476, 0.0
5365.0, 7.125324, -3.863847, -0.017173, -4.435308, 4.382476, 0.0
5381.0, 7.164274, -3.892516, -0.017066, -4.790247, 4.734725, 0.0
5398.0, 7.202745, -3.921046, -0.016959, -4.790247, 4.734725, 0.0
5398.0, 7.202745, -3.921046, -0.016959, -4.790247, 4.734725, 0.0
5416.0, 7.240736, -3.949438, -0.016852, -4.790247, 4.734725, 0.0
5416.0, 7.240736, -3.949438, -0.016852, -4.790247, 4.734725, 0.0
5431.0, 7.278231, -3.977683, -0.016739, -4.790247, 4.734725, 0.0
5448.0, 7.315241, -4.005788, -0.016627, -4.790247, 4.734725, 0.0
5448.0, 7.315241, -4.005788, -0.016627, -4.790247, 4.734725, 0.0
5464.0, 7.35177, -4.033758, -0.016518, -4.790247, 4.734725, 0.0
5464.0, 7.35177, -4.033758, -0.016518, -4.790247, 4.734725, 0.0
5481.0, 7.38782, -4.061594, -0.016411, -4.790247, 4.734725, 0.0
5499.0, 7.423391, -4.089297, -0.016307, -4.790247, 4.734725, 0.0
5499.0, 7.423391, -4.089297, -0.016307, -4.790247, 4.734725, 0.0
5516.0, 7.458483, -4.116867, -0.016204, -4.790247, 4.734725, 0.0
5516.0, 7.458483, -4.116867, -0.016204, -4.790247, 4.734725, 0.0
5531.0, 7.493108, -4.144315, -0.016108, -4.790247, 4.734725, 0.0
5548.0, 7.527258, -4.171634, -0.016012, -4.790247, 4.734725, 0.0
5548.0, 7.527258, -4.171634, -0.016012, -4.790247, 4.734725, 0.0
5564.0, 7.560926, -4.198819, -0.015914, -4.790247, 4.734725, 0.0
5564.0, 7.560926, -4.198819, -0.015914, -4.790247, 4.734725, 0.0
5581.0, 7.594113, -4.22587, -0.015813, -4.790247, 4.734725, 0.0
5598.0, 7.626816, -4.252787, -0.01571, -4.790247, 4.734725, 0.0
5598.0, 7.626816, -4.252787, -0.01571, -4.790247, 4.734725, 0.0
5616.0, 7.659037, -4.279569, -0.015606, -4.790247, 4.734725, 0.0
5616.0, 7.659037, -4.279569, -0.015606, -4.790247, 4.734725, 0.0
5631.0, 7.690762, -4.306208, -0.015495, -5.145146, 5.086933, 0.0
5648.0, 7.722, -4.33271, -0.015385, -5.145146, 5.086933, 0.0
5648.0, 7.722, -4.33271, -0.015385, -5.145146, 5.086933, 0.0
5666.0, 7.752756, -4.35908, -0.015277, -5.145146, 5.086933, 0.0
5666.0, 7.752756, -4.35908, -0.015277, -5.145146, 5.086933, 0.0
5681.0, 7.783031, -4.385318, -0.01517, -5.145146, 5.086933, 0.0
5699.0, 7.812826, -4.411425, -0.015066, -5.145146, 5.086933, 0.0
5699.0, 7.812826, -4.411425, -0.015066, -5.145146, 5.086933, 0.0
5717.0, 7.84214, -4.4374, -0.014963, -5.145146, 5.086933, 0.0
5717.0, 7.84214, -4.4374, -0.014963, -5.145146, 5.086933, 0.0
5731.0, 7.870985, -4.463254, -0.014864, -5.145146, 5.086933, 0.0
5750.0, 7.899352, -4.488979, -0.014766, -5.145146, 5.086933, 0.0
5750.0, 7.899352, -4.488979, -0.014766, -5.145146, 5.086933, 0.0
5766.0, 7.927238, -4.514572, -0.014665, -5.145146, 5.086933, 0.0
5766.0, 7.927238, -4.514572, -0.014665, -5.145146, 5.086933, 0.0
5783.0, 7.954749, -4.540131, -0.014562, -5.145146, 5.086933, 0.0
5798.0, 7.981667, -4.565455, -0.014456, -5.145146, 5.086933, 0.0
5798.0, 7.981667, -4.565455, -0.014456, -5.145146, 5.086933, 0.0
5816.0, 8.008122, -4.590666, -0.014349, -5.145146, 5.086933, 0.0
5816.0, 8.008122, -4.590666, -0.014349, -5.145146, 5.086933, 0.0
5831.0, 8.034055, -4.615703, -0.014233, -5.145146, 5.086933, 0.0
5848.0, 8.059499, -4.640601, -0.014117, -5.145146, 5.086933, 0.0
5848.0, 8.059499, -4.640601, -0.014117, -5.145146, 5.086933, 0.0
5866.0, 8.08446, -4.665366, -0.014005, -5.145146, 5.086933, 0.0
5866.0, 8.08446, -4.665366, -0.014005, -5.145146, 5.086933, 0.0
5881.0, 8.108944, -4.69, -0.013895, -5.500159, 5.439254, 0.0
5898.0, 8.132948, -4.714502, -0.013788, -5.500159, 5.439254, 0.0
5898.0, 8.132948, -4.714502, -0.013788, -5.500159, 5.439254, 0.0
5917.0, 8.156473, -4.738874, -0.013682, -5.500159, 5.439254, 0.0
5917.0, 8.156473, -4.738874, -0.013682, -5.500159, 5.439254, 0.0
5931.0, 8.179538, -4.763133, -0.013585, -5.500159, 5.439254, 0.0
5950.0, 8.202127, -4.787263, -0.013486, -5.500159, 5.439254, 0.0
5950.0, 8.202127, -4.787263, -0.013486, -5.500159, 5.439254, 0.0
5966.0, 8.224237, -4.81126, -0.013383, -5.500159, 5.439254, 0.0
5966.0, 8.224237, -4.81126, -0.013383, -5.500159, 5.439254, 0.0
5981.0, 8.245865, -4.835121, -0.013276, -5.500159, 5.439254, 0.0
5999.0, 8.267011, -4.858845, -0.013165, -5.500159, 5.439254, 0.0
5999.0, 8.267011, -4.858845, -0.013165, -5.500159, 5.439254, 0.0
6016.0, 8.287723, -4.882489, -0.013051, -5.500159, 5.439254, 0.0
6016.0, 8.287723, -4.882489, -0.013051, -5.500159, 5.439254, 0.0
6031.0, 8.307894, -4.905928, -0.012932, -5.500159, 5.439254, 0.0
6049.0, 8.327579, -4.929227, -0.012812, -5.500159, 5.439254, 0.0
6049.0, 8.327579, -4.929227, -0.012812, -5.500159, 5.439254, 0.0
6065.0, 8.346783, -4.952388, -0.012692, -5.500159, 5.439254, 0.0
6065.0, 8.346783, -4.952388, -0.012692, -5.500159, 5.439254, 0.0
6081.0, 8.365506, -4.975413, -0.012573, -5.500159, 5.439254, 0.0
6098.0, 8.383749, -4.998302, -0.012454, -5.500159, 5.439254, 0.0
6098.0, 8.383749, -4.998302, -0.012454, -5.500159, 5.439254, 0.0
6117.0, 8.401512, -5.021053, -0.012336, -5.500159, 5.439254, 0.0
6117.0, 8.401512, -5.021053, -0.012336, -5.500159, 5.439254, 0.0
6132.0, 8.418797, -5.043668, -0.012218, -5.855118, 5.791521, 0.0
6149.0, 8.4356, -5.066145, -0.012099, -5.855118, 5.791521, 0.0
6149.0, 8.4356, -5.066145, -0.012099, -5.855118, 5.791521, 0.0
6167.0, 8.451994, -5.088578, -0.011979, -5.855118, 5.791521, 0.0
6167.0, 8.451994, -5.088578, -0.011979, -5.855118, 5.791521, 0.0
6182.0, 8.467838, -5.110778, -0.011859, -5.855118, 5.791521, 0.0
6199.0, 8.483203, -5.132838, -0.011738, -5.855118, 5.791521, 0.0
6199.0, 8.483203, -5.132838, -0.011738, -5.855118, 5.791521, 0.0
6217.0, 8.498088, -5.154759, -0.011617, -5.855118, 5.791521, 0.0
6217.0, 8.498088, -5.154759, -0.011617, -5.855118, 5.791521, 0.0
6232.0, 8.512493, -5.17654, -0.011494, -5.855118, 5.791521, 0.0
6248.0, 8.526421, -5.19818, -0.01137, -5.855118, 5.791521, 0.0
6248.0, 8.526421, -5.19818, -0.01137, -5.855118, 5.791521, 0.0
6264.0, 8.539868, -5.21968, -0.011246, -5.855118, 5.791521, 0.0
6264.0, 8.539868, -5.21968, -0.011246, -5.855118, 5.791521, 0.0
6281.0, 8.552838, -5.241037, -0.01112, -5.855118, 5.791521, 0.0
6298.0, 8.56533, -5.262253, -0.010994, -5.855118, 5.791521, 0.0
6298.0, 8.56533, -5.262253, -0.010994, -5.855118, 5.791521, 0.0
6316.0, 8.577342, -5.283326, -0.010867, -5.855118, 5.791521, 0.0
6316.0, 8.577342, -5.283326, -0.010867, -5.855118, 5.791521, 0.0
6333.0, 8.588877, -5.304256, -0.010739, -5.855118, 5.791521, 0.0
6349.0, 8.599933, -5.325044, -0.01061, -5.855118, 5.791521, 0.0
6349.0, 8.599933, -5.325044, -0.01061, -5.855118, 5.791521, 0.0
6365.0, 8.610512, -5.345686, -0.01048, -5.855118, 5.791521, 0.0
6365.0, 8.610512, -5.345686, -0.01048, -5.855118, 5.791521, 0.0
6381.0, 8.620613, -5.366185, -0.01035, -6.210119, 6.14383, 0.0
6399.0, 8.630237, -5.386539, -0.010219, -6.210119, 6.14383, 0.0
6399.0, 8.630237, -5.386539, -0.010219, -6.210119, 6.14383, 0.0
6417.0, 8.639382, -5.406747, -0.010087, -6.210119, 6.14383, 0.0
6417.0, 8.639382, -5.406747, -0.010087, -6.210119, 6.14383, 0.0
6432.0, 8.648055, -5.426817, -0.009957, -6.210119, 6.14383, 0.0
6449.0, 8.656251, -5.446744, -0.009826, -6.210119, 6.14383, 0.0
6449.0, 8.656251, -5.446744, -0.009826, -6.210119, 6.14383, 0.0
6466.0, 8.663971, -5.466523, -0.009695, -6.210119, 6.14383, 0.0
6466.0, 8.663971, -5.466523, -0.009695, -6.210119, 6.14383, 0.0
6481.0, 8.671213, -5.486154, -0.009563, -6.210119, 6.14383, 0.0
6498.0, 8.677979, -5.505635, -0.00943, -6.210119, 6.14383, 0.0
6498.0, 8.677979, -5.505635, -0.00943, -6.210119, 6.14383, 0.0
6516.0, 8.684271, -5.52498, -0.009298, -6.210119, 6.14383, 0.0
6516.0, 8.684271, -5.52498, -0.009298, -6.210119, 6.14383, 0.0
6531.0, 8.690129, -5.54417, -0.009186, -6.210119, 6.14383, 0.0
6548.0, 8.69562, -5.563244, -0.009114, -6.210119, 6.14383, 0.0
6548.0, 8.69562, -5.563244, -0.009114, -6.210119, 6.14383, 0.0
6565.0, 8.700805, -5.582227, -0.009094, -6.210119, 6.14383, 0.0
6565.0, 8.700805, -5.582227, -0.009094, -6.210119, 6.14383, 0.0
6582.0, 8.705737, -5.601126, -0.009129, -6.210119, 6.14383, 0.0
6598.0, 8.710464, -5.619961, -0.009215, -6.210119, 6.14383, 0.0
6598.0, 8.710464, -5.619961, -0.009215, -6.210119, 6.14383, 0.0
6617.0, 8.715035, -5.63879, -0.009345, -6.210119, 6.14383, 0.0
6617.0, 8.715035, -5.63879, -0.009345, -6.210119, 6.14383, 0.0
6632.0, 8.719465, -5.657543, -0.009509, -6.565099, 6.496119, 0.0
6649.0, 8.723784, -5.676248, -0.009696, -6.565099, 6.496119, 0.0
6649.0, 8.723784, -5.676248, -0.009696, -6.565099, 6.496119, 0.0
6667.0, 8.728018, -5.694925, -0.009897, -6.565099, 6.496119, 0.0
6668.0, 8.728018, -5.694925, -0.009897, -6.565099, 6.496119, 0.0
6682.0, 8.732183, -5.713578, -0.010102, -6.565099, 6.496119, 0.0
6698.0, 8.736293, -5.732213, -0.010304, -6.565099, 6.496119, 0.0
6698.0, 8.736293, -5.732213, -0.010304, -6.565099, 6.496119, 0.0
6717.0, 8.740357, -5.750833, -0.010498, -6.565099, 6.496119, 0.0
6717.0, 8.740357, -5.750833, -0.010498, -6.565099, 6.496119, 0.0
6732.0, 8.744388, -5.76944, -0.010679, -6.565099, 6.496119, 0.0
6749.0, 8.748388, -5.788037, -0.010844, -6.565099, 6.496119, 0.0
6749.0, 8.748388, -5.788037, -0.010844, -6.565099, 6.496119, 0.0
6765.0, 8.752365, -5.806625, -0.010991, -6.565099, 6.496119, 0.0
6765.0, 8.752365, -5.806625, -0.010991, -6.565099, 6.496119, 0.0
6781.0, 8.756323, -5.825208, -0.01112, -6.565099, 6.496119, 0.0
6799.0, 8.760264, -5.843785, -0.011232, -6.565099, 6.496119, 0.0
6799.0, 8.760264, -5.843785, -0.011232, -6.565099, 6.496119, 0.0
6816.0, 8.764194, -5.862357, -0.011327, -6.565099, 6.496119, 0.0
6816.0, 8.764194, -5.862357, -0.011327, -6.565099, 6.496119, 0.0
6833.0, 8.768111, -5.880934, -0.011407, -6.565099, 6.496119, 0.0
6850.0, 8.772021, -5.899509, -0.011473, -6.565099, 6.496119, 0.0
6850.0, 8.772021, -5.899509, -0.011473, -6.565099, 6.496119, 0.0
6866.0, 8.775923, -5.918083, -0.011526, -6.565099, 6.496119, 0.0
6866.0, 8.775923, -5.918083, -0.011526, -6.565099, 6.496119, 0.0
6882.0, 8.779817, -5.936654, -0.011569, -6.920015, 6.848345, 0.0
6900.0, 8.78371, -5.955252, -0.011602, -6.920015, 6.848345, 0.0
6900.0, 8.78371, -5.955252, -0.011602, -6.920015, 6.848345, 0.0
6918.0, 8.787593, -5.973817, -0.011627, -6.920015, 6.848345, 0.0
6918.0, 8.787593, -5.973817, -0.011627, -6.920015, 6.848345, 0.0
6932.0, 8.791469, -5.992374, -0.011646, -6.920015, 6.848345, 0.0
6948.0, 8.795341, -6.010927, -0.011659, -6.920015, 6.848345, 0.0
6948.0, 8.795341, -6.010927, -0.011659, -6.920015, 6.848345, 0.0
6965.0, 8.799209, -6.02948, -0.01167, -6.920015, 6.848345, 0.0
6965.0, 8.799209, -6.02948, -0.01167, -6.920015, 6.848345, 0.0
6982.0, 8.803075, -6.048031, -0.011677, -6.920015, 6.848345, 0.0
6998.0, 8.806938, -6.066584, -0.011683, -6.920015, 6.848345, 0.0
6998.0, 8.806938, -6.066584, -0.011683, -6.920015, 6.848345, 0.0
7016.0, 8.8108, -6.085137, -0.011687, -6.920015, 6.848345, 0.0
7016.0, 8.8108, -6.085137, -0.011687, -6.920015, 6.848345, 0.0
7032.0, 8.814709, -6.103715, -0.011711, -6.920015, 6.848345, 0.0
7049.0, 8.818726, -6.12233, -0.011773, -6.920015, 6.848345, 0.0
7049.0, 8.818726, -6.12233, -0.011773, -6.920015, 6.848345, 0.0
7066.0, 8.822909, -6.141, -0.011884, -6.920015, 6.848345, 0.0
7066.0, 8.822909, -6.141, -0.011884, -6.920015, 6.848345, 0.0
7082.0, 8.827315, -6.159744, -0.012048, -6.920015, 6.848345, 0.0
7099.0, 8.831988, -6.178574, -0.012262, -6.920015, 6.848345, 0.0
7099.0, 8.831988, -6.178574, -0.012262, -6.920015, 6.848345, 0.0
7116.0, 8.836969, -6.197505, -0.012517, -6.920015, 6.848345, 0.0
7116.0, 8.836969, -6.197505, -0.012517, -6.920015, 6.848345, 0.0
7132.0, 8.842289, -6.216537, -0.012805, -7.274956, 7.200594, 0.0
7149.0, 8.847974, -6.235687, -0.013117, -7.274956, 7.200594, 0.0
7149.0, 8.847974, -6.235687, -0.013117, -7.274956, 7.200594, 0.0
7166.0, 8.85406, -6.255004, -0.013443, -7.274956, 7.200594, 0.0
7166.0, 8.85406, -6.255004, -0.013443, -7.274956, 7.200594, 0.0
7181.0, 8.860541, -6.274413, -0.013775, -7.274956, 7.200594, 0.0
7198.0, 8.867452, -6.293984, -0.014106, -7.274956, 7.200594, 0.0
7198.0, 8.867452, -6.293984, -0.014106, -7.274956, 7.200594, 0.0
7216.0, 8.874784, -6.313672, -0.01443, -7.274956, 7.200594, 0.0
7216.0, 8.874784, -6.313672, -0.01443, -7.274956, 7.200594, 0.0
7231.0, 8.882559, -6.333504, -0.014742, -7.274956, 7.200594, 0.0
7249.0, 8.890779, -6.353484, -0.01504, -7.274956, 7.200594, 0.0
7249.0, 8.890779, -6.353484, -0.01504, -7.274956, 7.200594, 0.0
7265.0, 8.899453, -6.373612, -0.015322, -7.274956, 7.200594, 0.0
7265.0, 8.899453, -6.373612, -0.015322, -7.274956, 7.200594, 0.0
7282.0, 8.908584, -6.393892, -0.015587, -7.274956, 7.200594, 0.0
7299.0, 8.918174, -6.414323, -0.015835, -7.274956, 7.200594, 0.0
7299.0, 8.918174, -6.414323, -0.015835, -7.274956, 7.200594, 0.0
7316.0, 8.928226, -6.434908, -0.016068, -7.274956, 7.200594, 0.0
7316.0, 8.928226, -6.434908, -0.016068, -7.274956, 7.200594, 0.0
7332.0, 8.938748, -6.455656, -0.016288, -7.274956, 7.200594, 0.0
7349.0, 8.949739, -6.476561, -0.016494, -7.274956, 7.200594, 0.0
7349.0, 8.949739, -6.476561, -0.016494, -7.274956, 7.200594, 0.0
7366.0, 8.961196, -6.497622, -0.016688, -7.274956, 7.200594, 0.0
7366.0, 8.961196, -6.497622, -0.016688, -7.274956, 7.200594, 0.0
7382.0, 8.973123, -6.518838, -0.016871, -7.629936, 7.552882, 0.0
7400.0, 8.985518, -6.540211, -0.017044, -7.629936, 7.552882, 0.0
7400.0, 8.985518, -6.540211, -0.017044, -7.629936, 7.552882, 0.0
7418.0, 8.998387, -6.561745, -0.01721, -7.629936, 7.552882, 0.0
7418.0, 8.998387, -6.561745, -0.01721, -7.629936, 7.552882, 0.0
7432.0, 9.011719, -6.583422, -0.017368, -7.629936, 7.552882, 0.0
7448.0, 9.02552, -6.605255, -0.017521, -7.629936, 7.552882, 0.0
7449.0, 9.02552, -6.605255, -0.017521, -7.629936, 7.552882, 0.0
7465.0, 9.039793, -6.627244, -0.017671, -7.629936, 7.552882, 0.0
7465.0, 9.039793, -6.627244, -0.017671, -7.629936, 7.552882, 0.0
7482.0, 9.054539, -6.649393, -0.017818, -7.629936, 7.552882, 0.0
7499.0, 9.069782, -6.671737, -0.017964, -7.629936, 7.552882, 0.0
7499.0, 9.069782, -6.671737, -0.017964, -7.629936, 7.552882, 0.0
7516.0, 9.085475, -6.694203, -0.018109, -7.629936, 7.552882, 0.0
7516.0, 9.085475, -6.694203, -0.018109, -7.629936, 7.552882, 0.0
7532.0, 9.101643, -6.71683, -0.018252, -7.629936, 7.552882, 0.0
7549.0, 9.118283, -6.739616, -0.018395, -7.629936, 7.552882, 0.0
7549.0, 9.118283, -6.739616, -0.018395, -7.629936, 7.552882, 0.0
7565.0, 9.135399, -6.762561, -0.018536, -7.629936, 7.552882, 0.0
7565.0, 9.135399, -6.762561, -0.018536, -7.629936, 7.552882, 0.0
7582.0, 9.152988, -6.785666, -0.018676, -7.629936, 7.552882, 0.0
7600.0, 9.171053, -6.808929, -0.018815, -7.629936, 7.552882, 0.0
7600.0, 9.171053, -6.808929, -0.018815, -7.629936, 7.552882, 0.0
7617.0, 9.18959, -6.832351, -0.018953, -7.629936, 7.552882, 0.0
7617.0, 9.18959, -6.832351, -0.018953, -7.629936, 7.552882, 0.0
7633.0, 9.208611, -6.855942, -0.019094, -7.984884, 7.905139, 0.0
7650.0, 9.228108, -6.879694, -0.019233, -7.984884, 7.905139, 0.0
7650.0, 9.228108, -6.879694, -0.019233, -7.984884, 7.905139, 0.0
7667.0, 9.248079, -6.903605, -0.01937, -7.984884, 7.905139, 0.0
7667.0, 9.248079, -6.903605, -0.01937, -7.984884, 7.905139, 0.0
7682.0, 9.268525, -6.927674, -0.019504, -7.984884, 7.905139, 0.0
7698.0, 9.289443, -6.9519, -0.019638, -7.984884, 7.905139, 0.0
7698.0, 9.289443, -6.9519, -0.019638, -7.984884, 7.905139, 0.0
7717.0, 9.310835, -6.976284, -0.019769, -7.984884, 7.905139, 0.0
7717.0, 9.310835, -6.976284, -0.019769, -7.984884, 7.905139, 0.0
7732.0, 9.332692, -7.000815, -0.019896, -7.984884, 7.905139, 0.0
7749.0, 9.355074, -7.025561, -0.020023, -7.984884, 7.905139, 0.0
7749.0, 9.355074, -7.025561, -0.020023, -7.984884, 7.905139, 0.0
7766.0, 9.377876, -7.050406, -0.020152, -7.984884, 7.905139, 0.0
7766.0, 9.377876, -7.050406, -0.020152, -7.984884, 7.905139, 0.0
7782.0, 9.401155, -7.075411, -0.020281, -7.984884, 7.905139, 0.0
7799.0, 9.424908, -7.100575, -0.020411, -7.984884, 7.905139, 0.0
7799.0, 9.424908, -7.100575, -0.020411, -7.984884, 7.905139, 0.0
7817.0, 9.449156, -7.12592, -0.020541, -7.984884, 7.905139, 0.0
7817.0, 9.449156, -7.12592, -0.020541, -7.984884, 7.905139, 0.0
7833.0, 9.47386, -7.151403, -0.020672, -7.984884, 7.905139, 0.0
7849.0, 9.499039, -7.177047, -0.020802, -7.984884, 7.905139, 0.0
7849.0, 9.499039, -7.177047, -0.020802, -7.984884, 7.905139, 0.0
7866.0, 9.524693, -7.202849, -0.020931, -7.984884, 7.905139, 0.0
7866.0, 9.524693, -7.202849, -0.020931, -7.984884, 7.905139, 0.0
7882.0, 9.550833, -7.22882, -0.02106, -8.33986, 8.257423, 0.0
7899.0, 9.577437, -7.25494, -0.021188, -8.33986, 8.257423, 0.0
7899.0, 9.577437, -7.25494, -0.021188, -8.33986, 8.257423, 0.0
7917.0, 9.604517, -7.281219, -0.021316, -8.33986, 8.257423, 0.0
7917.0, 9.604517, -7.281219, -0.021316, -8.33986, 8.257423, 0.0
7932.0, 9.632033, -7.307652, -0.021426, -8.33986, 8.257423, 0.0
7949.0, 9.659917, -7.334211, -0.021494, -8.33986, 8.257423, 0.0
7949.0, 9.659917, -7.334211, -0.021494, -8.33986, 8.257423, 0.0
7966.0, 9.688103, -7.360876, -0.021509, -8.33986, 8.257423, 0.0
7966.0, 9.688103, -7.360876, -0.021509, -8.33986, 8.257423, 0.0
7982.0, 9.716548, -7.38764, -0.021467, -8.33986, 8.257423, 0.0
8000.0, 9.745179, -7.414464, -0.021373, -8.33986, 8.257423, 0.0
8000.0, 9.745179, -7.414464, -0.021373, -8.33986, 8.257423, 0.0
8017.0, 9.77397, -7.441351, -0.021234, -8.33986, 8.257423, 0.0
8017.0, 9.77397, -7.441351, -0.021234, -8.33986, 8.257423, 0.0
8032.0, 9.802876, -7.46828, -0.021056, -8.33986, 8.257423, 0.0
8049.0, 9.83188, -7.49525, -0.020857, -8.33986, 8.257423, 0.0
8049.0, 9.83188, -7.49525, -0.020857, -8.33986, 8.257423, 0.0
8066.0, 9.860963, -7.522258, -0.020647, -8.33986, 8.257423, 0.0
8066.0, 9.860963, -7.522258, -0.020647, -8.33986, 8.257423, 0.0
8082.0, 9.890144, -7.54933, -0.020436, -8.33986, 8.257423, 0.0
8100.0, 9.919343, -7.576397, -0.020231, -8.33986, 8.257423, 0.0
8100.0, 9.919343, -7.576397, -0.020231, -8.33986, 8.257423, 0.0
8116.0, 9.948584, -7.603487, -0.020039, -8.33986, 8.257423, 0.0
8116.0, 9.948584, -7.603487, -0.020039, -8.33986, 8.257423, 0.0
8132.0, 9.977858, -7.630597, -0.019861, -8.694807, 8.609679, 0.0
8148.0, 10.007159, -7.657721, -0.019701, -8.694807, 8.609679, 0.0
8148.0, 10.007159, -7.657721, -0.019701, -8.694807, 8.609679, 0.0
8165.0, 10.036483, -7.684856, -0.019559, -8.694807, 8.609679, 0.0
8165.0, 10.036483, -7.684856, -0.019559, -8.694807, 8.609679, 0.0
8182.0, 10.06588, -7.712052, -0.019436, -8.694807, 8.609679, 0.0
8199.0, 10.095237, -7.739204, -0.019331, -8.694807, 8.609679, 0.0
8199.0, 10.095237, -7.739204, -0.019331, -8.694807, 8.609679, 0.0
8216.0, 10.124608, -7.766361, -0.019243, -8.694807, 8.609679, 0.0
8216.0, 10.124608, -7.766361, -0.019243, -8.694807, 8.609679, 0.0
8232.0, 10.153989, -7.793521, -0.01917, -8.694807, 8.609679, 0.0
8250.0, 10.18338, -7.820684, -0.019111, -8.694807, 8.609679, 0.0
8250.0, 10.18338, -7.820684, -0.019111, -8.694807, 8.609679, 0.0
8266.0, 10.21278, -7.847848, -0.019064, -8.694807, 8.609679, 0.0
8266.0, 10.21278, -7.847848, -0.019064, -8.694807, 8.609679, 0.0
8282.0, 10.242187, -7.875014, -0.019026, -8.694807, 8.609679, 0.0
8300.0, 10.2716, -7.902179, -0.018997, -8.694807, 8.609679, 0.0
8300.0, 10.2716, -7.902179, -0.018997, -8.694807, 8.609679, 0.0
8317.0, 10.301018, -7.929345, -0.018975, -8.694807, 8.609679, 0.0
8317.0, 10.301018, -7.929345, -0.018975, -8.694807, 8.609679, 0.0
8332.0, 10.330452, -7.956521, -0.018962, -8.694807, 8.609679, 0.0
8349.0, 10.359893, -7.983698, -0.018954, -8.694807, 8.609679, 0.0
8349.0, 10.359893, -7.983698, -0.018954, -8.694807, 8.609679, 0.0
8366.0, 10.38938, -8.010914, -0.018946, -8.694807, 8.609679, 0.0
8366.0, 10.38938, -8.010914, -0.018946, -8.694807, 8.609679, 0.0
8383.0, 10.418825, -8.038089, -0.018939, -9.049784, 8.961965, 0.0
8399.0, 10.448273, -8.065262, -0.018933, -9.049784, 8.961965, 0.0
8399.0, 10.448273, -8.065262, -0.018933, -9.049784, 8.961965, 0.0
8419.0, 10.47772, -8.092433, -0.018927, -9.049784, 8.961965, 0.0
8419.0, 10.47772, -8.092433, -0.018927, -9.049784, 8.961965, 0.0
8435.0, 10.509084, -8.12137, -0.018915, -9.049784, 8.961965, 0.0
8435.0, 10.509084, -8.12137, -0.018915, -9.049784, 8.961965, 0.0
8450.0, 10.538513, -8.14852, -0.018912, -9.049784, 8.961965, 0.0
8467.0, 10.567947, -8.175674, -0.01891, -9.049784, 8.961965, 0.0
8467.0, 10.567947, -8.175674, -0.01891, -9.049784, 8.961965, 0.0
8484.0, 10.597384, -8.202829, -0.01891, -9.049784, 8.961965, 0.0
8484.0, 10.597384, -8.202829, -0.01891, -9.049784, 8.961965, 0.0
8501.0, 10.626824, -8.229985, -0.01891, -9.049784, 8.961965, 0.0
8518.0, 10.656266, -8.257142, -0.018909, -9.049784, 8.961965, 0.0
8518.0, 10.656266, -8.257142, -0.018909, -9.049784, 8.961965, 0.0
8534.0, 10.685521, -8.284123, -0.018834, -9.049784, 8.961965, 0.0
8534.0, 10.685521, -8.284123, -0.018834, -9.049784, 8.961965, 0.0
8550.0, 10.714724, -8.311058, -0.018769, -9.049784, 8.961965, 0.0
8568.0, 10.743931, -8.337998, -0.018736, -9.049784, 8.961965, 0.0
8568.0, 10.743931, -8.337998, -0.018736, -9.049784, 8.961965, 0.0
8583.0, 10.773164, -8.364964, -0.018736, -9.049784, 8.961965, 0.0
8583.0, 10.773164, -8.364964, -0.018736, -9.049784, 8.961965, 0.0
8600.0, 10.802427, -8.391958, -0.018765, -9.049784, 8.961965, 0.0
8617.0, 10.831722, -8.418979, -0.018809, -9.049784, 8.961965, 0.0
8617.0, 10.831722, -8.418979, -0.018809, -9.049784, 8.961965, 0.0
8633.0, 10.861236, -8.446199, -0.018937, -9.406244, 9.315722, 0.0
8633.0, 10.861236, -8.446199, -0.018937, -9.406244, 9.315722, 0.0
8650.0, 10.890827, -8.473488, -0.019058, -9.406244, 9.315722, 0.0
8667.0, 10.920436, -8.500785, -0.019143, -9.406244, 9.315722, 0.0
8667.0, 10.920436, -8.500785, -0.019143, -9.406244, 9.315722, 0.0
8684.0, 10.950036, -8.528071, -0.019188, -9.406244, 9.315722, 0.0
8684.0, 10.950036, -8.528071, -0.019188, -9.406244, 9.315722, 0.0
8700.0, 10.97962, -8.555339, -0.019199, -9.406244, 9.315722, 0.0
8718.0, 11.009215, -8.582619, -0.019186, -9.406244, 9.315722, 0.0
8718.0, 11.009215, -8.582619, -0.019186, -9.406244, 9.315722, 0.0
8733.0, 11.038771, -8.609863, -0.019161, -9.406244, 9.315722, 0.0
8733.0, 11.038771, -8.609863, -0.019161, -9.406244, 9.315722, 0.0
8750.0, 11.068313, -8.637098, -0.019127, -9.406244, 9.315722, 0.0
8767.0, 11.097839, -8.664323, -0.019087, -9.406244, 9.315722, 0.0
8767.0, 11.097839, -8.664323, -0.019087, -9.406244, 9.315722, 0.0
8784.0, 11.127352, -8.691538, -0.019046, -9.406244, 9.315722, 0.0
8784.0, 11.127352, -8.691538, -0.019046, -9.406244, 9.315722, 0.0
8800.0, 11.156851, -8.718744, -0.019006, -9.406244, 9.315722, 0.0
8818.0, 11.186339, -8.745943, -0.01897, -9.406244, 9.315722, 0.0
8818.0, 11.186339, -8.745943, -0.01897, -9.406244, 9.315722, 0.0
8834.0, 11.215808, -8.773126, -0.018934, -9.406244, 9.315722, 0.0
8834.0, 11.215808, -8.773126, -0.018934, -9.406244, 9.315722, 0.0
8850.0, 11.245266, -8.8003, -0.018905, -9.406244, 9.315722, 0.0
8867.0, 11.274718, -8.827471, -0.018883, -9.406244, 9.315722, 0.0
8867.0, 11.274718, -8.827471, -0.018883, -9.406244, 9.315722, 0.0
8883.0, 11.304168, -8.854639, -0.018868, -9.761168, 9.667955, 0.0
8883.0, 11.304168, -8.854639, -0.018868, -9.761168, 9.667955, 0.0
8900.0, 11.333616, -8.881805, -0.018859, -9.761168, 9.667955, 0.0
8919.0, 11.363063, -8.908972, -0.018856, -9.761168, 9.667955, 0.0
8919.0, 11.363063, -8.908972, -0.018856, -9.761168, 9.667955, 0.0
8934.0, 11.392522, -8.936147, -0.01886, -9.761168, 9.667955, 0.0
8934.0, 11.392522, -8.936147, -0.01886, -9.761168, 9.667955, 0.0
8950.0, 11.421983, -8.963324, -0.018866, -9.761168, 9.667955, 0.0
8967.0, 11.451445, -8.990499, -0.018872, -9.761168, 9.667955, 0.0
8967.0, 11.451445, -8.990499, -0.018872, -9.761168, 9.667955, 0.0
8984.0, 11.480905, -9.017673, -0.018877, -9.761168, 9.667955, 0.0
8984.0, 11.480905, -9.017673, -0.018877, -9.761168, 9.667955, 0.0
9000.0, 11.510364, -9.044845, -0.018881, -9.761168, 9.667955, 0.0
9018.0, 11.539822, -9.072013, -0.018883, -9.761168, 9.667955, 0.0
9018.0, 11.539822, -9.072013, -0.018883, -9.761168, 9.667955, 0.0
9034.0, 11.569266, -9.09917, -0.018881, -9.761168, 9.667955, 0.0
9034.0, 11.569266, -9.09917, -0.018881, -9.761168, 9.667955, 0.0
9051.0, 11.598706, -9.126323, -0.018878, -9.761168, 9.667955, 0.0
9067.0, 11.628146, -9.153475, -0.018878, -9.761168, 9.667955, 0.0
9067.0, 11.628146, -9.153475, -0.018878, -9.761168, 9.667955, 0.0
9084.0, 11.657587, -9.180627, -0.018878, -9.761168, 9.667955, 0.0
9084.0, 11.657587, -9.180627, -0.018878, -9.761168, 9.667955, 0.0
9100.0, 11.687029, -9.20778, -0.018878, -9.761168, 9.667955, 0.0
9119.0, 11.716472, -9.234934, -0.018881, -9.761168, 9.667955, 0.0
9119.0, 11.716472, -9.234934, -0.018881, -9.761168, 9.667955, 0.0
9133.0, 11.745928, -9.262099, -0.018889, -10.116068, 10.020164, 0.0
9133.0, 11.745928, -9.262099, -0.018889, -10.116068, 10.020164, 0.0
9149.0, 11.775387, -9.289268, -0.018896, -10.116068, 10.020164, 0.0
9166.0, 11.804848, -9.316438, -0.018901, -10.116068, 10.020164, 0.0
9166.0, 11.804848, -9.316438, -0.018901, -10.116068, 10.020164, 0.0
9183.0, 11.834307, -9.343606, -0.018904, -10.116068, 10.020164, 0.0
9183.0, 11.834307, -9.343606, -0.018904, -10.116068, 10.020164, 0.0
9200.0, 11.863765, -9.370772, -0.018904, -10.116068, 10.020164, 0.0
9217.0, 11.893222, -9.397939, -0.018904, -10.116068, 10.020164, 0.0
9217.0, 11.893222, -9.397939, -0.018904, -10.116068, 10.020164, 0.0
9234.0, 11.922678, -9.425103, -0.018904, -10.116068, 10.020164, 0.0
9234.0, 11.922678, -9.425103, -0.018904, -10.116068, 10.020164, 0.0
9250.0, 11.952132, -9.452267, -0.0189, -10.116068, 10.020164, 0.0
9267.0, 11.981586, -9.47943, -0.018898, -10.116068, 10.020164, 0.0
9267.0, 11.981586, -9.47943, -0.018898, -10.116068, 10.020164, 0.0
9283.0, 12.01104, -9.506593, -0.018896, -10.116068, 10.020164, 0.0
9283.0, 12.01104, -9.506593, -0.018896, -10.116068, 10.020164, 0.0
9300.0, 12.040491, -9.533754, -0.018893, -10.116068, 10.020164, 0.0
9318.0, 12.069942, -9.560916, -0.018892, -10.116068, 10.020164, 0.0
9318.0, 12.069942, -9.560916, -0.018892, -10.116068, 10.020164, 0.0
9334.0, 12.099382, -9.588067, -0.018886, -10.116068, 10.020164, 0.0
9334.0, 12.099382, -9.588067, -0.018886, -10.116068, 10.020164, 0.0
9350.0, 12.128819, -9.615214, -0.018881, -10.116068, 10.020164, 0.0
9366.0, 12.158256, -9.642363, -0.018878, -10.116068, 10.020164, 0.0
9366.0, 12.158256, -9.642363, -0.018878, -10.116068, 10.020164, 0.0
9383.0, 12.187712, -9.669529, -0.018878, -10.470968, 10.372373, 0.0
9383.0, 12.187712, -9.669529, -0.018878, -10.470968, 10.372373, 0.0
9400.0, 12.217151, -9.69668, -0.018878, -10.470968, 10.372373, 0.0
9418.0, 12.246592, -9.723832, -0.018881, -10.470968, 10.372373, 0.0
9418.0, 12.246592, -9.723832, -0.018881, -10.470968, 10.372373, 0.0
9433.0, 12.275996, -9.750981, -0.018868, -10.470968, 10.372373, 0.0
9433.0, 12.275996, -9.750981, -0.018868, -10.470968, 10.372373, 0.0
9450.0, 12.305295, -9.778101, -0.018814, -10.470968, 10.372373, 0.0
9468.0, 12.334421, -9.805169, -0.018707, -10.470968, 10.372373, 0.0
9468.0, 12.334421, -9.805169, -0.018707, -10.470968, 10.372373, 0.0
9483.0, 12.36332, -9.83217, -0.018543, -10.470968, 10.372373, 0.0
9483.0, 12.36332, -9.83217, -0.018543, -10.470968, 10.372373, 0.0
9500.0, 12.391942, -9.85909, -0.018327, -10.470968, 10.372373, 0.0
9518.0, 12.420248, -9.885917, -0.018066, -10.470968, 10.372373, 0.0
9518.0, 12.420248, -9.885917, -0.018066, -10.470968, 10.372373, 0.0
9534.0, 12.448195, -9.91263, -0.017767, -10.470968, 10.372373, 0.0
9534.0, 12.448195, -9.91263, -0.017767, -10.470968, 10.372373, 0.0
9550.0, 12.475764, -9.939232, -0.017446, -10.470968, 10.372373, 0.0
9568.0, 12.502938, -9.965716, -0.017115, -10.470968, 10.372373, 0.0
9568.0, 12.502938, -9.965716, -0.017115, -10.470968, 10.372373, 0.0
9582.0, 12.5297, -9.99208, -0.016783, -10.470968, 10.372373, 0.0
9582.0, 12.5297, -9.99208, -0.016783, -10.470968, 10.372373, 0.0
9600.0, 12.556041, -10.018317, -0.016458, -10.470968, 10.372373, 0.0
9617.0, 12.581946, -10.044422, -0.016143, -10.470968, 10.372373, 0.0
9617.0, 12.581946, -10.044422, -0.016143, -10.470968, 10.372373, 0.0
9633.0, 12.60742, -10.070403, -0.015848, -10.825882, 10.724596, 0.0
9633.0, 12.60742, -10.070403, -0.015848, -10.825882, 10.724596, 0.0
9650.0, 12.632448, -10.096247, -0.01557, -10.825882, 10.724596, 0.0
9667.0, 12.657022, -10.121948, -0.015308, -10.825882, 10.724596, 0.0
9667.0, 12.657022, -10.121948, -0.015308, -10.825882, 10.724596, 0.0
9684.0, 12.681138, -10.147504, -0.015063, -10.825882, 10.724596, 0.0
9684.0, 12.681138, -10.147504, -0.015063, -10.825882, 10.724596, 0.0
9700.0, 12.704793, -10.172911, -0.014835, -10.825882, 10.724596, 0.0
9718.0, 12.727983, -10.198168, -0.014623, -10.825882, 10.724596, 0.0
9718.0, 12.727983, -10.198168, -0.014623, -10.825882, 10.724596, 0.0
9734.0, 12.750748, -10.223279, -0.014442, -10.825882, 10.724596, 0.0
9734.0, 12.750748, -10.223279, -0.014442, -10.825882, 10.724596, 0.0
9751.0, 12.773152, -10.248269, -0.014315, -10.825882, 10.724596, 0.0
9767.0, 12.795261, -10.27316, -0.014252, -10.825882, 10.724596, 0.0
9767.0, 12.795261, -10.27316, -0.014252, -10.825882, 10.724596, 0.0
9783.0, 12.817129, -10.297968, -0.014256, -10.825882, 10.724596, 0.0
9783.0, 12.817129, -10.297968, -0.014256, -10.825882, 10.724596, 0.0
9800.0, 12.838802, -10.322707, -0.01432, -10.825882, 10.724596, 0.0
9817.0, 12.860319, -10.347387, -0.014435, -10.825882, 10.724596, 0.0
9817.0, 12.860319, -10.347387, -0.014435, -10.825882, 10.724596, 0.0
9834.0, 12.881721, -10.372029, -0.014593, -10.825882, 10.724596, 0.0
9834.0, 12.881721, -10.372029, -0.014593, -10.825882, 10.724596, 0.0
9850.0, 12.903026, -10.396633, -0.014777, -10.825882, 10.724596, 0.0
9867.0, 12.924253, -10.421203, -0.014976, -10.825882, 10.724596, 0.0
9867.0, 12.924253, -10.421203, -0.014976, -10.825882, 10.724596, 0.0
9884.0, 12.945417, -10.445743, -0.015179, -11.180782, 11.076805, 0.0
9884.0, 12.945417, -10.445743, -0.015179, -11.180782, 11.076805, 0.0
9900.0, 12.966532, -10.470258, -0.015379, -11.180782, 11.076805, 0.0
9918.0, 12.987606, -10.494752, -0.015569, -11.180782, 11.076805, 0.0
9918.0, 12.987606, -10.494752, -0.015569, -11.180782, 11.076805, 0.0
9934.0, 13.008639, -10.51922, -0.015742, -11.180782, 11.076805, 0.0
9934.0, 13.008639, -10.51922, -0.015742, -11.180782, 11.076805, 0.0
9950.0, 13.029644, -10.543672, -0.015898, -11.180782, 11.076805, 0.0
9967.0, 13.050628, -10.568113, -0.016039, -11.180782, 11.076805, 0.0
9967.0, 13.050628, -10.568113, -0.016039, -11.180782, 11.076805, 0.0
9984.0, 13.071594, -10.592547, -0.016162, -11.180782, 11.076805, 0.0
9984.0, 13.071594, -10.592547, -0.016162, -11.180782, 11.076805, 0.0
