2.0, 0.0, 0.0, 0.002231, 2.122165, -2.120476, 0.0
2.0, 0.0, 0.0, 0.002231, 2.122165, -2.120476, 0.0
16.0, -0.000051, -0.000255, -0.004076, 2.122165, -2.120476, 0.0
17.0, -0.000051, -0.000255, -0.004076, 2.122165, -2.120476, 0.0
32.0, 0.0, -0.00038, -0.009543, 2.122165, -2.120476, 0.0
50.0, 0.000251, -0.000304, -0.012362, 2.122165, -2.120476, 0.0
50.0, 0.000251, -0.000304, -0.012362, 2.122165, -2.120476, 0.0
66.0, 0.000677, -0.000089, -0.013589, 2.122165, -2.120476, 0.0
66.0, 0.000677, -0.000089, -0.013589, 2.122165, -2.120476, 0.0
82.0, 0.00121, 0.000171, -0.013622, 2.122165, -2.120476, 0.0
100.0, 0.001766, 0.000382, -0.012792, 2.122165, -2.120476, 0.0
100.0, 0.001766, 0.000382, -0.012792, 2.122165, -2.120476, 0.0
117.0, 0.002267, 0.000453, -0.011371, 2.122165, -2.120476, 0.0
117.0, 0.002267, 0.000453, -0.011371, 2.122165, -2.120476, 0.0
132.0, 0.002492, 0.000351, -0.011152, 2.122165, -2.120476, 0.0
152.0, 0.002569, 0.000234, -0.011062, 2.122165, -2.120476, 0.0
152.0, 0.002569, 0.000234, -0.011062, 2.122165, -2.120476, 0.0
167.0, 0.002439, 0.000237, -0.009998, 2.122165, -2.120476, 0.0
167.0, 0.002439, 0.000237, -0.009998, 2.122165, -2.120476, 0.0
183.0, 0.001997, 0.000348, -0.008128, 2.122165, -2.120476, 0.0
199.0, 0.001222, 0.000674, -0.005966, 2.122165, -2.120476, 0.0
199.0, 0.001222, 0.000674, -0.005966, 2.122165, -2.120476, 0.0
215.0, 0.000471, 0.000861, -0.005653, 2.122324, -1.92047, 0.0
215.0, 0.000471, 0.000861, -0.005653, 2.122324, -1.92047, 0.0
232.0, -0.00082, 0.0018, -0.004362, 2.122324, -1.92047, 0.0
250.0, -0.002581, 0.003034, -0.002937, 2.122324, -1.92047, 0.0
250.0, -0.002581, 0.003034, -0.002937, 2.122324, -1.92047, 0.0
266.0, -0.004734, 0.004533, -0.001595, 2.122324, -1.92047, 0.0
266.0, -0.004734, 0.004533, -0.001595, 2.122324, -1.92047, 0.0
283.0, -0.007312, 0.006262, -0.000332, 2.122324, -1.92047, 0.0
300.0, -0.01033, 0.008205, 0.000845, 2.122324, -1.92047, 0.0
300.0, -0.01033, 0.008205, 0.000845, 2.122324, -1.92047, 0.0
316.0, -0.013798, 0.010353, 0.001929, 2.122324, -1.92047, 0.0
316.0, -0.013798, 0.010353, 0.001929, 2.122324, -1.92047, 0.0
333.0, -0.01772, 0.012705, 0.002914, 2.122324, -1.92047, 0.0
351.0, -0.022097, 0.015258, 0.003797, 2.122324, -1.92047, 0.0
351.0, -0.022097, 0.015258, 0.003797, 2.122324, -1.92047, 0.0
366.0, -0.026932, 0.018014, 0.00458, 2.122324, -1.92047, 0.0
366.0, -0.026932, 0.018014, 0.00458, 2.122324, -1.92047, 0.0
383.0, -0.032224, 0.020972, 0.005267, 2.122324, -1.92047, 0.0
400.0, -0.037973, 0.024133, 0.005863, 2.122324, -1.92047, 0.0
400.0, -0.037973, 0.024133, 0.005863, 2.122324, -1.92047, 0.0
416.0, -0.044178, 0.027498, 0.006378, 2.122324, -1.92047, 0.0
416.0, -0.044178, 0.027498, 0.006378, 2.122324, -1.92047, 0.0
432.0, -0.05084, 0.031065, 0.006821, 2.122324, -1.92047, 0.0
451.0, -0.057958, 0.034837, 0.0072, 2.122324, -1.92047, 0.0
451.0, -0.057958, 0.034837, 0.0072, 2.122324, -1.92047, 0.0
466.0, -0.065532, 0.038812, 0.007524, 2.122523, -1.670468, 0.0
466.0, -0.065532, 0.038812, 0.007524, 2.122523, -1.670468, 0.0
482.0, -0.073562, 0.042989, 0.007802, 2.122523, -1.670468, 0.0
501.0, -0.082048, 0.047367, 0.008043, 2.122523, -1.670468, 0.0
501.0, -0.082048, 0.047367, 0.008043, 2.122523, -1.670468, 0.0
516.0, -0.090991, 0.051946, 0.008253, 2.122523, -1.670468, 0.0
516.0, -0.090991, 0.051946, 0.008253, 2.122523, -1.670468, 0.0
532.0, -0.100391, 0.056725, 0.008438, 2.122523, -1.670468, 0.0
551.0, -0.110248, 0.061703, 0.008605, 2.122523, -1.670468, 0.0
551.0, -0.110248, 0.061703, 0.008605, 2.122523, -1.670468, 0.0
566.0, -0.120564, 0.06688, 0.008758, 2.122523, -1.670468, 0.0
566.0, -0.120564, 0.06688, 0.008758, 2.122523, -1.670468, 0.0
582.0, -0.131341, 0.072251, 0.008899, 2.122523, -1.670468, 0.0
600.0, -0.142578, 0.077815, 0.009032, 2.122523, -1.670468, 0.0
600.0, -0.142578, 0.077815, 0.009032, 2.122523, -1.670468, 0.0
616.0, -0.154276, 0.083569, 0.00916, 2.122523, -1.670468, 0.0
616.0, -0.154276, 0.083569, 0.00916, 2.122523, -1.670468, 0.0
633.0, -0.166436, 0.089512, 0.009283, 2.122523, -1.670468, 0.0
651.0, -0.179058, 0.095642, 0.009404, 2.122523, -1.670468, 0.0
651.0, -0.179058, 0.095642, 0.009404, 2.122523, -1.670468, 0.0
665.0, -0.192141, 0.101954, 0.009522, 2.122523, -1.670468, 0.0
665.0, -0.192141, 0.101954, 0.009522, 2.122523, -1.670468, 0.0
682.0, -0.20569, 0.108445, 0.00964, 2.122523, -1.670468, 0.0
700.0, -0.219705, 0.115112, 0.009758, 2.122523, -1.670468, 0.0
700.0, -0.219705, 0.115112, 0.009758, 2.122523, -1.670468, 0.0
715.0, -0.23419, 0.121951, 0.009876, 2.122722, -1.420466, 0.0
715.0, -0.23419, 0.121951, 0.009876, 2.122722, -1.420466, 0.0
732.0, -0.249144, 0.128959, 0.009993, 2.122722, -1.420466, 0.0
750.0, -0.26457, 0.136133, 0.010111, 2.122722, -1.420466, 0.0
750.0, -0.26457, 0.136133, 0.010111, 2.122722, -1.420466, 0.0
766.0, -0.280469, 0.14347, 0.010228, 2.122722, -1.420466, 0.0
766.0, -0.280469, 0.14347, 0.010228, 2.122722, -1.420466, 0.0
783.0, -0.296842, 0.150964, 0.010344, 2.122722, -1.420466, 0.0
800.0, -0.313691, 0.158609, 0.010458, 2.122722, -1.420466, 0.0
800.0, -0.313691, 0.158609, 0.010458, 2.122722, -1.420466, 0.0
816.0, -0.331018, 0.166402, 0.010572, 2.122722, -1.420466, 0.0
816.0, -0.331018, 0.166402, 0.010572, 2.122722, -1.420466, 0.0
832.0, -0.348823, 0.174338, 0.010683, 2.122722, -1.420466, 0.0
850.0, -0.367108, 0.182414, 0.010792, 2.122722, -1.420466, 0.0
851.0, -0.367108, 0.182414, 0.010792, 2.122722, -1.420466, 0.0
865.0, -0.385825, 0.190615, 0.010877, 2.122722, -1.420466, 0.0
865.0, -0.385825, 0.190615, 0.010877, 2.122722, -1.420466, 0.0
882.0, -0.404911, 0.198921, 0.010921, 2.122722, -1.420466, 0.0
899.0, -0.424306, 0.207312, 0.010911, 2.122722, -1.420466, 0.0
899.0, -0.424306, 0.207312, 0.010911, 2.122722, -1.420466, 0.0
916.0, -0.443955, 0.215772, 0.010846, 2.122722, -1.420466, 0.0
916.0, -0.443955, 0.215772, 0.010846, 2.122722, -1.420466, 0.0
932.0, -0.463814, 0.224286, 0.010731, 2.122722, -1.420466, 0.0
950.0, -0.483842, 0.232841, 0.010573, 2.122722, -1.420466, 0.0
950.0, -0.483842, 0.232841, 0.010573, 2.122722, -1.420466, 0.0
966.0, -0.504007, 0.24143, 0.010383, 2.122921, -1.170464, 0.0
966.0, -0.504007, 0.24143, 0.010383, 2.122921, -1.170464, 0.0
982.0, -0.524284, 0.250043, 0.010172, 2.122921, -1.170464, 0.0
999.0, -0.544652, 0.258675, 0.00995, 2.122921, -1.170464, 0.0
999.0, -0.544652, 0.258675, 0.00995, 2.122921, -1.170464, 0.0
1017.0, -0.565091, 0.267321, 0.009725, 2.122921, -1.170464, 0.0
1017.0, -0.565091, 0.267321, 0.009725, 2.122921, -1.170464, 0.0
1033.0, -0.58559, 0.27598, 0.009506, 2.122921, -1.170464, 0.0
1051.0, -0.606135, 0.284646, 0.009297, 2.122921, -1.170464, 0.0
1051.0, -0.606135, 0.284646, 0.009297, 2.122921, -1.170464, 0.0
1066.0, -0.626717, 0.29332, 0.009103, 2.122921, -1.170464, 0.0
1066.0, -0.626717, 0.29332, 0.009103, 2.122921, -1.170464, 0.0
1083.0, -0.64733, 0.302, 0.008926, 2.122921, -1.170464, 0.0
1098.0, -0.667966, 0.310685, 0.008769, 2.122921, -1.170464, 0.0
1098.0, -0.667966, 0.310685, 0.008769, 2.122921, -1.170464, 0.0
1115.0, -0.688622, 0.319375, 0.00863, 2.122921, -1.170464, 0.0
1115.0, -0.688622, 0.319375, 0.00863, 2.122921, -1.170464, 0.0
1132.0, -0.709294, 0.328068, 0.00851, 2.122921, -1.170464, 0.0
1150.0, -0.729977, 0.336765, 0.008409, 2.122921, -1.170464, 0.0
1150.0, -0.729977, 0.336765, 0.008409, 2.122921, -1.170464, 0.0
1166.0, -0.750624, 0.345466, 0.008304, 2.122921, -1.170464, 0.0
1166.0, -0.750624, 0.345466, 0.008304, 2.122921, -1.170464, 0.0
1182.0, -0.771164, 0.354167, 0.008175, 2.122921, -1.170464, 0.0
1199.0, -0.791531, 0.362864, 0.008009, 2.122921, -1.170464, 0.0
1199.0, -0.791531, 0.362864, 0.008009, 2.122921, -1.170464, 0.0
1216.0, -0.811667, 0.371556, 0.007804, 2.12312, -0.920462, 0.0
1216.0, -0.811667, 0.371556, 0.007804, 2.12312, -0.920462, 0.0
1232.0, -0.831523, 0.38024, 0.007563, 2.12312, -0.920462, 0.0
1251.0, -0.851058, 0.388914, 0.007294, 2.12312, -0.920462, 0.0
1251.0, -0.851058, 0.388914, 0.007294, 2.12312, -0.920462, 0.0
1267.0, -0.870235, 0.397578, 0.007005, 2.12312, -0.920462, 0.0
1267.0, -0.870235, 0.397578, 0.007005, 2.12312, -0.920462, 0.0
1282.0, -0.889027, 0.406233, 0.006707, 2.12312, -0.920462, 0.0
1300.0, -0.907415, 0.414882, 0.006411, 2.12312, -0.920462, 0.0
1300.0, -0.907415, 0.414882, 0.006411, 2.12312, -0.920462, 0.0
1316.0, -0.925379, 0.423527, 0.006123, 2.12312, -0.920462, 0.0
1316.0, -0.925379, 0.423527, 0.006123, 2.12312, -0.920462, 0.0
1332.0, -0.942906, 0.43217, 0.00585, 2.12312, -0.920462, 0.0
1350.0, -0.959983, 0.440812, 0.005596, 2.12312, -0.920462, 0.0
1350.0, -0.959983, 0.440812, 0.005596, 2.12312, -0.920462, 0.0
1366.0, -0.9766, 0.449455, 0.005363, 2.12312, -0.920462, 0.0
1366.0, -0.9766, 0.449455, 0.005363, 2.12312, -0.920462, 0.0
1382.0, -0.992866, 0.458163, 0.005152, 2.12312, -0.920462, 0.0
1399.0, -1.008539, 0.466815, 0.004965, 2.12312, -0.920462, 0.0
1399.0, -1.008539, 0.466815, 0.004965, 2.12312, -0.920462, 0.0
1416.0, -1.023734, 0.475474, 0.004801, 2.12312, -0.920462, 0.0
1416.0, -1.023734, 0.475474, 0.004801, 2.12312, -0.920462, 0.0
1432.0, -1.038445, 0.484141, 0.004658, 2.12312, -0.920462, 0.0
1451.0, -1.052671, 0.492818, 0.004534, 2.12312, -0.920462, 0.0
1451.0, -1.052671, 0.492818, 0.004534, 2.12312, -0.920462, 0.0
1470.0, -1.066408, 0.501505, 0.004423, 2.12332, -0.670338, 0.0
1470.0, -1.066408, 0.501505, 0.004423, 2.12332, -0.670338, 0.0
1482.0, -1.079642, 0.510194, 0.004328, 2.12332, -0.670338, 0.0
1499.0, -1.092385, 0.518896, 0.004246, 2.12332, -0.670338, 0.0
1499.0, -1.092385, 0.518896, 0.004246, 2.12332, -0.670338, 0.0
1517.0, -1.104637, 0.527612, 0.004176, 2.12332, -0.670338, 0.0
1517.0, -1.104637, 0.527612, 0.004176, 2.12332, -0.670338, 0.0
1532.0, -1.116397, 0.536341, 0.004115, 2.12332, -0.670338, 0.0
1551.0, -1.127665, 0.545085, 0.00406, 2.12332, -0.670338, 0.0
1551.0, -1.127665, 0.545085, 0.00406, 2.12332, -0.670338, 0.0
1567.0, -1.138448, 0.55385, 0.004012, 2.12332, -0.670338, 0.0
1567.0, -1.138448, 0.55385, 0.004012, 2.12332, -0.670338, 0.0
1582.0, -1.148739, 0.562631, 0.003965, 2.12332, -0.670338, 0.0
1600.0, -1.158535, 0.571426, 0.003916, 2.12332, -0.670338, 0.0
1600.0, -1.158535, 0.571426, 0.003916, 2.12332, -0.670338, 0.0
1616.0, -1.167836, 0.580234, 0.003864, 2.12332, -0.670338, 0.0
1616.0, -1.167836, 0.580234, 0.003864, 2.12332, -0.670338, 0.0
1632.0, -1.17664, 0.589055, 0.003807, 2.12332, -0.670338, 0.0
1650.0, -1.184948, 0.597888, 0.003746, 2.12332, -0.670338, 0.0
1650.0, -1.184948, 0.597888, 0.003746, 2.12332, -0.670338, 0.0
1665.0, -1.19276, 0.606734, 0.003679, 2.12332, -0.670338, 0.0
1665.0, -1.19276, 0.606734, 0.003679, 2.12332, -0.670338, 0.0
1685.0, -1.200451, 0.616047, 0.003603, 2.12332, -0.670338, 0.0
1700.0, -1.20725, 0.624914, 0.003519, 2.12332, -0.670338, 0.0
1700.0, -1.20725, 0.624914, 0.003519, 2.12332, -0.670338, 0.0
1717.0, -1.213549, 0.633796, 0.003429, 2.123519, -0.419446, 0.0
1717.0, -1.213549, 0.633796, 0.003429, 2.123519, -0.419446, 0.0
1734.0, -1.219352, 0.642692, 0.003335, 2.123519, -0.419446, 0.0
1751.0, -1.224659, 0.6516, 0.003237, 2.123519, -0.419446, 0.0
1751.0, -1.224659, 0.6516, 0.003237, 2.123519, -0.419446, 0.0
1768.0, -1.229448, 0.66047, 0.003124, 2.123519, -0.419446, 0.0
1768.0, -1.229448, 0.66047, 0.003124, 2.123519, -0.419446, 0.0
1784.0, -1.233739, 0.669338, 0.00301, 2.123519, -0.419446, 0.0
1800.0, -1.237541, 0.678217, 0.0029, 2.123519, -0.419446, 0.0
1800.0, -1.237541, 0.678217, 0.0029, 2.123519, -0.419446, 0.0
1817.0, -1.240856, 0.687114, 0.002793, 2.123519, -0.419446, 0.0
1817.0, -1.240856, 0.687114, 0.002793, 2.123519, -0.419446, 0.0
1834.0, -1.243684, 0.69603, 0.002691, 2.123519, -0.419446, 0.0
1852.0, -1.246025, 0.704964, 0.002594, 2.123519, -0.419446, 0.0
1852.0, -1.246025, 0.704964, 0.002594, 2.123519, -0.419446, 0.0
1867.0, -1.247887, 0.713967, 0.002508, 2.123519, -0.419446, 0.0
1867.0, -1.247887, 0.713967, 0.002508, 2.123519, -0.419446, 0.0
1883.0, -1.249259, 0.722999, 0.002429, 2.123519, -0.419446, 0.0
1900.0, -1.250136, 0.732045, 0.002356, 2.123519, -0.419446, 0.0
1900.0, -1.250136, 0.732045, 0.002356, 2.123519, -0.419446, 0.0
1916.0, -1.250516, 0.741098, 0.002292, 2.123519, -0.419446, 0.0
1916.0, -1.250516, 0.741098, 0.002292, 2.123519, -0.419446, 0.0
1933.0, -1.250399, 0.750155, 0.002238, 2.123519, -0.419446, 0.0
1952.0, -1.249782, 0.759217, 0.002197, 2.123519, -0.419446, 0.0
1952.0, -1.249782, 0.759217, 0.002197, 2.123519, -0.419446, 0.0
1966.0, -1.248666, 0.768283, 0.002168, 2.123719, -0.169444, 0.0
1966.0, -1.248666, 0.768283, 0.002168, 2.123719, -0.169444, 0.0
1983.0, -1.247049, 0.777352, 0.002152, 2.123719, -0.169444, 0.0
2004.0, -1.244734, 0.78727, 0.002154, 2.123719, -0.169444, 0.0
2004.0, -1.244734, 0.78727, 0.002154, 2.123719, -0.169444, 0.0
2020.0, -1.242076, 0.796348, 0.002144, 2.123719, -0.169444, 0.0
2020.0, -1.242076, 0.796348, 0.002144, 2.123719, -0.169444, 0.0
2035.0, -1.238903, 0.805423, 0.002145, 2.123719, -0.169444, 0.0
2054.0, -1.235219, 0.814501, 0.002157, 2.123719, -0.169444, 0.0
2054.0, -1.235219, 0.814501, 0.002157, 2.123719, -0.169444, 0.0
2069.0, -1.231076, 0.823483, 0.002193, 2.123719, -0.169444, 0.0
2069.0, -1.231076, 0.823483, 0.002193, 2.123719, -0.169444, 0.0
2085.0, -1.226445, 0.832435, 0.002233, 2.123719, -0.169444, 0.0
2103.0, -1.221316, 0.841384, 0.002269, 2.123719, -0.169444, 0.0
2103.0, -1.221316, 0.841384, 0.002269, 2.123719, -0.169444, 0.0
2118.0, -1.215683, 0.850337, 0.002298, 2.123719, -0.169444, 0.0
2118.0, -1.215683, 0.850337, 0.002298, 2.123719, -0.169444, 0.0
2134.0, -1.209543, 0.859296, 0.002319, 2.123719, -0.169444, 0.0
2152.0, -1.20284, 0.868336, 0.002334, 2.123719, -0.169444, 0.0
2152.0, -1.20284, 0.868336, 0.002334, 2.123719, -0.169444, 0.0
2169.0, -1.195614, 0.877382, 0.002311, 2.123719, -0.169444, 0.0
2169.0, -1.195614, 0.877382, 0.002311, 2.123719, -0.169444, 0.0
2185.0, -1.187856, 0.886449, 0.002284, 2.123719, -0.169444, 0.0
2185.0, -1.187856, 0.886449, 0.002284, 2.123719, -0.169444, 0.0
2201.0, -1.179587, 0.895506, 0.002258, 2.123906, 0.065668, 0.0
2218.0, -1.170816, 0.90454, 0.002235, 2.123906, 0.065668, 0.0
2218.0, -1.170816, 0.90454, 0.002235, 2.123906, 0.065668, 0.0
2237.0, -1.161546, 0.913546, 0.002212, 2.123906, 0.065668, 0.0
2237.0, -1.161546, 0.913546, 0.002212, 2.123906, 0.065668, 0.0
2252.0, -1.150481, 0.923688, 0.001695, 2.123906, 0.065668, 0.0
2269.0, -1.138528, 0.934088, 0.001245, 2.123906, 0.065668, 0.0
2269.0, -1.138528, 0.934088, 0.001245, 2.123906, 0.065668, 0.0
2286.0, -1.126064, 0.944388, 0.001005, 2.123906, 0.065668, 0.0
2286.0, -1.126064, 0.944388, 0.001005, 2.123906, 0.065668, 0.0
2302.0, -1.11325, 0.954448, 0.000965, 2.123906, 0.065668, 0.0
2318.0, -1.100113, 0.964248, 0.001061, 2.123906, 0.065668, 0.0
2318.0, -1.100113, 0.964248, 0.001061, 2.123906, 0.065668, 0.0
2335.0, -1.086646, 0.973806, 0.00123, 2.123906, 0.065668, 0.0
2336.0, -1.086646, 0.973806, 0.00123, 2.123906, 0.065668, 0.0
2352.0, -1.07431, 0.982167, 0.001983, 2.123906, 0.065668, 0.0
2368.0, -1.06204, 0.990093, 0.00264, 2.123906, 0.065668, 0.0
2368.0, -1.06204, 0.990093, 0.00264, 2.123906, 0.065668, 0.0
2385.0, -1.049384, 0.997907, 0.003021, 2.123906, 0.065668, 0.0
2385.0, -1.049384, 0.997907, 0.003021, 2.123906, 0.065668, 0.0
2402.0, -1.036161, 1.005738, 0.003128, 2.123906, 0.065668, 0.0
2418.0, -1.022309, 1.01363, 0.003021, 2.123906, 0.065668, 0.0
2418.0, -1.022309, 1.01363, 0.003021, 2.123906, 0.065668, 0.0
2437.0, -1.007818, 1.021589, 0.002773, 2.123906, 0.065668, 0.0
2437.0, -1.007818, 1.021589, 0.002773, 2.123906, 0.065668, 0.0
2452.0, -0.992698, 1.029606, 0.002446, 2.124105, 0.31568, 0.0
2470.0, -0.976966, 1.037668, 0.002088, 2.124105, 0.31568, 0.0
2470.0, -0.976966, 1.037668, 0.002088, 2.124105, 0.31568, 0.0
2486.0, -0.960638, 1.045762, 0.001734, 2.124105, 0.31568, 0.0
2486.0, -0.960638, 1.045762, 0.001734, 2.124105, 0.31568, 0.0
2502.0, -0.943731, 1.053874, 0.001405, 2.124105, 0.31568, 0.0
2519.0, -0.926258, 1.061991, 0.001113, 2.124105, 0.31568, 0.0
2519.0, -0.926258, 1.061991, 0.001113, 2.124105, 0.31568, 0.0
2537.0, -0.908158, 1.070137, 0.000863, 2.124105, 0.31568, 0.0
2537.0, -0.908158, 1.070137, 0.000863, 2.124105, 0.31568, 0.0
2552.0, -0.889593, 1.078232, 0.000657, 2.124105, 0.31568, 0.0
2569.0, -0.870479, 1.086309, 0.000491, 2.124105, 0.31568, 0.0
2569.0, -0.870479, 1.086309, 0.000491, 2.124105, 0.31568, 0.0
2585.0, -0.850668, 1.094423, 0.000358, 2.124105, 0.31568, 0.0
2585.0, -0.850668, 1.094423, 0.000358, 2.124105, 0.31568, 0.0
2602.0, -0.830514, 1.102425, 0.000252, 2.124105, 0.31568, 0.0
2619.0, -0.809839, 1.110385, 0.000169, 2.124105, 0.31568, 0.0
2619.0, -0.809839, 1.110385, 0.000169, 2.124105, 0.31568, 0.0
2640.0, -0.786319, 1.119169, 0.000107, 2.124105, 0.31568, 0.0
2640.0, -0.786319, 1.119169, 0.000107, 2.124105, 0.31568, 0.0
2654.0, -0.764851, 1.126928, 0.000136, 2.124105, 0.31568, 0.0
2670.0, -0.742928, 1.134608, 0.000161, 2.124105, 0.31568, 0.0
2670.0, -0.742928, 1.134608, 0.000161, 2.124105, 0.31568, 0.0
2688.0, -0.720492, 1.142232, 0.000154, 2.124105, 0.31568, 0.0
2688.0, -0.720492, 1.142232, 0.000154, 2.124105, 0.31568, 0.0
2704.0, -0.697523, 1.149808, 0.000115, 2.124305, 0.567779, 0.0
2721.0, -0.674016, 1.157336, 0.000051, 2.124305, 0.567779, 0.0
2721.0, -0.674016, 1.157336, 0.000051, 2.124305, 0.567779, 0.0
2739.0, -0.649928, 1.164831, -0.000027, 2.124305, 0.567779, 0.0
2739.0, -0.649928, 1.164831, -0.000027, 2.124305, 0.567779, 0.0
2754.0, -0.625047, 1.17235, -0.000237, 2.124305, 0.567779, 0.0
2772.0, -0.599551, 1.179838, -0.000433, 2.124305, 0.567779, 0.0
2772.0, -0.599551, 1.179838, -0.000433, 2.124305, 0.567779, 0.0
2787.0, -0.573537, 1.187263, -0.000575, 2.124305, 0.567779, 0.0
2787.0, -0.573537, 1.187263, -0.000575, 2.124305, 0.567779, 0.0
2804.0, -0.547041, 1.19461, -0.000664, 2.124305, 0.567779, 0.0
2820.0, -0.520078, 1.201873, -0.000711, 2.124305, 0.567779, 0.0
2820.0, -0.520078, 1.201873, -0.000711, 2.124305, 0.567779, 0.0
2838.0, -0.49265, 1.209047, -0.00073, 2.124305, 0.567779, 0.0
2838.0, -0.49265, 1.209047, -0.00073, 2.124305, 0.567779, 0.0
2853.0, -0.46475, 1.216133, -0.000737, 2.124305, 0.567779, 0.0
2871.0, -0.436379, 1.223128, -0.00074, 2.124305, 0.567779, 0.0
2871.0, -0.436379, 1.223128, -0.00074, 2.124305, 0.567779, 0.0
2887.0, -0.407535, 1.23003, -0.000745, 2.124305, 0.567779, 0.0
2887.0, -0.407535, 1.23003, -0.000745, 2.124305, 0.567779, 0.0
2903.0, -0.378216, 1.236838, -0.000756, 2.124305, 0.567779, 0.0
2921.0, -0.347898, 1.24367, -0.000776, 2.124305, 0.567779, 0.0
2921.0, -0.347898, 1.24367, -0.000776, 2.124305, 0.567779, 0.0
2939.0, -0.317158, 1.25039, -0.00081, 2.124305, 0.567779, 0.0
2939.0, -0.317158, 1.25039, -0.00081, 2.124305, 0.567779, 0.0
2955.0, -0.286494, 1.25689, -0.000816, 2.124505, 0.818364, 0.0
2972.0, -0.255373, 1.263287, -0.000836, 2.124505, 0.818364, 0.0
2972.0, -0.255373, 1.263287, -0.000836, 2.124505, 0.818364, 0.0
2989.0, -0.223766, 1.269586, -0.000881, 2.124505, 0.818364, 0.0
2989.0, -0.223766, 1.269586, -0.000881, 2.124505, 0.818364, 0.0
3005.0, -0.191661, 1.27579, -0.000949, 2.124505, 0.818364, 0.0
3021.0, -0.159055, 1.281897, -0.001034, 2.124505, 0.818364, 0.0
3021.0, -0.159055, 1.281897, -0.001034, 2.124505, 0.818364, 0.0
3039.0, -0.125929, 1.287911, -0.001131, 2.124505, 0.818364, 0.0
3039.0, -0.125929, 1.287911, -0.001131, 2.124505, 0.818364, 0.0
3058.0, -0.092207, 1.293843, -0.001281, 2.124505, 0.818364, 0.0
3072.0, -0.057953, 1.29968, -0.001428, 2.124505, 0.818364, 0.0
3072.0, -0.057953, 1.29968, -0.001428, 2.124505, 0.818364, 0.0
3088.0, -0.023204, 1.305412, -0.001556, 2.124505, 0.818364, 0.0
3088.0, -0.023204, 1.305412, -0.001556, 2.124505, 0.818364, 0.0
3104.0, 0.012025, 1.311036, -0.001662, 2.124505, 0.818364, 0.0
3121.0, 0.047731, 1.316547, -0.001752, 2.124505, 0.818364, 0.0
3121.0, 0.047731, 1.316547, -0.001752, 2.124505, 0.818364, 0.0
3140.0, 0.083912, 1.321943, -0.001831, 2.124505, 0.818364, 0.0
3140.0, 0.083912, 1.321943, -0.001831, 2.124505, 0.818364, 0.0
3155.0, 0.120568, 1.327223, -0.001902, 2.124505, 0.818364, 0.0
3174.0, 0.160604, 1.332786, -0.001973, 2.124505, 0.818364, 0.0
3174.0, 0.160604, 1.332786, -0.001973, 2.124505, 0.818364, 0.0
3190.0, 0.198234, 1.337817, -0.002059, 2.124505, 0.818364, 0.0
3190.0, 0.198234, 1.337817, -0.002059, 2.124505, 0.818364, 0.0
3207.0, 0.236361, 1.342722, -0.002147, 2.124705, 1.06969, 0.0
3207.0, 0.236361, 1.342722, -0.002147, 2.124705, 1.06969, 0.0
3223.0, 0.274974, 1.347503, -0.002234, 2.124705, 1.06969, 0.0
3242.0, 0.314068, 1.352159, -0.002318, 2.124705, 1.06969, 0.0
3242.0, 0.314068, 1.352159, -0.002318, 2.124705, 1.06969, 0.0
3257.0, 0.353278, 1.356667, -0.002254, 2.124705, 1.06969, 0.0
3257.0, 0.353278, 1.356667, -0.002254, 2.124705, 1.06969, 0.0
3272.0, 0.392768, 1.361064, -0.002164, 2.124705, 1.06969, 0.0
3288.0, 0.432569, 1.365378, -0.002079, 2.124705, 1.06969, 0.0
3288.0, 0.432569, 1.365378, -0.002079, 2.124705, 1.06969, 0.0
3305.0, 0.472661, 1.369624, -0.001993, 2.124705, 1.06969, 0.0
3305.0, 0.472661, 1.369624, -0.001993, 2.124705, 1.06969, 0.0
3321.0, 0.513008, 1.373816, -0.0019, 2.124705, 1.06969, 0.0
3340.0, 0.553571, 1.377965, -0.001792, 2.124705, 1.06969, 0.0
3340.0, 0.553571, 1.377965, -0.001792, 2.124705, 1.06969, 0.0
3355.0, 0.594639, 1.382111, -0.001796, 2.124705, 1.06969, 0.0
3355.0, 0.594639, 1.382111, -0.001796, 2.124705, 1.06969, 0.0
3374.0, 0.63901, 1.386545, -0.001761, 2.124705, 1.06969, 0.0
3392.0, 0.680435, 1.390649, -0.001667, 2.124705, 1.06969, 0.0
3392.0, 0.680435, 1.390649, -0.001667, 2.124705, 1.06969, 0.0
3409.0, 0.722596, 1.394796, -0.001505, 2.124705, 1.06969, 0.0
3409.0, 0.722596, 1.394796, -0.001505, 2.124705, 1.06969, 0.0
3425.0, 0.764098, 1.398851, -0.0013, 2.124705, 1.06969, 0.0
3443.0, 0.805616, 1.402884, -0.001069, 2.124705, 1.06969, 0.0
3443.0, 0.805616, 1.402884, -0.001069, 2.124705, 1.06969, 0.0
3458.0, 0.84675, 1.40686, -0.000672, 2.124906, 1.32122, 0.0
3458.0, 0.84675, 1.40686, -0.000672, 2.124906, 1.32122, 0.0
3474.0, 0.887778, 1.410804, -0.000301, 2.124906, 1.32122, 0.0
3495.0, 0.928866, 1.414735, -0.000011, 2.124906, 1.32122, 0.0
3495.0, 0.928866, 1.414735, -0.000011, 2.124906, 1.32122, 0.0
3507.0, 0.969954, 1.418653, 0.000192, 2.124906, 1.32122, 0.0
3507.0, 0.969954, 1.418653, 0.000192, 2.124906, 1.32122, 0.0
3523.0, 1.011103, 1.422568, 0.000321, 2.124906, 1.32122, 0.0
3541.0, 1.052312, 1.426486, 0.000395, 2.124906, 1.32122, 0.0
3541.0, 1.052312, 1.426486, 0.000395, 2.124906, 1.32122, 0.0
3558.0, 1.094007, 1.43045, 0.000275, 2.124906, 1.32122, 0.0
3558.0, 1.094007, 1.43045, 0.000275, 2.124906, 1.32122, 0.0
3574.0, 1.135804, 1.43443, 0.00015, 2.124906, 1.32122, 0.0
3591.0, 1.179635, 1.438611, 0.000076, 2.124906, 1.32122, 0.0
3591.0, 1.179635, 1.438611, 0.000076, 2.124906, 1.32122, 0.0
3608.0, 1.221435, 1.442604, 0.000059, 2.124906, 1.32122, 0.0
3608.0, 1.221435, 1.442604, 0.000059, 2.124906, 1.32122, 0.0
3625.0, 1.263203, 1.446598, 0.000088, 2.124906, 1.32122, 0.0
3643.0, 1.305012, 1.450597, 0.00015, 2.124906, 1.32122, 0.0
3643.0, 1.305012, 1.450597, 0.00015, 2.124906, 1.32122, 0.0
3658.0, 1.346447, 1.454581, 0.000335, 2.124906, 1.32122, 0.0
3658.0, 1.346447, 1.454581, 0.000335, 2.124906, 1.32122, 0.0
3675.0, 1.387685, 1.458592, 0.000555, 2.124906, 1.32122, 0.0
3692.0, 1.428734, 1.462654, 0.000786, 2.124906, 1.32122, 0.0
3692.0, 1.428734, 1.462654, 0.000786, 2.124906, 1.32122, 0.0
3709.0, 1.469569, 1.466791, 0.001026, 2.125105, 1.572099, 0.0
3709.0, 1.469569, 1.466791, 0.001026, 2.125105, 1.572099, 0.0
3726.0, 1.51042, 1.471047, 0.00128, 2.125105, 1.572099, 0.0
3746.0, 1.550762, 1.475386, 0.001548, 2.125105, 1.572099, 0.0
3746.0, 1.550762, 1.475386, 0.001548, 2.125105, 1.572099, 0.0
3758.0, 1.590922, 1.47986, 0.001754, 2.125105, 1.572099, 0.0
3758.0, 1.590922, 1.47986, 0.001754, 2.125105, 1.572099, 0.0
3775.0, 1.630784, 1.484469, 0.001981, 2.125105, 1.572099, 0.0
3791.0, 1.670272, 1.489215, 0.002247, 2.125105, 1.572099, 0.0
3791.0, 1.670272, 1.489215, 0.002247, 2.125105, 1.572099, 0.0
3808.0, 1.709345, 1.494102, 0.002547, 2.125105, 1.572099, 0.0
3808.0, 1.709345, 1.494102, 0.002547, 2.125105, 1.572099, 0.0
3825.0, 1.747983, 1.499134, 0.002868, 2.125105, 1.572099, 0.0
3842.0, 1.786176, 1.504313, 0.003197, 2.125105, 1.572099, 0.0
3842.0, 1.786176, 1.504313, 0.003197, 2.125105, 1.572099, 0.0
3860.0, 1.826975, 1.510076, 0.003537, 2.125105, 1.572099, 0.0
3860.0, 1.826975, 1.510076, 0.003537, 2.125105, 1.572099, 0.0
3877.0, 1.864333, 1.515586, 0.003845, 2.125105, 1.572099, 0.0
3877.0, 1.864333, 1.515586, 0.003845, 2.125105, 1.572099, 0.0
3893.0, 1.901157, 1.521248, 0.004142, 2.125105, 1.572099, 0.0
3911.0, 1.93751, 1.52707, 0.004424, 2.125105, 1.572099, 0.0
3911.0, 1.93751, 1.52707, 0.004424, 2.125105, 1.572099, 0.0
3928.0, 1.973868, 1.533133, 0.004693, 2.125105, 1.572099, 0.0
3929.0, 1.973868, 1.533133, 0.004693, 2.125105, 1.572099, 0.0
3945.0, 2.00927, 1.539279, 0.00494, 2.125105, 1.572099, 0.0
3962.0, 2.043848, 1.545522, 0.005312, 2.125306, 1.823828, 0.0
3962.0, 2.043848, 1.545522, 0.005312, 2.125306, 1.823828, 0.0
3977.0, 2.077859, 1.551904, 0.00565, 2.125306, 1.823828, 0.0
3977.0, 2.077859, 1.551904, 0.00565, 2.125306, 1.823828, 0.0
3994.0, 2.111411, 1.558443, 0.00591, 2.125306, 1.823828, 0.0
4010.0, 2.145161, 1.565273, 0.006102, 2.125306, 1.823828, 0.0
4010.0, 2.145161, 1.565273, 0.006102, 2.125306, 1.823828, 0.0
4027.0, 2.177871, 1.572148, 0.006234, 2.125306, 1.823828, 0.0
4027.0, 2.177871, 1.572148, 0.006234, 2.125306, 1.823828, 0.0
4045.0, 2.210165, 1.579194, 0.006332, 2.125306, 1.823828, 0.0
4060.0, 2.242293, 1.586467, 0.006302, 2.125306, 1.823828, 0.0
4060.0, 2.242293, 1.586467, 0.006302, 2.125306, 1.823828, 0.0
4078.0, 2.274058, 1.593925, 0.006278, 2.125306, 1.823828, 0.0
4078.0, 2.274058, 1.593925, 0.006278, 2.125306, 1.823828, 0.0
4093.0, 2.305372, 1.601546, 0.0063, 2.125306, 1.823828, 0.0
4110.0, 2.336201, 1.609318, 0.006373, 2.125306, 1.823828, 0.0
4110.0, 2.336201, 1.609318, 0.006373, 2.125306, 1.823828, 0.0
4127.0, 2.366532, 1.617236, 0.006488, 2.125306, 1.823828, 0.0
4127.0, 2.366532, 1.617236, 0.006488, 2.125306, 1.823828, 0.0
4145.0, 2.396361, 1.625294, 0.006631, 2.125306, 1.823828, 0.0
4160.0, 2.425746, 1.633507, 0.006769, 2.125306, 1.823828, 0.0
4160.0, 2.425746, 1.633507, 0.006769, 2.125306, 1.823828, 0.0
4177.0, 2.454646, 1.641859, 0.006919, 2.125306, 1.823828, 0.0
4177.0, 2.454646, 1.641859, 0.006919, 2.125306, 1.823828, 0.0
4193.0, 2.483047, 1.650344, 0.007081, 2.125306, 1.823828, 0.0
4213.0, 2.510944, 1.658959, 0.00725, 2.125505, 2.074144, 0.0
4213.0, 2.510944, 1.658959, 0.00725, 2.125505, 2.074144, 0.0
4242.0, 2.558166, 1.674026, 0.007634, 2.125505, 2.074144, 0.0
4242.0, 2.558166, 1.674026, 0.007634, 2.125505, 2.074144, 0.0
4242.0, 2.558166, 1.674026, 0.007634, 2.125505, 2.074144, 0.0
4256.0, 2.585485, 1.683215, 0.007553, 2.125505, 2.074144, 0.0
4256.0, 2.585485, 1.683215, 0.007553, 2.125505, 2.074144, 0.0
4272.0, 2.612454, 1.692662, 0.007563, 2.125505, 2.074144, 0.0
4290.0, 2.638865, 1.702245, 0.007605, 2.125505, 2.074144, 0.0
4290.0, 2.638865, 1.702245, 0.007605, 2.125505, 2.074144, 0.0
4306.0, 2.664899, 1.712011, 0.007819, 2.125505, 2.074144, 0.0
4306.0, 2.664899, 1.712011, 0.007819, 2.125505, 2.074144, 0.0
4322.0, 2.690046, 1.721758, 0.008018, 2.125505, 2.074144, 0.0
4340.0, 2.714573, 1.731578, 0.008319, 2.125505, 2.074144, 0.0
4340.0, 2.714573, 1.731578, 0.008319, 2.125505, 2.074144, 0.0
4357.0, 2.737816, 1.741181, 0.008829, 2.125505, 2.074144, 0.0
4357.0, 2.737816, 1.741181, 0.008829, 2.125505, 2.074144, 0.0
4372.0, 2.760308, 1.750776, 0.009362, 2.125505, 2.074144, 0.0
4390.0, 2.782268, 1.760451, 0.009676, 2.125505, 2.074144, 0.0
4390.0, 2.782268, 1.760451, 0.009676, 2.125505, 2.074144, 0.0
4406.0, 2.803788, 1.770247, 0.009921, 2.125505, 2.074144, 0.0
4406.0, 2.803788, 1.770247, 0.009921, 2.125505, 2.074144, 0.0
4423.0, 2.824891, 1.780175, 0.009979, 2.125505, 2.074144, 0.0
4442.0, 2.845585, 1.790241, 0.010037, 2.125505, 2.074144, 0.0
4442.0, 2.845585, 1.790241, 0.010037, 2.125505, 2.074144, 0.0
4456.0, 2.865877, 1.800452, 0.009971, 2.125701, 2.319901, 0.0
4456.0, 2.865877, 1.800452, 0.009971, 2.125701, 2.319901, 0.0
4472.0, 2.88575, 1.810797, 0.009962, 2.125701, 2.319901, 0.0
4489.0, 2.905181, 1.821269, 0.009881, 2.125701, 2.319901, 0.0
4489.0, 2.905181, 1.821269, 0.009881, 2.125701, 2.319901, 0.0
4506.0, 2.924168, 1.831862, 0.00989, 2.125701, 2.319901, 0.0
4506.0, 2.924168, 1.831862, 0.00989, 2.125701, 2.319901, 0.0
4522.0, 2.942694, 1.842571, 0.009845, 2.125701, 2.319901, 0.0
4540.0, 2.96076, 1.853393, 0.009895, 2.125701, 2.319901, 0.0
4540.0, 2.96076, 1.853393, 0.009895, 2.125701, 2.319901, 0.0
4556.0, 2.978356, 1.864324, 0.009893, 2.125701, 2.319901, 0.0
4556.0, 2.978356, 1.864324, 0.009893, 2.125701, 2.319901, 0.0
4573.0, 2.995554, 1.875409, 0.009984, 2.125701, 2.319901, 0.0
4590.0, 3.012201, 1.886551, 0.010018, 2.125701, 2.319901, 0.0
4590.0, 3.012201, 1.886551, 0.010018, 2.125701, 2.319901, 0.0
4607.0, 3.028373, 1.897799, 0.010139, 2.125701, 2.319901, 0.0
4607.0, 3.028373, 1.897799, 0.010139, 2.125701, 2.319901, 0.0
4623.0, 3.044063, 1.909147, 0.010198, 2.125701, 2.319901, 0.0
4641.0, 3.059275, 1.920598, 0.010336, 2.125701, 2.319901, 0.0
4641.0, 3.059275, 1.920598, 0.010336, 2.125701, 2.319901, 0.0
4657.0, 3.073996, 1.932144, 0.010412, 2.125701, 2.319901, 0.0
4657.0, 3.073996, 1.932144, 0.010412, 2.125701, 2.319901, 0.0
4673.0, 3.088235, 1.943791, 0.01056, 2.125701, 2.319901, 0.0
4688.0, 3.101987, 1.955538, 0.010639, 2.125701, 2.319901, 0.0
4688.0, 3.101987, 1.955538, 0.010639, 2.125701, 2.319901, 0.0
4708.0, 3.115268, 1.967396, 0.010787, 2.1259, 2.569973, 0.0
4708.0, 3.115268, 1.967396, 0.010787, 2.1259, 2.569973, 0.0
4722.0, 3.128052, 1.979347, 0.010865, 2.1259, 2.569973, 0.0
4741.0, 3.140354, 1.991402, 0.011008, 2.1259, 2.569973, 0.0
4741.0, 3.140354, 1.991402, 0.011008, 2.1259, 2.569973, 0.0
4756.0, 3.152173, 2.003563, 0.01108, 2.1259, 2.569973, 0.0
4756.0, 3.152173, 2.003563, 0.01108, 2.1259, 2.569973, 0.0
4777.0, 3.164555, 2.016962, 0.01124, 2.1259, 2.569973, 0.0
4792.0, 3.175367, 2.029339, 0.011316, 2.1259, 2.569973, 0.0
4792.0, 3.175367, 2.029339, 0.011316, 2.1259, 2.569973, 0.0
4808.0, 3.185689, 2.041833, 0.011452, 2.1259, 2.569973, 0.0
4808.0, 3.185689, 2.041833, 0.011452, 2.1259, 2.569973, 0.0
4824.0, 3.195518, 2.054436, 0.011523, 2.1259, 2.569973, 0.0
4844.0, 3.205082, 2.067447, 0.011651, 2.1259, 2.569973, 0.0
4844.0, 3.205082, 2.067447, 0.011651, 2.1259, 2.569973, 0.0
4859.0, 3.213827, 2.080112, 0.011757, 2.1259, 2.569973, 0.0
4859.0, 3.213827, 2.080112, 0.011757, 2.1259, 2.569973, 0.0
4875.0, 3.222066, 2.092851, 0.011908, 2.1259, 2.569973, 0.0
4892.0, 3.229829, 2.105704, 0.011983, 2.1259, 2.569973, 0.0
4892.0, 3.229829, 2.105704, 0.011983, 2.1259, 2.569973, 0.0
4907.0, 3.237133, 2.118698, 0.012087, 2.1259, 2.569973, 0.0
4907.0, 3.237133, 2.118698, 0.012087, 2.1259, 2.569973, 0.0
4925.0, 3.243973, 2.131831, 0.012127, 2.1259, 2.569973, 0.0
4943.0, 3.250581, 2.145579, 0.012209, 2.1259, 2.569973, 0.0
4943.0, 3.250581, 2.145579, 0.012209, 2.1259, 2.569973, 0.0
4959.0, 3.256637, 2.159089, 0.012173, 2.126101, 2.822538, 0.0
4959.0, 3.256637, 2.159089, 0.012173, 2.126101, 2.822538, 0.0
4975.0, 3.262456, 2.172719, 0.012104, 2.126101, 2.822538, 0.0
4975.0, 3.262456, 2.172719, 0.012104, 2.126101, 2.822538, 0.0
4992.0, 3.268134, 2.186389, 0.011906, 2.126101, 2.822538, 0.0
5009.0, 3.273773, 2.20006, 0.011662, 2.126101, 2.822538, 0.0
5009.0, 3.273773, 2.20006, 0.011662, 2.126101, 2.822538, 0.0
5026.0, 3.279459, 2.213697, 0.011291, 2.126101, 2.822538, 0.0
5026.0, 3.279459, 2.213697, 0.011291, 2.126101, 2.822538, 0.0
5042.0, 3.28527, 2.227281, 0.010898, 2.126101, 2.822538, 0.0
5060.0, 3.291289, 2.24084, 0.010397, 2.126101, 2.822538, 0.0
5060.0, 3.291289, 2.24084, 0.010397, 2.126101, 2.822538, 0.0
5077.0, 3.297558, 2.25433, 0.009911, 2.126101, 2.822538, 0.0
5077.0, 3.297558, 2.25433, 0.009911, 2.126101, 2.822538, 0.0
5092.0, 3.304152, 2.267804, 0.00936, 2.126101, 2.822538, 0.0
5111.0, 3.311854, 2.282679, 0.008819, 2.126101, 2.822538, 0.0
5111.0, 3.311854, 2.282679, 0.008819, 2.126101, 2.822538, 0.0
5127.0, 3.319107, 2.295815, 0.008264, 2.126101, 2.822538, 0.0
5127.0, 3.319107, 2.295815, 0.008264, 2.126101, 2.822538, 0.0
5145.0, 3.326757, 2.308832, 0.007792, 2.126101, 2.822538, 0.0
5161.0, 3.334694, 2.321543, 0.007342, 2.126101, 2.822538, 0.0
5161.0, 3.334694, 2.321543, 0.007342, 2.126101, 2.822538, 0.0
5178.0, 3.343011, 2.334076, 0.006986, 2.126101, 2.822538, 0.0
5178.0, 3.343011, 2.334076, 0.006986, 2.126101, 2.822538, 0.0
5194.0, 3.351746, 2.346477, 0.006593, 2.126101, 2.822538, 0.0
5214.0, 3.360953, 2.358802, 0.006282, 2.126302, 3.074695, 0.0
5214.0, 3.360953, 2.358802, 0.006282, 2.126302, 3.074695, 0.0
5228.0, 3.370587, 2.370978, 0.005932, 2.126302, 3.074695, 0.0
5228.0, 3.370587, 2.370978, 0.005932, 2.126302, 3.074695, 0.0
5246.0, 3.380753, 2.383122, 0.005669, 2.126302, 3.074695, 0.0
5261.0, 3.391456, 2.395218, 0.005311, 2.126302, 3.074695, 0.0
5261.0, 3.391456, 2.395218, 0.005311, 2.126302, 3.074695, 0.0
5279.0, 3.402678, 2.407233, 0.005049, 2.126302, 3.074695, 0.0
5279.0, 3.402678, 2.407233, 0.005049, 2.126302, 3.074695, 0.0
5295.0, 3.414371, 2.419111, 0.004762, 2.126302, 3.074695, 0.0
5313.0, 3.426532, 2.430836, 0.004584, 2.126302, 3.074695, 0.0
5313.0, 3.426532, 2.430836, 0.004584, 2.126302, 3.074695, 0.0
5328.0, 3.439147, 2.442396, 0.004369, 2.126302, 3.074695, 0.0
5328.0, 3.439147, 2.442396, 0.004369, 2.126302, 3.074695, 0.0
5345.0, 3.452225, 2.453793, 0.004247, 2.126302, 3.074695, 0.0
5360.0, 3.465775, 2.465034, 0.004065, 2.126302, 3.074695, 0.0
5360.0, 3.465775, 2.465034, 0.004065, 2.126302, 3.074695, 0.0
5377.0, 3.479797, 2.476118, 0.003964, 2.126302, 3.074695, 0.0
5377.0, 3.479797, 2.476118, 0.003964, 2.126302, 3.074695, 0.0
5394.0, 3.494283, 2.487038, 0.003797, 2.126302, 3.074695, 0.0
5411.0, 3.50924, 2.497799, 0.003707, 2.126302, 3.074695, 0.0
5411.0, 3.50924, 2.497799, 0.003707, 2.126302, 3.074695, 0.0
5427.0, 3.524663, 2.508399, 0.003545, 2.126302, 3.074695, 0.0
5427.0, 3.524663, 2.508399, 0.003545, 2.126302, 3.074695, 0.0
5445.0, 3.54056, 2.518842, 0.003455, 2.126302, 3.074695, 0.0
5461.0, 3.556929, 2.52913, 0.003287, 2.126501, 3.324857, 0.0
5461.0, 3.556929, 2.52913, 0.003287, 2.126501, 3.324857, 0.0
5478.0, 3.573776, 2.539265, 0.003192, 2.126501, 3.324857, 0.0
5478.0, 3.573776, 2.539265, 0.003192, 2.126501, 3.324857, 0.0
5494.0, 3.591094, 2.549245, 0.003019, 2.126501, 3.324857, 0.0
5512.0, 3.608891, 2.559074, 0.00292, 2.126501, 3.324857, 0.0
5512.0, 3.608891, 2.559074, 0.00292, 2.126501, 3.324857, 0.0
5528.0, 3.627161, 2.56875, 0.002744, 2.126501, 3.324857, 0.0
5528.0, 3.627161, 2.56875, 0.002744, 2.126501, 3.324857, 0.0
5545.0, 3.64591, 2.578277, 0.002641, 2.126501, 3.324857, 0.0
5562.0, 3.66513, 2.587652, 0.002464, 2.126501, 3.324857, 0.0
5562.0, 3.66513, 2.587652, 0.002464, 2.126501, 3.324857, 0.0
5579.0, 3.68483, 2.59688, 0.002361, 2.126501, 3.324857, 0.0
5579.0, 3.68483, 2.59688, 0.002361, 2.126501, 3.324857, 0.0
5594.0, 3.705005, 2.60596, 0.002182, 2.126501, 3.324857, 0.0
5610.0, 3.725662, 2.614896, 0.002078, 2.126501, 3.324857, 0.0
5610.0, 3.725662, 2.614896, 0.002078, 2.126501, 3.324857, 0.0
5626.0, 3.746797, 2.623687, 0.001899, 2.126501, 3.324857, 0.0
5626.0, 3.746797, 2.623687, 0.001899, 2.126501, 3.324857, 0.0
5644.0, 3.768415, 2.632335, 0.001796, 2.126501, 3.324857, 0.0
5660.0, 3.790461, 2.640853, 0.00164, 2.126501, 3.324857, 0.0
5660.0, 3.790461, 2.640853, 0.00164, 2.126501, 3.324857, 0.0
5678.0, 3.812881, 2.649261, 0.0016, 2.126501, 3.324857, 0.0
5678.0, 3.812881, 2.649261, 0.0016, 2.126501, 3.324857, 0.0
5694.0, 3.835606, 2.657574, 0.001538, 2.126501, 3.324857, 0.0
5712.0, 3.858598, 2.665813, 0.001606, 2.1267, 3.57486, 0.0
5712.0, 3.858598, 2.665813, 0.001606, 2.1267, 3.57486, 0.0
5729.0, 3.881788, 2.673981, 0.001651, 2.1267, 3.57486, 0.0
5729.0, 3.881788, 2.673981, 0.001651, 2.1267, 3.57486, 0.0
5745.0, 3.905151, 2.682095, 0.001814, 2.1267, 3.57486, 0.0
5762.0, 3.928599, 2.690173, 0.001958, 2.1267, 3.57486, 0.0
5762.0, 3.928599, 2.690173, 0.001958, 2.1267, 3.57486, 0.0
5778.0, 3.95205, 2.698239, 0.00224, 2.1267, 3.57486, 0.0
5778.0, 3.95205, 2.698239, 0.00224, 2.1267, 3.57486, 0.0
5794.0, 3.975415, 2.706312, 0.002512, 2.1267, 3.57486, 0.0
5811.0, 3.998627, 2.714411, 0.002918, 2.1267, 3.57486, 0.0
5811.0, 3.998627, 2.714411, 0.002918, 2.1267, 3.57486, 0.0
5829.0, 4.021619, 2.722549, 0.003295, 2.1267, 3.57486, 0.0
5829.0, 4.021619, 2.722549, 0.003295, 2.1267, 3.57486, 0.0
5845.0, 4.044346, 2.730742, 0.003781, 2.1267, 3.57486, 0.0
5861.0, 4.066761, 2.738996, 0.00421, 2.1267, 3.57486, 0.0
5861.0, 4.066761, 2.738996, 0.00421, 2.1267, 3.57486, 0.0
5877.0, 4.088836, 2.747321, 0.004721, 2.1267, 3.57486, 0.0
5877.0, 4.088836, 2.747321, 0.004721, 2.1267, 3.57486, 0.0
5895.0, 4.110536, 2.755722, 0.005151, 2.1267, 3.57486, 0.0
5911.0, 4.131845, 2.764206, 0.005642, 2.1267, 3.57486, 0.0
5911.0, 4.131845, 2.764206, 0.005642, 2.1267, 3.57486, 0.0
5928.0, 4.152737, 2.772775, 0.006035, 2.1267, 3.57486, 0.0
5928.0, 4.152737, 2.772775, 0.006035, 2.1267, 3.57486, 0.0
5946.0, 4.173205, 2.781435, 0.006477, 2.1267, 3.57486, 0.0
5961.0, 4.193231, 2.790186, 0.006814, 2.126899, 3.824868, 0.0
5961.0, 4.193231, 2.790186, 0.006814, 2.126899, 3.824868, 0.0
5981.0, 4.21281, 2.799033, 0.007196, 2.126899, 3.824868, 0.0
5981.0, 4.21281, 2.799033, 0.007196, 2.126899, 3.824868, 0.0
5994.0, 4.231927, 2.807975, 0.007472, 2.126899, 3.824868, 0.0
6011.0, 4.250585, 2.817014, 0.007795, 2.126899, 3.824868, 0.0
6011.0, 4.250585, 2.817014, 0.007795, 2.126899, 3.824868, 0.0
6028.0, 4.268769, 2.826148, 0.008014, 2.126899, 3.824868, 0.0
6028.0, 4.268769, 2.826148, 0.008014, 2.126899, 3.824868, 0.0
6046.0, 4.286484, 2.835381, 0.008284, 2.126899, 3.824868, 0.0
6060.0, 4.30372, 2.844711, 0.008456, 2.126899, 3.824868, 0.0
6060.0, 4.30372, 2.844711, 0.008456, 2.126899, 3.824868, 0.0
6077.0, 4.320479, 2.85414, 0.008684, 2.126899, 3.824868, 0.0
6077.0, 4.320479, 2.85414, 0.008684, 2.126899, 3.824868, 0.0
6094.0, 4.336754, 2.863665, 0.008819, 2.126899, 3.824868, 0.0
6111.0, 4.35255, 2.873289, 0.009014, 2.126899, 3.824868, 0.0
6111.0, 4.35255, 2.873289, 0.009014, 2.126899, 3.824868, 0.0
6128.0, 4.367858, 2.883009, 0.009122, 2.126899, 3.824868, 0.0
6128.0, 4.367858, 2.883009, 0.009122, 2.126899, 3.824868, 0.0
6146.0, 4.382695, 2.892834, 0.009294, 2.126899, 3.824868, 0.0
6161.0, 4.397131, 2.902729, 0.009342, 2.126899, 3.824868, 0.0
6161.0, 4.397131, 2.902729, 0.009342, 2.126899, 3.824868, 0.0
6179.0, 4.411309, 2.912676, 0.009377, 2.126899, 3.824868, 0.0
6179.0, 4.411309, 2.912676, 0.009377, 2.126899, 3.824868, 0.0
6194.0, 4.425343, 2.922652, 0.009231, 2.126899, 3.824868, 0.0
6212.0, 4.43935, 2.932637, 0.00905, 2.127098, 4.074882, 0.0
6212.0, 4.43935, 2.932637, 0.00905, 2.127098, 4.074882, 0.0
6228.0, 4.453416, 2.942611, 0.008693, 2.127098, 4.074882, 0.0
6228.0, 4.453416, 2.942611, 0.008693, 2.127098, 4.074882, 0.0
6245.0, 4.467627, 2.952561, 0.008326, 2.127098, 4.074882, 0.0
6261.0, 4.482039, 2.962471, 0.00782, 2.127098, 4.074882, 0.0
6261.0, 4.482039, 2.962471, 0.00782, 2.127098, 4.074882, 0.0
6277.0, 4.496715, 2.972332, 0.007345, 2.127098, 4.074882, 0.0
6277.0, 4.496715, 2.972332, 0.007345, 2.127098, 4.074882, 0.0
6294.0, 4.51169, 2.982134, 0.006773, 2.127098, 4.074882, 0.0
6311.0, 4.527007, 2.991869, 0.00627, 2.127098, 4.074882, 0.0
6311.0, 4.527007, 2.991869, 0.00627, 2.127098, 4.074882, 0.0
6328.0, 4.542689, 3.001528, 0.0057, 2.127098, 4.074882, 0.0
6328.0, 4.542689, 3.001528, 0.0057, 2.127098, 4.074882, 0.0
6346.0, 4.558766, 3.011108, 0.005224, 2.127098, 4.074882, 0.0
6361.0, 4.575254, 3.020604, 0.004699, 2.127098, 4.074882, 0.0
6361.0, 4.575254, 3.020604, 0.004699, 2.127098, 4.074882, 0.0
6378.0, 4.592173, 3.030012, 0.004282, 2.127098, 4.074882, 0.0
6378.0, 4.592173, 3.030012, 0.004282, 2.127098, 4.074882, 0.0
6394.0, 4.609527, 3.039326, 0.003825, 2.127098, 4.074882, 0.0
6415.0, 4.629505, 3.049669, 0.003453, 2.127098, 4.074882, 0.0
6415.0, 4.629505, 3.049669, 0.003453, 2.127098, 4.074882, 0.0
6431.0, 4.6478, 3.058775, 0.003042, 2.127098, 4.074882, 0.0
6431.0, 4.6478, 3.058775, 0.003042, 2.127098, 4.074882, 0.0
6449.0, 4.666589, 3.067783, 0.002746, 2.127098, 4.074882, 0.0
6449.0, 4.666589, 3.067783, 0.002746, 2.127098, 4.074882, 0.0
6463.0, 4.685599, 3.076573, 0.002513, 2.127299, 4.326946, 0.0
6481.0, 4.705014, 3.085231, 0.002382, 2.127299, 4.326946, 0.0
6481.0, 4.705014, 3.085231, 0.002382, 2.127299, 4.326946, 0.0
6496.0, 4.7249, 3.093791, 0.002168, 2.127299, 4.326946, 0.0
6496.0, 4.7249, 3.093791, 0.002168, 2.127299, 4.326946, 0.0
6512.0, 4.745294, 3.102266, 0.002017, 2.127299, 4.326946, 0.0
6530.0, 4.7662, 3.11066, 0.001783, 2.127299, 4.326946, 0.0
6530.0, 4.7662, 3.11066, 0.001783, 2.127299, 4.326946, 0.0
6547.0, 4.787624, 3.118975, 0.001626, 2.127299, 4.326946, 0.0
6547.0, 4.787624, 3.118975, 0.001626, 2.127299, 4.326946, 0.0
6562.0, 4.809751, 3.127331, 0.001327, 2.127299, 4.326946, 0.0
6580.0, 4.83225, 3.135673, 0.001208, 2.127299, 4.326946, 0.0
6580.0, 4.83225, 3.135673, 0.001208, 2.127299, 4.326946, 0.0
6597.0, 4.855466, 3.14419, 0.001178, 2.127299, 4.326946, 0.0
6597.0, 4.855466, 3.14419, 0.001178, 2.127299, 4.326946, 0.0
6613.0, 4.87813, 3.152474, 0.00139, 2.127299, 4.326946, 0.0
6631.0, 4.900697, 3.160741, 0.001672, 2.127299, 4.326946, 0.0
6631.0, 4.900697, 3.160741, 0.001672, 2.127299, 4.326946, 0.0
6650.0, 4.923993, 3.169336, 0.002166, 2.127299, 4.326946, 0.0
6650.0, 4.923993, 3.169336, 0.002166, 2.127299, 4.326946, 0.0
6664.0, 4.945981, 3.177543, 0.002702, 2.127299, 4.326946, 0.0
6683.0, 4.967641, 3.185749, 0.003354, 2.127299, 4.326946, 0.0
6683.0, 4.967641, 3.185749, 0.003354, 2.127299, 4.326946, 0.0
6698.0, 4.988972, 3.193975, 0.003926, 2.127299, 4.326946, 0.0
6698.0, 4.988972, 3.193975, 0.003926, 2.127299, 4.326946, 0.0
6714.0, 5.009965, 3.202236, 0.004548, 2.127499, 4.578046, 0.0
6731.0, 5.030591, 3.210538, 0.005058, 2.127499, 4.578046, 0.0
6731.0, 5.030591, 3.210538, 0.005058, 2.127499, 4.578046, 0.0
6749.0, 5.050835, 3.218889, 0.005603, 2.127499, 4.578046, 0.0
6749.0, 5.050835, 3.218889, 0.005603, 2.127499, 4.578046, 0.0
6763.0, 5.070809, 3.22735, 0.005972, 2.127499, 4.578046, 0.0
6781.0, 5.090399, 3.235882, 0.006382, 2.127499, 4.578046, 0.0
6781.0, 5.090399, 3.235882, 0.006382, 2.127499, 4.578046, 0.0
6799.0, 5.109542, 3.244467, 0.006699, 2.127499, 4.578046, 0.0
6799.0, 5.109542, 3.244467, 0.006699, 2.127499, 4.578046, 0.0
6817.0, 5.128666, 3.253307, 0.007087, 2.127499, 4.578046, 0.0
6833.0, 5.147295, 3.262199, 0.007376, 2.127499, 4.578046, 0.0
6833.0, 5.147295, 3.262199, 0.007376, 2.127499, 4.578046, 0.0
6850.0, 5.164976, 3.270923, 0.007713, 2.127499, 4.578046, 0.0
6850.0, 5.164976, 3.270923, 0.007713, 2.127499, 4.578046, 0.0
6865.0, 5.182066, 3.279648, 0.007981, 2.127499, 4.578046, 0.0
6883.0, 5.199137, 3.288668, 0.008303, 2.127499, 4.578046, 0.0
6883.0, 5.199137, 3.288668, 0.008303, 2.127499, 4.578046, 0.0
6898.0, 5.215208, 3.297477, 0.008492, 2.127499, 4.578046, 0.0
6898.0, 5.215208, 3.297477, 0.008492, 2.127499, 4.578046, 0.0
6916.0, 5.230799, 3.306342, 0.008717, 2.127499, 4.578046, 0.0
6916.0, 5.230799, 3.306342, 0.008717, 2.127499, 4.578046, 0.0
6956.0, 5.260555, 3.323915, 0.00914, 2.127499, 4.578046, 0.0
6956.0, 5.260555, 3.323915, 0.00914, 2.127499, 4.578046, 0.0
6956.0, 5.260555, 3.323915, 0.00914, 2.127499, 4.578046, 0.0
6969.0, 5.27518, 3.33288, 0.009298, 2.127702, 4.833281, 0.0
6969.0, 5.27518, 3.33288, 0.009298, 2.127702, 4.833281, 0.0
6986.0, 5.289665, 3.341924, 0.009226, 2.127702, 4.833281, 0.0
6986.0, 5.289665, 3.341924, 0.009226, 2.127702, 4.833281, 0.0
7002.0, 5.304122, 3.350994, 0.009077, 2.127702, 4.833281, 0.0
7019.0, 5.318637, 3.360062, 0.008724, 2.127702, 4.833281, 0.0
7019.0, 5.318637, 3.360062, 0.008724, 2.127702, 4.833281, 0.0
7042.0, 5.333292, 3.369117, 0.008342, 2.127702, 4.833281, 0.0
7042.0, 5.333292, 3.369117, 0.008342, 2.127702, 4.833281, 0.0
7071.0, 5.367295, 3.389787, 0.005498, 2.127702, 4.833281, 0.0
7071.0, 5.367295, 3.389787, 0.005498, 2.127702, 4.833281, 0.0
7071.0, 5.367295, 3.389787, 0.005498, 2.127702, 4.833281, 0.0
7087.0, 5.385494, 3.400399, 0.00415, 2.127702, 4.833281, 0.0
7087.0, 5.385494, 3.400399, 0.00415, 2.127702, 4.833281, 0.0
7103.0, 5.404038, 3.410867, 0.003111, 2.127702, 4.833281, 0.0
7120.0, 5.422685, 3.421061, 0.002549, 2.127702, 4.833281, 0.0
7120.0, 5.422685, 3.421061, 0.002549, 2.127702, 4.833281, 0.0
7137.0, 5.441377, 3.430949, 0.00223, 2.127702, 4.833281, 0.0
7137.0, 5.441377, 3.430949, 0.00223, 2.127702, 4.833281, 0.0
7152.0, 5.458181, 3.439551, 0.002972, 2.127702, 4.833281, 0.0
7169.0, 5.474574, 3.447646, 0.003637, 2.127702, 4.833281, 0.0
7169.0, 5.474574, 3.447646, 0.003637, 2.127702, 4.833281, 0.0
7186.0, 5.491202, 3.45557, 0.004091, 2.127702, 4.833281, 0.0
7186.0, 5.491202, 3.45557, 0.004091, 2.127702, 4.833281, 0.0
7203.0, 5.508327, 3.463464, 0.004146, 2.127888, 5.066598, 0.0
7219.0, 5.526055, 3.471384, 0.004018, 2.127888, 5.066598, 0.0
7219.0, 5.526055, 3.471384, 0.004018, 2.127888, 5.066598, 0.0
7237.0, 5.544408, 3.479343, 0.003638, 2.127888, 5.066598, 0.0
7237.0, 5.544408, 3.479343, 0.003638, 2.127888, 5.066598, 0.0
7252.0, 5.563388, 3.48734, 0.003236, 2.127888, 5.066598, 0.0
7270.0, 5.582976, 3.495368, 0.002719, 2.127888, 5.066598, 0.0
7270.0, 5.582976, 3.495368, 0.002719, 2.127888, 5.066598, 0.0
7287.0, 5.603165, 3.503417, 0.002282, 2.127888, 5.066598, 0.0
7287.0, 5.603165, 3.503417, 0.002282, 2.127888, 5.066598, 0.0
7303.0, 5.623934, 3.511477, 0.001802, 2.127888, 5.066598, 0.0
7320.0, 5.645275, 3.519538, 0.001447, 2.127888, 5.066598, 0.0
7320.0, 5.645275, 3.519538, 0.001447, 2.127888, 5.066598, 0.0
7338.0, 5.667169, 3.527592, 0.001073, 2.127888, 5.066598, 0.0
7338.0, 5.667169, 3.527592, 0.001073, 2.127888, 5.066598, 0.0
7352.0, 5.689512, 3.535637, 0.000875, 2.127888, 5.066598, 0.0
7369.0, 5.712159, 3.543674, 0.000735, 2.127888, 5.066598, 0.0
7369.0, 5.712159, 3.543674, 0.000735, 2.127888, 5.066598, 0.0
7386.0, 5.734983, 3.551703, 0.000821, 2.127888, 5.066598, 0.0
7386.0, 5.734983, 3.551703, 0.000821, 2.127888, 5.066598, 0.0
7402.0, 5.75786, 3.559726, 0.000977, 2.127888, 5.066598, 0.0
7419.0, 5.780694, 3.567743, 0.001336, 2.127888, 5.066598, 0.0
7419.0, 5.780694, 3.567743, 0.001336, 2.127888, 5.066598, 0.0
7437.0, 5.803394, 3.575756, 0.001725, 2.127888, 5.066598, 0.0
7437.0, 5.803394, 3.575756, 0.001725, 2.127888, 5.066598, 0.0
7452.0, 5.825897, 3.583764, 0.002265, 2.128087, 5.3166, 0.0
7469.0, 5.848138, 3.591766, 0.002779, 2.128087, 5.3166, 0.0
7469.0, 5.848138, 3.591766, 0.002779, 2.128087, 5.3166, 0.0
7485.0, 5.870078, 3.599762, 0.00339, 2.128087, 5.3166, 0.0
7485.0, 5.870078, 3.599762, 0.00339, 2.128087, 5.3166, 0.0
7502.0, 5.891672, 3.607752, 0.003928, 2.128087, 5.3166, 0.0
7519.0, 5.912895, 3.615737, 0.004525, 2.128087, 5.3166, 0.0
7519.0, 5.912895, 3.615737, 0.004525, 2.128087, 5.3166, 0.0
7537.0, 5.933716, 3.623717, 0.005017, 2.128087, 5.3166, 0.0
7537.0, 5.933716, 3.623717, 0.005017, 2.128087, 5.3166, 0.0
7552.0, 5.954122, 3.631694, 0.005547, 2.128087, 5.3166, 0.0
7569.0, 5.974089, 3.639665, 0.005956, 2.128087, 5.3166, 0.0
7569.0, 5.974089, 3.639665, 0.005956, 2.128087, 5.3166, 0.0
7586.0, 5.993612, 3.647633, 0.006395, 2.128087, 5.3166, 0.0
7586.0, 5.993612, 3.647633, 0.006395, 2.128087, 5.3166, 0.0
7602.0, 6.012673, 3.655596, 0.00671, 2.128087, 5.3166, 0.0
7619.0, 6.031271, 3.663553, 0.007056, 2.128087, 5.3166, 0.0
7619.0, 6.031271, 3.663553, 0.007056, 2.128087, 5.3166, 0.0
7637.0, 6.049392, 3.671505, 0.007281, 2.128087, 5.3166, 0.0
7637.0, 6.049392, 3.671505, 0.007281, 2.128087, 5.3166, 0.0
7652.0, 6.067038, 3.679452, 0.007545, 2.128087, 5.3166, 0.0
7669.0, 6.084198, 3.687393, 0.007696, 2.128087, 5.3166, 0.0
7669.0, 6.084198, 3.687393, 0.007696, 2.128087, 5.3166, 0.0
7685.0, 6.100875, 3.695328, 0.007893, 2.128087, 5.3166, 0.0
7685.0, 6.100875, 3.695328, 0.007893, 2.128087, 5.3166, 0.0
7702.0, 6.11706, 3.703255, 0.007985, 2.128286, 5.566602, 0.0
7719.0, 6.132758, 3.711175, 0.008133, 2.128286, 5.566602, 0.0
7719.0, 6.132758, 3.711175, 0.008133, 2.128286, 5.566602, 0.0
7737.0, 6.14796, 3.719087, 0.008184, 2.128286, 5.566602, 0.0
7737.0, 6.14796, 3.719087, 0.008184, 2.128286, 5.566602, 0.0
7753.0, 6.162675, 3.726995, 0.008296, 2.128286, 5.566602, 0.0
7770.0, 6.176892, 3.734895, 0.008318, 2.128286, 5.566602, 0.0
7770.0, 6.176892, 3.734895, 0.008318, 2.128286, 5.566602, 0.0
7787.0, 6.190618, 3.742791, 0.008408, 2.128286, 5.566602, 0.0
7787.0, 6.190618, 3.742791, 0.008408, 2.128286, 5.566602, 0.0
7802.0, 6.203843, 3.750682, 0.008415, 2.128286, 5.566602, 0.0
7820.0, 6.216575, 3.75857, 0.008494, 2.128286, 5.566602, 0.0
7820.0, 6.216575, 3.75857, 0.008494, 2.128286, 5.566602, 0.0
7838.0, 6.228806, 3.766454, 0.008492, 2.128286, 5.566602, 0.0
7838.0, 6.228806, 3.766454, 0.008492, 2.128286, 5.566602, 0.0
7852.0, 6.240644, 3.774332, 0.008524, 2.128286, 5.566602, 0.0
7870.0, 6.252207, 3.782202, 0.008399, 2.128286, 5.566602, 0.0
7870.0, 6.252207, 3.782202, 0.008399, 2.128286, 5.566602, 0.0
7886.0, 6.263633, 3.790066, 0.008251, 2.128286, 5.566602, 0.0
7886.0, 6.263633, 3.790066, 0.008251, 2.128286, 5.566602, 0.0
7902.0, 6.275023, 3.797923, 0.007924, 2.128286, 5.566602, 0.0
7919.0, 6.286484, 3.805772, 0.007581, 2.128286, 5.566602, 0.0
7919.0, 6.286484, 3.805772, 0.007581, 2.128286, 5.566602, 0.0
7937.0, 6.298086, 3.813611, 0.007086, 2.128286, 5.566602, 0.0
7937.0, 6.298086, 3.813611, 0.007086, 2.128286, 5.566602, 0.0
7952.0, 6.309904, 3.821439, 0.006612, 2.128485, 5.816604, 0.0
7969.0, 6.321984, 3.829252, 0.006027, 2.128485, 5.816604, 0.0
7969.0, 6.321984, 3.829252, 0.006027, 2.128485, 5.816604, 0.0
7987.0, 6.33438, 3.837046, 0.005506, 2.128485, 5.816604, 0.0
7987.0, 6.33438, 3.837046, 0.005506, 2.128485, 5.816604, 0.0
8002.0, 6.347119, 3.844817, 0.004909, 2.128485, 5.816604, 0.0
8020.0, 6.36024, 3.852565, 0.004406, 2.128485, 5.816604, 0.0
8020.0, 6.36024, 3.852565, 0.004406, 2.128485, 5.816604, 0.0
8039.0, 6.373756, 3.860284, 0.003852, 2.128485, 5.816604, 0.0
8039.0, 6.373756, 3.860284, 0.003852, 2.128485, 5.816604, 0.0
8052.0, 6.387698, 3.867972, 0.00341, 2.128485, 5.816604, 0.0
8070.0, 6.402072, 3.875628, 0.002929, 2.128485, 5.816604, 0.0
8070.0, 6.402072, 3.875628, 0.002929, 2.128485, 5.816604, 0.0
8085.0, 6.416898, 3.883248, 0.002566, 2.128485, 5.816604, 0.0
8085.0, 6.416898, 3.883248, 0.002566, 2.128485, 5.816604, 0.0
8102.0, 6.432179, 3.89083, 0.002166, 2.128485, 5.816604, 0.0
8120.0, 6.447931, 3.898373, 0.001884, 2.128485, 5.816604, 0.0
8120.0, 6.447931, 3.898373, 0.001884, 2.128485, 5.816604, 0.0
8137.0, 6.464153, 3.905874, 0.001562, 2.128485, 5.816604, 0.0
8137.0, 6.464153, 3.905874, 0.001562, 2.128485, 5.816604, 0.0
8152.0, 6.480857, 3.913335, 0.001352, 2.128485, 5.816604, 0.0
8170.0, 6.49804, 3.920755, 0.001096, 2.128485, 5.816604, 0.0
8170.0, 6.49804, 3.920755, 0.001096, 2.128485, 5.816604, 0.0
8186.0, 6.515713, 3.928135, 0.000946, 2.128485, 5.816604, 0.0
8186.0, 6.515713, 3.928135, 0.000946, 2.128485, 5.816604, 0.0
8203.0, 6.533872, 3.935475, 0.000742, 2.128684, 6.066606, 0.0
8220.0, 6.552525, 3.942776, 0.000637, 2.128684, 6.066606, 0.0
8220.0, 6.552525, 3.942776, 0.000637, 2.128684, 6.066606, 0.0
8238.0, 6.571667, 3.950038, 0.000474, 2.128684, 6.066606, 0.0
8238.0, 6.571667, 3.950038, 0.000474, 2.128684, 6.066606, 0.0
8253.0, 6.591311, 3.957265, 0.000401, 2.128684, 6.066606, 0.0
8270.0, 6.611448, 3.96446, 0.000266, 2.128684, 6.066606, 0.0
8270.0, 6.611448, 3.96446, 0.000266, 2.128684, 6.066606, 0.0
8286.0, 6.632085, 3.971625, 0.000218, 2.128684, 6.066606, 0.0
8286.0, 6.632085, 3.971625, 0.000218, 2.128684, 6.066606, 0.0
8302.0, 6.653216, 3.978763, 0.000105, 2.128684, 6.066606, 0.0
8319.0, 6.674847, 3.985876, 0.000076, 2.128684, 6.066606, 0.0
8319.0, 6.674847, 3.985876, 0.000076, 2.128684, 6.066606, 0.0
8338.0, 6.696973, 3.992965, -0.000021, 2.128684, 6.066606, 0.0
8338.0, 6.696973, 3.992965, -0.000021, 2.128684, 6.066606, 0.0
8352.0, 6.719494, 4.000032, 0.000006, 2.128684, 6.066606, 0.0
8370.0, 6.742279, 4.007075, 0.000042, 2.128684, 6.066606, 0.0
8370.0, 6.742279, 4.007075, 0.000042, 2.128684, 6.066606, 0.0
8386.0, 6.765206, 4.014094, 0.000255, 2.128684, 6.066606, 0.0
8386.0, 6.765206, 4.014094, 0.000255, 2.128684, 6.066606, 0.0
8402.0, 6.78816, 4.021087, 0.000497, 2.128684, 6.066606, 0.0
8420.0, 6.811049, 4.028052, 0.000907, 2.128684, 6.066606, 0.0
8420.0, 6.811049, 4.028052, 0.000907, 2.128684, 6.066606, 0.0
8438.0, 6.833786, 4.034989, 0.001317, 2.128684, 6.066606, 0.0
8438.0, 6.833786, 4.034989, 0.001317, 2.128684, 6.066606, 0.0
8453.0, 6.856312, 4.041896, 0.001856, 2.128884, 6.316608, 0.0
8470.0, 6.878564, 4.048768, 0.002349, 2.128884, 6.316608, 0.0
8470.0, 6.878564, 4.048768, 0.002349, 2.128884, 6.316608, 0.0
8486.0, 6.900506, 4.055604, 0.002928, 2.128884, 6.316608, 0.0
8486.0, 6.900506, 4.055604, 0.002928, 2.128884, 6.316608, 0.0
8502.0, 6.922095, 4.062402, 0.003423, 2.128884, 6.316608, 0.0
8519.0, 6.943307, 4.069162, 0.003972, 2.128884, 6.316608, 0.0
8519.0, 6.943307, 4.069162, 0.003972, 2.128884, 6.316608, 0.0
8537.0, 6.964114, 4.075884, 0.004412, 2.128884, 6.316608, 0.0
8537.0, 6.964114, 4.075884, 0.004412, 2.128884, 6.316608, 0.0
8552.0, 6.984502, 4.082566, 0.004888, 2.128884, 6.316608, 0.0
8570.0, 7.00445, 4.089208, 0.005243, 2.128884, 6.316608, 0.0
8570.0, 7.00445, 4.089208, 0.005243, 2.128884, 6.316608, 0.0
8586.0, 7.023952, 4.095809, 0.005629, 2.128884, 6.316608, 0.0
8586.0, 7.023952, 4.095809, 0.005629, 2.128884, 6.316608, 0.0
8602.0, 7.042993, 4.102367, 0.005892, 2.128884, 6.316608, 0.0
8620.0, 7.061571, 4.108883, 0.006188, 2.128884, 6.316608, 0.0
8620.0, 7.061571, 4.108883, 0.006188, 2.128884, 6.316608, 0.0
8638.0, 7.079672, 4.115355, 0.006365, 2.128884, 6.316608, 0.0
8638.0, 7.079672, 4.115355, 0.006365, 2.128884, 6.316608, 0.0
8653.0, 7.0973, 4.121783, 0.006583, 2.128884, 6.316608, 0.0
8670.0, 7.114442, 4.128167, 0.006689, 2.128884, 6.316608, 0.0
8670.0, 7.114442, 4.128167, 0.006689, 2.128884, 6.316608, 0.0
8687.0, 7.131104, 4.134506, 0.006845, 2.128884, 6.316608, 0.0
8687.0, 7.131104, 4.134506, 0.006845, 2.128884, 6.316608, 0.0
8703.0, 7.147275, 4.1408, 0.006896, 2.129083, 6.56661, 0.0
8719.0, 7.162961, 4.147048, 0.007006, 2.129083, 6.56661, 0.0
8719.0, 7.162961, 4.147048, 0.007006, 2.129083, 6.56661, 0.0
8737.0, 7.178153, 4.15325, 0.007018, 2.129083, 6.56661, 0.0
8737.0, 7.178153, 4.15325, 0.007018, 2.129083, 6.56661, 0.0
8752.0, 7.192857, 4.159408, 0.007096, 2.129083, 6.56661, 0.0
8769.0, 7.207063, 4.165522, 0.007083, 2.129083, 6.56661, 0.0
8769.0, 7.207063, 4.165522, 0.007083, 2.129083, 6.56661, 0.0
8785.0, 7.22078, 4.171594, 0.007142, 2.129083, 6.56661, 0.0
8785.0, 7.22078, 4.171594, 0.007142, 2.129083, 6.56661, 0.0
8802.0, 7.233999, 4.177625, 0.007114, 2.129083, 6.56661, 0.0
8820.0, 7.246727, 4.183615, 0.007163, 2.129083, 6.56661, 0.0
8820.0, 7.246727, 4.183615, 0.007163, 2.129083, 6.56661, 0.0
8837.0, 7.258955, 4.189567, 0.007128, 2.129083, 6.56661, 0.0
8837.0, 7.258955, 4.189567, 0.007128, 2.129083, 6.56661, 0.0
8853.0, 7.270794, 4.195486, 0.007131, 2.129083, 6.56661, 0.0
8870.0, 7.282365, 4.201378, 0.006974, 2.129083, 6.56661, 0.0
8870.0, 7.282365, 4.201378, 0.006974, 2.129083, 6.56661, 0.0
8886.0, 7.293799, 4.207253, 0.006801, 2.129083, 6.56661, 0.0
8886.0, 7.293799, 4.207253, 0.006801, 2.129083, 6.56661, 0.0
8903.0, 7.305201, 4.213115, 0.006448, 2.129083, 6.56661, 0.0
8920.0, 7.316675, 4.218971, 0.006088, 2.129083, 6.56661, 0.0
8920.0, 7.316675, 4.218971, 0.006088, 2.129083, 6.56661, 0.0
8938.0, 7.328293, 4.224826, 0.005574, 2.129083, 6.56661, 0.0
8938.0, 7.328293, 4.224826, 0.005574, 2.129083, 6.56661, 0.0
8954.0, 7.340127, 4.23068, 0.005091, 2.129282, 6.816612, 0.0
8969.0, 7.352227, 4.236532, 0.004497, 2.129282, 6.816612, 0.0
8969.0, 7.352227, 4.236532, 0.004497, 2.129282, 6.816612, 0.0
8986.0, 7.364645, 4.242384, 0.003972, 2.129282, 6.816612, 0.0
8986.0, 7.364645, 4.242384, 0.003972, 2.129282, 6.816612, 0.0
9002.0, 7.377409, 4.248235, 0.003373, 2.129282, 6.816612, 0.0
9019.0, 7.390557, 4.254083, 0.002873, 2.129282, 6.816612, 0.0
9019.0, 7.390557, 4.254083, 0.002873, 2.129282, 6.816612, 0.0
9037.0, 7.404105, 4.259926, 0.002323, 2.129282, 6.816612, 0.0
9037.0, 7.404105, 4.259926, 0.002323, 2.129282, 6.816612, 0.0
9052.0, 7.418091, 4.265769, 0.001889, 2.129282, 6.816612, 0.0
9069.0, 7.4325, 4.271599, 0.001417, 2.129282, 6.816612, 0.0
9069.0, 7.4325, 4.271599, 0.001417, 2.129282, 6.816612, 0.0
9086.0, 7.447365, 4.27742, 0.001068, 2.129282, 6.816612, 0.0
9086.0, 7.447365, 4.27742, 0.001068, 2.129282, 6.816612, 0.0
9103.0, 7.462686, 4.28323, 0.000682, 2.129282, 6.816612, 0.0
9119.0, 7.47848, 4.289028, 0.000418, 2.129282, 6.816612, 0.0
9119.0, 7.47848, 4.289028, 0.000418, 2.129282, 6.816612, 0.0
9138.0, 7.494745, 4.294812, 0.000114, 2.129282, 6.816612, 0.0
9138.0, 7.494745, 4.294812, 0.000114, 2.129282, 6.816612, 0.0
9152.0, 7.511493, 4.300584, -0.000076, 2.129282, 6.816612, 0.0
9169.0, 7.528722, 4.306342, -0.00031, 2.129282, 6.816612, 0.0
9169.0, 7.528722, 4.306342, -0.00031, 2.129282, 6.816612, 0.0
9186.0, 7.546443, 4.312089, -0.000438, 2.129282, 6.816612, 0.0
9186.0, 7.546443, 4.312089, -0.000438, 2.129282, 6.816612, 0.0
9203.0, 7.564649, 4.317826, -0.000618, 2.129481, 7.066628, 0.0
9219.0, 7.583351, 4.323552, -0.000698, 2.129481, 7.066628, 0.0
9219.0, 7.583351, 4.323552, -0.000698, 2.129481, 7.066628, 0.0
9237.0, 7.602543, 4.329268, -0.000836, 2.129481, 7.066628, 0.0
9237.0, 7.602543, 4.329268, -0.000836, 2.129481, 7.066628, 0.0
9252.0, 7.622233, 4.334977, -0.000882, 2.129481, 7.066628, 0.0
9270.0, 7.642417, 4.340683, -0.00099, 2.129481, 7.066628, 0.0
9270.0, 7.642417, 4.340683, -0.00099, 2.129481, 7.066628, 0.0
9288.0, 7.6631, 4.34639, -0.00101, 2.129481, 7.066628, 0.0
9288.0, 7.6631, 4.34639, -0.00101, 2.129481, 7.066628, 0.0
9302.0, 7.684277, 4.352098, -0.001097, 2.129481, 7.066628, 0.0
9319.0, 7.705955, 4.357813, -0.0011, 2.129481, 7.066628, 0.0
9319.0, 7.705955, 4.357813, -0.0011, 2.129481, 7.066628, 0.0
9338.0, 7.728128, 4.363535, -0.00117, 2.129481, 7.066628, 0.0
9338.0, 7.728128, 4.363535, -0.00117, 2.129481, 7.066628, 0.0
9353.0, 7.750701, 4.36926, -0.001119, 2.129481, 7.066628, 0.0
9369.0, 7.77354, 4.374977, -0.00106, 2.129481, 7.066628, 0.0
9369.0, 7.77354, 4.374977, -0.00106, 2.129481, 7.066628, 0.0
9386.0, 7.796522, 4.380679, -0.000825, 2.129481, 7.066628, 0.0
9386.0, 7.796522, 4.380679, -0.000825, 2.129481, 7.066628, 0.0
9402.0, 7.819531, 4.386355, -0.000564, 2.129481, 7.066628, 0.0
9419.0, 7.842474, 4.392, -0.000137, 2.129481, 7.066628, 0.0
9419.0, 7.842474, 4.392, -0.000137, 2.129481, 7.066628, 0.0
9437.0, 7.865266, 4.397605, 0.000287, 2.129481, 7.066628, 0.0
9437.0, 7.865266, 4.397605, 0.000287, 2.129481, 7.066628, 0.0
9452.0, 7.887846, 4.403166, 0.000836, 2.12968, 7.31663, 0.0
9469.0, 7.910155, 4.408675, 0.001335, 2.12968, 7.31663, 0.0
9469.0, 7.910155, 4.408675, 0.001335, 2.12968, 7.31663, 0.0
9486.0, 7.932154, 4.414129, 0.001916, 2.12968, 7.31663, 0.0
9486.0, 7.932154, 4.414129, 0.001916, 2.12968, 7.31663, 0.0
9502.0, 7.953801, 4.419523, 0.002409, 2.12968, 7.31663, 0.0
9519.0, 7.975073, 4.424855, 0.002951, 2.12968, 7.31663, 0.0
9519.0, 7.975073, 4.424855, 0.002951, 2.12968, 7.31663, 0.0
9537.0, 7.995942, 4.430123, 0.003382, 2.12968, 7.31663, 0.0
9537.0, 7.995942, 4.430123, 0.003382, 2.12968, 7.31663, 0.0
9552.0, 8.016395, 4.435326, 0.003845, 2.12968, 7.31663, 0.0
9569.0, 8.036409, 4.440461, 0.004184, 2.12968, 7.31663, 0.0
9569.0, 8.036409, 4.440461, 0.004184, 2.12968, 7.31663, 0.0
9586.0, 8.055983, 4.445528, 0.004551, 2.12968, 7.31663, 0.0
9586.0, 8.055983, 4.445528, 0.004551, 2.12968, 7.31663, 0.0
9602.0, 8.075096, 4.450524, 0.004794, 2.12968, 7.31663, 0.0
9619.0, 8.09375, 4.455449, 0.005067, 2.12968, 7.31663, 0.0
9619.0, 8.09375, 4.455449, 0.005067, 2.12968, 7.31663, 0.0
9636.0, 8.111932, 4.460301, 0.00522, 2.12968, 7.31663, 0.0
9637.0, 8.111932, 4.460301, 0.00522, 2.12968, 7.31663, 0.0
9652.0, 8.129643, 4.46508, 0.005413, 2.12968, 7.31663, 0.0
9669.0, 8.146873, 4.469787, 0.005492, 2.12968, 7.31663, 0.0
9669.0, 8.146873, 4.469787, 0.005492, 2.12968, 7.31663, 0.0
9686.0, 8.163627, 4.474419, 0.005621, 2.12968, 7.31663, 0.0
9686.0, 8.163627, 4.474419, 0.005621, 2.12968, 7.31663, 0.0
9703.0, 8.179893, 4.478978, 0.005644, 2.129879, 7.566632, 0.0
9720.0, 8.195678, 4.483461, 0.005726, 2.129879, 7.566632, 0.0
9720.0, 8.195678, 4.483461, 0.005726, 2.129879, 7.566632, 0.0
9737.0, 8.210972, 4.487871, 0.005709, 2.129879, 7.566632, 0.0
9737.0, 8.210972, 4.487871, 0.005709, 2.129879, 7.566632, 0.0
9752.0, 8.225784, 4.492207, 0.005757, 2.129879, 7.566632, 0.0
9770.0, 8.240105, 4.496472, 0.005713, 2.129879, 7.566632, 0.0
9770.0, 8.240105, 4.496472, 0.005713, 2.129879, 7.566632, 0.0
9786.0, 8.253938, 4.500666, 0.005743, 2.129879, 7.566632, 0.0
9786.0, 8.253938, 4.500666, 0.005743, 2.129879, 7.566632, 0.0
9803.0, 8.267275, 4.50479, 0.005684, 2.129879, 7.566632, 0.0
9820.0, 8.280124, 4.508846, 0.005704, 2.129879, 7.566632, 0.0
9820.0, 8.280124, 4.508846, 0.005704, 2.129879, 7.566632, 0.0
9838.0, 8.292475, 4.512836, 0.005639, 2.129879, 7.566632, 0.0
9838.0, 8.292475, 4.512836, 0.005639, 2.129879, 7.566632, 0.0
9853.0, 8.304436, 4.516767, 0.005616, 2.129879, 7.566632, 0.0
9871.0, 8.316128, 4.520657, 0.005431, 2.129879, 7.566632, 0.0
9871.0, 8.316128, 4.520657, 0.005431, 2.129879, 7.566632, 0.0
9886.0, 8.327686, 4.524518, 0.005235, 2.129879, 7.566632, 0.0
9886.0, 8.327686, 4.524518, 0.005235, 2.129879, 7.566632, 0.0
9902.0, 8.339215, 4.528365, 0.004857, 2.129879, 7.566632, 0.0
9919.0, 8.35082, 4.532207, 0.004478, 2.129879, 7.566632, 0.0
9919.0, 8.35082, 4.532207, 0.004478, 2.129879, 7.566632, 0.0
9937.0, 8.362571, 4.536054, 0.003946, 2.129879, 7.566632, 0.0
9937.0, 8.362571, 4.536054, 0.003946, 2.129879, 7.566632, 0.0
9952.0, 8.374545, 4.539911, 0.003451, 2.130078, 7.816634, 0.0
9969.0, 8.386786, 4.543781, 0.002846, 2.130078, 7.816634, 0.0
9969.0, 8.386786, 4.543781, 0.002846, 2.130078, 7.816634, 0.0
9986.0, 8.399349, 4.547665, 0.002318, 2.130078, 7.816634, 0.0
9986.0, 8.399349, 4.547665, 0.002318, 2.130078, 7.816634, 0.0
