1.0, 0.0, 0.0, 0.002231, 5.542586, -2.297769, 0.0
15.0, -0.000119, -0.000243, -0.004067, 5.542586, -2.297769, 0.0
15.0, -0.000119, -0.000243, -0.004067, 5.542586, -2.297769, 0.0
30.0, -0.00039, -0.00031, -0.009469, 5.542586, -2.297769, 0.0
30.0, -0.00039, -0.00031, -0.009469, 5.542586, -2.297769, 0.0
47.0, -0.000822, -0.000112, -0.012074, 5.542586, -2.297769, 0.0
65.0, -0.00145, 0.000279, -0.013011, 5.542586, -2.297769, 0.0
65.0, -0.00145, 0.000279, -0.013011, 5.542586, -2.297769, 0.0
80.0, -0.002312, 0.000739, -0.012728, 5.417408, -2.251849, 0.0
80.0, -0.002312, 0.000739, -0.012728, 5.417408, -2.251849, 0.0
97.0, -0.00345, 0.00114, -0.011598, 5.417408, -2.251849, 0.0
113.0, -0.004899, 0.001358, -0.00992, 5.417408, -2.251849, 0.0
114.0, -0.004899, 0.001358, -0.00992, 5.417408, -2.251849, 0.0
131.0, -0.006499, 0.001286, -0.007477, 5.417408, -2.251849, 0.0
131.0, -0.006499, 0.001286, -0.007477, 5.417408, -2.251849, 0.0
147.0, -0.008496, 0.001236, -0.004955, 5.417408, -2.251849, 0.0
165.0, -0.010948, 0.001127, -0.002042, 5.417408, -2.251849, 0.0
165.0, -0.010948, 0.001127, -0.002042, 5.417408, -2.251849, 0.0
181.0, -0.013946, 0.001071, 0.000986, 5.417408, -2.251849, 0.0
181.0, -0.013946, 0.001071, 0.000986, 5.417408, -2.251849, 0.0
198.0, -0.017448, 0.001064, 0.003974, 5.417408, -2.251849, 0.0
215.0, -0.020791, 0.001149, 0.003242, 5.417408, -2.251849, 0.0
215.0, -0.020791, 0.001149, 0.003242, 5.417408, -2.251849, 0.0
232.0, -0.025109, 0.001537, 0.003405, 5.417408, -2.251849, 0.0
232.0, -0.025109, 0.001537, 0.003405, 5.417408, -2.251849, 0.0
247.0, -0.030007, 0.002003, 0.003657, 5.417408, -2.251849, 0.0
265.0, -0.035411, 0.002499, 0.003944, 5.417408, -2.251849, 0.0
265.0, -0.035411, 0.002499, 0.003944, 5.417408, -2.251849, 0.0
281.0, -0.041319, 0.002989, 0.004255, 5.417408, -2.251849, 0.0
281.0, -0.041319, 0.002989, 0.004255, 5.417408, -2.251849, 0.0
299.0, -0.04773, 0.003462, 0.004568, 5.417408, -2.251849, 0.0
314.0, -0.054643, 0.003911, 0.004865, 5.417408, -2.251849, 0.0
314.0, -0.054643, 0.003911, 0.004865, 5.417408, -2.251849, 0.0
330.0, -0.062059, 0.004336, 0.005135, 4.947992, -2.079651, 0.0
330.0, -0.062059, 0.004336, 0.005135, 4.947992, -2.079651, 0.0
347.0, -0.069977, 0.004737, 0.005374, 4.947992, -2.079651, 0.0
365.0, -0.078396, 0.005116, 0.005577, 4.947992, -2.079651, 0.0
365.0, -0.078396, 0.005116, 0.005577, 4.947992, -2.079651, 0.0
381.0, -0.087316, 0.005472, 0.005745, 4.947992, -2.079651, 0.0
381.0, -0.087316, 0.005472, 0.005745, 4.947992, -2.079651, 0.0
397.0, -0.096737, 0.005806, 0.00588, 4.947992, -2.079651, 0.0
414.0, -0.106658, 0.006117, 0.005986, 4.947992, -2.079651, 0.0
414.0, -0.106658, 0.006117, 0.005986, 4.947992, -2.079651, 0.0
431.0, -0.11708, 0.006406, 0.006065, 4.947992, -2.079651, 0.0
431.0, -0.11708, 0.006406, 0.006065, 4.947992, -2.079651, 0.0
447.0, -0.128002, 0.006673, 0.006122, 4.947992, -2.079651, 0.0
466.0, -0.139425, 0.006918, 0.006159, 4.947992, -2.079651, 0.0
466.0, -0.139425, 0.006918, 0.006159, 4.947992, -2.079651, 0.0
481.0, -0.151348, 0.00714, 0.00618, 4.947992, -2.079651, 0.0
481.0, -0.151348, 0.00714, 0.00618, 4.947992, -2.079651, 0.0
497.0, -0.16377, 0.007337, 0.006189, 4.947992, -2.079651, 0.0
515.0, -0.176692, 0.007509, 0.006187, 4.947992, -2.079651, 0.0
515.0, -0.176692, 0.007509, 0.006187, 4.947992, -2.079651, 0.0
532.0, -0.190113, 0.007654, 0.006177, 4.947992, -2.079651, 0.0
532.0, -0.190113, 0.007654, 0.006177, 4.947992, -2.079651, 0.0
548.0, -0.204034, 0.007772, 0.00616, 4.947992, -2.079651, 0.0
565.0, -0.218453, 0.007863, 0.00614, 4.947992, -2.079651, 0.0
565.0, -0.218453, 0.007863, 0.00614, 4.947992, -2.079651, 0.0
580.0, -0.233371, 0.007923, 0.006116, 4.478574, -1.907452, 0.0
580.0, -0.233371, 0.007923, 0.006116, 4.478574, -1.907452, 0.0
596.0, -0.248788, 0.007953, 0.00609, 4.478574, -1.907452, 0.0
613.0, -0.264704, 0.00795, 0.006062, 4.478574, -1.907452, 0.0
613.0, -0.264704, 0.00795, 0.006062, 4.478574, -1.907452, 0.0
630.0, -0.281119, 0.007912, 0.006033, 4.478574, -1.907452, 0.0
630.0, -0.281119, 0.007912, 0.006033, 4.478574, -1.907452, 0.0
646.0, -0.298031, 0.00784, 0.006004, 4.478574, -1.907452, 0.0
665.0, -0.315443, 0.007731, 0.005974, 4.478574, -1.907452, 0.0
665.0, -0.315443, 0.007731, 0.005974, 4.478574, -1.907452, 0.0
681.0, -0.333353, 0.007585, 0.005944, 4.478574, -1.907452, 0.0
681.0, -0.333353, 0.007585, 0.005944, 4.478574, -1.907452, 0.0
697.0, -0.351761, 0.007398, 0.005913, 4.478574, -1.907452, 0.0
714.0, -0.370668, 0.007171, 0.005883, 4.478574, -1.907452, 0.0
714.0, -0.370668, 0.007171, 0.005883, 4.478574, -1.907452, 0.0
731.0, -0.390072, 0.0069, 0.005852, 4.478574, -1.907452, 0.0
731.0, -0.390072, 0.0069, 0.005852, 4.478574, -1.907452, 0.0
747.0, -0.409975, 0.006586, 0.00582, 4.478574, -1.907452, 0.0
766.0, -0.430375, 0.006226, 0.005788, 4.478574, -1.907452, 0.0
766.0, -0.430375, 0.006226, 0.005788, 4.478574, -1.907452, 0.0
781.0, -0.451274, 0.00582, 0.005756, 4.478574, -1.907452, 0.0
781.0, -0.451274, 0.00582, 0.005756, 4.478574, -1.907452, 0.0
797.0, -0.47267, 0.005365, 0.005723, 4.478574, -1.907452, 0.0
813.0, -0.494563, 0.004861, 0.00569, 4.478574, -1.907452, 0.0
813.0, -0.494563, 0.004861, 0.00569, 4.478574, -1.907452, 0.0
829.0, -0.516954, 0.004304, 0.005656, 4.009156, -1.735254, 0.0
829.0, -0.516954, 0.004304, 0.005656, 4.009156, -1.735254, 0.0
846.0, -0.539842, 0.003695, 0.005621, 4.009156, -1.735254, 0.0
864.0, -0.563227, 0.003033, 0.005586, 4.009156, -1.735254, 0.0
864.0, -0.563227, 0.003033, 0.005586, 4.009156, -1.735254, 0.0
881.0, -0.587113, 0.002314, 0.005551, 4.009156, -1.735254, 0.0
881.0, -0.587113, 0.002314, 0.005551, 4.009156, -1.735254, 0.0
897.0, -0.611498, 0.001539, 0.005516, 4.009156, -1.735254, 0.0
913.0, -0.636379, 0.000705, 0.005478, 4.009156, -1.735254, 0.0
913.0, -0.636379, 0.000705, 0.005478, 4.009156, -1.735254, 0.0
931.0, -0.661756, -0.000189, 0.005439, 4.009156, -1.735254, 0.0
931.0, -0.661756, -0.000189, 0.005439, 4.009156, -1.735254, 0.0
947.0, -0.687629, -0.001145, 0.005398, 4.009156, -1.735254, 0.0
966.0, -0.713997, -0.002164, 0.005356, 4.009156, -1.735254, 0.0
966.0, -0.713997, -0.002164, 0.005356, 4.009156, -1.735254, 0.0
981.0, -0.740754, -0.003231, 0.00527, 4.009156, -1.735254, 0.0
981.0, -0.740754, -0.003231, 0.00527, 4.009156, -1.735254, 0.0
996.0, -0.767775, -0.004331, 0.005108, 4.009156, -1.735254, 0.0
1014.0, -0.794937, -0.005448, 0.004852, 4.009156, -1.735254, 0.0
1014.0, -0.794937, -0.005448, 0.004852, 4.009156, -1.735254, 0.0
1030.0, -0.822125, -0.006569, 0.004503, 4.009156, -1.735254, 0.0
1030.0, -0.822125, -0.006569, 0.004503, 4.009156, -1.735254, 0.0
1046.0, -0.849292, -0.007685, 0.00407, 4.009156, -1.735254, 0.0
1065.0, -0.876262, -0.008781, 0.003573, 4.009156, -1.735254, 0.0
1065.0, -0.876262, -0.008781, 0.003573, 4.009156, -1.735254, 0.0
1080.0, -0.90301, -0.009851, 0.003034, 3.539684, -1.563035, 0.0
1080.0, -0.90301, -0.009851, 0.003034, 3.539684, -1.563035, 0.0
1097.0, -0.929488, -0.010889, 0.002475, 3.539684, -1.563035, 0.0
1114.0, -0.955651, -0.011887, 0.001918, 3.539684, -1.563035, 0.0
1114.0, -0.955651, -0.011887, 0.001918, 3.539684, -1.563035, 0.0
1131.0, -0.981465, -0.01284, 0.00138, 3.539684, -1.563035, 0.0
1131.0, -0.981465, -0.01284, 0.00138, 3.539684, -1.563035, 0.0
1147.0, -1.006902, -0.013741, 0.000874, 3.539684, -1.563035, 0.0
1165.0, -1.031939, -0.014586, 0.00041, 3.539684, -1.563035, 0.0
1165.0, -1.031939, -0.014586, 0.00041, 3.539684, -1.563035, 0.0
1181.0, -1.056561, -0.015371, -0.000003, 3.539684, -1.563035, 0.0
1181.0, -1.056561, -0.015371, -0.000003, 3.539684, -1.563035, 0.0
1196.0, -1.080751, -0.016095, -0.000366, 3.539684, -1.563035, 0.0
1214.0, -1.104494, -0.016754, -0.000678, 3.539684, -1.563035, 0.0
1214.0, -1.104494, -0.016754, -0.000678, 3.539684, -1.563035, 0.0
1231.0, -1.127782, -0.017348, -0.000942, 3.539684, -1.563035, 0.0
1231.0, -1.127782, -0.017348, -0.000942, 3.539684, -1.563035, 0.0
1246.0, -1.150606, -0.017877, -0.001158, 3.539684, -1.563035, 0.0
1266.0, -1.172959, -0.018339, -0.001332, 3.539684, -1.563035, 0.0
1266.0, -1.172959, -0.018339, -0.001332, 3.539684, -1.563035, 0.0
1281.0, -1.194837, -0.018735, -0.001468, 3.539684, -1.563035, 0.0
1281.0, -1.194837, -0.018735, -0.001468, 3.539684, -1.563035, 0.0
1296.0, -1.216236, -0.019069, -0.001569, 3.539684, -1.563035, 0.0
1314.0, -1.237152, -0.019341, -0.001642, 3.539684, -1.563035, 0.0
1314.0, -1.237152, -0.019341, -0.001642, 3.539684, -1.563035, 0.0
1331.0, -1.257583, -0.019555, -0.00169, 3.070267, -1.390837, 0.0
1331.0, -1.257583, -0.019555, -0.00169, 3.070267, -1.390837, 0.0
1346.0, -1.277526, -0.019713, -0.001718, 3.070267, -1.390837, 0.0
1364.0, -1.29698, -0.019815, -0.00173, 3.070267, -1.390837, 0.0
1364.0, -1.29698, -0.019815, -0.00173, 3.070267, -1.390837, 0.0
1381.0, -1.315943, -0.019866, -0.00173, 3.070267, -1.390837, 0.0
1381.0, -1.315943, -0.019866, -0.00173, 3.070267, -1.390837, 0.0
1397.0, -1.334413, -0.019869, -0.001719, 3.070267, -1.390837, 0.0
1414.0, -1.35239, -0.019828, -0.001701, 3.070267, -1.390837, 0.0
1414.0, -1.35239, -0.019828, -0.001701, 3.070267, -1.390837, 0.0
1431.0, -1.369872, -0.019746, -0.001679, 3.070267, -1.390837, 0.0
1431.0, -1.369872, -0.019746, -0.001679, 3.070267, -1.390837, 0.0
1447.0, -1.386859, -0.019626, -0.001653, 3.070267, -1.390837, 0.0
1464.0, -1.40335, -0.01947, -0.001625, 3.070267, -1.390837, 0.0
1464.0, -1.40335, -0.01947, -0.001625, 3.070267, -1.390837, 0.0
1480.0, -1.419347, -0.019282, -0.001596, 3.070267, -1.390837, 0.0
1480.0, -1.419347, -0.019282, -0.001596, 3.070267, -1.390837, 0.0
1497.0, -1.434848, -0.019065, -0.001567, 3.070267, -1.390837, 0.0
1514.0, -1.44985, -0.018823, -0.001539, 3.070267, -1.390837, 0.0
1514.0, -1.44985, -0.018823, -0.001539, 3.070267, -1.390837, 0.0
1530.0, -1.464354, -0.01856, -0.001513, 3.070267, -1.390837, 0.0
1530.0, -1.464354, -0.01856, -0.001513, 3.070267, -1.390837, 0.0
1548.0, -1.478359, -0.018277, -0.001489, 3.070267, -1.390837, 0.0
1565.0, -1.491865, -0.017977, -0.001467, 3.070267, -1.390837, 0.0
1565.0, -1.491865, -0.017977, -0.001467, 3.070267, -1.390837, 0.0
1581.0, -1.504868, -0.017664, -0.001448, 2.60085, -1.218639, 0.0
1581.0, -1.504868, -0.017664, -0.001448, 2.60085, -1.218639, 0.0
1596.0, -1.517372, -0.017342, -0.001431, 2.60085, -1.218639, 0.0
1614.0, -1.529376, -0.017012, -0.001416, 2.60085, -1.218639, 0.0
1614.0, -1.529376, -0.017012, -0.001416, 2.60085, -1.218639, 0.0
1632.0, -1.540883, -0.016679, -0.001402, 2.60085, -1.218639, 0.0
1632.0, -1.540883, -0.016679, -0.001402, 2.60085, -1.218639, 0.0
1646.0, -1.551888, -0.016344, -0.00139, 2.60085, -1.218639, 0.0
1665.0, -1.562394, -0.016009, -0.00138, 2.60085, -1.218639, 0.0
1665.0, -1.562394, -0.016009, -0.00138, 2.60085, -1.218639, 0.0
1681.0, -1.5724, -0.015679, -0.001372, 2.60085, -1.218639, 0.0
1681.0, -1.5724, -0.015679, -0.001372, 2.60085, -1.218639, 0.0
1697.0, -1.581907, -0.015355, -0.001366, 2.60085, -1.218639, 0.0
1713.0, -1.590915, -0.015041, -0.001361, 2.60085, -1.218639, 0.0
1713.0, -1.590915, -0.015041, -0.001361, 2.60085, -1.218639, 0.0
1730.0, -1.599423, -0.01474, -0.001359, 2.60085, -1.218639, 0.0
1730.0, -1.599423, -0.01474, -0.001359, 2.60085, -1.218639, 0.0
1746.0, -1.607431, -0.014454, -0.001359, 2.60085, -1.218639, 0.0
1764.0, -1.614941, -0.014183, -0.001359, 2.60085, -1.218639, 0.0
1764.0, -1.614941, -0.014183, -0.001359, 2.60085, -1.218639, 0.0
1780.0, -1.621951, -0.013933, -0.001364, 2.60085, -1.218639, 0.0
1780.0, -1.621951, -0.013933, -0.001364, 2.60085, -1.218639, 0.0
1796.0, -1.628461, -0.013705, -0.00137, 2.60085, -1.218639, 0.0
1813.0, -1.634473, -0.013501, -0.001378, 2.60085, -1.218639, 0.0
1814.0, -1.634473, -0.013501, -0.001378, 2.60085, -1.218639, 0.0
1831.0, -1.639985, -0.013325, -0.001389, 2.131426, -1.046438, 0.0
1831.0, -1.639985, -0.013325, -0.001389, 2.131426, -1.046438, 0.0
1846.0, -1.644999, -0.013179, -0.001401, 2.131426, -1.046438, 0.0
1865.0, -1.649513, -0.013063, -0.001416, 2.131426, -1.046438, 0.0
1865.0, -1.649513, -0.013063, -0.001416, 2.131426, -1.046438, 0.0
1882.0, -1.653529, -0.012979, -0.001435, 2.131426, -1.046438, 0.0
1882.0, -1.653529, -0.012979, -0.001435, 2.131426, -1.046438, 0.0
1897.0, -1.657047, -0.012932, -0.001455, 2.131426, -1.046438, 0.0
1913.0, -1.660066, -0.012921, -0.00148, 2.131426, -1.046438, 0.0
1913.0, -1.660066, -0.012921, -0.00148, 2.131426, -1.046438, 0.0
1931.0, -1.662587, -0.012948, -0.001509, 2.131426, -1.046438, 0.0
1931.0, -1.662587, -0.012948, -0.001509, 2.131426, -1.046438, 0.0
1947.0, -1.664611, -0.013012, -0.001544, 2.131426, -1.046438, 0.0
1966.0, -1.666138, -0.013113, -0.001588, 2.131426, -1.046438, 0.0
1966.0, -1.666138, -0.013113, -0.001588, 2.131426, -1.046438, 0.0
1980.0, -1.66717, -0.013243, -0.001646, 2.131426, -1.046438, 0.0
1980.0, -1.66717, -0.013243, -0.001646, 2.131426, -1.046438, 0.0
1996.0, -1.667717, -0.013385, -0.001742, 2.131426, -1.046438, 0.0
2013.0, -1.667833, -0.0135, -0.001891, 2.131426, -1.046438, 0.0
2013.0, -1.667833, -0.0135, -0.001891, 2.131426, -1.046438, 0.0
2030.0, -1.667678, -0.013583, -0.002183, 2.131426, -1.046438, 0.0
2030.0, -1.667678, -0.013583, -0.002183, 2.131426, -1.046438, 0.0
2046.0, -1.667256, -0.013756, -0.002375, 2.131426, -1.046438, 0.0
2065.0, -1.666422, -0.014083, -0.002665, 2.131426, -1.046438, 0.0
2065.0, -1.666422, -0.014083, -0.002665, 2.131426, -1.046438, 0.0
2080.0, -1.665072, -0.014546, -0.003047, 1.66201, -0.87424, 0.0
2080.0, -1.665072, -0.014546, -0.003047, 1.66201, -0.87424, 0.0
2097.0, -1.663165, -0.015121, -0.003497, 1.66201, -0.87424, 0.0
2114.0, -1.660688, -0.01579, -0.003982, 1.66201, -0.87424, 0.0
2114.0, -1.660688, -0.01579, -0.003982, 1.66201, -0.87424, 0.0
2131.0, -1.657641, -0.01654, -0.004471, 1.66201, -0.87424, 0.0
2131.0, -1.657641, -0.01654, -0.004471, 1.66201, -0.87424, 0.0
2147.0, -1.65403, -0.017362, -0.004939, 1.66201, -0.87424, 0.0
2165.0, -1.649864, -0.018252, -0.005372, 1.66201, -0.87424, 0.0
2165.0, -1.649864, -0.018252, -0.005372, 1.66201, -0.87424, 0.0
2180.0, -1.645121, -0.019214, -0.00576, 1.66201, -0.87424, 0.0
2180.0, -1.645121, -0.019214, -0.00576, 1.66201, -0.87424, 0.0
2196.0, -1.639868, -0.020237, -0.006096, 1.66201, -0.87424, 0.0
2213.0, -1.634085, -0.021328, -0.006379, 1.66201, -0.87424, 0.0
2213.0, -1.634085, -0.021328, -0.006379, 1.66201, -0.87424, 0.0
2230.0, -1.627778, -0.022489, -0.006614, 1.66201, -0.87424, 0.0
2230.0, -1.627778, -0.022489, -0.006614, 1.66201, -0.87424, 0.0
2246.0, -1.620953, -0.023721, -0.006803, 1.66201, -0.87424, 0.0
2265.0, -1.613616, -0.025025, -0.006953, 1.66201, -0.87424, 0.0
2265.0, -1.613616, -0.025025, -0.006953, 1.66201, -0.87424, 0.0
2280.0, -1.605778, -0.026403, -0.007067, 1.66201, -0.87424, 0.0
2280.0, -1.605778, -0.026403, -0.007067, 1.66201, -0.87424, 0.0
2297.0, -1.597438, -0.027857, -0.007154, 1.66201, -0.87424, 0.0
2314.0, -1.588597, -0.029391, -0.007222, 1.66201, -0.87424, 0.0
2314.0, -1.588597, -0.029391, -0.007222, 1.66201, -0.87424, 0.0
2331.0, -1.579254, -0.031005, -0.007275, 1.192382, -0.701964, 0.0
2331.0, -1.579254, -0.031005, -0.007275, 1.192382, -0.701964, 0.0
2347.0, -1.569413, -0.032701, -0.007317, 1.192382, -0.701964, 0.0
2364.0, -1.559074, -0.034481, -0.007353, 1.192382, -0.701964, 0.0
2364.0, -1.559074, -0.034481, -0.007353, 1.192382, -0.701964, 0.0
2379.0, -1.548229, -0.036347, -0.007387, 1.192382, -0.701964, 0.0
2379.0, -1.548229, -0.036347, -0.007387, 1.192382, -0.701964, 0.0
2396.0, -1.536886, -0.038299, -0.007419, 1.192382, -0.701964, 0.0
2413.0, -1.525048, -0.040338, -0.007449, 1.192382, -0.701964, 0.0
2413.0, -1.525048, -0.040338, -0.007449, 1.192382, -0.701964, 0.0
2430.0, -1.512717, -0.042465, -0.007478, 1.192382, -0.701964, 0.0
2430.0, -1.512717, -0.042465, -0.007478, 1.192382, -0.701964, 0.0
2447.0, -1.499893, -0.04468, -0.007509, 1.192382, -0.701964, 0.0
2465.0, -1.486578, -0.046984, -0.00754, 1.192382, -0.701964, 0.0
2465.0, -1.486578, -0.046984, -0.00754, 1.192382, -0.701964, 0.0
2481.0, -1.47277, -0.049378, -0.007575, 1.192382, -0.701964, 0.0
2481.0, -1.47277, -0.049378, -0.007575, 1.192382, -0.701964, 0.0
2497.0, -1.45847, -0.051861, -0.007612, 1.192382, -0.701964, 0.0
2514.0, -1.443679, -0.054435, -0.007652, 1.192382, -0.701964, 0.0
2514.0, -1.443679, -0.054435, -0.007652, 1.192382, -0.701964, 0.0
2531.0, -1.428397, -0.057101, -0.007695, 1.192382, -0.701964, 0.0
2531.0, -1.428397, -0.057101, -0.007695, 1.192382, -0.701964, 0.0
2547.0, -1.412623, -0.059857, -0.007741, 1.192382, -0.701964, 0.0
2566.0, -1.396357, -0.062705, -0.00779, 1.192382, -0.701964, 0.0
2566.0, -1.396357, -0.062705, -0.00779, 1.192382, -0.701964, 0.0
2581.0, -1.379597, -0.065645, -0.007842, 0.722965, -0.529766, 0.0
2581.0, -1.379597, -0.065645, -0.007842, 0.722965, -0.529766, 0.0
2597.0, -1.362344, -0.068677, -0.007896, 0.722965, -0.529766, 0.0
2613.0, -1.3446, -0.071801, -0.007952, 0.722965, -0.529766, 0.0
2613.0, -1.3446, -0.071801, -0.007952, 0.722965, -0.529766, 0.0
2630.0, -1.326365, -0.075017, -0.008008, 0.722965, -0.529766, 0.0
2630.0, -1.326365, -0.075017, -0.008008, 0.722965, -0.529766, 0.0
2646.0, -1.307638, -0.078324, -0.008065, 0.722965, -0.529766, 0.0
2664.0, -1.288421, -0.081724, -0.008123, 0.722965, -0.529766, 0.0
2664.0, -1.288421, -0.081724, -0.008123, 0.722965, -0.529766, 0.0
2680.0, -1.268716, -0.085214, -0.00818, 0.722965, -0.529766, 0.0
2680.0, -1.268716, -0.085214, -0.00818, 0.722965, -0.529766, 0.0
2697.0, -1.248521, -0.088795, -0.008238, 0.722965, -0.529766, 0.0
2714.0, -1.227834, -0.092467, -0.008297, 0.722965, -0.529766, 0.0
2714.0, -1.227834, -0.092467, -0.008297, 0.722965, -0.529766, 0.0
2731.0, -1.206656, -0.09623, -0.008358, 0.722965, -0.529766, 0.0
2731.0, -1.206656, -0.09623, -0.008358, 0.722965, -0.529766, 0.0
2747.0, -1.184985, -0.100084, -0.008419, 0.722965, -0.529766, 0.0
2766.0, -1.162822, -0.104027, -0.00848, 0.722965, -0.529766, 0.0
2766.0, -1.162822, -0.104027, -0.00848, 0.722965, -0.529766, 0.0
2781.0, -1.140167, -0.10806, -0.008542, 0.722965, -0.529766, 0.0
2781.0, -1.140167, -0.10806, -0.008542, 0.722965, -0.529766, 0.0
2797.0, -1.11702, -0.112181, -0.008604, 0.722965, -0.529766, 0.0
2814.0, -1.09338, -0.116389, -0.008665, 0.722965, -0.529766, 0.0
2814.0, -1.09338, -0.116389, -0.008665, 0.722965, -0.529766, 0.0
2831.0, -1.069247, -0.120685, -0.008727, 0.253547, -0.357567, 0.0
2831.0, -1.069247, -0.120685, -0.008727, 0.253547, -0.357567, 0.0
2847.0, -1.044622, -0.125066, -0.008788, 0.253547, -0.357567, 0.0
2865.0, -1.019504, -0.129533, -0.008848, 0.253547, -0.357567, 0.0
2865.0, -1.019504, -0.129533, -0.008848, 0.253547, -0.357567, 0.0
2881.0, -0.993892, -0.134084, -0.008909, 0.253547, -0.357567, 0.0
2881.0, -0.993892, -0.134084, -0.008909, 0.253547, -0.357567, 0.0
2897.0, -0.967788, -0.138718, -0.008969, 0.253547, -0.357567, 0.0
2914.0, -0.94119, -0.143433, -0.009028, 0.253547, -0.357567, 0.0
2914.0, -0.94119, -0.143433, -0.009028, 0.253547, -0.357567, 0.0
2931.0, -0.914099, -0.148228, -0.009087, 0.253547, -0.357567, 0.0
2931.0, -0.914099, -0.148228, -0.009087, 0.253547, -0.357567, 0.0
2947.0, -0.886514, -0.153101, -0.009144, 0.253547, -0.357567, 0.0
2966.0, -0.858435, -0.158052, -0.009202, 0.253547, -0.357567, 0.0
2966.0, -0.858435, -0.158052, -0.009202, 0.253547, -0.357567, 0.0
2981.0, -0.829862, -0.163079, -0.009258, 0.253547, -0.357567, 0.0
2981.0, -0.829862, -0.163079, -0.009258, 0.253547, -0.357567, 0.0
2997.0, -0.800794, -0.168178, -0.009314, 0.253547, -0.357567, 0.0
3013.0, -0.771232, -0.173349, -0.009369, 0.253547, -0.357567, 0.0
3013.0, -0.771232, -0.173349, -0.009369, 0.253547, -0.357567, 0.0
3030.0, -0.741175, -0.178588, -0.009423, 0.253547, -0.357567, 0.0
3030.0, -0.741175, -0.178588, -0.009423, 0.253547, -0.357567, 0.0
3047.0, -0.710622, -0.183895, -0.009476, 0.253547, -0.357567, 0.0
3065.0, -0.679574, -0.189267, -0.009528, 0.253547, -0.357567, 0.0
3065.0, -0.679574, -0.189267, -0.009528, 0.253547, -0.357567, 0.0
3080.0, -0.64803, -0.194701, -0.009579, -0.21587, -0.185369, 0.0
3080.0, -0.64803, -0.194701, -0.009579, -0.21587, -0.185369, 0.0
3097.0, -0.615989, -0.200195, -0.009629, -0.21587, -0.185369, 0.0
3113.0, -0.583452, -0.205744, -0.009677, -0.21587, -0.185369, 0.0
3113.0, -0.583452, -0.205744, -0.009677, -0.21587, -0.185369, 0.0
3130.0, -0.550419, -0.211345, -0.009724, -0.21587, -0.185369, 0.0
3130.0, -0.550419, -0.211345, -0.009724, -0.21587, -0.185369, 0.0
3146.0, -0.516888, -0.216997, -0.009769, -0.21587, -0.185369, 0.0
3164.0, -0.48286, -0.222696, -0.009813, -0.21587, -0.185369, 0.0
3164.0, -0.48286, -0.222696, -0.009813, -0.21587, -0.185369, 0.0
3180.0, -0.448327, -0.22844, -0.009858, -0.21587, -0.185369, 0.0
3180.0, -0.448327, -0.22844, -0.009858, -0.21587, -0.185369, 0.0
3196.0, -0.413294, -0.234222, -0.0099, -0.21587, -0.185369, 0.0
3213.0, -0.377763, -0.240038, -0.009939, -0.21587, -0.185369, 0.0
3213.0, -0.377763, -0.240038, -0.009939, -0.21587, -0.185369, 0.0
3230.0, -0.341735, -0.245884, -0.009975, -0.21587, -0.185369, 0.0
3230.0, -0.341735, -0.245884, -0.009975, -0.21587, -0.185369, 0.0
3247.0, -0.305209, -0.251756, -0.010007, -0.21587, -0.185369, 0.0
3264.0, -0.268185, -0.257652, -0.010037, -0.21587, -0.185369, 0.0
3264.0, -0.268185, -0.257652, -0.010037, -0.21587, -0.185369, 0.0
3280.0, -0.23067, -0.263564, -0.010061, -0.21587, -0.185369, 0.0
3280.0, -0.23067, -0.263564, -0.010061, -0.21587, -0.185369, 0.0
3296.0, -0.192659, -0.269487, -0.010082, -0.21587, -0.185369, 0.0
3313.0, -0.15415, -0.275415, -0.010102, -0.21587, -0.185369, 0.0
3313.0, -0.15415, -0.275415, -0.010102, -0.21587, -0.185369, 0.0
3330.0, -0.115142, -0.281344, -0.01012, -0.685287, -0.01317, 0.0
3330.0, -0.115142, -0.281344, -0.01012, -0.685287, -0.01317, 0.0
3347.0, -0.075634, -0.287269, -0.010136, -0.685287, -0.01317, 0.0
3365.0, -0.035626, -0.293186, -0.010149, -0.685287, -0.01317, 0.0
3365.0, -0.035626, -0.293186, -0.010149, -0.685287, -0.01317, 0.0
3381.0, 0.004881, -0.299089, -0.010159, -0.685287, -0.01317, 0.0
3381.0, 0.004881, -0.299089, -0.010159, -0.685287, -0.01317, 0.0
3397.0, 0.045886, -0.304969, -0.010166, -0.685287, -0.01317, 0.0
3415.0, 0.08739, -0.310819, -0.010169, -0.685287, -0.01317, 0.0
3415.0, 0.08739, -0.310819, -0.010169, -0.685287, -0.01317, 0.0
3431.0, 0.129391, -0.316633, -0.010167, -0.685287, -0.01317, 0.0
3431.0, 0.129391, -0.316633, -0.010167, -0.685287, -0.01317, 0.0
3448.0, 0.171889, -0.322405, -0.010161, -0.685287, -0.01317, 0.0
3466.0, 0.214884, -0.328131, -0.01015, -0.685287, -0.01317, 0.0
3466.0, 0.214884, -0.328131, -0.01015, -0.685287, -0.01317, 0.0
3481.0, 0.258374, -0.333804, -0.010135, -0.685287, -0.01317, 0.0
3481.0, 0.258374, -0.333804, -0.010135, -0.685287, -0.01317, 0.0
3496.0, 0.302359, -0.339413, -0.010114, -0.685287, -0.01317, 0.0
3513.0, 0.346836, -0.344952, -0.010088, -0.685287, -0.01317, 0.0
3513.0, 0.346836, -0.344952, -0.010088, -0.685287, -0.01317, 0.0
3530.0, 0.391832, -0.350416, -0.010057, -0.685287, -0.01317, 0.0
3530.0, 0.391832, -0.350416, -0.010057, -0.685287, -0.01317, 0.0
3547.0, 0.437292, -0.355794, -0.01002, -0.685287, -0.01317, 0.0
3565.0, 0.483243, -0.361083, -0.009979, -0.685287, -0.01317, 0.0
3565.0, 0.483243, -0.361083, -0.009979, -0.685287, -0.01317, 0.0
3580.0, 0.529682, -0.366275, -0.009932, -1.154723, 0.159035, 0.0
3580.0, 0.529682, -0.366275, -0.009932, -1.154723, 0.159035, 0.0
3597.0, 0.576607, -0.371361, -0.009879, -1.154723, 0.159035, 0.0
3614.0, 0.624017, -0.376333, -0.00982, -1.154723, 0.159035, 0.0
3614.0, 0.624017, -0.376333, -0.00982, -1.154723, 0.159035, 0.0
3631.0, 0.671874, -0.381183, -0.009741, -1.154723, 0.159035, 0.0
3631.0, 0.671874, -0.381183, -0.009741, -1.154723, 0.159035, 0.0
3647.0, 0.72012, -0.385908, -0.009624, -1.154723, 0.159035, 0.0
3665.0, 0.768693, -0.390504, -0.009457, -1.154723, 0.159035, 0.0
3665.0, 0.768693, -0.390504, -0.009457, -1.154723, 0.159035, 0.0
3681.0, 0.817535, -0.394963, -0.009238, -1.154723, 0.159035, 0.0
3681.0, 0.817535, -0.394963, -0.009238, -1.154723, 0.159035, 0.0
3697.0, 0.866596, -0.399281, -0.008969, -1.154723, 0.159035, 0.0
3714.0, 0.915836, -0.40345, -0.008659, -1.154723, 0.159035, 0.0
3714.0, 0.915836, -0.40345, -0.008659, -1.154723, 0.159035, 0.0
3730.0, 0.965221, -0.407464, -0.008317, -1.154723, 0.159035, 0.0
3730.0, 0.965221, -0.407464, -0.008317, -1.154723, 0.159035, 0.0
3747.0, 1.014721, -0.411319, -0.007955, -1.154723, 0.159035, 0.0
3765.0, 1.064314, -0.41501, -0.007583, -1.154723, 0.159035, 0.0
3765.0, 1.064314, -0.41501, -0.007583, -1.154723, 0.159035, 0.0
3780.0, 1.113937, -0.418575, -0.007194, -1.154723, 0.159035, 0.0
3780.0, 1.113937, -0.418575, -0.007194, -1.154723, 0.159035, 0.0
3797.0, 1.163519, -0.422066, -0.006781, -1.154723, 0.159035, 0.0
3814.0, 1.21299, -0.425536, -0.006347, -1.154723, 0.159035, 0.0
3814.0, 1.21299, -0.425536, -0.006347, -1.154723, 0.159035, 0.0
3830.0, 1.262291, -0.42903, -0.005899, -1.624141, 0.331233, 0.0
3830.0, 1.262291, -0.42903, -0.005899, -1.624141, 0.331233, 0.0
3847.0, 1.311371, -0.432587, -0.005445, -1.624141, 0.331233, 0.0
3865.0, 1.360188, -0.436238, -0.004999, -1.624141, 0.331233, 0.0
3865.0, 1.360188, -0.436238, -0.004999, -1.624141, 0.331233, 0.0
3880.0, 1.408717, -0.440013, -0.004575, -1.624141, 0.331233, 0.0
3880.0, 1.408717, -0.440013, -0.004575, -1.624141, 0.331233, 0.0
3897.0, 1.456926, -0.443933, -0.004181, -1.624141, 0.331233, 0.0
3914.0, 1.504791, -0.448019, -0.003823, -1.624141, 0.331233, 0.0
3914.0, 1.504791, -0.448019, -0.003823, -1.624141, 0.331233, 0.0
3931.0, 1.552293, -0.452284, -0.003508, -1.624141, 0.331233, 0.0
3931.0, 1.552293, -0.452284, -0.003508, -1.624141, 0.331233, 0.0
3946.0, 1.599419, -0.456741, -0.003239, -1.624141, 0.331233, 0.0
3965.0, 1.646158, -0.461398, -0.003018, -1.624141, 0.331233, 0.0
3965.0, 1.646158, -0.461398, -0.003018, -1.624141, 0.331233, 0.0
3980.0, 1.692495, -0.466265, -0.002841, -1.624141, 0.331233, 0.0
3980.0, 1.692495, -0.466265, -0.002841, -1.624141, 0.331233, 0.0
3996.0, 1.738429, -0.47135, -0.002712, -1.624141, 0.331233, 0.0
4014.0, 1.78396, -0.476661, -0.00263, -1.624141, 0.331233, 0.0
4014.0, 1.78396, -0.476661, -0.00263, -1.624141, 0.331233, 0.0
4030.0, 1.829087, -0.482203, -0.00259, -1.624141, 0.331233, 0.0
4030.0, 1.829087, -0.482203, -0.00259, -1.624141, 0.331233, 0.0
4047.0, 1.873806, -0.487981, -0.002588, -1.624141, 0.331233, 0.0
4065.0, 1.918116, -0.494001, -0.00262, -1.624141, 0.331233, 0.0
4065.0, 1.918116, -0.494001, -0.00262, -1.624141, 0.331233, 0.0
4080.0, 1.962017, -0.500266, -0.002681, -2.093557, 0.503431, 0.0
4080.0, 1.962017, -0.500266, -0.002681, -2.093557, 0.503431, 0.0
4096.0, 2.005508, -0.506782, -0.002767, -2.093557, 0.503431, 0.0
4114.0, 2.048588, -0.513553, -0.002875, -2.093557, 0.503431, 0.0
4114.0, 2.048588, -0.513553, -0.002875, -2.093557, 0.503431, 0.0
4131.0, 2.091259, -0.520583, -0.003, -2.093557, 0.503431, 0.0
4131.0, 2.091259, -0.520583, -0.003, -2.093557, 0.503431, 0.0
4147.0, 2.133519, -0.527875, -0.00314, -2.093557, 0.503431, 0.0
4165.0, 2.17537, -0.535433, -0.003292, -2.093557, 0.503431, 0.0
4166.0, 2.17537, -0.535433, -0.003292, -2.093557, 0.503431, 0.0
4181.0, 2.21681, -0.54326, -0.003453, -2.093557, 0.503431, 0.0
4181.0, 2.21681, -0.54326, -0.003453, -2.093557, 0.503431, 0.0
4197.0, 2.257842, -0.551359, -0.003622, -2.093557, 0.503431, 0.0
4214.0, 2.298466, -0.559735, -0.003797, -2.093557, 0.503431, 0.0
4214.0, 2.298466, -0.559735, -0.003797, -2.093557, 0.503431, 0.0
4230.0, 2.338684, -0.568388, -0.003976, -2.093557, 0.503431, 0.0
4230.0, 2.338684, -0.568388, -0.003976, -2.093557, 0.503431, 0.0
4247.0, 2.378494, -0.577322, -0.00416, -2.093557, 0.503431, 0.0
4265.0, 2.417897, -0.586539, -0.004346, -2.093557, 0.503431, 0.0
4265.0, 2.417897, -0.586539, -0.004346, -2.093557, 0.503431, 0.0
4280.0, 2.456894, -0.596041, -0.004534, -2.093557, 0.503431, 0.0
4280.0, 2.456894, -0.596041, -0.004534, -2.093557, 0.503431, 0.0
4297.0, 2.495487, -0.60583, -0.004723, -2.093557, 0.503431, 0.0
4314.0, 2.533676, -0.615908, -0.004914, -2.093557, 0.503431, 0.0
4314.0, 2.533676, -0.615908, -0.004914, -2.093557, 0.503431, 0.0
4330.0, 2.571463, -0.626277, -0.005105, -2.562976, 0.675631, 0.0
4330.0, 2.571463, -0.626277, -0.005105, -2.562976, 0.675631, 0.0
4347.0, 2.608846, -0.636939, -0.005297, -2.562976, 0.675631, 0.0
4365.0, 2.645828, -0.647895, -0.00549, -2.562976, 0.675631, 0.0
4365.0, 2.645828, -0.647895, -0.00549, -2.562976, 0.675631, 0.0
4381.0, 2.682409, -0.659146, -0.005682, -2.562976, 0.675631, 0.0
4381.0, 2.682409, -0.659146, -0.005682, -2.562976, 0.675631, 0.0
4397.0, 2.718589, -0.670694, -0.005874, -2.562976, 0.675631, 0.0
4414.0, 2.75437, -0.68254, -0.006066, -2.562976, 0.675631, 0.0
4414.0, 2.75437, -0.68254, -0.006066, -2.562976, 0.675631, 0.0
4430.0, 2.789752, -0.694685, -0.006258, -2.562976, 0.675631, 0.0
4430.0, 2.789752, -0.694685, -0.006258, -2.562976, 0.675631, 0.0
4447.0, 2.824736, -0.70713, -0.006449, -2.562976, 0.675631, 0.0
4465.0, 2.859322, -0.719877, -0.00664, -2.562976, 0.675631, 0.0
4465.0, 2.859322, -0.719877, -0.00664, -2.562976, 0.675631, 0.0
4481.0, 2.893517, -0.732928, -0.006832, -2.562976, 0.675631, 0.0
4481.0, 2.893517, -0.732928, -0.006832, -2.562976, 0.675631, 0.0
4497.0, 2.927317, -0.746283, -0.007024, -2.562976, 0.675631, 0.0
4514.0, 2.960721, -0.759942, -0.007214, -2.562976, 0.675631, 0.0
4514.0, 2.960721, -0.759942, -0.007214, -2.562976, 0.675631, 0.0
4531.0, 2.993729, -0.773906, -0.007402, -2.562976, 0.675631, 0.0
4531.0, 2.993729, -0.773906, -0.007402, -2.562976, 0.675631, 0.0
4547.0, 3.026352, -0.788179, -0.007588, -2.562976, 0.675631, 0.0
4565.0, 3.058568, -0.802754, -0.007773, -2.562976, 0.675631, 0.0
4565.0, 3.058568, -0.802754, -0.007773, -2.562976, 0.675631, 0.0
4580.0, 3.090377, -0.817629, -0.007951, -3.032404, 0.847833, 0.0
4580.0, 3.090377, -0.817629, -0.007951, -3.032404, 0.847833, 0.0
4597.0, 3.121789, -0.83281, -0.008128, -3.032404, 0.847833, 0.0
4615.0, 3.152806, -0.848298, -0.008307, -3.032404, 0.847833, 0.0
4615.0, 3.152806, -0.848298, -0.008307, -3.032404, 0.847833, 0.0
4631.0, 3.183433, -0.864096, -0.008486, -3.032404, 0.847833, 0.0
4631.0, 3.183433, -0.864096, -0.008486, -3.032404, 0.847833, 0.0
4646.0, 3.213668, -0.880204, -0.008666, -3.032404, 0.847833, 0.0
4664.0, 3.243513, -0.896622, -0.008846, -3.032404, 0.847833, 0.0
4664.0, 3.243513, -0.896622, -0.008846, -3.032404, 0.847833, 0.0
4680.0, 3.272979, -0.913356, -0.009029, -3.032404, 0.847833, 0.0
4680.0, 3.272979, -0.913356, -0.009029, -3.032404, 0.847833, 0.0
4696.0, 3.302057, -0.930403, -0.009211, -3.032404, 0.847833, 0.0
4714.0, 3.330745, -0.947762, -0.009389, -3.032404, 0.847833, 0.0
4714.0, 3.330745, -0.947762, -0.009389, -3.032404, 0.847833, 0.0
4730.0, 3.359041, -0.96543, -0.009564, -3.032404, 0.847833, 0.0
4730.0, 3.359041, -0.96543, -0.009564, -3.032404, 0.847833, 0.0
4747.0, 3.386945, -0.983409, -0.009734, -3.032404, 0.847833, 0.0
4765.0, 3.414458, -1.001699, -0.009902, -3.032404, 0.847833, 0.0
4765.0, 3.414458, -1.001699, -0.009902, -3.032404, 0.847833, 0.0
4781.0, 3.441573, -1.020296, -0.010064, -3.032404, 0.847833, 0.0
4781.0, 3.441573, -1.020296, -0.010064, -3.032404, 0.847833, 0.0
4797.0, 3.468295, -1.039204, -0.010226, -3.032404, 0.847833, 0.0
4814.0, 3.494626, -1.058423, -0.010386, -3.032404, 0.847833, 0.0
4814.0, 3.494626, -1.058423, -0.010386, -3.032404, 0.847833, 0.0
4831.0, 3.520566, -1.077955, -0.010545, -3.50182, 1.020031, 0.0
4831.0, 3.520566, -1.077955, -0.010545, -3.50182, 1.020031, 0.0
4847.0, 3.546117, -1.097799, -0.010704, -3.50182, 1.020031, 0.0
4866.0, 3.571277, -1.117956, -0.010862, -3.50182, 1.020031, 0.0
4866.0, 3.571277, -1.117956, -0.010862, -3.50182, 1.020031, 0.0
4880.0, 3.596048, -1.138425, -0.011019, -3.50182, 1.020031, 0.0
4880.0, 3.596048, -1.138425, -0.011019, -3.50182, 1.020031, 0.0
4897.0, 3.620428, -1.159206, -0.011174, -3.50182, 1.020031, 0.0
4914.0, 3.644468, -1.180344, -0.011328, -3.50182, 1.020031, 0.0
4914.0, 3.644468, -1.180344, -0.011328, -3.50182, 1.020031, 0.0
4930.0, 3.668067, -1.20175, -0.011481, -3.50182, 1.020031, 0.0
4930.0, 3.668067, -1.20175, -0.011481, -3.50182, 1.020031, 0.0
4947.0, 3.691276, -1.223469, -0.011631, -3.50182, 1.020031, 0.0
4965.0, 3.714094, -1.245501, -0.011781, -3.50182, 1.020031, 0.0
4965.0, 3.714094, -1.245501, -0.011781, -3.50182, 1.020031, 0.0
4980.0, 3.736518, -1.26784, -0.011927, -3.50182, 1.020031, 0.0
4980.0, 3.736518, -1.26784, -0.011927, -3.50182, 1.020031, 0.0
4997.0, 3.758549, -1.290489, -0.012072, -3.50182, 1.020031, 0.0
5015.0, 3.78019, -1.31345, -0.012216, -3.50182, 1.020031, 0.0
5015.0, 3.78019, -1.31345, -0.012216, -3.50182, 1.020031, 0.0
5031.0, 3.801439, -1.336722, -0.012359, -3.50182, 1.020031, 0.0
5031.0, 3.801439, -1.336722, -0.012359, -3.50182, 1.020031, 0.0
5047.0, 3.822298, -1.360306, -0.012502, -3.50182, 1.020031, 0.0
5065.0, 3.842765, -1.3842, -0.012644, -3.50182, 1.020031, 0.0
5065.0, 3.842765, -1.3842, -0.012644, -3.50182, 1.020031, 0.0
5081.0, 3.862844, -1.408411, -0.012787, -3.971301, 1.192253, 0.0
5081.0, 3.862844, -1.408411, -0.012787, -3.971301, 1.192253, 0.0
5097.0, 3.882533, -1.432932, -0.012929, -3.971301, 1.192253, 0.0
5114.0, 3.901829, -1.457764, -0.013069, -3.971301, 1.192253, 0.0
5114.0, 3.901829, -1.457764, -0.013069, -3.971301, 1.192253, 0.0
5130.0, 3.920731, -1.482903, -0.013207, -3.971301, 1.192253, 0.0
5130.0, 3.920731, -1.482903, -0.013207, -3.971301, 1.192253, 0.0
5147.0, 3.939239, -1.508351, -0.013345, -3.971301, 1.192253, 0.0
5165.0, 3.957353, -1.534106, -0.013481, -3.971301, 1.192253, 0.0
5165.0, 3.957353, -1.534106, -0.013481, -3.971301, 1.192253, 0.0
5180.0, 3.975071, -1.560169, -0.013616, -3.971301, 1.192253, 0.0
5180.0, 3.975071, -1.560169, -0.013616, -3.971301, 1.192253, 0.0
5197.0, 3.992394, -1.586537, -0.013751, -3.971301, 1.192253, 0.0
5215.0, 4.009321, -1.613211, -0.013885, -3.971301, 1.192253, 0.0
5215.0, 4.009321, -1.613211, -0.013885, -3.971301, 1.192253, 0.0
5231.0, 4.025851, -1.640191, -0.01402, -3.971301, 1.192253, 0.0
5231.0, 4.025851, -1.640191, -0.01402, -3.971301, 1.192253, 0.0
5247.0, 4.041985, -1.667474, -0.014154, -3.971301, 1.192253, 0.0
5265.0, 4.057721, -1.695062, -0.014288, -3.971301, 1.192253, 0.0
5265.0, 4.057721, -1.695062, -0.014288, -3.971301, 1.192253, 0.0
5281.0, 4.073061, -1.722958, -0.014424, -3.971301, 1.192253, 0.0
5282.0, 4.073061, -1.722958, -0.014424, -3.971301, 1.192253, 0.0
5298.0, 4.088005, -1.751158, -0.01456, -3.971301, 1.192253, 0.0
5313.0, 4.102548, -1.779659, -0.014696, -3.971301, 1.192253, 0.0
5314.0, 4.102548, -1.779659, -0.014696, -3.971301, 1.192253, 0.0
5330.0, 4.116691, -1.80846, -0.014831, -4.440718, 1.364451, 0.0
5330.0, 4.116691, -1.80846, -0.014831, -4.440718, 1.364451, 0.0
5347.0, 4.130433, -1.83756, -0.014967, -4.440718, 1.364451, 0.0
5364.0, 4.143773, -1.866958, -0.015102, -4.440718, 1.364451, 0.0
5364.0, 4.143773, -1.866958, -0.015102, -4.440718, 1.364451, 0.0
5381.0, 4.156708, -1.896648, -0.015238, -4.440718, 1.364451, 0.0
5381.0, 4.156708, -1.896648, -0.015238, -4.440718, 1.364451, 0.0
5397.0, 4.16924, -1.926631, -0.015374, -4.440718, 1.364451, 0.0
5414.0, 4.181366, -1.95691, -0.01551, -4.440718, 1.364451, 0.0
5414.0, 4.181366, -1.95691, -0.01551, -4.440718, 1.364451, 0.0
5430.0, 4.193089, -1.987483, -0.015648, -4.440718, 1.364451, 0.0
5431.0, 4.193089, -1.987483, -0.015648, -4.440718, 1.364451, 0.0
5448.0, 4.204407, -2.01835, -0.015787, -4.440718, 1.364451, 0.0
5466.0, 4.215319, -2.04951, -0.015927, -4.440718, 1.364451, 0.0
5466.0, 4.215319, -2.04951, -0.015927, -4.440718, 1.364451, 0.0
5481.0, 4.225824, -2.080962, -0.016068, -4.440718, 1.364451, 0.0
5481.0, 4.225824, -2.080962, -0.016068, -4.440718, 1.364451, 0.0
5497.0, 4.235922, -2.112704, -0.01621, -4.440718, 1.364451, 0.0
5514.0, 4.245611, -2.144733, -0.016353, -4.440718, 1.364451, 0.0
5514.0, 4.245611, -2.144733, -0.016353, -4.440718, 1.364451, 0.0
5530.0, 4.254889, -2.17705, -0.016496, -4.440718, 1.364451, 0.0
5530.0, 4.254889, -2.17705, -0.016496, -4.440718, 1.364451, 0.0
5546.0, 4.263756, -2.209652, -0.016639, -4.440718, 1.364451, 0.0
5565.0, 4.272213, -2.242539, -0.016783, -4.440718, 1.364451, 0.0
5565.0, 4.272213, -2.242539, -0.016783, -4.440718, 1.364451, 0.0
5581.0, 4.280255, -2.275709, -0.016928, -4.910135, 1.536649, 0.0
5581.0, 4.280255, -2.275709, -0.016928, -4.910135, 1.536649, 0.0
5597.0, 4.287884, -2.309159, -0.017073, -4.910135, 1.536649, 0.0
5613.0, 4.295096, -2.342887, -0.017218, -4.910135, 1.536649, 0.0
5613.0, 4.295096, -2.342887, -0.017218, -4.910135, 1.536649, 0.0
5630.0, 4.301892, -2.376892, -0.017364, -4.910135, 1.536649, 0.0
5630.0, 4.301892, -2.376892, -0.017364, -4.910135, 1.536649, 0.0
5647.0, 4.30827, -2.411173, -0.01751, -4.910135, 1.536649, 0.0
5665.0, 4.314229, -2.445727, -0.017657, -4.910135, 1.536649, 0.0
5666.0, 4.314229, -2.445727, -0.017657, -4.910135, 1.536649, 0.0
5681.0, 4.319768, -2.480554, -0.017804, -4.910135, 1.536649, 0.0
5681.0, 4.319768, -2.480554, -0.017804, -4.910135, 1.536649, 0.0
5697.0, 4.324886, -2.515649, -0.017951, -4.910135, 1.536649, 0.0
5715.0, 4.32958, -2.551012, -0.018098, -4.910135, 1.536649, 0.0
5715.0, 4.32958, -2.551012, -0.018098, -4.910135, 1.536649, 0.0
5731.0, 4.333849, -2.586639, -0.018244, -4.910135, 1.536649, 0.0
5731.0, 4.333849, -2.586639, -0.018244, -4.910135, 1.536649, 0.0
5748.0, 4.337692, -2.62253, -0.01839, -4.910135, 1.536649, 0.0
5767.0, 4.341109, -2.658682, -0.018537, -4.910135, 1.536649, 0.0
5767.0, 4.341109, -2.658682, -0.018537, -4.910135, 1.536649, 0.0
5780.0, 4.344097, -2.695093, -0.018683, -4.910135, 1.536649, 0.0
5780.0, 4.344097, -2.695093, -0.018683, -4.910135, 1.536649, 0.0
5797.0, 4.346655, -2.73176, -0.018829, -4.910135, 1.536649, 0.0
5814.0, 4.348781, -2.768679, -0.018973, -4.910135, 1.536649, 0.0
5814.0, 4.348781, -2.768679, -0.018973, -4.910135, 1.536649, 0.0
5830.0, 4.350473, -2.805849, -0.019118, -5.379551, 1.708847, 0.0
5830.0, 4.350473, -2.805849, -0.019118, -5.379551, 1.708847, 0.0
5847.0, 4.351732, -2.843295, -0.019261, -5.379551, 1.708847, 0.0
5865.0, 4.352553, -2.880959, -0.019404, -5.379551, 1.708847, 0.0
5865.0, 4.352553, -2.880959, -0.019404, -5.379551, 1.708847, 0.0
5880.0, 4.352937, -2.918866, -0.019546, -5.379551, 1.708847, 0.0
5880.0, 4.352937, -2.918866, -0.019546, -5.379551, 1.708847, 0.0
5897.0, 4.35288, -2.957012, -0.019687, -5.379551, 1.708847, 0.0
5914.0, 4.352382, -2.995394, -0.019827, -5.379551, 1.708847, 0.0
5914.0, 4.352382, -2.995394, -0.019827, -5.379551, 1.708847, 0.0
5931.0, 4.35144, -3.034008, -0.019966, -5.379551, 1.708847, 0.0
5931.0, 4.35144, -3.034008, -0.019966, -5.379551, 1.708847, 0.0
5947.0, 4.350054, -3.072852, -0.020103, -5.379551, 1.708847, 0.0
5965.0, 4.348221, -3.111923, -0.020239, -5.379551, 1.708847, 0.0
5965.0, 4.348221, -3.111923, -0.020239, -5.379551, 1.708847, 0.0
5981.0, 4.34594, -3.151217, -0.020374, -5.379551, 1.708847, 0.0
5981.0, 4.34594, -3.151217, -0.020374, -5.379551, 1.708847, 0.0
5997.0, 4.343209, -3.19073, -0.020507, -5.379551, 1.708847, 0.0
6014.0, 4.340025, -3.230457, -0.020638, -5.379551, 1.708847, 0.0
6014.0, 4.340025, -3.230457, -0.020638, -5.379551, 1.708847, 0.0
6031.0, 4.336387, -3.270394, -0.020768, -5.379551, 1.708847, 0.0
6031.0, 4.336387, -3.270394, -0.020768, -5.379551, 1.708847, 0.0
6047.0, 4.332293, -3.310538, -0.020895, -5.379551, 1.708847, 0.0
6065.0, 4.327741, -3.350886, -0.02102, -5.379551, 1.708847, 0.0
6065.0, 4.327741, -3.350886, -0.02102, -5.379551, 1.708847, 0.0
6081.0, 4.322729, -3.391441, -0.021143, -5.848991, 1.881054, 0.0
6081.0, 4.322729, -3.391441, -0.021143, -5.848991, 1.881054, 0.0
6097.0, 4.317255, -3.432192, -0.021264, -5.848991, 1.881054, 0.0
6114.0, 4.311316, -3.473131, -0.021383, -5.848991, 1.881054, 0.0
6114.0, 4.311316, -3.473131, -0.021383, -5.848991, 1.881054, 0.0
6131.0, 4.304913, -3.514252, -0.021498, -5.848991, 1.881054, 0.0
6131.0, 4.304913, -3.514252, -0.021498, -5.848991, 1.881054, 0.0
6148.0, 4.298041, -3.555552, -0.021612, -5.848991, 1.881054, 0.0
6166.0, 4.290701, -3.597028, -0.021723, -5.848991, 1.881054, 0.0
6166.0, 4.290701, -3.597028, -0.021723, -5.848991, 1.881054, 0.0
6181.0, 4.282892, -3.638665, -0.021832, -5.848991, 1.881054, 0.0
6181.0, 4.282892, -3.638665, -0.021832, -5.848991, 1.881054, 0.0
6197.0, 4.27461, -3.680463, -0.021938, -5.848991, 1.881054, 0.0
6214.0, 4.265853, -3.722419, -0.022041, -5.848991, 1.881054, 0.0
6214.0, 4.265853, -3.722419, -0.022041, -5.848991, 1.881054, 0.0
6230.0, 4.25662, -3.764529, -0.022141, -5.848991, 1.881054, 0.0
6230.0, 4.25662, -3.764529, -0.022141, -5.848991, 1.881054, 0.0
6247.0, 4.246908, -3.806788, -0.022238, -5.848991, 1.881054, 0.0
6265.0, 4.236717, -3.849194, -0.022331, -5.848991, 1.881054, 0.0
6265.0, 4.236717, -3.849194, -0.022331, -5.848991, 1.881054, 0.0
6281.0, 4.226044, -3.891739, -0.022422, -5.848991, 1.881054, 0.0
6281.0, 4.226044, -3.891739, -0.022422, -5.848991, 1.881054, 0.0
6297.0, 4.214889, -3.934419, -0.02251, -5.848991, 1.881054, 0.0
6314.0, 4.203249, -3.977227, -0.022595, -5.848991, 1.881054, 0.0
6314.0, 4.203249, -3.977227, -0.022595, -5.848991, 1.881054, 0.0
6331.0, 4.191123, -4.020158, -0.022677, -6.318407, 2.053252, 0.0
6331.0, 4.191123, -4.020158, -0.022677, -6.318407, 2.053252, 0.0
6347.0, 4.17851, -4.063208, -0.022756, -6.318407, 2.053252, 0.0
6366.0, 4.16541, -4.106373, -0.022833, -6.318407, 2.053252, 0.0
6366.0, 4.16541, -4.106373, -0.022833, -6.318407, 2.053252, 0.0
6381.0, 4.151821, -4.149649, -0.022907, -6.318407, 2.053252, 0.0
6381.0, 4.151821, -4.149649, -0.022907, -6.318407, 2.053252, 0.0
6397.0, 4.137742, -4.19303, -0.022978, -6.318407, 2.053252, 0.0
6414.0, 4.123171, -4.236512, -0.023047, -6.318407, 2.053252, 0.0
6414.0, 4.123171, -4.236512, -0.023047, -6.318407, 2.053252, 0.0
6431.0, 4.108109, -4.280089, -0.023112, -6.318407, 2.053252, 0.0
6431.0, 4.108109, -4.280089, -0.023112, -6.318407, 2.053252, 0.0
6448.0, 4.092555, -4.323761, -0.023176, -6.318407, 2.053252, 0.0
6464.0, 4.076508, -4.367521, -0.023236, -6.318407, 2.053252, 0.0
6464.0, 4.076508, -4.367521, -0.023236, -6.318407, 2.053252, 0.0
6480.0, 4.059967, -4.411367, -0.023294, -6.318407, 2.053252, 0.0
6480.0, 4.059967, -4.411367, -0.023294, -6.318407, 2.053252, 0.0
6496.0, 4.042931, -4.455295, -0.02335, -6.318407, 2.053252, 0.0
6514.0, 4.0254, -4.4993, -0.023403, -6.318407, 2.053252, 0.0
6514.0, 4.0254, -4.4993, -0.023403, -6.318407, 2.053252, 0.0
6531.0, 4.007373, -4.543378, -0.023454, -6.318407, 2.053252, 0.0
6531.0, 4.007373, -4.543378, -0.023454, -6.318407, 2.053252, 0.0
6547.0, 3.988851, -4.587528, -0.023502, -6.318407, 2.053252, 0.0
6565.0, 3.969832, -4.631747, -0.023549, -6.318407, 2.053252, 0.0
6565.0, 3.969832, -4.631747, -0.023549, -6.318407, 2.053252, 0.0
6581.0, 3.950316, -4.676031, -0.023593, -6.787824, 2.22545, 0.0
6581.0, 3.950316, -4.676031, -0.023593, -6.787824, 2.22545, 0.0
6597.0, 3.930303, -4.720377, -0.023634, -6.787824, 2.22545, 0.0
6615.0, 3.909792, -4.764783, -0.023674, -6.787824, 2.22545, 0.0
6615.0, 3.909792, -4.764783, -0.023674, -6.787824, 2.22545, 0.0
6631.0, 3.888783, -4.809246, -0.023711, -6.787824, 2.22545, 0.0
6631.0, 3.888783, -4.809246, -0.023711, -6.787824, 2.22545, 0.0
6648.0, 3.867277, -4.853764, -0.023747, -6.787824, 2.22545, 0.0
6665.0, 3.845271, -4.898334, -0.023781, -6.787824, 2.22545, 0.0
6665.0, 3.845271, -4.898334, -0.023781, -6.787824, 2.22545, 0.0
6682.0, 3.822864, -4.942954, -0.023852, -6.787824, 2.22545, 0.0
6682.0, 3.822864, -4.942954, -0.023852, -6.787824, 2.22545, 0.0
6698.0, 3.800188, -4.9876, -0.024, -6.787824, 2.22545, 0.0
6715.0, 3.777371, -5.032258, -0.024244, -6.787824, 2.22545, 0.0
6715.0, 3.777371, -5.032258, -0.024244, -6.787824, 2.22545, 0.0
6730.0, 3.75453, -5.076915, -0.024588, -6.787824, 2.22545, 0.0
6730.0, 3.75453, -5.076915, -0.024588, -6.787824, 2.22545, 0.0
6747.0, 3.731766, -5.121564, -0.025021, -6.787824, 2.22545, 0.0
6764.0, 3.709163, -5.166198, -0.025525, -6.787824, 2.22545, 0.0
6764.0, 3.709163, -5.166198, -0.025525, -6.787824, 2.22545, 0.0
6780.0, 3.686792, -5.210804, -0.026077, -6.787824, 2.22545, 0.0
6780.0, 3.686792, -5.210804, -0.026077, -6.787824, 2.22545, 0.0
6796.0, 3.664707, -5.255386, -0.026654, -6.787824, 2.22545, 0.0
6813.0, 3.642949, -5.299942, -0.027232, -6.787824, 2.22545, 0.0
6813.0, 3.642949, -5.299942, -0.027232, -6.787824, 2.22545, 0.0
6830.0, 3.621554, -5.344471, -0.027793, -7.257241, 2.397649, 0.0
6830.0, 3.621554, -5.344471, -0.027793, -7.257241, 2.397649, 0.0
6847.0, 3.600547, -5.388971, -0.028323, -7.257241, 2.397649, 0.0
6865.0, 3.579949, -5.433439, -0.028811, -7.257241, 2.397649, 0.0
6865.0, 3.579949, -5.433439, -0.028811, -7.257241, 2.397649, 0.0
6881.0, 3.559743, -5.477947, -0.02925, -7.257241, 2.397649, 0.0
6881.0, 3.559743, -5.477947, -0.02925, -7.257241, 2.397649, 0.0
6897.0, 3.540009, -5.522348, -0.029637, -7.257241, 2.397649, 0.0
6915.0, 3.520721, -5.566714, -0.029969, -7.257241, 2.397649, 0.0
6915.0, 3.520721, -5.566714, -0.029969, -7.257241, 2.397649, 0.0
6932.0, 3.501888, -5.611044, -0.030251, -7.257241, 2.397649, 0.0
6932.0, 3.501888, -5.611044, -0.030251, -7.257241, 2.397649, 0.0
6947.0, 3.483514, -5.655339, -0.030483, -7.257241, 2.397649, 0.0
6966.0, 3.465606, -5.699597, -0.030671, -7.257241, 2.397649, 0.0
6966.0, 3.465606, -5.699597, -0.030671, -7.257241, 2.397649, 0.0
6980.0, 3.448169, -5.743812, -0.030821, -7.257241, 2.397649, 0.0
6980.0, 3.448169, -5.743812, -0.030821, -7.257241, 2.397649, 0.0
6996.0, 3.431206, -5.787989, -0.030937, -7.257241, 2.397649, 0.0
7013.0, 3.414717, -5.832134, -0.031024, -7.257241, 2.397649, 0.0
7013.0, 3.414717, -5.832134, -0.031024, -7.257241, 2.397649, 0.0
7030.0, 3.398706, -5.876247, -0.031086, -7.257241, 2.397649, 0.0
7030.0, 3.398706, -5.876247, -0.031086, -7.257241, 2.397649, 0.0
7046.0, 3.383175, -5.920331, -0.031129, -7.257241, 2.397649, 0.0
7065.0, 3.368125, -5.964385, -0.031157, -7.257241, 2.397649, 0.0
7065.0, 3.368125, -5.964385, -0.031157, -7.257241, 2.397649, 0.0
7081.0, 3.353557, -6.008421, -0.03117, -7.72671, 2.569866, 0.0
7081.0, 3.353557, -6.008421, -0.03117, -7.72671, 2.569866, 0.0
7097.0, 3.339474, -6.052433, -0.031176, -7.72671, 2.569866, 0.0
7114.0, 3.325879, -6.096418, -0.031176, -7.72671, 2.569866, 0.0
7114.0, 3.325879, -6.096418, -0.031176, -7.72671, 2.569866, 0.0
7131.0, 3.312774, -6.140379, -0.03117, -7.72671, 2.569866, 0.0
7131.0, 3.312774, -6.140379, -0.03117, -7.72671, 2.569866, 0.0
7147.0, 3.300161, -6.184316, -0.031163, -7.72671, 2.569866, 0.0
7165.0, 3.28804, -6.228229, -0.031153, -7.72671, 2.569866, 0.0
7165.0, 3.28804, -6.228229, -0.031153, -7.72671, 2.569866, 0.0
7181.0, 3.276412, -6.272128, -0.031142, -7.72671, 2.569866, 0.0
7181.0, 3.276412, -6.272128, -0.031142, -7.72671, 2.569866, 0.0
7198.0, 3.265277, -6.316009, -0.03113, -7.72671, 2.569866, 0.0
7215.0, 3.254639, -6.35987, -0.031119, -7.72671, 2.569866, 0.0
7215.0, 3.254639, -6.35987, -0.031119, -7.72671, 2.569866, 0.0
7230.0, 3.244497, -6.40371, -0.031107, -7.72671, 2.569866, 0.0
7230.0, 3.244497, -6.40371, -0.031107, -7.72671, 2.569866, 0.0
7247.0, 3.234853, -6.447532, -0.031096, -7.72671, 2.569866, 0.0
7265.0, 3.225707, -6.491335, -0.031086, -7.72671, 2.569866, 0.0
7265.0, 3.225707, -6.491335, -0.031086, -7.72671, 2.569866, 0.0
7280.0, 3.21706, -6.535112, -0.031076, -7.72671, 2.569866, 0.0
7280.0, 3.21706, -6.535112, -0.031076, -7.72671, 2.569866, 0.0
7296.0, 3.208913, -6.578871, -0.031067, -7.72671, 2.569866, 0.0
7313.0, 3.201264, -6.622614, -0.031057, -7.72671, 2.569866, 0.0
7313.0, 3.201264, -6.622614, -0.031057, -7.72671, 2.569866, 0.0
7331.0, 3.194114, -6.666345, -0.031047, -8.196127, 2.742064, 0.0
7331.0, 3.194114, -6.666345, -0.031047, -8.196127, 2.742064, 0.0
7347.0, 3.187464, -6.710063, -0.031038, -8.196127, 2.742064, 0.0
7365.0, 3.181312, -6.753768, -0.031028, -8.196127, 2.742064, 0.0
7365.0, 3.181312, -6.753768, -0.031028, -8.196127, 2.742064, 0.0
7381.0, 3.175659, -6.797462, -0.031018, -8.196127, 2.742064, 0.0
7381.0, 3.175659, -6.797462, -0.031018, -8.196127, 2.742064, 0.0
7397.0, 3.170506, -6.841145, -0.031008, -8.196127, 2.742064, 0.0
7415.0, 3.165852, -6.884819, -0.030999, -8.196127, 2.742064, 0.0
7415.0, 3.165852, -6.884819, -0.030999, -8.196127, 2.742064, 0.0
7430.0, 3.161698, -6.928483, -0.03099, -8.196127, 2.742064, 0.0
7430.0, 3.161698, -6.928483, -0.03099, -8.196127, 2.742064, 0.0
7447.0, 3.158043, -6.972137, -0.030981, -8.196127, 2.742064, 0.0
7465.0, 3.154888, -7.015782, -0.030973, -8.196127, 2.742064, 0.0
7465.0, 3.154888, -7.015782, -0.030973, -8.196127, 2.742064, 0.0
7481.0, 3.152232, -7.059418, -0.030964, -8.196127, 2.742064, 0.0
7481.0, 3.152232, -7.059418, -0.030964, -8.196127, 2.742064, 0.0
7497.0, 3.150077, -7.103046, -0.030956, -8.196127, 2.742064, 0.0
7514.0, 3.148421, -7.146666, -0.030948, -8.196127, 2.742064, 0.0
7514.0, 3.148421, -7.146666, -0.030948, -8.196127, 2.742064, 0.0
7531.0, 3.147264, -7.190279, -0.030941, -8.196127, 2.742064, 0.0
7531.0, 3.147264, -7.190279, -0.030941, -8.196127, 2.742064, 0.0
7547.0, 3.146608, -7.233884, -0.030935, -8.196127, 2.742064, 0.0
7566.0, 3.146452, -7.277483, -0.030929, -8.196127, 2.742064, 0.0
7566.0, 3.146452, -7.277483, -0.030929, -8.196127, 2.742064, 0.0
7582.0, 3.146796, -7.321076, -0.030925, -8.665545, 2.914263, 0.0
7582.0, 3.146796, -7.321076, -0.030925, -8.665545, 2.914263, 0.0
7598.0, 3.14764, -7.364663, -0.030921, -8.665545, 2.914263, 0.0
7613.0, 3.148984, -7.408244, -0.030917, -8.665545, 2.914263, 0.0
7613.0, 3.148984, -7.408244, -0.030917, -8.665545, 2.914263, 0.0
7630.0, 3.150828, -7.45182, -0.030915, -8.665545, 2.914263, 0.0
7630.0, 3.150828, -7.45182, -0.030915, -8.665545, 2.914263, 0.0
7646.0, 3.153172, -7.495391, -0.030914, -8.665545, 2.914263, 0.0
7665.0, 3.156017, -7.538958, -0.030913, -8.665545, 2.914263, 0.0
7665.0, 3.156017, -7.538958, -0.030913, -8.665545, 2.914263, 0.0
7681.0, 3.159361, -7.58252, -0.030914, -8.665545, 2.914263, 0.0
7681.0, 3.159361, -7.58252, -0.030914, -8.665545, 2.914263, 0.0
7697.0, 3.163206, -7.626078, -0.030916, -8.665545, 2.914263, 0.0
7714.0, 3.167552, -7.669631, -0.030918, -8.665545, 2.914263, 0.0
7714.0, 3.167552, -7.669631, -0.030918, -8.665545, 2.914263, 0.0
7731.0, 3.172397, -7.713182, -0.030922, -8.665545, 2.914263, 0.0
7731.0, 3.172397, -7.713182, -0.030922, -8.665545, 2.914263, 0.0
7746.0, 3.177743, -7.75673, -0.030926, -8.665545, 2.914263, 0.0
7765.0, 3.183589, -7.800274, -0.030932, -8.665545, 2.914263, 0.0
7765.0, 3.183589, -7.800274, -0.030932, -8.665545, 2.914263, 0.0
7781.0, 3.189937, -7.843823, -0.030939, -8.665545, 2.914263, 0.0
7781.0, 3.189937, -7.843823, -0.030939, -8.665545, 2.914263, 0.0
7797.0, 3.196786, -7.887373, -0.030947, -8.665545, 2.914263, 0.0
7815.0, 3.204135, -7.93092, -0.030956, -8.665545, 2.914263, 0.0
7815.0, 3.204135, -7.93092, -0.030956, -8.665545, 2.914263, 0.0
7831.0, 3.211985, -7.974463, -0.030966, -9.134962, 3.086461, 0.0
7831.0, 3.211985, -7.974463, -0.030966, -9.134962, 3.086461, 0.0
7847.0, 3.220335, -8.018003, -0.030977, -9.134962, 3.086461, 0.0
7865.0, 3.229185, -8.06154, -0.030988, -9.134962, 3.086461, 0.0
7865.0, 3.229185, -8.06154, -0.030988, -9.134962, 3.086461, 0.0
7880.0, 3.238534, -8.105065, -0.031, -9.134962, 3.086461, 0.0
7880.0, 3.238534, -8.105065, -0.031, -9.134962, 3.086461, 0.0
7896.0, 3.248382, -8.148587, -0.031013, -9.134962, 3.086461, 0.0
7914.0, 3.258731, -8.192105, -0.031028, -9.134962, 3.086461, 0.0
7914.0, 3.258731, -8.192105, -0.031028, -9.134962, 3.086461, 0.0
7931.0, 3.269581, -8.235624, -0.031043, -9.134962, 3.086461, 0.0
7931.0, 3.269581, -8.235624, -0.031043, -9.134962, 3.086461, 0.0
7947.0, 3.280931, -8.279142, -0.03106, -9.134962, 3.086461, 0.0
7966.0, 3.292782, -8.322659, -0.031079, -9.134962, 3.086461, 0.0
7966.0, 3.292782, -8.322659, -0.031079, -9.134962, 3.086461, 0.0
7981.0, 3.305134, -8.366178, -0.031098, -9.134962, 3.086461, 0.0
7981.0, 3.305134, -8.366178, -0.031098, -9.134962, 3.086461, 0.0
7997.0, 3.317986, -8.409696, -0.031119, -9.134962, 3.086461, 0.0
8014.0, 3.33134, -8.453214, -0.031141, -9.134962, 3.086461, 0.0
8014.0, 3.33134, -8.453214, -0.031141, -9.134962, 3.086461, 0.0
8031.0, 3.345194, -8.496731, -0.031164, -9.134962, 3.086461, 0.0
8031.0, 3.345194, -8.496731, -0.031164, -9.134962, 3.086461, 0.0
8047.0, 3.359549, -8.540248, -0.031187, -9.134962, 3.086461, 0.0
8065.0, 3.374404, -8.583765, -0.031211, -9.134962, 3.086461, 0.0
8065.0, 3.374404, -8.583765, -0.031211, -9.134962, 3.086461, 0.0
8081.0, 3.38976, -8.627281, -0.031236, -9.604378, 3.258659, 0.0
8081.0, 3.38976, -8.627281, -0.031236, -9.604378, 3.258659, 0.0
8097.0, 3.405616, -8.670797, -0.031262, -9.604378, 3.258659, 0.0
8114.0, 3.421973, -8.714313, -0.031289, -9.604378, 3.258659, 0.0
8114.0, 3.421973, -8.714313, -0.031289, -9.604378, 3.258659, 0.0
8131.0, 3.438831, -8.757828, -0.031316, -9.604378, 3.258659, 0.0
8131.0, 3.438831, -8.757828, -0.031316, -9.604378, 3.258659, 0.0
8147.0, 3.45619, -8.801342, -0.031344, -9.604378, 3.258659, 0.0
8165.0, 3.474049, -8.844855, -0.031372, -9.604378, 3.258659, 0.0
8165.0, 3.474049, -8.844855, -0.031372, -9.604378, 3.258659, 0.0
8182.0, 3.492408, -8.888369, -0.031401, -9.604378, 3.258659, 0.0
8182.0, 3.492408, -8.888369, -0.031401, -9.604378, 3.258659, 0.0
8197.0, 3.511268, -8.93188, -0.03143, -9.604378, 3.258659, 0.0
8214.0, 3.530629, -8.975389, -0.03146, -9.604378, 3.258659, 0.0
8214.0, 3.530629, -8.975389, -0.03146, -9.604378, 3.258659, 0.0
8231.0, 3.55049, -9.018898, -0.03149, -9.604378, 3.258659, 0.0
8231.0, 3.55049, -9.018898, -0.03149, -9.604378, 3.258659, 0.0
8248.0, 3.570869, -9.062442, -0.031521, -9.604378, 3.258659, 0.0
8264.0, 3.591731, -9.105946, -0.031552, -9.604378, 3.258659, 0.0
8264.0, 3.591731, -9.105946, -0.031552, -9.604378, 3.258659, 0.0
8280.0, 3.612992, -9.149452, -0.031541, -9.604378, 3.258659, 0.0
8280.0, 3.612992, -9.149452, -0.031541, -9.604378, 3.258659, 0.0
8297.0, 3.634523, -9.192966, -0.03145, -9.604378, 3.258659, 0.0
8314.0, 3.656195, -9.23649, -0.031259, -9.604378, 3.258659, 0.0
8314.0, 3.656195, -9.23649, -0.031259, -9.604378, 3.258659, 0.0
8330.0, 3.67789, -9.280031, -0.030961, -10.073822, 3.430867, 0.0
8330.0, 3.67789, -9.280031, -0.030961, -10.073822, 3.430867, 0.0
8346.0, 3.699509, -9.323593, -0.030568, -10.073822, 3.430867, 0.0
8365.0, 3.720968, -9.367177, -0.030096, -10.073822, 3.430867, 0.0
8365.0, 3.720968, -9.367177, -0.030096, -10.073822, 3.430867, 0.0
8380.0, 3.742196, -9.410785, -0.029568, -10.073822, 3.430867, 0.0
8380.0, 3.742196, -9.410785, -0.029568, -10.073822, 3.430867, 0.0
8397.0, 3.763139, -9.454416, -0.029007, -10.073822, 3.430867, 0.0
8413.0, 3.783752, -9.498073, -0.028435, -10.073822, 3.430867, 0.0
8413.0, 3.783752, -9.498073, -0.028435, -10.073822, 3.430867, 0.0
8430.0, 3.804, -9.541752, -0.027871, -10.073822, 3.430867, 0.0
8430.0, 3.804, -9.541752, -0.027871, -10.073822, 3.430867, 0.0
8446.0, 3.823856, -9.585452, -0.027331, -10.073822, 3.430867, 0.0
8465.0, 3.8433, -9.629171, -0.026825, -10.073822, 3.430867, 0.0
8465.0, 3.8433, -9.629171, -0.026825, -10.073822, 3.430867, 0.0
8480.0, 3.862314, -9.672909, -0.026363, -10.073822, 3.430867, 0.0
8480.0, 3.862314, -9.672909, -0.026363, -10.073822, 3.430867, 0.0
8496.0, 3.880888, -9.716663, -0.025948, -10.073822, 3.430867, 0.0
8514.0, 3.899011, -9.760432, -0.025582, -10.073822, 3.430867, 0.0
8514.0, 3.899011, -9.760432, -0.025582, -10.073822, 3.430867, 0.0
8530.0, 3.916677, -9.804215, -0.025265, -10.073822, 3.430867, 0.0
8530.0, 3.916677, -9.804215, -0.025265, -10.073822, 3.430867, 0.0
8548.0, 3.933879, -9.848011, -0.024993, -10.073822, 3.430867, 0.0
8564.0, 3.950614, -9.89182, -0.024765, -10.073822, 3.430867, 0.0
8564.0, 3.950614, -9.89182, -0.024765, -10.073822, 3.430867, 0.0
8580.0, 3.966878, -9.93564, -0.024574, -10.543238, 3.603065, 0.0
8580.0, 3.966878, -9.93564, -0.024574, -10.543238, 3.603065, 0.0
8597.0, 3.982667, -9.979473, -0.024418, -10.543238, 3.603065, 0.0
8614.0, 3.99798, -10.023317, -0.02429, -10.543238, 3.603065, 0.0
8614.0, 3.99798, -10.023317, -0.02429, -10.543238, 3.603065, 0.0
8631.0, 4.012813, -10.067176, -0.024186, -10.543238, 3.603065, 0.0
8631.0, 4.012813, -10.067176, -0.024186, -10.543238, 3.603065, 0.0
8647.0, 4.027165, -10.111047, -0.024103, -10.543238, 3.603065, 0.0
8665.0, 4.041033, -10.154932, -0.024036, -10.543238, 3.603065, 0.0
8665.0, 4.041033, -10.154932, -0.024036, -10.543238, 3.603065, 0.0
8681.0, 4.054419, -10.19884, -0.023983, -10.543238, 3.603065, 0.0
8681.0, 4.054419, -10.19884, -0.023983, -10.543238, 3.603065, 0.0
8697.0, 4.067317, -10.242764, -0.02394, -10.543238, 3.603065, 0.0
8715.0, 4.079728, -10.286705, -0.023904, -10.543238, 3.603065, 0.0
8715.0, 4.079728, -10.286705, -0.023904, -10.543238, 3.603065, 0.0
8731.0, 4.091649, -10.330661, -0.023874, -10.543238, 3.603065, 0.0
8731.0, 4.091649, -10.330661, -0.023874, -10.543238, 3.603065, 0.0
8746.0, 4.103077, -10.374632, -0.023849, -10.543238, 3.603065, 0.0
8764.0, 4.114012, -10.418618, -0.023826, -10.543238, 3.603065, 0.0
8764.0, 4.114012, -10.418618, -0.023826, -10.543238, 3.603065, 0.0
8780.0, 4.124452, -10.462614, -0.023806, -10.543238, 3.603065, 0.0
8780.0, 4.124452, -10.462614, -0.023806, -10.543238, 3.603065, 0.0
8797.0, 4.134397, -10.506625, -0.023787, -10.543238, 3.603065, 0.0
8814.0, 4.143847, -10.550655, -0.023771, -10.543238, 3.603065, 0.0
8814.0, 4.143847, -10.550655, -0.023771, -10.543238, 3.603065, 0.0
8831.0, 4.152801, -10.594706, -0.023757, -11.012655, 3.775264, 0.0
8831.0, 4.152801, -10.594706, -0.023757, -11.012655, 3.775264, 0.0
8847.0, 4.161259, -10.638777, -0.023744, -11.012655, 3.775264, 0.0
8865.0, 4.16922, -10.68287, -0.023734, -11.012655, 3.775264, 0.0
8865.0, 4.16922, -10.68287, -0.023734, -11.012655, 3.775264, 0.0
8882.0, 4.176684, -10.726985, -0.023725, -11.012655, 3.775264, 0.0
8882.0, 4.176684, -10.726985, -0.023725, -11.012655, 3.775264, 0.0
8897.0, 4.183652, -10.771123, -0.023718, -11.012655, 3.775264, 0.0
8915.0, 4.190122, -10.815284, -0.023712, -11.012655, 3.775264, 0.0
8915.0, 4.190122, -10.815284, -0.023712, -11.012655, 3.775264, 0.0
8932.0, 4.196094, -10.859469, -0.023707, -11.012655, 3.775264, 0.0
8932.0, 4.196094, -10.859469, -0.023707, -11.012655, 3.775264, 0.0
8947.0, 4.201569, -10.903678, -0.023704, -11.012655, 3.775264, 0.0
8965.0, 4.206545, -10.94791, -0.023702, -11.012655, 3.775264, 0.0
8965.0, 4.206545, -10.94791, -0.023702, -11.012655, 3.775264, 0.0
8980.0, 4.211023, -10.992169, -0.023701, -11.012655, 3.775264, 0.0
8980.0, 4.211023, -10.992169, -0.023701, -11.012655, 3.775264, 0.0
8997.0, 4.215003, -11.036453, -0.023702, -11.012655, 3.775264, 0.0
9013.0, 4.218484, -11.080764, -0.023704, -11.012655, 3.775264, 0.0
9013.0, 4.218484, -11.080764, -0.023704, -11.012655, 3.775264, 0.0
9030.0, 4.221467, -11.125102, -0.023708, -11.012655, 3.775264, 0.0
9030.0, 4.221467, -11.125102, -0.023708, -11.012655, 3.775264, 0.0
9047.0, 4.223952, -11.169469, -0.023713, -11.012655, 3.775264, 0.0
9065.0, 4.225938, -11.213863, -0.023719, -11.012655, 3.775264, 0.0
9065.0, 4.225938, -11.213863, -0.023719, -11.012655, 3.775264, 0.0
9081.0, 4.227426, -11.258288, -0.023727, -11.482071, 3.947462, 0.0
9082.0, 4.227426, -11.258288, -0.023727, -11.482071, 3.947462, 0.0
9097.0, 4.228415, -11.302744, -0.023736, -11.482071, 3.947462, 0.0
9115.0, 4.228907, -11.347231, -0.023747, -11.482071, 3.947462, 0.0
9115.0, 4.228907, -11.347231, -0.023747, -11.482071, 3.947462, 0.0
9131.0, 4.228899, -11.391751, -0.023759, -11.482071, 3.947462, 0.0
9131.0, 4.228899, -11.391751, -0.023759, -11.482071, 3.947462, 0.0
9147.0, 4.228394, -11.436304, -0.023772, -11.482071, 3.947462, 0.0
9165.0, 4.22739, -11.480893, -0.023787, -11.482071, 3.947462, 0.0
9165.0, 4.22739, -11.480893, -0.023787, -11.482071, 3.947462, 0.0
9182.0, 4.225989, -11.525505, -0.023844, -11.482071, 3.947462, 0.0
9182.0, 4.225989, -11.525505, -0.023844, -11.482071, 3.947462, 0.0
