1.0, 0.0, 0.0, 0.002231, 3.695057, -1.531846, 0.0
1.0, 0.0, 0.0, 0.002231, 3.695057, -1.531846, 0.0
15.0, -0.000103, -0.00028, -0.004061, 3.695057, -1.531846, 0.0
15.0, -0.000103, -0.00028, -0.004061, 3.695057, -1.531846, 0.0
31.0, -0.000305, -0.000514, -0.009454, 3.695057, -1.531846, 0.0
48.0, -0.000595, -0.000676, -0.012113, 3.695057, -1.531846, 0.0
48.0, -0.000595, -0.000676, -0.012113, 3.695057, -1.531846, 0.0
64.0, -0.001001, -0.000832, -0.013137, 3.695057, -1.531846, 0.0
64.0, -0.001001, -0.000832, -0.013137, 3.695057, -1.531846, 0.0
81.0, -0.001566, -0.001065, -0.012964, 3.695057, -1.531846, 0.0
98.0, -0.00234, -0.001452, -0.011952, 3.695057, -1.531846, 0.0
98.0, -0.00234, -0.001452, -0.011952, 3.695057, -1.531846, 0.0
114.0, -0.003366, -0.002069, -0.010391, 3.695057, -1.531846, 0.0
114.0, -0.003366, -0.002069, -0.010391, 3.695057, -1.531846, 0.0
131.0, -0.004551, -0.002837, -0.008151, 3.695057, -1.531846, 0.0
149.0, -0.006028, -0.003614, -0.00563, 3.695057, -1.531846, 0.0
149.0, -0.006028, -0.003614, -0.00563, 3.695057, -1.531846, 0.0
164.0, -0.007899, -0.004471, -0.002708, 3.695057, -1.531846, 0.0
164.0, -0.007899, -0.004471, -0.002708, 3.695057, -1.531846, 0.0
181.0, -0.010271, -0.00526, 0.000334, 3.695057, -1.531846, 0.0
198.0, -0.013115, -0.005946, 0.003362, 3.695057, -1.531846, 0.0
198.0, -0.013115, -0.005946, 0.003362, 3.695057, -1.531846, 0.0
215.0, -0.015856, -0.006456, 0.003018, 3.695376, -1.131843, 0.0
215.0, -0.015856, -0.006456, 0.003018, 3.695376, -1.131843, 0.0
231.0, -0.01946, -0.006551, 0.003221, 3.695376, -1.131843, 0.0
250.0, -0.023629, -0.006465, 0.003507, 3.695376, -1.131843, 0.0
250.0, -0.023629, -0.006465, 0.003507, 3.695376, -1.131843, 0.0
264.0, -0.02828, -0.006251, 0.003829, 3.695376, -1.131843, 0.0
264.0, -0.02828, -0.006251, 0.003829, 3.695376, -1.131843, 0.0
280.0, -0.033417, -0.005943, 0.004186, 3.695376, -1.131843, 0.0
297.0, -0.039039, -0.005553, 0.004551, 3.695376, -1.131843, 0.0
297.0, -0.039039, -0.005553, 0.004551, 3.695376, -1.131843, 0.0
314.0, -0.045148, -0.005086, 0.004911, 3.695376, -1.131843, 0.0
314.0, -0.045148, -0.005086, 0.004911, 3.695376, -1.131843, 0.0
331.0, -0.051744, -0.004541, 0.005253, 3.695376, -1.131843, 0.0
349.0, -0.05883, -0.003917, 0.005579, 3.695376, -1.131843, 0.0
349.0, -0.05883, -0.003917, 0.005579, 3.695376, -1.131843, 0.0
367.0, -0.066406, -0.003215, 0.005872, 3.695376, -1.131843, 0.0
367.0, -0.066406, -0.003215, 0.005872, 3.695376, -1.131843, 0.0
381.0, -0.074475, -0.002436, 0.006141, 3.695376, -1.131843, 0.0
398.0, -0.083034, -0.001583, 0.006375, 3.695376, -1.131843, 0.0
398.0, -0.083034, -0.001583, 0.006375, 3.695376, -1.131843, 0.0
414.0, -0.092087, -0.000656, 0.006586, 3.695376, -1.131843, 0.0
414.0, -0.092087, -0.000656, 0.006586, 3.695376, -1.131843, 0.0
430.0, -0.101632, 0.000342, 0.006763, 3.695376, -1.131843, 0.0
449.0, -0.111671, 0.00141, 0.006923, 3.695376, -1.131843, 0.0
449.0, -0.111671, 0.00141, 0.006923, 3.695376, -1.131843, 0.0
467.0, -0.122203, 0.002545, 0.007054, 3.695774, -0.631786, 0.0
467.0, -0.122203, 0.002545, 0.007054, 3.695774, -0.631786, 0.0
480.0, -0.133231, 0.003743, 0.007173, 3.695774, -0.631786, 0.0
496.0, -0.144753, 0.004999, 0.007268, 3.695774, -0.631786, 0.0
496.0, -0.144753, 0.004999, 0.007268, 3.695774, -0.631786, 0.0
513.0, -0.156772, 0.006311, 0.007356, 3.695774, -0.631786, 0.0
513.0, -0.156772, 0.006311, 0.007356, 3.695774, -0.631786, 0.0
530.0, -0.169286, 0.007674, 0.007426, 3.695774, -0.631786, 0.0
548.0, -0.182297, 0.009088, 0.007491, 3.695774, -0.631786, 0.0
548.0, -0.182297, 0.009088, 0.007491, 3.695774, -0.631786, 0.0
563.0, -0.195804, 0.010546, 0.007542, 3.695774, -0.631786, 0.0
563.0, -0.195804, 0.010546, 0.007542, 3.695774, -0.631786, 0.0
580.0, -0.209829, 0.012046, 0.007592, 3.695774, -0.631786, 0.0
598.0, -0.224332, 0.01358, 0.007629, 3.695774, -0.631786, 0.0
598.0, -0.224332, 0.01358, 0.007629, 3.695774, -0.631786, 0.0
613.0, -0.239334, 0.015145, 0.007667, 3.695774, -0.631786, 0.0
613.0, -0.239334, 0.015145, 0.007667, 3.695774, -0.631786, 0.0
631.0, -0.254834, 0.016738, 0.007694, 3.695774, -0.631786, 0.0
648.0, -0.270833, 0.018356, 0.007724, 3.695774, -0.631786, 0.0
648.0, -0.270833, 0.018356, 0.007724, 3.695774, -0.631786, 0.0
665.0, -0.287331, 0.019994, 0.007743, 3.695774, -0.631786, 0.0
665.0, -0.287331, 0.019994, 0.007743, 3.695774, -0.631786, 0.0
681.0, -0.304328, 0.021647, 0.007765, 3.695774, -0.631786, 0.0
698.0, -0.321824, 0.023308, 0.007777, 3.695774, -0.631786, 0.0
698.0, -0.321824, 0.023308, 0.007777, 3.695774, -0.631786, 0.0
715.0, -0.33982, 0.024975, 0.007792, 3.696172, -0.131735, 0.0
715.0, -0.33982, 0.024975, 0.007792, 3.696172, -0.131735, 0.0
730.0, -0.358315, 0.026643, 0.007797, 3.696172, -0.131735, 0.0
748.0, -0.37731, 0.028309, 0.007807, 3.696172, -0.131735, 0.0
748.0, -0.37731, 0.028309, 0.007807, 3.696172, -0.131735, 0.0
763.0, -0.396804, 0.029967, 0.007805, 3.696172, -0.131735, 0.0
763.0, -0.396804, 0.029967, 0.007805, 3.696172, -0.131735, 0.0
780.0, -0.416798, 0.031612, 0.007808, 3.696172, -0.131735, 0.0
796.0, -0.43729, 0.033239, 0.0078, 3.696172, -0.131735, 0.0
796.0, -0.43729, 0.033239, 0.0078, 3.696172, -0.131735, 0.0
813.0, -0.458282, 0.034843, 0.007797, 3.696172, -0.131735, 0.0
813.0, -0.458282, 0.034843, 0.007797, 3.696172, -0.131735, 0.0
830.0, -0.479772, 0.036421, 0.007782, 3.696172, -0.131735, 0.0
848.0, -0.501762, 0.037968, 0.007773, 3.696172, -0.131735, 0.0
848.0, -0.501762, 0.037968, 0.007773, 3.696172, -0.131735, 0.0
864.0, -0.524249, 0.039479, 0.007751, 3.696172, -0.131735, 0.0
864.0, -0.524249, 0.039479, 0.007751, 3.696172, -0.131735, 0.0
880.0, -0.547235, 0.040949, 0.007734, 3.696172, -0.131735, 0.0
898.0, -0.570717, 0.042371, 0.007705, 3.696172, -0.131735, 0.0
898.0, -0.570717, 0.042371, 0.007705, 3.696172, -0.131735, 0.0
914.0, -0.594698, 0.043743, 0.007682, 3.696172, -0.131735, 0.0
914.0, -0.594698, 0.043743, 0.007682, 3.696172, -0.131735, 0.0
930.0, -0.619173, 0.045058, 0.007646, 3.696172, -0.131735, 0.0
949.0, -0.644147, 0.046316, 0.007616, 3.696172, -0.131735, 0.0
949.0, -0.644147, 0.046316, 0.007616, 3.696172, -0.131735, 0.0
964.0, -0.669615, 0.047508, 0.007573, 3.69657, 0.36827, 0.0
964.0, -0.669615, 0.047508, 0.007573, 3.69657, 0.36827, 0.0
980.0, -0.695578, 0.048632, 0.007536, 3.69657, 0.36827, 0.0
997.0, -0.722035, 0.04968, 0.007486, 3.69657, 0.36827, 0.0
998.0, -0.722035, 0.04968, 0.007486, 3.69657, 0.36827, 0.0
1015.0, -0.748986, 0.050649, 0.007443, 3.69657, 0.36827, 0.0
1015.0, -0.748986, 0.050649, 0.007443, 3.69657, 0.36827, 0.0
1031.0, -0.776428, 0.051535, 0.007385, 3.69657, 0.36827, 0.0
1048.0, -0.804364, 0.052335, 0.007336, 3.69657, 0.36827, 0.0
1048.0, -0.804364, 0.052335, 0.007336, 3.69657, 0.36827, 0.0
1064.0, -0.832796, 0.053044, 0.007273, 3.69657, 0.36827, 0.0
1064.0, -0.832796, 0.053044, 0.007273, 3.69657, 0.36827, 0.0
1081.0, -0.861721, 0.053658, 0.00722, 3.69657, 0.36827, 0.0
1097.0, -0.891134, 0.05417, 0.007149, 3.69657, 0.36827, 0.0
1098.0, -0.891134, 0.05417, 0.007149, 3.69657, 0.36827, 0.0
1115.0, -0.921037, 0.054577, 0.007088, 3.69657, 0.36827, 0.0
1115.0, -0.921037, 0.054577, 0.007088, 3.69657, 0.36827, 0.0
1130.0, -0.951425, 0.054876, 0.007009, 3.69657, 0.36827, 0.0
1147.0, -0.982301, 0.055064, 0.006941, 3.69657, 0.36827, 0.0
1147.0, -0.982301, 0.055064, 0.006941, 3.69657, 0.36827, 0.0
1163.0, -1.013656, 0.055136, 0.006854, 3.69657, 0.36827, 0.0
1163.0, -1.013656, 0.055136, 0.006854, 3.69657, 0.36827, 0.0
1180.0, -1.045495, 0.055087, 0.006778, 3.69657, 0.36827, 0.0
1197.0, -1.077815, 0.054915, 0.006687, 3.69657, 0.36827, 0.0
1197.0, -1.077815, 0.054915, 0.006687, 3.69657, 0.36827, 0.0
1213.0, -1.110621, 0.054614, 0.006608, 3.696969, 0.868276, 0.0
1213.0, -1.110621, 0.054614, 0.006608, 3.696969, 0.868276, 0.0
1230.0, -1.143909, 0.054182, 0.006512, 3.696969, 0.868276, 0.0
1248.0, -1.177679, 0.053616, 0.00643, 3.696969, 0.868276, 0.0
1248.0, -1.177679, 0.053616, 0.00643, 3.696969, 0.868276, 0.0
1263.0, -1.21193, 0.052913, 0.006332, 3.696969, 0.868276, 0.0
1263.0, -1.21193, 0.052913, 0.006332, 3.696969, 0.868276, 0.0
1280.0, -1.246662, 0.052068, 0.006245, 3.696969, 0.868276, 0.0
1297.0, -1.281872, 0.051078, 0.006142, 3.696969, 0.868276, 0.0
1297.0, -1.281872, 0.051078, 0.006142, 3.696969, 0.868276, 0.0
1313.0, -1.317559, 0.049938, 0.006051, 3.696969, 0.868276, 0.0
1313.0, -1.317559, 0.049938, 0.006051, 3.696969, 0.868276, 0.0
1330.0, -1.353724, 0.048648, 0.005943, 3.696969, 0.868276, 0.0
1348.0, -1.390369, 0.047203, 0.005848, 3.696969, 0.868276, 0.0
1348.0, -1.390369, 0.047203, 0.005848, 3.696969, 0.868276, 0.0
1363.0, -1.427388, 0.045639, 0.005698, 3.696969, 0.868276, 0.0
1363.0, -1.427388, 0.045639, 0.005698, 3.696969, 0.868276, 0.0
1380.0, -1.464665, 0.043994, 0.005493, 3.696969, 0.868276, 0.0
1397.0, -1.502077, 0.04231, 0.005186, 3.696969, 0.868276, 0.0
1397.0, -1.502077, 0.04231, 0.005186, 3.696969, 0.868276, 0.0
1413.0, -1.539519, 0.040622, 0.004812, 3.696969, 0.868276, 0.0
1413.0, -1.539519, 0.040622, 0.004812, 3.696969, 0.868276, 0.0
1430.0, -1.576904, 0.038959, 0.00435, 3.696969, 0.868276, 0.0
1447.0, -1.614143, 0.037346, 0.003853, 3.696969, 0.868276, 0.0
1448.0, -1.614143, 0.037346, 0.003853, 3.696969, 0.868276, 0.0
1463.0, -1.651178, 0.035807, 0.00331, 3.697367, 1.36829, 0.0
1463.0, -1.651178, 0.035807, 0.00331, 3.697367, 1.36829, 0.0
1479.0, -1.687961, 0.034361, 0.002776, 3.697367, 1.36829, 0.0
1497.0, -1.724449, 0.033025, 0.002239, 3.697367, 1.36829, 0.0
1497.0, -1.724449, 0.033025, 0.002239, 3.697367, 1.36829, 0.0
1514.0, -1.76061, 0.031815, 0.001746, 3.697367, 1.36829, 0.0
1514.0, -1.76061, 0.031815, 0.001746, 3.697367, 1.36829, 0.0
1530.0, -1.796417, 0.030744, 0.00128, 3.697367, 1.36829, 0.0
1549.0, -1.831849, 0.029822, 0.000879, 3.697367, 1.36829, 0.0
1549.0, -1.831849, 0.029822, 0.000879, 3.697367, 1.36829, 0.0
1564.0, -1.866888, 0.029062, 0.000519, 3.697367, 1.36829, 0.0
1564.0, -1.866888, 0.029062, 0.000519, 3.697367, 1.36829, 0.0
1580.0, -1.901523, 0.02847, 0.000229, 3.697367, 1.36829, 0.0
1597.0, -1.935742, 0.028056, -0.000016, 3.697367, 1.36829, 0.0
1597.0, -1.935742, 0.028056, -0.000016, 3.697367, 1.36829, 0.0
1614.0, -1.969537, 0.027824, -0.000194, 3.697367, 1.36829, 0.0
1614.0, -1.969537, 0.027824, -0.000194, 3.697367, 1.36829, 0.0
1630.0, -2.002902, 0.027781, -0.000333, 3.697367, 1.36829, 0.0
1647.0, -2.035831, 0.027929, -0.000413, 3.697367, 1.36829, 0.0
1647.0, -2.035831, 0.027929, -0.000413, 3.697367, 1.36829, 0.0
1663.0, -2.068319, 0.028272, -0.000463, 3.697367, 1.36829, 0.0
1663.0, -2.068319, 0.028272, -0.000463, 3.697367, 1.36829, 0.0
1680.0, -2.100365, 0.028812, -0.000465, 3.697367, 1.36829, 0.0
1696.0, -2.131963, 0.029552, -0.000447, 3.697367, 1.36829, 0.0
1696.0, -2.131963, 0.029552, -0.000447, 3.697367, 1.36829, 0.0
1714.0, -2.163114, 0.030492, -0.000392, 3.697765, 1.868293, 0.0
1714.0, -2.163114, 0.030492, -0.000392, 3.697765, 1.868293, 0.0
1730.0, -2.193815, 0.031634, -0.000325, 3.697765, 1.868293, 0.0
1748.0, -2.224064, 0.032977, -0.000231, 3.697765, 1.868293, 0.0
1748.0, -2.224064, 0.032977, -0.000231, 3.697765, 1.868293, 0.0
1763.0, -2.253865, 0.034523, -0.00013, 3.697765, 1.868293, 0.0
1763.0, -2.253865, 0.034523, -0.00013, 3.697765, 1.868293, 0.0
1780.0, -2.283216, 0.036271, -0.000009, 3.697765, 1.868293, 0.0
1797.0, -2.31211, 0.038221, 0.000111, 3.697765, 1.868293, 0.0
1797.0, -2.31211, 0.038221, 0.000111, 3.697765, 1.868293, 0.0
1814.0, -2.34055, 0.040374, 0.000245, 3.697765, 1.868293, 0.0
1814.0, -2.34055, 0.040374, 0.000245, 3.697765, 1.868293, 0.0
1830.0, -2.368533, 0.042728, 0.000375, 3.697765, 1.868293, 0.0
1848.0, -2.39606, 0.045285, 0.000515, 3.697765, 1.868293, 0.0
1848.0, -2.39606, 0.045285, 0.000515, 3.697765, 1.868293, 0.0
1864.0, -2.423124, 0.048042, 0.000648, 3.697765, 1.868293, 0.0
1864.0, -2.423124, 0.048042, 0.000648, 3.697765, 1.868293, 0.0
1880.0, -2.44973, 0.051, 0.000788, 3.697765, 1.868293, 0.0
1897.0, -2.475878, 0.05416, 0.000926, 3.697765, 1.868293, 0.0
1897.0, -2.475878, 0.05416, 0.000926, 3.697765, 1.868293, 0.0
1914.0, -2.501613, 0.057526, 0.00107, 3.697765, 1.868293, 0.0
1914.0, -2.501613, 0.057526, 0.00107, 3.697765, 1.868293, 0.0
1930.0, -2.526848, 0.061088, 0.00121, 3.697765, 1.868293, 0.0
1948.0, -2.551628, 0.064851, 0.001353, 3.697765, 1.868293, 0.0
1948.0, -2.551628, 0.064851, 0.001353, 3.697765, 1.868293, 0.0
1964.0, -2.575944, 0.068814, 0.001493, 3.698163, 2.368354, 0.0
1964.0, -2.575944, 0.068814, 0.001493, 3.698163, 2.368354, 0.0
1980.0, -2.599805, 0.072977, 0.001634, 3.698163, 2.368354, 0.0
1997.0, -2.623208, 0.077341, 0.001774, 3.698163, 2.368354, 0.0
1997.0, -2.623208, 0.077341, 0.001774, 3.698163, 2.368354, 0.0
2014.0, -2.646156, 0.081906, 0.001914, 3.698163, 2.368354, 0.0
2014.0, -2.646156, 0.081906, 0.001914, 3.698163, 2.368354, 0.0
2030.0, -2.668647, 0.086671, 0.002055, 3.698163, 2.368354, 0.0
2048.0, -2.690683, 0.091637, 0.002194, 3.698163, 2.368354, 0.0
2048.0, -2.690683, 0.091637, 0.002194, 3.698163, 2.368354, 0.0
2064.0, -2.712266, 0.096804, 0.002336, 3.698163, 2.368354, 0.0
2064.0, -2.712266, 0.096804, 0.002336, 3.698163, 2.368354, 0.0
2080.0, -2.733394, 0.102172, 0.002474, 3.698163, 2.368354, 0.0
2097.0, -2.754065, 0.107739, 0.002614, 3.698163, 2.368354, 0.0
2097.0, -2.754065, 0.107739, 0.002614, 3.698163, 2.368354, 0.0
2114.0, -2.77428, 0.113507, 0.002747, 3.698163, 2.368354, 0.0
2114.0, -2.77428, 0.113507, 0.002747, 3.698163, 2.368354, 0.0
2130.0, -2.794036, 0.119474, 0.002883, 3.698163, 2.368354, 0.0
2148.0, -2.813335, 0.125642, 0.003011, 3.698163, 2.368354, 0.0
2148.0, -2.813335, 0.125642, 0.003011, 3.698163, 2.368354, 0.0
2164.0, -2.832176, 0.132007, 0.003145, 3.698163, 2.368354, 0.0
2164.0, -2.832176, 0.132007, 0.003145, 3.698163, 2.368354, 0.0
2180.0, -2.850561, 0.138573, 0.003268, 3.698163, 2.368354, 0.0
2197.0, -2.868488, 0.145337, 0.003399, 3.698163, 2.368354, 0.0
2197.0, -2.868488, 0.145337, 0.003399, 3.698163, 2.368354, 0.0
2214.0, -2.885959, 0.152301, 0.003517, 3.698561, 2.868357, 0.0
2214.0, -2.885959, 0.152301, 0.003517, 3.698561, 2.868357, 0.0
2230.0, -2.902971, 0.159463, 0.003645, 3.698561, 2.868357, 0.0
2248.0, -2.919527, 0.166824, 0.003756, 3.698561, 2.868357, 0.0
2248.0, -2.919527, 0.166824, 0.003756, 3.698561, 2.868357, 0.0
2264.0, -2.935627, 0.174384, 0.003881, 3.698561, 2.868357, 0.0
2264.0, -2.935627, 0.174384, 0.003881, 3.698561, 2.868357, 0.0
2280.0, -2.951274, 0.182144, 0.003986, 3.698561, 2.868357, 0.0
2297.0, -2.966461, 0.1901, 0.004104, 3.698561, 2.868357, 0.0
2297.0, -2.966461, 0.1901, 0.004104, 3.698561, 2.868357, 0.0
2314.0, -2.981192, 0.198256, 0.004199, 3.698561, 2.868357, 0.0
2314.0, -2.981192, 0.198256, 0.004199, 3.698561, 2.868357, 0.0
2330.0, -2.995465, 0.206607, 0.004309, 3.698561, 2.868357, 0.0
2348.0, -3.009282, 0.215156, 0.004393, 3.698561, 2.868357, 0.0
2348.0, -3.009282, 0.215156, 0.004393, 3.698561, 2.868357, 0.0
2364.0, -3.022637, 0.2239, 0.004493, 3.698561, 2.868357, 0.0
2364.0, -3.022637, 0.2239, 0.004493, 3.698561, 2.868357, 0.0
2380.0, -3.035536, 0.232841, 0.004563, 3.698561, 2.868357, 0.0
2398.0, -3.047977, 0.241977, 0.004654, 3.698561, 2.868357, 0.0
2398.0, -3.047977, 0.241977, 0.004654, 3.698561, 2.868357, 0.0
2414.0, -3.059963, 0.25131, 0.004711, 3.698561, 2.868357, 0.0
2414.0, -3.059963, 0.25131, 0.004711, 3.698561, 2.868357, 0.0
2430.0, -3.071491, 0.260839, 0.004791, 3.698561, 2.868357, 0.0
2448.0, -3.082564, 0.270565, 0.004834, 3.698561, 2.868357, 0.0
2448.0, -3.082564, 0.270565, 0.004834, 3.698561, 2.868357, 0.0
2464.0, -3.093179, 0.280485, 0.004902, 3.69896, 3.368361, 0.0
2464.0, -3.093179, 0.280485, 0.004902, 3.69896, 3.368361, 0.0
2480.0, -3.10334, 0.290603, 0.004929, 3.69896, 3.368361, 0.0
2496.0, -3.113042, 0.300914, 0.004985, 3.69896, 3.368361, 0.0
2496.0, -3.113042, 0.300914, 0.004985, 3.69896, 3.368361, 0.0
2513.0, -3.122289, 0.311422, 0.004996, 3.69896, 3.368361, 0.0
2513.0, -3.122289, 0.311422, 0.004996, 3.69896, 3.368361, 0.0
2530.0, -3.131078, 0.322123, 0.005039, 3.69896, 3.368361, 0.0
2548.0, -3.139413, 0.333022, 0.005036, 3.69896, 3.368361, 0.0
2548.0, -3.139413, 0.333022, 0.005036, 3.69896, 3.368361, 0.0
2563.0, -3.147288, 0.344113, 0.005067, 3.69896, 3.368361, 0.0
2563.0, -3.147288, 0.344113, 0.005067, 3.69896, 3.368361, 0.0
2579.0, -3.154707, 0.3554, 0.005051, 3.69896, 3.368361, 0.0
2597.0, -3.161668, 0.36688, 0.005073, 3.69896, 3.368361, 0.0
2597.0, -3.161668, 0.36688, 0.005073, 3.69896, 3.368361, 0.0
2614.0, -3.168172, 0.378555, 0.005048, 3.69896, 3.368361, 0.0
2614.0, -3.168172, 0.378555, 0.005048, 3.69896, 3.368361, 0.0
2630.0, -3.174216, 0.390422, 0.005065, 3.69896, 3.368361, 0.0
2648.0, -3.179804, 0.402485, 0.005034, 3.69896, 3.368361, 0.0
2648.0, -3.179804, 0.402485, 0.005034, 3.69896, 3.368361, 0.0
2664.0, -3.184931, 0.414739, 0.005051, 3.69896, 3.368361, 0.0
2664.0, -3.184931, 0.414739, 0.005051, 3.69896, 3.368361, 0.0
2681.0, -3.189601, 0.427189, 0.005021, 3.69896, 3.368361, 0.0
2698.0, -3.193808, 0.439829, 0.005042, 3.69896, 3.368361, 0.0
2698.0, -3.193808, 0.439829, 0.005042, 3.69896, 3.368361, 0.0
2715.0, -3.197558, 0.452664, 0.005017, 3.699358, 3.868369, 0.0
2715.0, -3.197558, 0.452664, 0.005017, 3.699358, 3.868369, 0.0
2729.0, -3.200843, 0.465689, 0.005048, 3.699358, 3.868369, 0.0
2748.0, -3.20367, 0.478908, 0.005033, 3.699358, 3.868369, 0.0
2748.0, -3.20367, 0.478908, 0.005033, 3.699358, 3.868369, 0.0
2763.0, -3.206032, 0.492317, 0.005077, 3.699358, 3.868369, 0.0
2763.0, -3.206032, 0.492317, 0.005077, 3.699358, 3.868369, 0.0
2780.0, -3.207933, 0.505919, 0.005077, 3.699358, 3.868369, 0.0
2797.0, -3.209368, 0.519707, 0.005138, 3.699358, 3.868369, 0.0
2797.0, -3.209368, 0.519707, 0.005138, 3.699358, 3.868369, 0.0
2814.0, -3.210341, 0.533689, 0.005153, 3.699358, 3.868369, 0.0
2814.0, -3.210341, 0.533689, 0.005153, 3.699358, 3.868369, 0.0
2830.0, -3.210847, 0.547856, 0.005232, 3.699358, 3.868369, 0.0
2848.0, -3.210889, 0.562215, 0.005265, 3.699358, 3.868369, 0.0
2848.0, -3.210889, 0.562215, 0.005265, 3.699358, 3.868369, 0.0
2864.0, -3.210463, 0.576758, 0.005361, 3.699358, 3.868369, 0.0
2864.0, -3.210463, 0.576758, 0.005361, 3.699358, 3.868369, 0.0
2880.0, -3.209572, 0.59149, 0.00541, 3.699358, 3.868369, 0.0
2897.0, -3.208211, 0.606404, 0.005522, 3.699358, 3.868369, 0.0
2897.0, -3.208211, 0.606404, 0.005522, 3.699358, 3.868369, 0.0
2915.0, -3.206384, 0.621506, 0.005584, 3.699358, 3.868369, 0.0
2915.0, -3.206384, 0.621506, 0.005584, 3.699358, 3.868369, 0.0
2930.0, -3.204086, 0.636786, 0.005709, 3.699358, 3.868369, 0.0
2948.0, -3.201321, 0.652254, 0.005782, 3.699358, 3.868369, 0.0
2948.0, -3.201321, 0.652254, 0.005782, 3.699358, 3.868369, 0.0
2964.0, -3.198085, 0.667901, 0.005916, 3.699756, 4.368374, 0.0
2964.0, -3.198085, 0.667901, 0.005916, 3.699756, 4.368374, 0.0
2980.0, -3.194379, 0.683734, 0.005996, 3.699756, 4.368374, 0.0
2997.0, -3.190202, 0.69974, 0.006137, 3.699756, 4.368374, 0.0
2997.0, -3.190202, 0.69974, 0.006137, 3.699756, 4.368374, 0.0
3014.0, -3.185555, 0.715928, 0.006221, 3.699756, 4.368374, 0.0
3014.0, -3.185555, 0.715928, 0.006221, 3.699756, 4.368374, 0.0
3031.0, -3.180436, 0.732287, 0.006365, 3.699756, 4.368374, 0.0
3049.0, -3.174847, 0.748826, 0.00645, 3.699756, 4.368374, 0.0
3049.0, -3.174847, 0.748826, 0.00645, 3.699756, 4.368374, 0.0
3064.0, -3.168786, 0.76553, 0.006595, 3.699756, 4.368374, 0.0
3064.0, -3.168786, 0.76553, 0.006595, 3.699756, 4.368374, 0.0
3080.0, -3.162254, 0.782411, 0.006679, 3.699756, 4.368374, 0.0
3097.0, -3.15525, 0.799458, 0.006823, 3.699756, 4.368374, 0.0
3097.0, -3.15525, 0.799458, 0.006823, 3.699756, 4.368374, 0.0
3114.0, -3.147773, 0.81668, 0.006903, 3.699756, 4.368374, 0.0
3114.0, -3.147773, 0.81668, 0.006903, 3.699756, 4.368374, 0.0
3129.0, -3.139823, 0.834066, 0.007043, 3.699756, 4.368374, 0.0
3147.0, -3.131399, 0.851625, 0.007116, 3.699756, 4.368374, 0.0
3147.0, -3.131399, 0.851625, 0.007116, 3.699756, 4.368374, 0.0
3164.0, -3.122503, 0.869347, 0.007249, 3.699756, 4.368374, 0.0
3164.0, -3.122503, 0.869347, 0.007249, 3.699756, 4.368374, 0.0
3179.0, -3.113132, 0.887239, 0.007316, 3.699756, 4.368374, 0.0
3197.0, -3.103287, 0.90529, 0.007444, 3.699756, 4.368374, 0.0
3197.0, -3.103287, 0.90529, 0.007444, 3.699756, 4.368374, 0.0
3214.0, -3.092966, 0.923508, 0.007507, 3.700154, 4.868377, 0.0
3214.0, -3.092966, 0.923508, 0.007507, 3.700154, 4.868377, 0.0
3229.0, -3.082172, 0.941883, 0.007632, 3.700154, 4.868377, 0.0
3248.0, -3.070902, 0.960424, 0.007692, 3.700154, 4.868377, 0.0
3248.0, -3.070902, 0.960424, 0.007692, 3.700154, 4.868377, 0.0
3263.0, -3.059156, 0.979119, 0.007814, 3.700154, 4.868377, 0.0
3263.0, -3.059156, 0.979119, 0.007814, 3.700154, 4.868377, 0.0
3280.0, -3.046934, 0.997976, 0.00787, 3.700154, 4.868377, 0.0
3296.0, -3.034237, 1.016984, 0.007989, 3.700154, 4.868377, 0.0
3297.0, -3.034237, 1.016984, 0.007989, 3.700154, 4.868377, 0.0
3313.0, -3.021061, 1.03615, 0.008043, 3.700154, 4.868377, 0.0
3313.0, -3.021061, 1.03615, 0.008043, 3.700154, 4.868377, 0.0
3330.0, -3.00741, 1.055465, 0.008159, 3.700154, 4.868377, 0.0
3347.0, -2.993279, 1.074936, 0.00821, 3.700154, 4.868377, 0.0
3347.0, -2.993279, 1.074936, 0.00821, 3.700154, 4.868377, 0.0
3363.0, -2.978673, 1.094553, 0.008323, 3.700154, 4.868377, 0.0
3363.0, -2.978673, 1.094553, 0.008323, 3.700154, 4.868377, 0.0
3380.0, -2.963586, 1.114323, 0.008371, 3.700154, 4.868377, 0.0
3397.0, -2.948023, 1.134235, 0.008481, 3.700154, 4.868377, 0.0
3397.0, -2.948023, 1.134235, 0.008481, 3.700154, 4.868377, 0.0
3414.0, -2.931978, 1.154296, 0.008527, 3.700154, 4.868377, 0.0
3414.0, -2.931978, 1.154296, 0.008527, 3.700154, 4.868377, 0.0
3429.0, -2.915455, 1.174497, 0.008634, 3.700154, 4.868377, 0.0
3447.0, -2.898451, 1.194844, 0.008677, 3.700154, 4.868377, 0.0
3447.0, -2.898451, 1.194844, 0.008677, 3.700154, 4.868377, 0.0
3464.0, -2.880965, 1.215333, 0.00878, 3.700552, 5.368381, 0.0
3464.0, -2.880965, 1.215333, 0.00878, 3.700552, 5.368381, 0.0
3480.0, -2.862994, 1.235964, 0.00882, 3.700552, 5.368381, 0.0
3497.0, -2.844545, 1.256729, 0.008921, 3.700552, 5.368381, 0.0
3497.0, -2.844545, 1.256729, 0.008921, 3.700552, 5.368381, 0.0
3514.0, -2.825608, 1.277636, 0.008959, 3.700552, 5.368381, 0.0
3514.0, -2.825608, 1.277636, 0.008959, 3.700552, 5.368381, 0.0
3530.0, -2.806196, 1.298668, 0.009058, 3.700552, 5.368381, 0.0
3549.0, -2.786299, 1.319837, 0.009094, 3.700552, 5.368381, 0.0
3549.0, -2.786299, 1.319837, 0.009094, 3.700552, 5.368381, 0.0
3564.0, -2.765925, 1.341127, 0.009193, 3.700552, 5.368381, 0.0
3564.0, -2.765925, 1.341127, 0.009193, 3.700552, 5.368381, 0.0
3580.0, -2.745067, 1.362548, 0.009229, 3.700552, 5.368381, 0.0
3598.0, -2.723728, 1.384091, 0.009324, 3.700552, 5.368381, 0.0
3598.0, -2.723728, 1.384091, 0.009324, 3.700552, 5.368381, 0.0
3614.0, -2.701901, 1.405762, 0.009357, 3.700552, 5.368381, 0.0
3614.0, -2.701901, 1.405762, 0.009357, 3.700552, 5.368381, 0.0
3631.0, -2.679592, 1.427554, 0.009448, 3.700552, 5.368381, 0.0
3647.0, -2.656795, 1.449471, 0.009477, 3.700552, 5.368381, 0.0
3647.0, -2.656795, 1.449471, 0.009477, 3.700552, 5.368381, 0.0
3663.0, -2.633514, 1.471504, 0.009566, 3.700552, 5.368381, 0.0
3663.0, -2.633514, 1.471504, 0.009566, 3.700552, 5.368381, 0.0
3680.0, -2.609744, 1.493659, 0.009593, 3.700552, 5.368381, 0.0
3696.0, -2.58549, 1.515925, 0.00968, 3.700552, 5.368381, 0.0
3696.0, -2.58549, 1.515925, 0.00968, 3.700552, 5.368381, 0.0
3714.0, -2.560745, 1.538308, 0.009705, 3.70095, 5.868392, 0.0
3714.0, -2.560745, 1.538308, 0.009705, 3.70095, 5.868392, 0.0
3729.0, -2.535517, 1.5608, 0.009789, 3.70095, 5.868392, 0.0
3749.0, -2.509797, 1.583405, 0.009813, 3.70095, 5.868392, 0.0
3749.0, -2.509797, 1.583405, 0.009813, 3.70095, 5.868392, 0.0
3764.0, -2.483592, 1.606115, 0.009895, 3.70095, 5.868392, 0.0
3764.0, -2.483592, 1.606115, 0.009895, 3.70095, 5.868392, 0.0
3780.0, -2.456894, 1.628934, 0.009917, 3.70095, 5.868392, 0.0
3797.0, -2.429711, 1.651853, 0.009997, 3.70095, 5.868392, 0.0
3797.0, -2.429711, 1.651853, 0.009997, 3.70095, 5.868392, 0.0
3815.0, -2.402035, 1.674875, 0.010017, 3.70095, 5.868392, 0.0
3815.0, -2.402035, 1.674875, 0.010017, 3.70095, 5.868392, 0.0
3831.0, -2.373872, 1.697995, 0.010095, 3.70095, 5.868392, 0.0
3848.0, -2.345215, 1.721215, 0.010112, 3.70095, 5.868392, 0.0
3848.0, -2.345215, 1.721215, 0.010112, 3.70095, 5.868392, 0.0
3863.0, -2.316071, 1.744528, 0.010188, 3.70095, 5.868392, 0.0
3863.0, -2.316071, 1.744528, 0.010188, 3.70095, 5.868392, 0.0
3880.0, -2.286432, 1.767936, 0.010204, 3.70095, 5.868392, 0.0
3897.0, -2.256305, 1.791433, 0.010277, 3.70095, 5.868392, 0.0
3897.0, -2.256305, 1.791433, 0.010277, 3.70095, 5.868392, 0.0
3913.0, -2.225683, 1.81502, 0.01029, 3.70095, 5.868392, 0.0
3913.0, -2.225683, 1.81502, 0.01029, 3.70095, 5.868392, 0.0
3930.0, -2.194571, 1.838691, 0.010361, 3.70095, 5.868392, 0.0
3948.0, -2.162964, 1.862449, 0.010372, 3.70095, 5.868392, 0.0
3948.0, -2.162964, 1.862449, 0.010372, 3.70095, 5.868392, 0.0
3964.0, -2.130867, 1.886287, 0.01044, 3.701349, 6.368395, 0.0
3964.0, -2.130867, 1.886287, 0.01044, 3.701349, 6.368395, 0.0
3980.0, -2.098273, 1.910208, 0.01045, 3.701349, 6.368395, 0.0
3997.0, -2.065188, 1.934203, 0.010515, 3.701349, 6.368395, 0.0
3997.0, -2.065188, 1.934203, 0.010515, 3.701349, 6.368395, 0.0
4014.0, -2.031606, 1.958275, 0.010522, 3.701349, 6.368395, 0.0
4014.0, -2.031606, 1.958275, 0.010522, 3.701349, 6.368395, 0.0
4030.0, -1.997534, 1.982418, 0.010585, 3.701349, 6.368395, 0.0
4048.0, -1.962963, 2.006635, 0.01059, 3.701349, 6.368395, 0.0
4048.0, -1.962963, 2.006635, 0.01059, 3.701349, 6.368395, 0.0
4064.0, -1.9279, 2.030917, 0.01065, 3.701349, 6.368395, 0.0
4064.0, -1.9279, 2.030917, 0.01065, 3.701349, 6.368395, 0.0
4080.0, -1.892338, 2.055269, 0.010652, 3.701349, 6.368395, 0.0
4097.0, -1.856284, 2.07968, 0.010709, 3.701349, 6.368395, 0.0
4097.0, -1.856284, 2.07968, 0.010709, 3.701349, 6.368395, 0.0
4114.0, -1.819731, 2.104155, 0.010709, 3.701349, 6.368395, 0.0
4114.0, -1.819731, 2.104155, 0.010709, 3.701349, 6.368395, 0.0
4130.0, -1.782685, 2.128686, 0.010764, 3.701349, 6.368395, 0.0
4148.0, -1.745139, 2.153277, 0.010761, 3.701349, 6.368395, 0.0
4148.0, -1.745139, 2.153277, 0.010761, 3.701349, 6.368395, 0.0
4164.0, -1.707092, 2.177925, 0.01081, 3.701349, 6.368395, 0.0
4164.0, -1.707092, 2.177925, 0.01081, 3.701349, 6.368395, 0.0
4180.0, -1.668543, 2.202627, 0.010803, 3.701349, 6.368395, 0.0
4198.0, -1.6295, 2.227376, 0.01085, 3.701349, 6.368395, 0.0
4198.0, -1.6295, 2.227376, 0.01085, 3.701349, 6.368395, 0.0
4215.0, -1.589957, 2.252173, 0.010843, 3.701747, 6.868399, 0.0
4215.0, -1.589957, 2.252173, 0.010843, 3.701747, 6.868399, 0.0
4230.0, -1.54992, 2.277011, 0.010889, 3.701747, 6.868399, 0.0
4248.0, -1.509383, 2.301893, 0.01088, 3.701747, 6.868399, 0.0
4248.0, -1.509383, 2.301893, 0.01088, 3.701747, 6.868399, 0.0
4263.0, -1.468362, 2.326807, 0.010928, 3.701747, 6.868399, 0.0
4263.0, -1.468362, 2.326807, 0.010928, 3.701747, 6.868399, 0.0
4280.0, -1.42684, 2.351757, 0.01092, 3.701747, 6.868399, 0.0
4297.0, -1.384825, 2.376739, 0.010963, 3.701747, 6.868399, 0.0
4297.0, -1.384825, 2.376739, 0.010963, 3.701747, 6.868399, 0.0
4313.0, -1.342306, 2.401753, 0.010948, 3.701747, 6.868399, 0.0
4313.0, -1.342306, 2.401753, 0.010948, 3.701747, 6.868399, 0.0
4331.0, -1.299293, 2.426796, 0.010986, 3.701747, 6.868399, 0.0
4348.0, -1.255717, 2.451902, 0.010967, 3.701747, 6.868399, 0.0
4348.0, -1.255717, 2.451902, 0.010967, 3.701747, 6.868399, 0.0
4363.0, -1.211712, 2.476992, 0.011003, 3.701747, 6.868399, 0.0
4363.0, -1.211712, 2.476992, 0.011003, 3.701747, 6.868399, 0.0
4380.0, -1.167205, 2.502105, 0.010984, 3.701747, 6.868399, 0.0
4398.0, -1.122202, 2.527235, 0.011015, 3.701747, 6.868399, 0.0
4398.0, -1.122202, 2.527235, 0.011015, 3.701747, 6.868399, 0.0
4415.0, -1.076695, 2.552384, 0.010991, 3.701747, 6.868399, 0.0
4415.0, -1.076695, 2.552384, 0.010991, 3.701747, 6.868399, 0.0
4430.0, -1.03069, 2.577546, 0.011017, 3.701747, 6.868399, 0.0
4448.0, -0.98418, 2.602723, 0.010989, 3.701747, 6.868399, 0.0
4448.0, -0.98418, 2.602723, 0.010989, 3.701747, 6.868399, 0.0
4465.0, -0.937156, 2.627917, 0.011009, 3.702145, 7.368446, 0.0
4465.0, -0.937156, 2.627917, 0.011009, 3.702145, 7.368446, 0.0
4480.0, -0.889638, 2.653117, 0.010977, 3.702145, 7.368446, 0.0
4496.0, -0.841681, 2.678319, 0.01102, 3.702145, 7.368446, 0.0
4496.0, -0.841681, 2.678319, 0.01102, 3.702145, 7.368446, 0.0
4514.0, -0.793343, 2.703523, 0.011053, 3.702145, 7.368446, 0.0
4514.0, -0.793343, 2.703523, 0.011053, 3.702145, 7.368446, 0.0
4530.0, -0.744693, 2.728722, 0.011186, 3.702145, 7.368446, 0.0
4548.0, -0.69578, 2.753916, 0.011318, 3.702145, 7.368446, 0.0
4548.0, -0.69578, 2.753916, 0.011318, 3.702145, 7.368446, 0.0
4563.0, -0.646648, 2.779102, 0.011541, 3.702145, 7.368446, 0.0
4563.0, -0.646648, 2.779102, 0.011541, 3.702145, 7.368446, 0.0
4581.0, -0.597335, 2.804275, 0.011747, 3.702145, 7.368446, 0.0
4597.0, -0.547886, 2.829427, 0.012028, 3.702145, 7.368446, 0.0
4597.0, -0.547886, 2.829427, 0.012028, 3.702145, 7.368446, 0.0
4613.0, -0.498317, 2.854558, 0.012272, 3.702145, 7.368446, 0.0
4613.0, -0.498317, 2.854558, 0.012272, 3.702145, 7.368446, 0.0
4631.0, -0.448662, 2.879663, 0.01257, 3.702145, 7.368446, 0.0
4649.0, -0.398929, 2.904744, 0.012811, 3.702145, 7.368446, 0.0
4649.0, -0.398929, 2.904744, 0.012811, 3.702145, 7.368446, 0.0
4665.0, -0.34915, 2.929792, 0.013095, 3.702145, 7.368446, 0.0
4665.0, -0.34915, 2.929792, 0.013095, 3.702145, 7.368446, 0.0
4680.0, -0.299322, 2.954811, 0.013308, 3.702145, 7.368446, 0.0
4697.0, -0.249461, 2.979799, 0.01355, 3.702145, 7.368446, 0.0
4697.0, -0.249461, 2.979799, 0.01355, 3.702145, 7.368446, 0.0
4715.0, -0.199238, 3.004923, 0.013717, 3.702543, 7.868457, 0.0
4715.0, -0.199238, 3.004923, 0.013717, 3.702543, 7.868457, 0.0
4730.0, -0.149322, 3.029851, 0.013908, 3.702543, 7.868457, 0.0
4748.0, -0.099356, 3.054763, 0.014023, 3.702543, 7.868457, 0.0
4748.0, -0.099356, 3.054763, 0.014023, 3.702543, 7.868457, 0.0
4764.0, -0.049443, 3.079611, 0.014181, 3.702543, 7.868457, 0.0
4764.0, -0.049443, 3.079611, 0.014181, 3.702543, 7.868457, 0.0
4779.0, 0.000476, 3.104421, 0.014265, 3.702543, 7.868457, 0.0
4797.0, 0.0504, 3.129194, 0.014374, 3.702543, 7.868457, 0.0
4797.0, 0.0504, 3.129194, 0.014374, 3.702543, 7.868457, 0.0
4814.0, 0.100341, 3.153934, 0.014408, 3.702543, 7.868457, 0.0
4814.0, 0.100341, 3.153934, 0.014408, 3.702543, 7.868457, 0.0
4831.0, 0.150289, 3.178637, 0.014473, 3.702543, 7.868457, 0.0
4848.0, 0.200249, 3.203305, 0.014471, 3.702543, 7.868457, 0.0
4848.0, 0.200249, 3.203305, 0.014471, 3.702543, 7.868457, 0.0
4864.0, 0.25025, 3.22795, 0.014492, 3.702543, 7.868457, 0.0
4864.0, 0.25025, 3.22795, 0.014492, 3.702543, 7.868457, 0.0
4880.0, 0.300272, 3.252561, 0.014453, 3.702543, 7.868457, 0.0
4898.0, 0.350293, 3.277125, 0.014464, 3.702543, 7.868457, 0.0
4898.0, 0.350293, 3.277125, 0.014464, 3.702543, 7.868457, 0.0
4915.0, 0.400316, 3.301641, 0.014423, 3.702543, 7.868457, 0.0
4915.0, 0.400316, 3.301641, 0.014423, 3.702543, 7.868457, 0.0
4930.0, 0.450332, 3.326102, 0.014433, 3.702543, 7.868457, 0.0
4948.0, 0.500348, 3.35051, 0.01439, 3.702543, 7.868457, 0.0
4948.0, 0.500348, 3.35051, 0.01439, 3.702543, 7.868457, 0.0
4964.0, 0.550356, 3.374859, 0.014396, 3.702941, 8.368698, 0.0
4964.0, 0.550356, 3.374859, 0.014396, 3.702941, 8.368698, 0.0
4980.0, 0.600365, 3.399149, 0.014348, 3.702941, 8.368698, 0.0
4999.0, 0.650366, 3.423375, 0.014348, 3.702941, 8.368698, 0.0
4999.0, 0.650366, 3.423375, 0.014348, 3.702941, 8.368698, 0.0
5015.0, 0.700369, 3.447539, 0.014294, 3.702941, 8.368698, 0.0
5015.0, 0.700369, 3.447539, 0.014294, 3.702941, 8.368698, 0.0
5030.0, 0.750366, 3.471636, 0.014287, 3.702941, 8.368698, 0.0
5049.0, 0.800364, 3.495668, 0.014226, 3.702941, 8.368698, 0.0
5049.0, 0.800364, 3.495668, 0.014226, 3.702941, 8.368698, 0.0
5064.0, 0.850358, 3.519631, 0.014213, 3.702941, 8.368698, 0.0
5064.0, 0.850358, 3.519631, 0.014213, 3.702941, 8.368698, 0.0
5081.0, 0.900354, 3.543524, 0.014146, 3.702941, 8.368698, 0.0
5097.0, 0.950345, 3.567343, 0.014128, 3.702941, 8.368698, 0.0
5097.0, 0.950345, 3.567343, 0.014128, 3.702941, 8.368698, 0.0
5114.0, 1.000338, 3.59109, 0.014058, 3.702941, 8.368698, 0.0
5114.0, 1.000338, 3.59109, 0.014058, 3.702941, 8.368698, 0.0
5129.0, 1.050327, 3.614761, 0.014035, 3.702941, 8.368698, 0.0
5148.0, 1.100319, 3.638356, 0.013961, 3.702941, 8.368698, 0.0
5148.0, 1.100319, 3.638356, 0.013961, 3.702941, 8.368698, 0.0
5163.0, 1.150315, 3.661877, 0.013932, 3.702941, 8.368698, 0.0
5164.0, 1.150315, 3.661877, 0.013932, 3.702941, 8.368698, 0.0
5180.0, 1.200318, 3.68532, 0.013852, 3.702941, 8.368698, 0.0
5196.0, 1.250315, 3.708681, 0.013822, 3.702941, 8.368698, 0.0
5196.0, 1.250315, 3.708681, 0.013822, 3.702941, 8.368698, 0.0
5214.0, 1.300315, 3.731959, 0.013742, 3.70334, 8.868702, 0.0
5214.0, 1.300315, 3.731959, 0.013742, 3.70334, 8.868702, 0.0
5229.0, 1.350309, 3.75515, 0.013713, 3.70334, 8.868702, 0.0
5249.0, 1.400305, 3.778257, 0.013633, 3.70334, 8.868702, 0.0
5249.0, 1.400305, 3.778257, 0.013633, 3.70334, 8.868702, 0.0
5263.0, 1.450286, 3.801271, 0.013606, 3.70334, 8.868702, 0.0
5263.0, 1.450286, 3.801271, 0.013606, 3.70334, 8.868702, 0.0
5280.0, 1.500267, 3.824195, 0.013529, 3.70334, 8.868702, 0.0
5296.0, 1.550243, 3.847027, 0.013497, 3.70334, 8.868702, 0.0
5296.0, 1.550243, 3.847027, 0.013497, 3.70334, 8.868702, 0.0
5313.0, 1.600223, 3.869769, 0.013414, 3.70334, 8.868702, 0.0
5313.0, 1.600223, 3.869769, 0.013414, 3.70334, 8.868702, 0.0
5330.0, 1.650199, 3.892418, 0.013378, 3.70334, 8.868702, 0.0
5348.0, 1.700181, 3.914975, 0.013291, 3.70334, 8.868702, 0.0
5348.0, 1.700181, 3.914975, 0.013291, 3.70334, 8.868702, 0.0
5364.0, 1.750159, 3.937436, 0.013252, 3.70334, 8.868702, 0.0
5364.0, 1.750159, 3.937436, 0.013252, 3.70334, 8.868702, 0.0
5380.0, 1.800142, 3.959803, 0.013162, 3.70334, 8.868702, 0.0
5396.0, 1.85012, 3.982071, 0.01312, 3.70334, 8.868702, 0.0
5396.0, 1.85012, 3.982071, 0.01312, 3.70334, 8.868702, 0.0
5415.0, 1.900104, 4.004242, 0.013029, 3.70334, 8.868702, 0.0
5415.0, 1.900104, 4.004242, 0.013029, 3.70334, 8.868702, 0.0
5430.0, 1.950083, 4.026312, 0.012986, 3.70334, 8.868702, 0.0
5448.0, 2.000067, 4.048284, 0.012894, 3.70334, 8.868702, 0.0
5448.0, 2.000067, 4.048284, 0.012894, 3.70334, 8.868702, 0.0
5463.0, 2.050046, 4.070151, 0.012849, 3.703738, 9.368706, 0.0
5463.0, 2.050046, 4.070151, 0.012849, 3.703738, 9.368706, 0.0
5480.0, 2.100031, 4.091918, 0.012756, 3.703738, 9.368706, 0.0
5497.0, 2.150011, 4.113578, 0.01271, 3.703738, 9.368706, 0.0
5497.0, 2.150011, 4.113578, 0.01271, 3.703738, 9.368706, 0.0
5514.0, 2.199995, 4.135135, 0.012616, 3.703738, 9.368706, 0.0
5514.0, 2.199995, 4.135135, 0.012616, 3.703738, 9.368706, 0.0
5530.0, 2.249975, 4.156583, 0.012569, 3.703738, 9.368706, 0.0
5548.0, 2.299959, 4.177926, 0.012473, 3.703738, 9.368706, 0.0
5548.0, 2.299959, 4.177926, 0.012473, 3.703738, 9.368706, 0.0
5564.0, 2.349939, 4.19916, 0.012425, 3.703738, 9.368706, 0.0
5564.0, 2.349939, 4.19916, 0.012425, 3.703738, 9.368706, 0.0
5581.0, 2.399924, 4.220285, 0.012328, 3.703738, 9.368706, 0.0
5597.0, 2.449903, 4.241298, 0.012278, 3.703738, 9.368706, 0.0
5597.0, 2.449903, 4.241298, 0.012278, 3.703738, 9.368706, 0.0
5614.0, 2.499888, 4.262201, 0.012179, 3.703738, 9.368706, 0.0
5614.0, 2.499888, 4.262201, 0.012179, 3.703738, 9.368706, 0.0
5631.0, 2.549867, 4.28299, 0.012128, 3.703738, 9.368706, 0.0
5647.0, 2.599851, 4.303668, 0.012028, 3.703738, 9.368706, 0.0
5647.0, 2.599851, 4.303668, 0.012028, 3.703738, 9.368706, 0.0
5664.0, 2.649841, 4.324234, 0.011971, 3.703738, 9.368706, 0.0
5664.0, 2.649841, 4.324234, 0.011971, 3.703738, 9.368706, 0.0
5679.0, 2.699837, 4.344688, 0.011866, 3.703738, 9.368706, 0.0
5696.0, 2.749828, 4.365025, 0.01181, 3.703738, 9.368706, 0.0
5696.0, 2.749828, 4.365025, 0.01181, 3.703738, 9.368706, 0.0
5714.0, 2.799823, 4.385245, 0.011707, 3.704136, 9.86871, 0.0
5714.0, 2.799823, 4.385245, 0.011707, 3.704136, 9.86871, 0.0
5730.0, 2.849811, 4.405345, 0.011652, 3.704136, 9.86871, 0.0
5749.0, 2.899803, 4.425328, 0.01155, 3.704136, 9.86871, 0.0
5749.0, 2.899803, 4.425328, 0.01155, 3.704136, 9.86871, 0.0
5764.0, 2.949779, 4.445186, 0.011498, 3.704136, 9.86871, 0.0
5764.0, 2.949779, 4.445186, 0.011498, 3.704136, 9.86871, 0.0
5780.0, 2.999756, 4.464923, 0.011398, 3.704136, 9.86871, 0.0
5798.0, 3.049727, 4.484537, 0.011343, 3.704136, 9.86871, 0.0
5798.0, 3.049727, 4.484537, 0.011343, 3.704136, 9.86871, 0.0
5814.0, 3.099704, 4.504031, 0.011238, 3.704136, 9.86871, 0.0
5814.0, 3.099704, 4.504031, 0.011238, 3.704136, 9.86871, 0.0
5831.0, 3.149677, 4.523401, 0.011178, 3.704136, 9.86871, 0.0
5848.0, 3.199655, 4.54265, 0.01107, 3.704136, 9.86871, 0.0
5848.0, 3.199655, 4.54265, 0.01107, 3.704136, 9.86871, 0.0
5864.0, 3.24963, 4.561774, 0.011008, 3.704136, 9.86871, 0.0
5864.0, 3.24963, 4.561774, 0.011008, 3.704136, 9.86871, 0.0
5880.0, 3.29961, 4.580775, 0.010898, 3.704136, 9.86871, 0.0
5897.0, 3.349586, 4.599649, 0.010833, 3.704136, 9.86871, 0.0
5897.0, 3.349586, 4.599649, 0.010833, 3.704136, 9.86871, 0.0
5914.0, 3.399568, 4.618399, 0.010722, 3.704136, 9.86871, 0.0
5914.0, 3.399568, 4.618399, 0.010722, 3.704136, 9.86871, 0.0
5930.0, 3.449546, 4.637022, 0.010657, 3.704136, 9.86871, 0.0
5948.0, 3.499528, 4.655518, 0.010546, 3.704136, 9.86871, 0.0
5948.0, 3.499528, 4.655518, 0.010546, 3.704136, 9.86871, 0.0
5964.0, 3.549506, 4.673885, 0.01048, 3.704534, 10.368714, 0.0
5964.0, 3.549506, 4.673885, 0.01048, 3.704534, 10.368714, 0.0
5980.0, 3.599489, 4.692124, 0.010368, 3.704534, 10.368714, 0.0
5998.0, 3.649467, 4.710233, 0.010301, 3.704534, 10.368714, 0.0
5998.0, 3.649467, 4.710233, 0.010301, 3.704534, 10.368714, 0.0
6015.0, 3.69945, 4.728212, 0.010189, 3.704534, 10.368714, 0.0
6015.0, 3.69945, 4.728212, 0.010189, 3.704534, 10.368714, 0.0
6030.0, 3.749429, 4.74606, 0.010121, 3.704534, 10.368714, 0.0
6048.0, 3.799482, 4.763803, 0.010008, 3.704534, 10.368714, 0.0
6048.0, 3.799482, 4.763803, 0.010008, 3.704534, 10.368714, 0.0
6064.0, 3.849452, 4.781384, 0.009944, 3.704534, 10.368714, 0.0
6064.0, 3.849452, 4.781384, 0.009944, 3.704534, 10.368714, 0.0
6080.0, 3.899424, 4.798832, 0.009834, 3.704534, 10.368714, 0.0
6097.0, 3.949391, 4.816147, 0.009766, 3.704534, 10.368714, 0.0
6097.0, 3.949391, 4.816147, 0.009766, 3.704534, 10.368714, 0.0
6114.0, 3.999365, 4.833329, 0.009652, 3.704534, 10.368714, 0.0
6114.0, 3.999365, 4.833329, 0.009652, 3.704534, 10.368714, 0.0
6130.0, 4.049336, 4.850376, 0.009581, 3.704534, 10.368714, 0.0
6149.0, 4.099313, 4.86729, 0.009464, 3.704534, 10.368714, 0.0
6149.0, 4.099313, 4.86729, 0.009464, 3.704534, 10.368714, 0.0
6165.0, 4.149305, 4.884075, 0.009383, 3.704534, 10.368714, 0.0
6165.0, 4.149305, 4.884075, 0.009383, 3.704534, 10.368714, 0.0
6180.0, 4.199309, 4.900727, 0.009258, 3.704534, 10.368714, 0.0
6197.0, 4.249309, 4.917243, 0.009181, 3.704534, 10.368714, 0.0
6197.0, 4.249309, 4.917243, 0.009181, 3.704534, 10.368714, 0.0
6214.0, 4.299311, 4.933621, 0.009062, 3.704932, 10.868766, 0.0
6214.0, 4.299311, 4.933621, 0.009062, 3.704932, 10.868766, 0.0
6230.0, 4.349306, 4.949861, 0.00899, 3.704932, 10.868766, 0.0
6249.0, 4.399303, 4.965963, 0.008875, 3.704932, 10.868766, 0.0
6249.0, 4.399303, 4.965963, 0.008875, 3.704932, 10.868766, 0.0
6264.0, 4.449285, 4.981921, 0.008808, 3.704932, 10.868766, 0.0
6264.0, 4.449285, 4.981921, 0.008808, 3.704932, 10.868766, 0.0
6280.0, 4.499267, 4.99774, 0.008697, 3.704932, 10.868766, 0.0
6297.0, 4.549243, 5.013418, 0.008627, 3.704932, 10.868766, 0.0
6297.0, 4.549243, 5.013418, 0.008627, 3.704932, 10.868766, 0.0
6314.0, 4.599223, 5.028956, 0.008512, 3.704932, 10.868766, 0.0
6314.0, 4.599223, 5.028956, 0.008512, 3.704932, 10.868766, 0.0
6331.0, 4.649199, 5.044353, 0.008437, 3.704932, 10.868766, 0.0
6348.0, 4.699182, 5.059611, 0.008318, 3.704932, 10.868766, 0.0
6348.0, 4.699182, 5.059611, 0.008318, 3.704932, 10.868766, 0.0
6365.0, 4.74917, 5.07473, 0.008241, 3.704932, 10.868766, 0.0
6365.0, 4.74917, 5.07473, 0.008241, 3.704932, 10.868766, 0.0
6381.0, 4.799154, 5.089706, 0.00812, 3.704932, 10.868766, 0.0
6397.0, 4.849133, 5.104539, 0.008041, 3.704932, 10.868766, 0.0
6397.0, 4.849133, 5.104539, 0.008041, 3.704932, 10.868766, 0.0
6414.0, 4.899117, 5.119231, 0.00792, 3.704932, 10.868766, 0.0
6414.0, 4.899117, 5.119231, 0.00792, 3.704932, 10.868766, 0.0
6431.0, 4.949097, 5.133779, 0.00784, 3.704932, 10.868766, 0.0
6449.0, 4.999082, 5.148186, 0.007718, 3.704932, 10.868766, 0.0
6449.0, 4.999082, 5.148186, 0.007718, 3.704932, 10.868766, 0.0
6464.0, 5.049062, 5.162448, 0.007638, 3.70533, 11.368777, 0.0
6464.0, 5.049062, 5.162448, 0.007638, 3.70533, 11.368777, 0.0
6480.0, 5.099048, 5.176567, 0.007516, 3.70533, 11.368777, 0.0
6497.0, 5.149029, 5.190542, 0.007435, 3.70533, 11.368777, 0.0
6498.0, 5.149029, 5.190542, 0.007435, 3.70533, 11.368777, 0.0
6514.0, 5.199016, 5.204372, 0.007313, 3.70533, 11.368777, 0.0
6514.0, 5.199016, 5.204372, 0.007313, 3.70533, 11.368777, 0.0
6530.0, 5.248998, 5.218058, 0.007232, 3.70533, 11.368777, 0.0
6548.0, 5.298985, 5.231598, 0.00711, 3.70533, 11.368777, 0.0
6548.0, 5.298985, 5.231598, 0.00711, 3.70533, 11.368777, 0.0
6564.0, 5.348967, 5.244993, 0.007028, 3.70533, 11.368777, 0.0
6564.0, 5.348967, 5.244993, 0.007028, 3.70533, 11.368777, 0.0
6581.0, 5.398955, 5.258243, 0.006906, 3.70533, 11.368777, 0.0
6597.0, 5.448938, 5.271345, 0.006824, 3.70533, 11.368777, 0.0
6598.0, 5.448938, 5.271345, 0.006824, 3.70533, 11.368777, 0.0
6614.0, 5.498926, 5.284301, 0.006701, 3.70533, 11.368777, 0.0
6614.0, 5.498926, 5.284301, 0.006701, 3.70533, 11.368777, 0.0
6630.0, 5.548909, 5.297111, 0.006619, 3.70533, 11.368777, 0.0
6648.0, 5.598897, 5.309773, 0.006496, 3.70533, 11.368777, 0.0
6648.0, 5.598897, 5.309773, 0.006496, 3.70533, 11.368777, 0.0
6665.0, 5.648887, 5.322289, 0.006413, 3.70533, 11.368777, 0.0
6665.0, 5.648887, 5.322289, 0.006413, 3.70533, 11.368777, 0.0
6681.0, 5.698875, 5.334657, 0.00629, 3.70533, 11.368777, 0.0
6698.0, 5.748859, 5.346877, 0.006206, 3.70533, 11.368777, 0.0
6698.0, 5.748859, 5.346877, 0.006206, 3.70533, 11.368777, 0.0
6715.0, 5.798848, 5.358948, 0.006082, 3.705729, 11.868787, 0.0
6715.0, 5.798848, 5.358948, 0.006082, 3.705729, 11.868787, 0.0
6730.0, 5.848832, 5.370871, 0.005998, 3.705729, 11.868787, 0.0
6748.0, 5.89882, 5.382645, 0.005874, 3.705729, 11.868787, 0.0
6748.0, 5.89882, 5.382645, 0.005874, 3.705729, 11.868787, 0.0
6763.0, 5.948804, 5.39427, 0.005789, 3.705729, 11.868787, 0.0
6763.0, 5.948804, 5.39427, 0.005789, 3.705729, 11.868787, 0.0
6780.0, 5.998794, 5.405746, 0.005666, 3.705729, 11.868787, 0.0
6797.0, 6.048779, 5.417073, 0.00558, 3.705729, 11.868787, 0.0
6797.0, 6.048779, 5.417073, 0.00558, 3.705729, 11.868787, 0.0
6813.0, 6.098769, 5.42825, 0.005456, 3.705729, 11.868787, 0.0
6813.0, 6.098769, 5.42825, 0.005456, 3.705729, 11.868787, 0.0
6831.0, 6.148754, 5.439277, 0.00537, 3.705729, 11.868787, 0.0
6848.0, 6.198744, 5.450155, 0.005245, 3.705729, 11.868787, 0.0
6848.0, 6.198744, 5.450155, 0.005245, 3.705729, 11.868787, 0.0
6864.0, 6.248739, 5.460884, 0.005155, 3.705729, 11.868787, 0.0
6864.0, 6.248739, 5.460884, 0.005155, 3.705729, 11.868787, 0.0
6881.0, 6.298741, 5.471464, 0.005027, 3.705729, 11.868787, 0.0
6898.0, 6.348739, 5.481892, 0.004938, 3.705729, 11.868787, 0.0
6898.0, 6.348739, 5.481892, 0.004938, 3.705729, 11.868787, 0.0
6915.0, 6.398741, 5.49217, 0.004814, 3.705729, 11.868787, 0.0
6915.0, 6.398741, 5.49217, 0.004814, 3.705729, 11.868787, 0.0
6930.0, 6.448736, 5.502296, 0.004727, 3.705729, 11.868787, 0.0
6948.0, 6.498735, 5.512272, 0.004604, 3.705729, 11.868787, 0.0
6948.0, 6.498735, 5.512272, 0.004604, 3.705729, 11.868787, 0.0
6963.0, 6.548719, 5.522093, 0.004522, 3.706127, 12.36879, 0.0
6963.0, 6.548719, 5.522093, 0.004522, 3.706127, 12.36879, 0.0
6980.0, 6.598704, 5.531762, 0.004403, 3.706127, 12.36879, 0.0
6998.0, 6.648683, 5.541279, 0.004318, 3.706127, 12.36879, 0.0
6998.0, 6.648683, 5.541279, 0.004318, 3.706127, 12.36879, 0.0
7014.0, 6.698668, 5.550644, 0.004195, 3.706127, 12.36879, 0.0
7014.0, 6.698668, 5.550644, 0.004195, 3.706127, 12.36879, 0.0
7030.0, 6.748649, 5.559857, 0.004106, 3.706127, 12.36879, 0.0
7049.0, 6.798637, 5.568919, 0.003981, 3.706127, 12.36879, 0.0
7049.0, 6.798637, 5.568919, 0.003981, 3.706127, 12.36879, 0.0
7064.0, 6.84862, 5.577828, 0.00389, 3.706127, 12.36879, 0.0
7064.0, 6.84862, 5.577828, 0.00389, 3.706127, 12.36879, 0.0
7081.0, 6.89861, 5.586586, 0.003763, 3.706127, 12.36879, 0.0
7098.0, 6.948596, 5.595191, 0.003672, 3.706127, 12.36879, 0.0
7098.0, 6.948596, 5.595191, 0.003672, 3.706127, 12.36879, 0.0
7115.0, 6.998588, 5.603643, 0.003546, 3.706127, 12.36879, 0.0
7115.0, 6.998588, 5.603643, 0.003546, 3.706127, 12.36879, 0.0
7130.0, 7.048574, 5.611944, 0.003454, 3.706127, 12.36879, 0.0
7148.0, 7.098567, 5.620091, 0.003328, 3.706127, 12.36879, 0.0
7148.0, 7.098567, 5.620091, 0.003328, 3.706127, 12.36879, 0.0
7164.0, 7.148554, 5.628086, 0.003237, 3.706127, 12.36879, 0.0
7164.0, 7.148554, 5.628086, 0.003237, 3.706127, 12.36879, 0.0
7179.0, 7.198548, 5.635928, 0.003112, 3.706127, 12.36879, 0.0
7196.0, 7.248537, 5.643617, 0.003021, 3.706127, 12.36879, 0.0
7196.0, 7.248537, 5.643617, 0.003021, 3.706127, 12.36879, 0.0
7213.0, 7.298531, 5.651153, 0.002896, 3.706525, 12.868795, 0.0
7213.0, 7.298531, 5.651153, 0.002896, 3.706525, 12.868795, 0.0
7230.0, 7.34852, 5.658535, 0.002805, 3.706525, 12.868795, 0.0
7248.0, 7.398515, 5.665764, 0.00268, 3.706525, 12.868795, 0.0
7248.0, 7.398515, 5.665764, 0.00268, 3.706525, 12.868795, 0.0
7264.0, 7.448506, 5.67284, 0.002589, 3.706525, 12.868795, 0.0
7264.0, 7.448506, 5.67284, 0.002589, 3.706525, 12.868795, 0.0
7280.0, 7.498501, 5.679762, 0.002465, 3.706525, 12.868795, 0.0
7297.0, 7.548492, 5.686531, 0.002374, 3.706525, 12.868795, 0.0
7297.0, 7.548492, 5.686531, 0.002374, 3.706525, 12.868795, 0.0
7314.0, 7.598492, 5.693147, 0.00225, 3.706525, 12.868795, 0.0
7314.0, 7.598492, 5.693147, 0.00225, 3.706525, 12.868795, 0.0
7330.0, 7.648483, 5.699608, 0.002158, 3.706525, 12.868795, 0.0
7347.0, 7.69848, 5.705916, 0.002034, 3.706525, 12.868795, 0.0
7347.0, 7.69848, 5.705916, 0.002034, 3.706525, 12.868795, 0.0
7363.0, 7.748471, 5.71207, 0.001943, 3.706525, 12.868795, 0.0
7363.0, 7.748471, 5.71207, 0.001943, 3.706525, 12.868795, 0.0
7381.0, 7.798469, 5.718071, 0.001819, 3.706525, 12.868795, 0.0
7397.0, 7.848461, 5.723917, 0.001727, 3.706525, 12.868795, 0.0
7397.0, 7.848461, 5.723917, 0.001727, 3.706525, 12.868795, 0.0
7414.0, 7.898458, 5.729609, 0.001603, 3.706525, 12.868795, 0.0
7414.0, 7.898458, 5.729609, 0.001603, 3.706525, 12.868795, 0.0
7430.0, 7.948451, 5.735148, 0.001511, 3.706525, 12.868795, 0.0
7448.0, 7.998449, 5.740533, 0.001388, 3.706525, 12.868795, 0.0
7448.0, 7.998449, 5.740533, 0.001388, 3.706525, 12.868795, 0.0
7463.0, 8.048451, 5.745765, 0.001292, 3.706923, 13.368801, 0.0
7463.0, 8.048451, 5.745765, 0.001292, 3.706923, 13.368801, 0.0
7480.0, 8.098462, 5.750844, 0.001165, 3.706923, 13.368801, 0.0
7498.0, 8.148468, 5.755768, 0.001071, 3.706923, 13.368801, 0.0
7498.0, 8.148468, 5.755768, 0.001071, 3.706923, 13.368801, 0.0
7514.0, 8.198478, 5.760539, 0.000948, 3.706923, 13.368801, 0.0
7514.0, 8.198478, 5.760539, 0.000948, 3.706923, 13.368801, 0.0
7531.0, 8.248481, 5.765156, 0.000856, 3.706923, 13.368801, 0.0
7549.0, 8.298488, 5.769619, 0.000735, 3.706923, 13.368801, 0.0
7549.0, 8.298488, 5.769619, 0.000735, 3.706923, 13.368801, 0.0
7565.0, 8.348478, 5.773926, 0.000648, 3.706923, 13.368801, 0.0
7565.0, 8.348478, 5.773926, 0.000648, 3.706923, 13.368801, 0.0
7581.0, 8.398472, 5.77808, 0.000531, 3.706923, 13.368801, 0.0
7599.0, 8.448459, 5.782079, 0.000441, 3.706923, 13.368801, 0.0
7599.0, 8.448459, 5.782079, 0.000441, 3.706923, 13.368801, 0.0
7617.0, 8.498452, 5.785924, 0.000321, 3.706923, 13.368801, 0.0
7617.0, 8.498452, 5.785924, 0.000321, 3.706923, 13.368801, 0.0
7631.0, 8.54865, 5.789631, 0.000228, 3.706923, 13.368801, 0.0
7647.0, 8.598645, 5.793169, 0.000105, 3.706923, 13.368801, 0.0
7647.0, 8.598645, 5.793169, 0.000105, 3.706923, 13.368801, 0.0
7664.0, 8.648618, 5.796552, 0.000017, 3.706923, 13.368801, 0.0
7664.0, 8.648618, 5.796552, 0.000017, 3.706923, 13.368801, 0.0
7680.0, 8.698591, 5.79978, -0.000099, 3.706923, 13.368801, 0.0
7697.0, 8.748561, 5.802855, -0.000191, 3.706923, 13.368801, 0.0
7697.0, 8.748561, 5.802855, -0.000191, 3.706923, 13.368801, 0.0
7714.0, 8.79854, 5.805778, -0.000314, 3.707321, 13.868945, 0.0
7714.0, 8.79854, 5.805778, -0.000314, 3.707321, 13.868945, 0.0
7730.0, 8.848517, 5.808547, -0.00041, 3.707321, 13.868945, 0.0
7749.0, 8.898503, 5.811162, -0.000536, 3.707321, 13.868945, 0.0
7749.0, 8.898503, 5.811162, -0.000536, 3.707321, 13.868945, 0.0
7764.0, 8.948505, 5.813627, -0.000642, 3.707321, 13.868945, 0.0
7764.0, 8.948505, 5.813627, -0.000642, 3.707321, 13.868945, 0.0
7781.0, 8.998522, 5.815938, -0.000774, 3.707321, 13.868945, 0.0
7797.0, 9.048534, 5.818098, -0.000875, 3.707321, 13.868945, 0.0
7797.0, 9.048534, 5.818098, -0.000875, 3.707321, 13.868945, 0.0
7814.0, 9.098552, 5.820104, -0.000999, 3.707321, 13.868945, 0.0
7814.0, 9.098552, 5.820104, -0.000999, 3.707321, 13.868945, 0.0
7831.0, 9.148562, 5.821957, -0.001093, 3.707321, 13.868945, 0.0
7848.0, 9.198576, 5.823657, -0.001211, 3.707321, 13.868945, 0.0
7848.0, 9.198576, 5.823657, -0.001211, 3.707321, 13.868945, 0.0
7864.0, 9.248583, 5.825204, -0.001301, 3.707321, 13.868945, 0.0
7864.0, 9.248583, 5.825204, -0.001301, 3.707321, 13.868945, 0.0
7881.0, 9.298645, 5.826599, -0.001417, 3.707321, 13.868945, 0.0
7898.0, 9.348649, 5.82784, -0.001506, 3.707321, 13.868945, 0.0
7898.0, 9.348649, 5.82784, -0.001506, 3.707321, 13.868945, 0.0
7914.0, 9.398659, 5.828928, -0.001621, 3.707321, 13.868945, 0.0
7914.0, 9.398659, 5.828928, -0.001621, 3.707321, 13.868945, 0.0
7931.0, 9.448806, 5.829865, -0.001712, 3.707321, 13.868945, 0.0
7948.0, 9.498814, 5.830647, -0.001828, 3.707321, 13.868945, 0.0
7948.0, 9.498814, 5.830647, -0.001828, 3.707321, 13.868945, 0.0
7964.0, 9.548797, 5.831275, -0.001912, 3.70772, 14.36908, 0.0
7964.0, 9.548797, 5.831275, -0.001912, 3.70772, 14.36908, 0.0
7981.0, 9.598781, 5.831752, -0.002021, 3.70772, 14.36908, 0.0
7998.0, 9.648759, 5.832076, -0.00211, 3.70772, 14.36908, 0.0
7998.0, 9.648759, 5.832076, -0.00211, 3.70772, 14.36908, 0.0
8015.0, 9.698746, 5.832248, -0.002226, 3.70772, 14.36908, 0.0
8015.0, 9.698746, 5.832248, -0.002226, 3.70772, 14.36908, 0.0
8031.0, 9.748729, 5.832269, -0.002321, 3.70772, 14.36908, 0.0
8048.0, 9.798721, 5.832137, -0.002441, 3.70772, 14.36908, 0.0
8048.0, 9.798721, 5.832137, -0.002441, 3.70772, 14.36908, 0.0
8064.0, 9.84873, 5.831855, -0.002546, 3.70772, 14.36908, 0.0
8064.0, 9.84873, 5.831855, -0.002546, 3.70772, 14.36908, 0.0
8081.0, 9.898751, 5.831421, -0.002674, 3.70772, 14.36908, 0.0
8097.0, 9.948769, 5.830837, -0.002774, 3.70772, 14.36908, 0.0
8097.0, 9.948769, 5.830837, -0.002774, 3.70772, 14.36908, 0.0
8114.0, 9.998791, 5.830101, -0.002894, 3.70772, 14.36908, 0.0
8114.0, 9.998791, 5.830101, -0.002894, 3.70772, 14.36908, 0.0
8131.0, 10.048806, 5.829216, -0.002988, 3.70772, 14.36908, 0.0
8149.0, 10.098825, 5.828178, -0.003102, 3.70772, 14.36908, 0.0
8149.0, 10.098825, 5.828178, -0.003102, 3.70772, 14.36908, 0.0
8165.0, 10.148837, 5.82699, -0.003192, 3.70772, 14.36908, 0.0
8165.0, 10.148837, 5.82699, -0.003192, 3.70772, 14.36908, 0.0
8180.0, 10.198913, 5.825649, -0.003304, 3.70772, 14.36908, 0.0
8198.0, 10.248921, 5.82416, -0.003394, 3.70772, 14.36908, 0.0
8198.0, 10.248921, 5.82416, -0.003394, 3.70772, 14.36908, 0.0
8215.0, 10.29895, 5.822518, -0.003505, 3.708118, 14.869123, 0.0
8215.0, 10.29895, 5.822518, -0.003505, 3.708118, 14.869123, 0.0
8230.0, 10.348958, 5.820727, -0.003595, 3.708118, 14.869123, 0.0
8248.0, 10.398971, 5.818786, -0.003706, 3.708118, 14.869123, 0.0
8248.0, 10.398971, 5.818786, -0.003706, 3.708118, 14.869123, 0.0
8263.0, 10.448977, 5.816695, -0.003797, 3.708118, 14.869123, 0.0
8263.0, 10.448977, 5.816695, -0.003797, 3.708118, 14.869123, 0.0
8280.0, 10.498988, 5.814454, -0.003909, 3.708118, 14.869123, 0.0
8298.0, 10.548995, 5.812063, -0.004, 3.708118, 14.869123, 0.0
8298.0, 10.548995, 5.812063, -0.004, 3.708118, 14.869123, 0.0
8314.0, 10.599006, 5.809523, -0.004112, 3.708118, 14.869123, 0.0
8314.0, 10.599006, 5.809523, -0.004112, 3.708118, 14.869123, 0.0
8331.0, 10.649013, 5.806834, -0.004204, 3.708118, 14.869123, 0.0
8349.0, 10.699024, 5.803996, -0.004316, 3.708118, 14.869123, 0.0
8349.0, 10.699024, 5.803996, -0.004316, 3.708118, 14.869123, 0.0
8365.0, 10.749029, 5.801009, -0.004408, 3.708118, 14.869123, 0.0
8365.0, 10.749029, 5.801009, -0.004408, 3.708118, 14.869123, 0.0
8381.0, 10.799041, 5.797873, -0.00452, 3.708118, 14.869123, 0.0
8398.0, 10.849046, 5.794589, -0.004612, 3.708118, 14.869123, 0.0
8398.0, 10.849046, 5.794589, -0.004612, 3.708118, 14.869123, 0.0
8415.0, 10.899057, 5.791156, -0.004723, 3.708118, 14.869123, 0.0
8415.0, 10.899057, 5.791156, -0.004723, 3.708118, 14.869123, 0.0
8431.0, 10.949063, 5.787576, -0.004815, 3.708118, 14.869123, 0.0
8449.0, 10.999075, 5.783847, -0.004926, 3.708118, 14.869123, 0.0
8449.0, 10.999075, 5.783847, -0.004926, 3.708118, 14.869123, 0.0
8465.0, 11.049082, 5.779971, -0.005018, 3.708516, 15.369137, 0.0
8465.0, 11.049082, 5.779971, -0.005018, 3.708516, 15.369137, 0.0
8480.0, 11.099094, 5.775947, -0.005128, 3.708516, 15.369137, 0.0
8497.0, 11.149101, 5.771776, -0.00522, 3.708516, 15.369137, 0.0
8497.0, 11.149101, 5.771776, -0.00522, 3.708516, 15.369137, 0.0
8513.0, 11.199114, 5.767457, -0.005329, 3.708516, 15.369137, 0.0
8513.0, 11.199114, 5.767457, -0.005329, 3.708516, 15.369137, 0.0
8530.0, 11.249122, 5.762992, -0.00542, 3.708516, 15.369137, 0.0
8548.0, 11.299134, 5.75838, -0.005529, 3.708516, 15.369137, 0.0
8548.0, 11.299134, 5.75838, -0.005529, 3.708516, 15.369137, 0.0
8564.0, 11.349141, 5.753622, -0.00562, 3.708516, 15.369137, 0.0
8564.0, 11.349141, 5.753622, -0.00562, 3.708516, 15.369137, 0.0
8581.0, 11.399155, 5.748716, -0.005728, 3.708516, 15.369137, 0.0
8597.0, 11.449162, 5.743666, -0.005819, 3.708516, 15.369137, 0.0
8597.0, 11.449162, 5.743666, -0.005819, 3.708516, 15.369137, 0.0
8614.0, 11.499176, 5.738468, -0.005926, 3.708516, 15.369137, 0.0
8614.0, 11.499176, 5.738468, -0.005926, 3.708516, 15.369137, 0.0
8631.0, 11.549185, 5.733126, -0.006016, 3.708516, 15.369137, 0.0
8649.0, 11.599198, 5.727637, -0.006123, 3.708516, 15.369137, 0.0
8649.0, 11.599198, 5.727637, -0.006123, 3.708516, 15.369137, 0.0
8665.0, 11.649207, 5.722004, -0.006213, 3.708516, 15.369137, 0.0
8665.0, 11.649207, 5.722004, -0.006213, 3.708516, 15.369137, 0.0
8681.0, 11.699222, 5.716225, -0.006319, 3.708516, 15.369137, 0.0
8698.0, 11.74923, 5.710302, -0.006409, 3.708516, 15.369137, 0.0
8698.0, 11.74923, 5.710302, -0.006409, 3.708516, 15.369137, 0.0
8716.0, 11.799246, 5.704234, -0.006515, 3.708914, 15.869141, 0.0
8716.0, 11.799246, 5.704234, -0.006515, 3.708914, 15.869141, 0.0
8730.0, 11.849255, 5.698021, -0.006604, 3.708914, 15.869141, 0.0
8748.0, 11.899453, 5.691641, -0.006709, 3.708914, 15.869141, 0.0
8748.0, 11.899453, 5.691641, -0.006709, 3.708914, 15.869141, 0.0
8764.0, 11.949452, 5.685142, -0.006795, 3.708914, 15.869141, 0.0
8764.0, 11.949452, 5.685142, -0.006795, 3.708914, 15.869141, 0.0
8781.0, 11.999455, 5.678498, -0.006896, 3.708914, 15.869141, 0.0
8797.0, 12.049455, 5.671712, -0.006984, 3.708914, 15.869141, 0.0
8797.0, 12.049455, 5.671712, -0.006984, 3.708914, 15.869141, 0.0
8814.0, 12.09946, 5.664782, -0.007087, 3.708914, 15.869141, 0.0
8814.0, 12.09946, 5.664782, -0.007087, 3.708914, 15.869141, 0.0
8831.0, 12.149492, 5.657704, -0.007177, 3.708914, 15.869141, 0.0
8849.0, 12.199502, 5.650487, -0.007282, 3.708914, 15.869141, 0.0
8849.0, 12.199502, 5.650487, -0.007282, 3.708914, 15.869141, 0.0
8865.0, 12.249507, 5.643129, -0.007373, 3.708914, 15.869141, 0.0
8865.0, 12.249507, 5.643129, -0.007373, 3.708914, 15.869141, 0.0
8881.0, 12.299519, 5.635627, -0.007477, 3.708914, 15.869141, 0.0
8898.0, 12.349553, 5.627981, -0.007567, 3.708914, 15.869141, 0.0
8898.0, 12.349553, 5.627981, -0.007567, 3.708914, 15.869141, 0.0
8915.0, 12.399567, 5.620195, -0.00767, 3.708914, 15.869141, 0.0
8916.0, 12.399567, 5.620195, -0.00767, 3.708914, 15.869141, 0.0
8931.0, 12.449575, 5.612269, -0.00776, 3.708914, 15.869141, 0.0
8949.0, 12.499591, 5.604201, -0.007862, 3.708914, 15.869141, 0.0
8949.0, 12.499591, 5.604201, -0.007862, 3.708914, 15.869141, 0.0
8964.0, 12.549611, 5.595991, -0.007954, 3.709312, 16.369308, 0.0
8964.0, 12.549611, 5.595991, -0.007954, 3.709312, 16.369308, 0.0
8981.0, 12.59983, 5.587607, -0.008058, 3.709312, 16.369308, 0.0
8998.0, 12.649853, 5.579115, -0.008148, 3.709312, 16.369308, 0.0
8998.0, 12.649853, 5.579115, -0.008148, 3.709312, 16.369308, 0.0
9015.0, 12.699881, 5.570482, -0.008248, 3.709312, 16.369308, 0.0
9015.0, 12.699881, 5.570482, -0.008248, 3.709312, 16.369308, 0.0
9031.0, 12.749902, 5.56171, -0.008334, 3.709312, 16.369308, 0.0
9050.0, 12.799928, 5.552797, -0.00843, 3.709312, 16.369308, 0.0
9050.0, 12.799928, 5.552797, -0.00843, 3.709312, 16.369308, 0.0
9064.0, 12.849927, 5.54375, -0.008507, 3.709312, 16.369308, 0.0
9064.0, 12.849927, 5.54375, -0.008507, 3.709312, 16.369308, 0.0
9081.0, 12.899926, 5.534563, -0.008595, 3.709312, 16.369308, 0.0
9098.0, 12.949929, 5.525236, -0.008676, 3.709312, 16.369308, 0.0
9098.0, 12.949929, 5.525236, -0.008676, 3.709312, 16.369308, 0.0
9115.0, 12.999929, 5.51577, -0.008771, 3.709312, 16.369308, 0.0
9115.0, 12.999929, 5.51577, -0.008771, 3.709312, 16.369308, 0.0
9130.0, 13.049927, 5.506167, -0.008857, 3.709312, 16.369308, 0.0
9148.0, 13.099933, 5.496424, -0.008956, 3.709312, 16.369308, 0.0
9148.0, 13.099933, 5.496424, -0.008956, 3.709312, 16.369308, 0.0
9163.0, 13.149955, 5.48654, -0.009053, 3.709312, 16.369308, 0.0
9164.0, 13.149955, 5.48654, -0.009053, 3.709312, 16.369308, 0.0
9180.0, 13.199989, 5.476516, -0.00916, 3.709312, 16.369308, 0.0
9197.0, 13.25002, 5.466357, -0.009252, 3.709312, 16.369308, 0.0
9197.0, 13.25002, 5.466357, -0.009252, 3.709312, 16.369308, 0.0
9214.0, 13.300056, 5.45606, -0.009351, 3.709711, 16.869448, 0.0
9214.0, 13.300056, 5.45606, -0.009351, 3.709711, 16.869448, 0.0
9230.0, 13.350083, 5.445628, -0.009437, 3.709711, 16.869448, 0.0
9248.0, 13.400115, 5.435059, -0.009531, 3.709711, 16.869448, 0.0
9248.0, 13.400115, 5.435059, -0.009531, 3.709711, 16.869448, 0.0
9263.0, 13.450149, 5.424353, -0.009617, 3.709711, 16.869448, 0.0
9263.0, 13.450149, 5.424353, -0.009617, 3.709711, 16.869448, 0.0
9280.0, 13.500189, 5.413509, -0.009711, 3.709711, 16.869448, 0.0
9297.0, 13.550221, 5.402532, -0.009794, 3.709711, 16.869448, 0.0
9298.0, 13.550221, 5.402532, -0.009794, 3.709711, 16.869448, 0.0
9313.0, 13.600259, 5.391418, -0.009884, 3.709711, 16.869448, 0.0
9313.0, 13.600259, 5.391418, -0.009884, 3.709711, 16.869448, 0.0
9331.0, 13.650287, 5.380171, -0.009964, 3.709711, 16.869448, 0.0
9348.0, 13.700317, 5.368788, -0.010052, 3.709711, 16.869448, 0.0
9348.0, 13.700317, 5.368788, -0.010052, 3.709711, 16.869448, 0.0
9363.0, 13.750332, 5.357274, -0.010128, 3.709711, 16.869448, 0.0
9363.0, 13.750332, 5.357274, -0.010128, 3.709711, 16.869448, 0.0
9381.0, 13.800348, 5.345625, -0.010212, 3.709711, 16.869448, 0.0
9397.0, 13.850357, 5.333845, -0.010291, 3.709711, 16.869448, 0.0
9397.0, 13.850357, 5.333845, -0.010291, 3.709711, 16.869448, 0.0
9415.0, 13.900456, 5.321908, -0.01038, 3.709711, 16.869448, 0.0
9415.0, 13.900456, 5.321908, -0.01038, 3.709711, 16.869448, 0.0
9431.0, 13.950467, 5.309861, -0.010463, 3.709711, 16.869448, 0.0
9448.0, 14.0005, 5.297674, -0.010554, 3.709711, 16.869448, 0.0
9448.0, 14.0005, 5.297674, -0.010554, 3.709711, 16.869448, 0.0
9464.0, 14.050503, 5.285363, -0.010635, 3.710109, 17.36952, 0.0
9464.0, 14.050503, 5.285363, -0.010635, 3.710109, 17.36952, 0.0
9480.0, 14.100509, 5.272919, -0.010723, 3.710109, 17.36952, 0.0
9498.0, 14.150511, 5.260344, -0.010807, 3.710109, 17.36952, 0.0
9498.0, 14.150511, 5.260344, -0.010807, 3.710109, 17.36952, 0.0
9515.0, 14.20052, 5.247636, -0.010898, 3.710109, 17.36952, 0.0
9515.0, 14.20052, 5.247636, -0.010898, 3.710109, 17.36952, 0.0
9531.0, 14.250525, 5.234798, -0.010983, 3.710109, 17.36952, 0.0
9549.0, 14.300681, 5.22179, -0.011075, 3.710109, 17.36952, 0.0
9549.0, 14.300681, 5.22179, -0.011075, 3.710109, 17.36952, 0.0
9564.0, 14.350681, 5.208693, -0.011158, 3.710109, 17.36952, 0.0
9564.0, 14.350681, 5.208693, -0.011158, 3.710109, 17.36952, 0.0
9581.0, 14.400685, 5.195464, -0.011246, 3.710109, 17.36952, 0.0
9598.0, 14.450686, 5.182106, -0.011329, 3.710109, 17.36952, 0.0
9598.0, 14.450686, 5.182106, -0.011329, 3.710109, 17.36952, 0.0
9615.0, 14.500693, 5.168618, -0.011418, 3.710109, 17.36952, 0.0
9615.0, 14.500693, 5.168618, -0.011418, 3.710109, 17.36952, 0.0
9631.0, 14.550698, 5.155001, -0.011502, 3.710109, 17.36952, 0.0
9648.0, 14.600711, 5.141253, -0.011592, 3.710109, 17.36952, 0.0
9648.0, 14.600711, 5.141253, -0.011592, 3.710109, 17.36952, 0.0
9665.0, 14.650748, 5.127369, -0.011687, 3.710109, 17.36952, 0.0
9665.0, 14.650748, 5.127369, -0.011687, 3.710109, 17.36952, 0.0
9680.0, 14.700802, 5.113354, -0.011785, 3.710109, 17.36952, 0.0
9697.0, 14.75085, 5.099213, -0.011873, 3.710109, 17.36952, 0.0
9697.0, 14.75085, 5.099213, -0.011873, 3.710109, 17.36952, 0.0
9714.0, 14.800901, 5.084943, -0.01196, 3.710507, 17.869619, 0.0
9714.0, 14.800901, 5.084943, -0.01196, 3.710507, 17.869619, 0.0
9731.0, 14.850943, 5.07055, -0.012037, 3.710507, 17.869619, 0.0
9749.0, 14.900987, 5.056028, -0.012116, 3.710507, 17.869619, 0.0
9749.0, 14.900987, 5.056028, -0.012116, 3.710507, 17.869619, 0.0
9765.0, 14.951012, 5.041386, -0.012185, 3.710507, 17.869619, 0.0
9765.0, 14.951012, 5.041386, -0.012185, 3.710507, 17.869619, 0.0
9781.0, 15.001037, 5.026617, -0.012258, 3.710507, 17.869619, 0.0
9798.0, 15.051054, 5.011724, -0.012329, 3.710507, 17.869619, 0.0
9798.0, 15.051054, 5.011724, -0.012329, 3.710507, 17.869619, 0.0
9815.0, 15.101075, 4.996704, -0.012405, 3.710507, 17.869619, 0.0
9815.0, 15.101075, 4.996704, -0.012405, 3.710507, 17.869619, 0.0
9831.0, 15.151091, 4.981561, -0.012479, 3.710507, 17.869619, 0.0
9848.0, 15.201156, 4.966278, -0.012559, 3.710507, 17.869619, 0.0
9848.0, 15.201156, 4.966278, -0.012559, 3.710507, 17.869619, 0.0
9864.0, 15.251163, 4.950889, -0.012632, 3.710507, 17.869619, 0.0
9864.0, 15.251163, 4.950889, -0.012632, 3.710507, 17.869619, 0.0
9881.0, 15.301172, 4.935375, -0.01271, 3.710507, 17.869619, 0.0
9898.0, 15.351177, 4.91974, -0.012787, 3.710507, 17.869619, 0.0
9898.0, 15.351177, 4.91974, -0.012787, 3.710507, 17.869619, 0.0
9915.0, 15.401189, 4.90398, -0.012868, 3.710507, 17.869619, 0.0
9915.0, 15.401189, 4.90398, -0.012868, 3.710507, 17.869619, 0.0
9931.0, 15.451197, 4.8881, -0.012948, 3.710507, 17.869619, 0.0
9948.0, 15.501212, 4.872095, -0.013031, 3.710507, 17.869619, 0.0
9948.0, 15.501212, 4.872095, -0.013031, 3.710507, 17.869619, 0.0
9965.0, 15.551243, 4.855976, -0.013119, 3.710906, 18.369654, 0.0
9965.0, 15.551243, 4.855976, -0.013119, 3.710906, 18.369654, 0.0
9981.0, 15.601285, 4.83976, -0.013206, 3.710906, 18.369654, 0.0
