1.0, 0.0, 0.0, 0.002231, 1.14832, -2.771527, 0.0
1.0, 0.0, 0.0, 0.002231, 1.14832, -2.771527, 0.0
13.0, -0.000117, -0.000263, -0.004063, 1.14832, -2.771527, 0.0
30.0, -0.00038, -0.000419, -0.009452, 1.14832, -2.771527, 0.0
30.0, -0.00038, -0.000419, -0.009452, 1.14832, -2.771527, 0.0
46.0, -0.000799, -0.000413, -0.012068, 1.14832, -2.771527, 0.0
46.0, -0.000799, -0.000413, -0.012068, 1.14832, -2.771527, 0.0
63.0, -0.001403, -0.000346, -0.013028, 1.14832, -2.771527, 0.0
80.0, -0.002229, -0.000352, -0.012784, 1.14832, -2.771527, 0.0
80.0, -0.002229, -0.000352, -0.012784, 1.14832, -2.771527, 0.0
98.0, -0.003316, -0.000566, -0.011706, 1.14832, -2.771527, 0.0
98.0, -0.003316, -0.000566, -0.011706, 1.14832, -2.771527, 0.0
112.0, -0.004696, -0.001115, -0.010093, 1.14832, -2.771527, 0.0
130.0, -0.006206, -0.001956, -0.007434, 1.14832, -2.771527, 0.0
130.0, -0.006206, -0.001956, -0.007434, 1.14832, -2.771527, 0.0
147.0, -0.008062, -0.002986, -0.00456, 1.14832, -2.771527, 0.0
147.0, -0.008062, -0.002986, -0.00456, 1.14832, -2.771527, 0.0
163.0, -0.010363, -0.004295, -0.001546, 1.14832, -2.771527, 0.0
178.0, -0.013157, -0.005792, 0.001539, 1.14832, -2.771527, 0.0
178.0, -0.013157, -0.005792, 0.001539, 1.14832, -2.771527, 0.0
197.0, -0.016422, -0.007438, 0.004444, 1.14832, -2.771527, 0.0
197.0, -0.016422, -0.007438, 0.004444, 1.14832, -2.771527, 0.0
212.0, -0.019583, -0.008922, 0.003537, 0.772724, -2.633746, 0.0
229.0, -0.023649, -0.010469, 0.003062, 0.772724, -2.633746, 0.0
229.0, -0.023649, -0.010469, 0.003062, 0.772724, -2.633746, 0.0
245.0, -0.028243, -0.012158, 0.002951, 0.772724, -2.633746, 0.0
245.0, -0.028243, -0.012158, 0.002951, 0.772724, -2.633746, 0.0
262.0, -0.033308, -0.014046, 0.002895, 0.772724, -2.633746, 0.0
279.0, -0.038838, -0.016156, 0.002954, 0.772724, -2.633746, 0.0
279.0, -0.038838, -0.016156, 0.002954, 0.772724, -2.633746, 0.0
297.0, -0.044814, -0.018491, 0.00297, 0.772724, -2.633746, 0.0
297.0, -0.044814, -0.018491, 0.00297, 0.772724, -2.633746, 0.0
312.0, -0.051243, -0.021053, 0.002955, 0.772724, -2.633746, 0.0
329.0, -0.058128, -0.023843, 0.002912, 0.772724, -2.633746, 0.0
329.0, -0.058128, -0.023843, 0.002912, 0.772724, -2.633746, 0.0
346.0, -0.065469, -0.026856, 0.002846, 0.772724, -2.633746, 0.0
346.0, -0.065469, -0.026856, 0.002846, 0.772724, -2.633746, 0.0
362.0, -0.073265, -0.03009, 0.002761, 0.772724, -2.633746, 0.0
379.0, -0.081517, -0.033541, 0.002659, 0.772724, -2.633746, 0.0
379.0, -0.081517, -0.033541, 0.002659, 0.772724, -2.633746, 0.0
397.0, -0.090225, -0.037208, 0.002546, 0.772724, -2.633746, 0.0
397.0, -0.090225, -0.037208, 0.002546, 0.772724, -2.633746, 0.0
412.0, -0.099386, -0.041084, 0.002422, 0.772724, -2.633746, 0.0
429.0, -0.109005, -0.045165, 0.002293, 0.772724, -2.633746, 0.0
429.0, -0.109005, -0.045165, 0.002293, 0.772724, -2.633746, 0.0
446.0, -0.119082, -0.049449, 0.002162, 0.772724, -2.633746, 0.0
446.0, -0.119082, -0.049449, 0.002162, 0.772724, -2.633746, 0.0
462.0, -0.129619, -0.053932, 0.00203, 0.303308, -2.461547, 0.0
479.0, -0.140618, -0.058611, 0.0019, 0.303308, -2.461547, 0.0
479.0, -0.140618, -0.058611, 0.0019, 0.303308, -2.461547, 0.0
497.0, -0.152079, -0.063482, 0.001772, 0.303308, -2.461547, 0.0
497.0, -0.152079, -0.063482, 0.001772, 0.303308, -2.461547, 0.0
512.0, -0.164009, -0.068545, 0.001648, 0.303308, -2.461547, 0.0
529.0, -0.176405, -0.073791, 0.001528, 0.303308, -2.461547, 0.0
529.0, -0.176405, -0.073791, 0.001528, 0.303308, -2.461547, 0.0
546.0, -0.189269, -0.079217, 0.001412, 0.303308, -2.461547, 0.0
546.0, -0.189269, -0.079217, 0.001412, 0.303308, -2.461547, 0.0
562.0, -0.2026, -0.084818, 0.001299, 0.303308, -2.461547, 0.0
579.0, -0.216401, -0.090589, 0.001191, 0.303308, -2.461547, 0.0
579.0, -0.216401, -0.090589, 0.001191, 0.303308, -2.461547, 0.0
596.0, -0.230672, -0.09653, 0.001086, 0.303308, -2.461547, 0.0
596.0, -0.230672, -0.09653, 0.001086, 0.303308, -2.461547, 0.0
612.0, -0.245408, -0.102631, 0.000984, 0.303308, -2.461547, 0.0
629.0, -0.260617, -0.108888, 0.000886, 0.303308, -2.461547, 0.0
629.0, -0.260617, -0.108888, 0.000886, 0.303308, -2.461547, 0.0
646.0, -0.276301, -0.115296, 0.000794, 0.303308, -2.461547, 0.0
646.0, -0.276301, -0.115296, 0.000794, 0.303308, -2.461547, 0.0
662.0, -0.292463, -0.121851, 0.000708, 0.303308, -2.461547, 0.0
679.0, -0.309104, -0.128548, 0.000627, 0.303308, -2.461547, 0.0
679.0, -0.309104, -0.128548, 0.000627, 0.303308, -2.461547, 0.0
696.0, -0.326226, -0.135385, 0.00055, 0.303308, -2.461547, 0.0
696.0, -0.326226, -0.135385, 0.00055, 0.303308, -2.461547, 0.0
711.0, -0.343836, -0.142357, 0.00048, -0.166109, -2.289349, 0.0
729.0, -0.361932, -0.149456, 0.000414, -0.166109, -2.289349, 0.0
729.0, -0.361932, -0.149456, 0.000414, -0.166109, -2.289349, 0.0
746.0, -0.380513, -0.156675, 0.000351, -0.166109, -2.289349, 0.0
746.0, -0.380513, -0.156675, 0.000351, -0.166109, -2.289349, 0.0
761.0, -0.39958, -0.164008, 0.000291, -0.166109, -2.289349, 0.0
778.0, -0.419134, -0.17145, 0.000233, -0.166109, -2.289349, 0.0
778.0, -0.419134, -0.17145, 0.000233, -0.166109, -2.289349, 0.0
796.0, -0.439175, -0.178998, 0.000178, -0.166109, -2.289349, 0.0
796.0, -0.439175, -0.178998, 0.000178, -0.166109, -2.289349, 0.0
811.0, -0.459696, -0.186642, 0.000123, -0.166109, -2.289349, 0.0
828.0, -0.480705, -0.194377, 0.000072, -0.166109, -2.289349, 0.0
828.0, -0.480705, -0.194377, 0.000072, -0.166109, -2.289349, 0.0
845.0, -0.502206, -0.202198, 0.000026, -0.166109, -2.289349, 0.0
845.0, -0.502206, -0.202198, 0.000026, -0.166109, -2.289349, 0.0
861.0, -0.5242, -0.2101, -0.000016, -0.166109, -2.289349, 0.0
878.0, -0.546688, -0.218078, -0.000052, -0.166109, -2.289349, 0.0
878.0, -0.546688, -0.218078, -0.000052, -0.166109, -2.289349, 0.0
896.0, -0.569672, -0.226129, -0.000085, -0.166109, -2.289349, 0.0
896.0, -0.569672, -0.226129, -0.000085, -0.166109, -2.289349, 0.0
912.0, -0.593058, -0.234244, -0.000153, -0.166109, -2.289349, 0.0
929.0, -0.616712, -0.242407, -0.000296, -0.166109, -2.289349, 0.0
929.0, -0.616712, -0.242407, -0.000296, -0.166109, -2.289349, 0.0
945.0, -0.640504, -0.250606, -0.000537, -0.166109, -2.289349, 0.0
945.0, -0.640504, -0.250606, -0.000537, -0.166109, -2.289349, 0.0
962.0, -0.664319, -0.258832, -0.000877, -0.635527, -2.117151, 0.0
979.0, -0.68806, -0.267077, -0.001306, -0.635527, -2.117151, 0.0
979.0, -0.68806, -0.267077, -0.001306, -0.635527, -2.117151, 0.0
997.0, -0.711646, -0.275335, -0.001806, -0.635527, -2.117151, 0.0
997.0, -0.711646, -0.275335, -0.001806, -0.635527, -2.117151, 0.0
1012.0, -0.735008, -0.283605, -0.002355, -0.635527, -2.117151, 0.0
1029.0, -0.758094, -0.291885, -0.002931, -0.635527, -2.117151, 0.0
1029.0, -0.758094, -0.291885, -0.002931, -0.635527, -2.117151, 0.0
1046.0, -0.780859, -0.300174, -0.003512, -0.635527, -2.117151, 0.0
1046.0, -0.780859, -0.300174, -0.003512, -0.635527, -2.117151, 0.0
1062.0, -0.803268, -0.308471, -0.004082, -0.635527, -2.117151, 0.0
1078.0, -0.825291, -0.316774, -0.004627, -0.635527, -2.117151, 0.0
1078.0, -0.825291, -0.316774, -0.004627, -0.635527, -2.117151, 0.0
1097.0, -0.846907, -0.325083, -0.005136, -0.635527, -2.117151, 0.0
1097.0, -0.846907, -0.325083, -0.005136, -0.635527, -2.117151, 0.0
1112.0, -0.86809, -0.333395, -0.005606, -0.635527, -2.117151, 0.0
1129.0, -0.888832, -0.341714, -0.00603, -0.635527, -2.117151, 0.0
1129.0, -0.888832, -0.341714, -0.00603, -0.635527, -2.117151, 0.0
1145.0, -0.909123, -0.350041, -0.006406, -0.635527, -2.117151, 0.0
1145.0, -0.909123, -0.350041, -0.006406, -0.635527, -2.117151, 0.0
1162.0, -0.928956, -0.358379, -0.006735, -0.635527, -2.117151, 0.0
1178.0, -0.948324, -0.366728, -0.00702, -0.635527, -2.117151, 0.0
1179.0, -0.948324, -0.366728, -0.00702, -0.635527, -2.117151, 0.0
1197.0, -0.967221, -0.375091, -0.007266, -0.635527, -2.117151, 0.0
1197.0, -0.967221, -0.375091, -0.007266, -0.635527, -2.117151, 0.0
1212.0, -0.98565, -0.383472, -0.007473, -1.104944, -1.944952, 0.0
1228.0, -1.003601, -0.391872, -0.007651, -1.104944, -1.944952, 0.0
1228.0, -1.003601, -0.391872, -0.007651, -1.104944, -1.944952, 0.0
1245.0, -1.021074, -0.400295, -0.007804, -1.104944, -1.944952, 0.0
1245.0, -1.021074, -0.400295, -0.007804, -1.104944, -1.944952, 0.0
1262.0, -1.038057, -0.408738, -0.007937, -1.104944, -1.944952, 0.0
1279.0, -1.054553, -0.417207, -0.008054, -1.104944, -1.944952, 0.0
1279.0, -1.054553, -0.417207, -0.008054, -1.104944, -1.944952, 0.0
1296.0, -1.070559, -0.425702, -0.008159, -1.104944, -1.944952, 0.0
1296.0, -1.070559, -0.425702, -0.008159, -1.104944, -1.944952, 0.0
1312.0, -1.086069, -0.434224, -0.008257, -1.104944, -1.944952, 0.0
1329.0, -1.101085, -0.442778, -0.008348, -1.104944, -1.944952, 0.0
1329.0, -1.101085, -0.442778, -0.008348, -1.104944, -1.944952, 0.0
1346.0, -1.11561, -0.451367, -0.008433, -1.104944, -1.944952, 0.0
1346.0, -1.11561, -0.451367, -0.008433, -1.104944, -1.944952, 0.0
1362.0, -1.129643, -0.459994, -0.008514, -1.104944, -1.944952, 0.0
1379.0, -1.143184, -0.468661, -0.008593, -1.104944, -1.944952, 0.0
1379.0, -1.143184, -0.468661, -0.008593, -1.104944, -1.944952, 0.0
1397.0, -1.156233, -0.47737, -0.008672, -1.104944, -1.944952, 0.0
1397.0, -1.156233, -0.47737, -0.008672, -1.104944, -1.944952, 0.0
1412.0, -1.168793, -0.486126, -0.008749, -1.104944, -1.944952, 0.0
1430.0, -1.180862, -0.494929, -0.008829, -1.104944, -1.944952, 0.0
1430.0, -1.180862, -0.494929, -0.008829, -1.104944, -1.944952, 0.0
1446.0, -1.192437, -0.503779, -0.00891, -1.104944, -1.944952, 0.0
1446.0, -1.192437, -0.503779, -0.00891, -1.104944, -1.944952, 0.0
1462.0, -1.203518, -0.512678, -0.008995, -1.574368, -1.772751, 0.0
1478.0, -1.214105, -0.521626, -0.009083, -1.574368, -1.772751, 0.0
1478.0, -1.214105, -0.521626, -0.009083, -1.574368, -1.772751, 0.0
1496.0, -1.224198, -0.530625, -0.009172, -1.574368, -1.772751, 0.0
1496.0, -1.224198, -0.530625, -0.009172, -1.574368, -1.772751, 0.0
1512.0, -1.233792, -0.539673, -0.009266, -1.574368, -1.772751, 0.0
1529.0, -1.242893, -0.548774, -0.009361, -1.574368, -1.772751, 0.0
1529.0, -1.242893, -0.548774, -0.009361, -1.574368, -1.772751, 0.0
1546.0, -1.2515, -0.55793, -0.009455, -1.574368, -1.772751, 0.0
1546.0, -1.2515, -0.55793, -0.009455, -1.574368, -1.772751, 0.0
1562.0, -1.259614, -0.567143, -0.009549, -1.574368, -1.772751, 0.0
1579.0, -1.267237, -0.576413, -0.009642, -1.574368, -1.772751, 0.0
1579.0, -1.267237, -0.576413, -0.009642, -1.574368, -1.772751, 0.0
1597.0, -1.274367, -0.585742, -0.009733, -1.574368, -1.772751, 0.0
1597.0, -1.274367, -0.585742, -0.009733, -1.574368, -1.772751, 0.0
1612.0, -1.281009, -0.595135, -0.00982, -1.574368, -1.772751, 0.0
1629.0, -1.28716, -0.604589, -0.009904, -1.574368, -1.772751, 0.0
1629.0, -1.28716, -0.604589, -0.009904, -1.574368, -1.772751, 0.0
1646.0, -1.292819, -0.614104, -0.009983, -1.574368, -1.772751, 0.0
1646.0, -1.292819, -0.614104, -0.009983, -1.574368, -1.772751, 0.0
1662.0, -1.297988, -0.623681, -0.010058, -1.574368, -1.772751, 0.0
1678.0, -1.302664, -0.633321, -0.010125, -1.574368, -1.772751, 0.0
1678.0, -1.302664, -0.633321, -0.010125, -1.574368, -1.772751, 0.0
1696.0, -1.30685, -0.643024, -0.010187, -1.574368, -1.772751, 0.0
1696.0, -1.30685, -0.643024, -0.010187, -1.574368, -1.772751, 0.0
1711.0, -1.310545, -0.652792, -0.010239, -2.043784, -1.600553, 0.0
1729.0, -1.31375, -0.662625, -0.010284, -2.043784, -1.600553, 0.0
1729.0, -1.31375, -0.662625, -0.010284, -2.043784, -1.600553, 0.0
1746.0, -1.316464, -0.672524, -0.01032, -2.043784, -1.600553, 0.0
1746.0, -1.316464, -0.672524, -0.01032, -2.043784, -1.600553, 0.0
1762.0, -1.318686, -0.68249, -0.010347, -2.043784, -1.600553, 0.0
1779.0, -1.320418, -0.692524, -0.010366, -2.043784, -1.600553, 0.0
1779.0, -1.320418, -0.692524, -0.010366, -2.043784, -1.600553, 0.0
1797.0, -1.321659, -0.702627, -0.010379, -2.043784, -1.600553, 0.0
1797.0, -1.321659, -0.702627, -0.010379, -2.043784, -1.600553, 0.0
1812.0, -1.322408, -0.712796, -0.010386, -2.043784, -1.600553, 0.0
1829.0, -1.322664, -0.723033, -0.010391, -2.043784, -1.600553, 0.0
1829.0, -1.322664, -0.723033, -0.010391, -2.043784, -1.600553, 0.0
1846.0, -1.322428, -0.73334, -0.010394, -2.043784, -1.600553, 0.0
1846.0, -1.322428, -0.73334, -0.010394, -2.043784, -1.600553, 0.0
1863.0, -1.321699, -0.743718, -0.010399, -2.043784, -1.600553, 0.0
1879.0, -1.320475, -0.754167, -0.010408, -2.043784, -1.600553, 0.0
1879.0, -1.320475, -0.754167, -0.010408, -2.043784, -1.600553, 0.0
1897.0, -1.318755, -0.764687, -0.010422, -2.043784, -1.600553, 0.0
1897.0, -1.318755, -0.764687, -0.010422, -2.043784, -1.600553, 0.0
1912.0, -1.316539, -0.775281, -0.010445, -2.043784, -1.600553, 0.0
1929.0, -1.313825, -0.785946, -0.010478, -2.043784, -1.600553, 0.0
1929.0, -1.313825, -0.785946, -0.010478, -2.043784, -1.600553, 0.0
1946.0, -1.310612, -0.79668, -0.01052, -2.043784, -1.600553, 0.0
1946.0, -1.310612, -0.79668, -0.01052, -2.043784, -1.600553, 0.0
1962.0, -1.306901, -0.80748, -0.010574, -2.513201, -1.428355, 0.0
1979.0, -1.30269, -0.818347, -0.010639, -2.513201, -1.428355, 0.0
1980.0, -1.30269, -0.818347, -0.010639, -2.513201, -1.428355, 0.0
1996.0, -1.29798, -0.829279, -0.010715, -2.513201, -1.428355, 0.0
1996.0, -1.29798, -0.829279, -0.010715, -2.513201, -1.428355, 0.0
2011.0, -1.29277, -0.84027, -0.010801, -2.513201, -1.428355, 0.0
2029.0, -1.28706, -0.851322, -0.010896, -2.513201, -1.428355, 0.0
2029.0, -1.28706, -0.851322, -0.010896, -2.513201, -1.428355, 0.0
2045.0, -1.280849, -0.862435, -0.011001, -2.513201, -1.428355, 0.0
2045.0, -1.280849, -0.862435, -0.011001, -2.513201, -1.428355, 0.0
2063.0, -1.274136, -0.873607, -0.011112, -2.513201, -1.428355, 0.0
2079.0, -1.266921, -0.884839, -0.011229, -2.513201, -1.428355, 0.0
2079.0, -1.266921, -0.884839, -0.011229, -2.513201, -1.428355, 0.0
2097.0, -1.259204, -0.896128, -0.011351, -2.513201, -1.428355, 0.0
2097.0, -1.259204, -0.896128, -0.011351, -2.513201, -1.428355, 0.0
2112.0, -1.250982, -0.907477, -0.011477, -2.513201, -1.428355, 0.0
2129.0, -1.242255, -0.918881, -0.011604, -2.513201, -1.428355, 0.0
2129.0, -1.242255, -0.918881, -0.011604, -2.513201, -1.428355, 0.0
2146.0, -1.233027, -0.930337, -0.01173, -2.513201, -1.428355, 0.0
2146.0, -1.233027, -0.930337, -0.01173, -2.513201, -1.428355, 0.0
2162.0, -1.223297, -0.941841, -0.011855, -2.513201, -1.428355, 0.0
2178.0, -1.213065, -0.953393, -0.011978, -2.513201, -1.428355, 0.0
2178.0, -1.213065, -0.953393, -0.011978, -2.513201, -1.428355, 0.0
2196.0, -1.202331, -0.964992, -0.012098, -2.513201, -1.428355, 0.0
2196.0, -1.202331, -0.964992, -0.012098, -2.513201, -1.428355, 0.0
2212.0, -1.191097, -0.976634, -0.012215, -2.982618, -1.256157, 0.0
2229.0, -1.17936, -0.988318, -0.012328, -2.982618, -1.256157, 0.0
2229.0, -1.17936, -0.988318, -0.012328, -2.982618, -1.256157, 0.0
2245.0, -1.167123, -1.000041, -0.012437, -2.982618, -1.256157, 0.0
2245.0, -1.167123, -1.000041, -0.012437, -2.982618, -1.256157, 0.0
2262.0, -1.154385, -1.011801, -0.012541, -2.982618, -1.256157, 0.0
2279.0, -1.141145, -1.023596, -0.012641, -2.982618, -1.256157, 0.0
2279.0, -1.141145, -1.023596, -0.012641, -2.982618, -1.256157, 0.0
2297.0, -1.127405, -1.035425, -0.012737, -2.982618, -1.256157, 0.0
2297.0, -1.127405, -1.035425, -0.012737, -2.982618, -1.256157, 0.0
2312.0, -1.113169, -1.04728, -0.012825, -2.982618, -1.256157, 0.0
2329.0, -1.098435, -1.059161, -0.01291, -2.982618, -1.256157, 0.0
2329.0, -1.098435, -1.059161, -0.01291, -2.982618, -1.256157, 0.0
2345.0, -1.083199, -1.071066, -0.01299, -2.982618, -1.256157, 0.0
2345.0, -1.083199, -1.071066, -0.01299, -2.982618, -1.256157, 0.0
2362.0, -1.067463, -1.082994, -0.013068, -2.982618, -1.256157, 0.0
2379.0, -1.051225, -1.094942, -0.013141, -2.982618, -1.256157, 0.0
2379.0, -1.051225, -1.094942, -0.013141, -2.982618, -1.256157, 0.0
2397.0, -1.034485, -1.106908, -0.01321, -2.982618, -1.256157, 0.0
2397.0, -1.034485, -1.106908, -0.01321, -2.982618, -1.256157, 0.0
2412.0, -1.017238, -1.118893, -0.013278, -2.982618, -1.256157, 0.0
2429.0, -0.999487, -1.130889, -0.013342, -2.982618, -1.256157, 0.0
2429.0, -0.999487, -1.130889, -0.013342, -2.982618, -1.256157, 0.0
2445.0, -0.981236, -1.142891, -0.0134, -2.982618, -1.256157, 0.0
2445.0, -0.981236, -1.142891, -0.0134, -2.982618, -1.256157, 0.0
2462.0, -0.962484, -1.154895, -0.013452, -3.452035, -1.083959, 0.0
2479.0, -0.943233, -1.166897, -0.013499, -3.452035, -1.083959, 0.0
2479.0, -0.943233, -1.166897, -0.013499, -3.452035, -1.083959, 0.0
2495.0, -0.923483, -1.178896, -0.013542, -3.452035, -1.083959, 0.0
2495.0, -0.923483, -1.178896, -0.013542, -3.452035, -1.083959, 0.0
2512.0, -0.903241, -1.190881, -0.013577, -3.452035, -1.083959, 0.0
2528.0, -0.882502, -1.202852, -0.013608, -3.452035, -1.083959, 0.0
2528.0, -0.882502, -1.202852, -0.013608, -3.452035, -1.083959, 0.0
2545.0, -0.861264, -1.214805, -0.013636, -3.452035, -1.083959, 0.0
2545.0, -0.861264, -1.214805, -0.013636, -3.452035, -1.083959, 0.0
2562.0, -0.839526, -1.226735, -0.013662, -3.452035, -1.083959, 0.0
2578.0, -0.817289, -1.23864, -0.013684, -3.452035, -1.083959, 0.0
2578.0, -0.817289, -1.23864, -0.013684, -3.452035, -1.083959, 0.0
2596.0, -0.794552, -1.250517, -0.013704, -3.452035, -1.083959, 0.0
2596.0, -0.794552, -1.250517, -0.013704, -3.452035, -1.083959, 0.0
2612.0, -0.771308, -1.262364, -0.013723, -3.452035, -1.083959, 0.0
2629.0, -0.747562, -1.274171, -0.013738, -3.452035, -1.083959, 0.0
2629.0, -0.747562, -1.274171, -0.013738, -3.452035, -1.083959, 0.0
2646.0, -0.723319, -1.285931, -0.013747, -3.452035, -1.083959, 0.0
2646.0, -0.723319, -1.285931, -0.013747, -3.452035, -1.083959, 0.0
2662.0, -0.698581, -1.297639, -0.01375, -3.452035, -1.083959, 0.0
2679.0, -0.673347, -1.309289, -0.013747, -3.452035, -1.083959, 0.0
2679.0, -0.673347, -1.309289, -0.013747, -3.452035, -1.083959, 0.0
2696.0, -0.647619, -1.320878, -0.013739, -3.452035, -1.083959, 0.0
2696.0, -0.647619, -1.320878, -0.013739, -3.452035, -1.083959, 0.0
2711.0, -0.621397, -1.332399, -0.013726, -3.921451, -0.91176, 0.0
2729.0, -0.594683, -1.343845, -0.013708, -3.921451, -0.91176, 0.0
2729.0, -0.594683, -1.343845, -0.013708, -3.921451, -0.91176, 0.0
2745.0, -0.567478, -1.35521, -0.013685, -3.921451, -0.91176, 0.0
2745.0, -0.567478, -1.35521, -0.013685, -3.921451, -0.91176, 0.0
2761.0, -0.539783, -1.366487, -0.013657, -3.921451, -0.91176, 0.0
2779.0, -0.511598, -1.377671, -0.013624, -3.921451, -0.91176, 0.0
2779.0, -0.511598, -1.377671, -0.013624, -3.921451, -0.91176, 0.0
2796.0, -0.482925, -1.388759, -0.013587, -3.921451, -0.91176, 0.0
2796.0, -0.482925, -1.388759, -0.013587, -3.921451, -0.91176, 0.0
2812.0, -0.453775, -1.399739, -0.013541, -3.921451, -0.91176, 0.0
2829.0, -0.424144, -1.410606, -0.01349, -3.921451, -0.91176, 0.0
2829.0, -0.424144, -1.410606, -0.01349, -3.921451, -0.91176, 0.0
2845.0, -0.394029, -1.421355, -0.013436, -3.921451, -0.91176, 0.0
2845.0, -0.394029, -1.421355, -0.013436, -3.921451, -0.91176, 0.0
2862.0, -0.36343, -1.43198, -0.013379, -3.921451, -0.91176, 0.0
2879.0, -0.33235, -1.442476, -0.013318, -3.921451, -0.91176, 0.0
2879.0, -0.33235, -1.442476, -0.013318, -3.921451, -0.91176, 0.0
2896.0, -0.300788, -1.452838, -0.013254, -3.921451, -0.91176, 0.0
2896.0, -0.300788, -1.452838, -0.013254, -3.921451, -0.91176, 0.0
2912.0, -0.268735, -1.463063, -0.01319, -3.921451, -0.91176, 0.0
2929.0, -0.236202, -1.47314, -0.013119, -3.921451, -0.91176, 0.0
2929.0, -0.236202, -1.47314, -0.013119, -3.921451, -0.91176, 0.0
2945.0, -0.203195, -1.48306, -0.013041, -3.921451, -0.91176, 0.0
2945.0, -0.203195, -1.48306, -0.013041, -3.921451, -0.91176, 0.0
2962.0, -0.169718, -1.492818, -0.012954, -4.390868, -0.739562, 0.0
2979.0, -0.135774, -1.502409, -0.012861, -4.390868, -0.739562, 0.0
2979.0, -0.135774, -1.502409, -0.012861, -4.390868, -0.739562, 0.0
2996.0, -0.101363, -1.511827, -0.012761, -4.390868, -0.739562, 0.0
2996.0, -0.101363, -1.511827, -0.012761, -4.390868, -0.739562, 0.0
3012.0, -0.066486, -1.521066, -0.012649, -4.390868, -0.739562, 0.0
3029.0, -0.031169, -1.530114, -0.012533, -4.390868, -0.739562, 0.0
3029.0, -0.031169, -1.530114, -0.012533, -4.390868, -0.739562, 0.0
3045.0, 0.004607, -1.538969, -0.012413, -4.390868, -0.739562, 0.0
3045.0, 0.004607, -1.538969, -0.012413, -4.390868, -0.739562, 0.0
3062.0, 0.040839, -1.547626, -0.01229, -4.390868, -0.739562, 0.0
3079.0, 0.077527, -1.556079, -0.012164, -4.390868, -0.739562, 0.0
3079.0, 0.077527, -1.556079, -0.012164, -4.390868, -0.739562, 0.0
3096.0, 0.114669, -1.564325, -0.012035, -4.390868, -0.739562, 0.0
3096.0, 0.114669, -1.564325, -0.012035, -4.390868, -0.739562, 0.0
3112.0, 0.152276, -1.57236, -0.011907, -4.390868, -0.739562, 0.0
3129.0, 0.190334, -1.580175, -0.011774, -4.390868, -0.739562, 0.0
3129.0, 0.190334, -1.580175, -0.011774, -4.390868, -0.739562, 0.0
3145.0, 0.228835, -1.587761, -0.011633, -4.390868, -0.739562, 0.0
3145.0, 0.228835, -1.587761, -0.011633, -4.390868, -0.739562, 0.0
3162.0, 0.267775, -1.595114, -0.011484, -4.390868, -0.739562, 0.0
3179.0, 0.30715, -1.602228, -0.011328, -4.390868, -0.739562, 0.0
3179.0, 0.30715, -1.602228, -0.011328, -4.390868, -0.739562, 0.0
3197.0, 0.34696, -1.609101, -0.011167, -4.390868, -0.739562, 0.0
3197.0, 0.34696, -1.609101, -0.011167, -4.390868, -0.739562, 0.0
3212.0, 0.387184, -1.615722, -0.010994, -4.860301, -0.567358, 0.0
3229.0, 0.42783, -1.62209, -0.010816, -4.860301, -0.567358, 0.0
3229.0, 0.42783, -1.62209, -0.010816, -4.860301, -0.567358, 0.0
3246.0, 0.4689, -1.628197, -0.010637, -4.860301, -0.567358, 0.0
3246.0, 0.4689, -1.628197, -0.010637, -4.860301, -0.567358, 0.0
3262.0, 0.510392, -1.63404, -0.010455, -4.860301, -0.567358, 0.0
3279.0, 0.552306, -1.639615, -0.010271, -4.860301, -0.567358, 0.0
3279.0, 0.552306, -1.639615, -0.010271, -4.860301, -0.567358, 0.0
3297.0, 0.594637, -1.644918, -0.010085, -4.860301, -0.567358, 0.0
3297.0, 0.594637, -1.644918, -0.010085, -4.860301, -0.567358, 0.0
3312.0, 0.637322, -1.65001, -0.009874, -4.860301, -0.567358, 0.0
3330.0, 0.680243, -1.654969, -0.009605, -4.860301, -0.567358, 0.0
3330.0, 0.680243, -1.654969, -0.009605, -4.860301, -0.567358, 0.0
3346.0, 0.723294, -1.659869, -0.009268, -4.860301, -0.567358, 0.0
3346.0, 0.723294, -1.659869, -0.009268, -4.860301, -0.567358, 0.0
3362.0, 0.766381, -1.664781, -0.008865, -4.860301, -0.567358, 0.0
3379.0, 0.809425, -1.669763, -0.00841, -4.860301, -0.567358, 0.0
3379.0, 0.809425, -1.669763, -0.00841, -4.860301, -0.567358, 0.0
3397.0, 0.852362, -1.674864, -0.007922, -4.860301, -0.567358, 0.0
3397.0, 0.852362, -1.674864, -0.007922, -4.860301, -0.567358, 0.0
3412.0, 0.895121, -1.680124, -0.007416, -4.860301, -0.567358, 0.0
3430.0, 0.937672, -1.685577, -0.006919, -4.860301, -0.567358, 0.0
3430.0, 0.937672, -1.685577, -0.006919, -4.860301, -0.567358, 0.0
3447.0, 0.979988, -1.69125, -0.006451, -4.860301, -0.567358, 0.0
3447.0, 0.979988, -1.69125, -0.006451, -4.860301, -0.567358, 0.0
3462.0, 1.022043, -1.697165, -0.006025, -5.329717, -0.39516, 0.0
3479.0, 1.063814, -1.703337, -0.005649, -5.329717, -0.39516, 0.0
3479.0, 1.063814, -1.703337, -0.005649, -5.329717, -0.39516, 0.0
3497.0, 1.105287, -1.709778, -0.00533, -5.329717, -0.39516, 0.0
3497.0, 1.105287, -1.709778, -0.00533, -5.329717, -0.39516, 0.0
3512.0, 1.146463, -1.716503, -0.005077, -5.329717, -0.39516, 0.0
3529.0, 1.18732, -1.723517, -0.004883, -5.329717, -0.39516, 0.0
3529.0, 1.18732, -1.723517, -0.004883, -5.329717, -0.39516, 0.0
3546.0, 1.227848, -1.730828, -0.004743, -5.329717, -0.39516, 0.0
3546.0, 1.227848, -1.730828, -0.004743, -5.329717, -0.39516, 0.0
3563.0, 1.268037, -1.738441, -0.004655, -5.329717, -0.39516, 0.0
3579.0, 1.307884, -1.746362, -0.004615, -5.329717, -0.39516, 0.0
3579.0, 1.307884, -1.746362, -0.004615, -5.329717, -0.39516, 0.0
3597.0, 1.347384, -1.754595, -0.004618, -5.329717, -0.39516, 0.0
3597.0, 1.347384, -1.754595, -0.004618, -5.329717, -0.39516, 0.0
3613.0, 1.386535, -1.763144, -0.004661, -5.329717, -0.39516, 0.0
3629.0, 1.425336, -1.772014, -0.004738, -5.329717, -0.39516, 0.0
3629.0, 1.425336, -1.772014, -0.004738, -5.329717, -0.39516, 0.0
3646.0, 1.463788, -1.781209, -0.004845, -5.329717, -0.39516, 0.0
3646.0, 1.463788, -1.781209, -0.004845, -5.329717, -0.39516, 0.0
3663.0, 1.501889, -1.790733, -0.004978, -5.329717, -0.39516, 0.0
3679.0, 1.539639, -1.800588, -0.005131, -5.329717, -0.39516, 0.0
3679.0, 1.539639, -1.800588, -0.005131, -5.329717, -0.39516, 0.0
3696.0, 1.577038, -1.810777, -0.005303, -5.329717, -0.39516, 0.0
3696.0, 1.577038, -1.810777, -0.005303, -5.329717, -0.39516, 0.0
3712.0, 1.614072, -1.821299, -0.005482, -5.799133, -0.222962, 0.0
3729.0, 1.650752, -1.832161, -0.005673, -5.799133, -0.222962, 0.0
3729.0, 1.650752, -1.832161, -0.005673, -5.799133, -0.222962, 0.0
3746.0, 1.687082, -1.843365, -0.005875, -5.799133, -0.222962, 0.0
3746.0, 1.687082, -1.843365, -0.005875, -5.799133, -0.222962, 0.0
3763.0, 1.723066, -1.854914, -0.006086, -5.799133, -0.222962, 0.0
3779.0, 1.758703, -1.866811, -0.006304, -5.799133, -0.222962, 0.0
3779.0, 1.758703, -1.866811, -0.006304, -5.799133, -0.222962, 0.0
3797.0, 1.793993, -1.879058, -0.006526, -5.799133, -0.222962, 0.0
3797.0, 1.793993, -1.879058, -0.006526, -5.799133, -0.222962, 0.0
3813.0, 1.82895, -1.89166, -0.006756, -5.799133, -0.222962, 0.0
3829.0, 1.86357, -1.904619, -0.006986, -5.799133, -0.222962, 0.0
3829.0, 1.86357, -1.904619, -0.006986, -5.799133, -0.222962, 0.0
3847.0, 1.897839, -1.917929, -0.007215, -5.799133, -0.222962, 0.0
3847.0, 1.897839, -1.917929, -0.007215, -5.799133, -0.222962, 0.0
3863.0, 1.931761, -1.931595, -0.007441, -5.799133, -0.222962, 0.0
3879.0, 1.965335, -1.945616, -0.007664, -5.799133, -0.222962, 0.0
3879.0, 1.965335, -1.945616, -0.007664, -5.799133, -0.222962, 0.0
3897.0, 1.998563, -1.959995, -0.007885, -5.799133, -0.222962, 0.0
3897.0, 1.998563, -1.959995, -0.007885, -5.799133, -0.222962, 0.0
3912.0, 2.031431, -1.974727, -0.008099, -5.799133, -0.222962, 0.0
3929.0, 2.06395, -1.989816, -0.008311, -5.799133, -0.222962, 0.0
3929.0, 2.06395, -1.989816, -0.008311, -5.799133, -0.222962, 0.0
3946.0, 2.096124, -2.005265, -0.008525, -5.799133, -0.222962, 0.0
3946.0, 2.096124, -2.005265, -0.008525, -5.799133, -0.222962, 0.0
3962.0, 2.127956, -2.021077, -0.008739, -6.268555, -0.050762, 0.0
3979.0, 2.159446, -2.037251, -0.008954, -6.268555, -0.050762, 0.0
3979.0, 2.159446, -2.037251, -0.008954, -6.268555, -0.050762, 0.0
3996.0, 2.190594, -2.053788, -0.009168, -6.268555, -0.050762, 0.0
3996.0, 2.190594, -2.053788, -0.009168, -6.268555, -0.050762, 0.0
4012.0, 2.221412, -2.070696, -0.009387, -6.268555, -0.050762, 0.0
4029.0, 2.251894, -2.08797, -0.009604, -6.268555, -0.050762, 0.0
4029.0, 2.251894, -2.08797, -0.009604, -6.268555, -0.050762, 0.0
4046.0, 2.282033, -2.105608, -0.009818, -6.268555, -0.050762, 0.0
4046.0, 2.282033, -2.105608, -0.009818, -6.268555, -0.050762, 0.0
4063.0, 2.311831, -2.12361, -0.010027, -6.268555, -0.050762, 0.0
4079.0, 2.341286, -2.141977, -0.010234, -6.268555, -0.050762, 0.0
4079.0, 2.341286, -2.141977, -0.010234, -6.268555, -0.050762, 0.0
4098.0, 2.370399, -2.160708, -0.010437, -6.268555, -0.050762, 0.0
4098.0, 2.370399, -2.160708, -0.010437, -6.268555, -0.050762, 0.0
4112.0, 2.39917, -2.179805, -0.010638, -6.268555, -0.050762, 0.0
4130.0, 2.4276, -2.199267, -0.010837, -6.268555, -0.050762, 0.0
4130.0, 2.4276, -2.199267, -0.010837, -6.268555, -0.050762, 0.0
4146.0, 2.455688, -2.219095, -0.011034, -6.268555, -0.050762, 0.0
4146.0, 2.455688, -2.219095, -0.011034, -6.268555, -0.050762, 0.0
4162.0, 2.483436, -2.23929, -0.01123, -6.268555, -0.050762, 0.0
4178.0, 2.510843, -2.259851, -0.011425, -6.268555, -0.050762, 0.0
4178.0, 2.510843, -2.259851, -0.011425, -6.268555, -0.050762, 0.0
4196.0, 2.53791, -2.280778, -0.011619, -6.268555, -0.050762, 0.0
4196.0, 2.53791, -2.280778, -0.011619, -6.268555, -0.050762, 0.0
4212.0, 2.564627, -2.302064, -0.011807, -6.737972, 0.121436, 0.0
4229.0, 2.591001, -2.323715, -0.011995, -6.737972, 0.121436, 0.0
4229.0, 2.591001, -2.323715, -0.011995, -6.737972, 0.121436, 0.0
4245.0, 2.617035, -2.345733, -0.012184, -6.737972, 0.121436, 0.0
4245.0, 2.617035, -2.345733, -0.012184, -6.737972, 0.121436, 0.0
4262.0, 2.642731, -2.368119, -0.012373, -6.737972, 0.121436, 0.0
4278.0, 2.66809, -2.390874, -0.012562, -6.737972, 0.121436, 0.0
4278.0, 2.66809, -2.390874, -0.012562, -6.737972, 0.121436, 0.0
4296.0, 2.693111, -2.413997, -0.012752, -6.737972, 0.121436, 0.0
4296.0, 2.693111, -2.413997, -0.012752, -6.737972, 0.121436, 0.0
4312.0, 2.717803, -2.437497, -0.012944, -6.737972, 0.121436, 0.0
4329.0, 2.742159, -2.461368, -0.013135, -6.737972, 0.121436, 0.0
4329.0, 2.742159, -2.461368, -0.013135, -6.737972, 0.121436, 0.0
4345.0, 2.766176, -2.485607, -0.013323, -6.737972, 0.121436, 0.0
4345.0, 2.766176, -2.485607, -0.013323, -6.737972, 0.121436, 0.0
4362.0, 2.789853, -2.510212, -0.013508, -6.737972, 0.121436, 0.0
4378.0, 2.813189, -2.535183, -0.013691, -6.737972, 0.121436, 0.0
4378.0, 2.813189, -2.535183, -0.013691, -6.737972, 0.121436, 0.0
4397.0, 2.836184, -2.56052, -0.013871, -6.737972, 0.121436, 0.0
4397.0, 2.836184, -2.56052, -0.013871, -6.737972, 0.121436, 0.0
4412.0, 2.858829, -2.586213, -0.014046, -6.737972, 0.121436, 0.0
4429.0, 2.88113, -2.612269, -0.014221, -6.737972, 0.121436, 0.0
4429.0, 2.88113, -2.612269, -0.014221, -6.737972, 0.121436, 0.0
4445.0, 2.90309, -2.638691, -0.014396, -6.737972, 0.121436, 0.0
4445.0, 2.90309, -2.638691, -0.014396, -6.737972, 0.121436, 0.0
4462.0, 2.924709, -2.665479, -0.014572, -7.207389, 0.293635, 0.0
4479.0, 2.945987, -2.692634, -0.014749, -7.207389, 0.293635, 0.0
4479.0, 2.945987, -2.692634, -0.014749, -7.207389, 0.293635, 0.0
4495.0, 2.966925, -2.720156, -0.014927, -7.207389, 0.293635, 0.0
4495.0, 2.966925, -2.720156, -0.014927, -7.207389, 0.293635, 0.0
4512.0, 2.98753, -2.748055, -0.015108, -7.207389, 0.293635, 0.0
4529.0, 3.007795, -2.776323, -0.015289, -7.207389, 0.293635, 0.0
4529.0, 3.007795, -2.776323, -0.015289, -7.207389, 0.293635, 0.0
4545.0, 3.027717, -2.804955, -0.015468, -7.207389, 0.293635, 0.0
4545.0, 3.027717, -2.804955, -0.015468, -7.207389, 0.293635, 0.0
4562.0, 3.047295, -2.833951, -0.015646, -7.207389, 0.293635, 0.0
4579.0, 3.066529, -2.863308, -0.015822, -7.207389, 0.293635, 0.0
4579.0, 3.066529, -2.863308, -0.015822, -7.207389, 0.293635, 0.0
4596.0, 3.085418, -2.893028, -0.015998, -7.207389, 0.293635, 0.0
4596.0, 3.085418, -2.893028, -0.015998, -7.207389, 0.293635, 0.0
4612.0, 3.103954, -2.923098, -0.01617, -7.207389, 0.293635, 0.0
4628.0, 3.122141, -2.953526, -0.016342, -7.207389, 0.293635, 0.0
4628.0, 3.122141, -2.953526, -0.016342, -7.207389, 0.293635, 0.0
4645.0, 3.139983, -2.984314, -0.016515, -7.207389, 0.293635, 0.0
4645.0, 3.139983, -2.984314, -0.016515, -7.207389, 0.293635, 0.0
4662.0, 3.157478, -3.015465, -0.016691, -7.207389, 0.293635, 0.0
4679.0, 3.174627, -3.046976, -0.016867, -7.207389, 0.293635, 0.0
4679.0, 3.174627, -3.046976, -0.016867, -7.207389, 0.293635, 0.0
4696.0, 3.191429, -3.07885, -0.017045, -7.207389, 0.293635, 0.0
4696.0, 3.191429, -3.07885, -0.017045, -7.207389, 0.293635, 0.0
4712.0, 3.207891, -3.111096, -0.017226, -7.676806, 0.465833, 0.0
4729.0, 3.224005, -3.143705, -0.017407, -7.676806, 0.465833, 0.0
4729.0, 3.224005, -3.143705, -0.017407, -7.676806, 0.465833, 0.0
4745.0, 3.239806, -3.17675, -0.017588, -7.676806, 0.465833, 0.0
4745.0, 3.239806, -3.17675, -0.017588, -7.676806, 0.465833, 0.0
4762.0, 3.255219, -3.210074, -0.017768, -7.676806, 0.465833, 0.0
4779.0, 3.270279, -3.243753, -0.017947, -7.676806, 0.465833, 0.0
4779.0, 3.270279, -3.243753, -0.017947, -7.676806, 0.465833, 0.0
4796.0, 3.284987, -3.277787, -0.018126, -7.676806, 0.465833, 0.0
4796.0, 3.284987, -3.277787, -0.018126, -7.676806, 0.465833, 0.0
4812.0, 3.299335, -3.312161, -0.018303, -7.676806, 0.465833, 0.0
4829.0, 3.313328, -3.346884, -0.01848, -7.676806, 0.465833, 0.0
4829.0, 3.313328, -3.346884, -0.01848, -7.676806, 0.465833, 0.0
4845.0, 3.326965, -3.381959, -0.018658, -7.676806, 0.465833, 0.0
4845.0, 3.326965, -3.381959, -0.018658, -7.676806, 0.465833, 0.0
4862.0, 3.340247, -3.417386, -0.018837, -7.676806, 0.465833, 0.0
4879.0, 3.353172, -3.453166, -0.019018, -7.676806, 0.465833, 0.0
4879.0, 3.353172, -3.453166, -0.019018, -7.676806, 0.465833, 0.0
4896.0, 3.365741, -3.489298, -0.019201, -7.676806, 0.465833, 0.0
4896.0, 3.365741, -3.489298, -0.019201, -7.676806, 0.465833, 0.0
4912.0, 3.377957, -3.525794, -0.019385, -7.676806, 0.465833, 0.0
4928.0, 3.389815, -3.562643, -0.019571, -7.676806, 0.465833, 0.0
4928.0, 3.389815, -3.562643, -0.019571, -7.676806, 0.465833, 0.0
4946.0, 3.401311, -3.59984, -0.019755, -7.676806, 0.465833, 0.0
4946.0, 3.401311, -3.59984, -0.019755, -7.676806, 0.465833, 0.0
4962.0, 3.412446, -3.63738, -0.019939, -8.146297, 0.638058, 0.0
4979.0, 3.423216, -3.675264, -0.020123, -8.146297, 0.638058, 0.0
4979.0, 3.423216, -3.675264, -0.020123, -8.146297, 0.638058, 0.0
4997.0, 3.433634, -3.713534, -0.020306, -8.146297, 0.638058, 0.0
4997.0, 3.433634, -3.713534, -0.020306, -8.146297, 0.638058, 0.0
5012.0, 3.44367, -3.752086, -0.020487, -8.146297, 0.638058, 0.0
5029.0, 3.453338, -3.790973, -0.020669, -8.146297, 0.638058, 0.0
5029.0, 3.453338, -3.790973, -0.020669, -8.146297, 0.638058, 0.0
5046.0, 3.462637, -3.830198, -0.020851, -8.146297, 0.638058, 0.0
5046.0, 3.462637, -3.830198, -0.020851, -8.146297, 0.638058, 0.0
5062.0, 3.471567, -3.869761, -0.021033, -8.146297, 0.638058, 0.0
5079.0, 3.480126, -3.909663, -0.021217, -8.146297, 0.638058, 0.0
5079.0, 3.480126, -3.909663, -0.021217, -8.146297, 0.638058, 0.0
5097.0, 3.488315, -3.949901, -0.021401, -8.146297, 0.638058, 0.0
5097.0, 3.488315, -3.949901, -0.021401, -8.146297, 0.638058, 0.0
5111.0, 3.496131, -3.990475, -0.021585, -8.146297, 0.638058, 0.0
5129.0, 3.503572, -4.031381, -0.02177, -8.146297, 0.638058, 0.0
5129.0, 3.503572, -4.031381, -0.02177, -8.146297, 0.638058, 0.0
5146.0, 3.510637, -4.072618, -0.021954, -8.146297, 0.638058, 0.0
5146.0, 3.510637, -4.072618, -0.021954, -8.146297, 0.638058, 0.0
5162.0, 3.517324, -4.114183, -0.022138, -8.146297, 0.638058, 0.0
5179.0, 3.523632, -4.156076, -0.022322, -8.146297, 0.638058, 0.0
5179.0, 3.523632, -4.156076, -0.022322, -8.146297, 0.638058, 0.0
5196.0, 3.529559, -4.198294, -0.022506, -8.146297, 0.638058, 0.0
5196.0, 3.529559, -4.198294, -0.022506, -8.146297, 0.638058, 0.0
5211.0, 3.535106, -4.240853, -0.022689, -8.61575, 0.81027, 0.0
5229.0, 3.54027, -4.283737, -0.022872, -8.61575, 0.81027, 0.0
5229.0, 3.54027, -4.283737, -0.022872, -8.61575, 0.81027, 0.0
5245.0, 3.545046, -4.326938, -0.023053, -8.61575, 0.81027, 0.0
5245.0, 3.545046, -4.326938, -0.023053, -8.61575, 0.81027, 0.0
5262.0, 3.549434, -4.370454, -0.023233, -8.61575, 0.81027, 0.0
5279.0, 3.553447, -4.414443, -0.023412, -8.61575, 0.81027, 0.0
5279.0, 3.553447, -4.414443, -0.023412, -8.61575, 0.81027, 0.0
5296.0, 3.557052, -4.458583, -0.02359, -8.61575, 0.81027, 0.0
5296.0, 3.557052, -4.458583, -0.02359, -8.61575, 0.81027, 0.0
5312.0, 3.560263, -4.503014, -0.023765, -8.61575, 0.81027, 0.0
5329.0, 3.563077, -4.547745, -0.023939, -8.61575, 0.81027, 0.0
5329.0, 3.563077, -4.547745, -0.023939, -8.61575, 0.81027, 0.0
5346.0, 3.565493, -4.59278, -0.024113, -8.61575, 0.81027, 0.0
5346.0, 3.565493, -4.59278, -0.024113, -8.61575, 0.81027, 0.0
5363.0, 3.56751, -4.638117, -0.024285, -8.61575, 0.81027, 0.0
5379.0, 3.569126, -4.683755, -0.024457, -8.61575, 0.81027, 0.0
5379.0, 3.569126, -4.683755, -0.024457, -8.61575, 0.81027, 0.0
5397.0, 3.570339, -4.729692, -0.024628, -8.61575, 0.81027, 0.0
5397.0, 3.570339, -4.729692, -0.024628, -8.61575, 0.81027, 0.0
5413.0, 3.571148, -4.775926, -0.024799, -8.61575, 0.81027, 0.0
5429.0, 3.571549, -4.822451, -0.024968, -8.61575, 0.81027, 0.0
5429.0, 3.571549, -4.822451, -0.024968, -8.61575, 0.81027, 0.0
5447.0, 3.571539, -4.869264, -0.025135, -8.61575, 0.81027, 0.0
5447.0, 3.571539, -4.869264, -0.025135, -8.61575, 0.81027, 0.0
5462.0, 3.571117, -4.916362, -0.0253, -9.085282, 0.98251, 0.0
5479.0, 3.57028, -4.963742, -0.025464, -9.085282, 0.98251, 0.0
5479.0, 3.57028, -4.963742, -0.025464, -9.085282, 0.98251, 0.0
5496.0, 3.569027, -5.011401, -0.025627, -9.085282, 0.98251, 0.0
5496.0, 3.569027, -5.011401, -0.025627, -9.085282, 0.98251, 0.0
5512.0, 3.567355, -5.059353, -0.025787, -9.085282, 0.98251, 0.0
5529.0, 3.565261, -5.10758, -0.025945, -9.085282, 0.98251, 0.0
5529.0, 3.565261, -5.10758, -0.025945, -9.085282, 0.98251, 0.0
5546.0, 3.562741, -5.156072, -0.026101, -9.085282, 0.98251, 0.0
5546.0, 3.562741, -5.156072, -0.026101, -9.085282, 0.98251, 0.0
5562.0, 3.559794, -5.204823, -0.026254, -9.085282, 0.98251, 0.0
5579.0, 3.556417, -5.253809, -0.026403, -9.085282, 0.98251, 0.0
5579.0, 3.556417, -5.253809, -0.026403, -9.085282, 0.98251, 0.0
5597.0, 3.552608, -5.302996, -0.026548, -9.085282, 0.98251, 0.0
5597.0, 3.552608, -5.302996, -0.026548, -9.085282, 0.98251, 0.0
5612.0, 3.548364, -5.352333, -0.026686, -9.085282, 0.98251, 0.0
5630.0, 3.543681, -5.401803, -0.026815, -9.085282, 0.98251, 0.0
5630.0, 3.543681, -5.401803, -0.026815, -9.085282, 0.98251, 0.0
5646.0, 3.538556, -5.451386, -0.026932, -9.085282, 0.98251, 0.0
5646.0, 3.538556, -5.451386, -0.026932, -9.085282, 0.98251, 0.0
5663.0, 3.532984, -5.501064, -0.027038, -9.085282, 0.98251, 0.0
5678.0, 3.526964, -5.550821, -0.027131, -9.085282, 0.98251, 0.0
5678.0, 3.526964, -5.550821, -0.027131, -9.085282, 0.98251, 0.0
5697.0, 3.520493, -5.60064, -0.027212, -9.085282, 0.98251, 0.0
5697.0, 3.520493, -5.60064, -0.027212, -9.085282, 0.98251, 0.0
5712.0, 3.513566, -5.650532, -0.02728, -9.554699, 1.154709, 0.0
5729.0, 3.506182, -5.700469, -0.027337, -9.554699, 1.154709, 0.0
5729.0, 3.506182, -5.700469, -0.027337, -9.554699, 1.154709, 0.0
5745.0, 3.498339, -5.750442, -0.027383, -9.554699, 1.154709, 0.0
5745.0, 3.498339, -5.750442, -0.027383, -9.554699, 1.154709, 0.0
5762.0, 3.490034, -5.800438, -0.027419, -9.554699, 1.154709, 0.0
5780.0, 3.481267, -5.850454, -0.027447, -9.554699, 1.154709, 0.0
5780.0, 3.481267, -5.850454, -0.027447, -9.554699, 1.154709, 0.0
5797.0, 3.472035, -5.900486, -0.027468, -9.554699, 1.154709, 0.0
5797.0, 3.472035, -5.900486, -0.027468, -9.554699, 1.154709, 0.0
5812.0, 3.462336, -5.950529, -0.027483, -9.554699, 1.154709, 0.0
5830.0, 3.452169, -6.00058, -0.027492, -9.554699, 1.154709, 0.0
5830.0, 3.452169, -6.00058, -0.027492, -9.554699, 1.154709, 0.0
5847.0, 3.441531, -6.050641, -0.027497, -9.554699, 1.154709, 0.0
5847.0, 3.441531, -6.050641, -0.027497, -9.554699, 1.154709, 0.0
5862.0, 3.430419, -6.100708, -0.027497, -9.554699, 1.154709, 0.0
5879.0, 3.418834, -6.150778, -0.027494, -9.554699, 1.154709, 0.0
5879.0, 3.418834, -6.150778, -0.027494, -9.554699, 1.154709, 0.0
5897.0, 3.406773, -6.200854, -0.027489, -9.554699, 1.154709, 0.0
5897.0, 3.406773, -6.200854, -0.027489, -9.554699, 1.154709, 0.0
5912.0, 3.394239, -6.250914, -0.027485, -9.554699, 1.154709, 0.0
5929.0, 3.381228, -6.300972, -0.027479, -9.554699, 1.154709, 0.0
5930.0, 3.381228, -6.300972, -0.027479, -9.554699, 1.154709, 0.0
5945.0, 3.367737, -6.351031, -0.027471, -9.554699, 1.154709, 0.0
5945.0, 3.367737, -6.351031, -0.027471, -9.554699, 1.154709, 0.0
5962.0, 3.353763, -6.401096, -0.027461, -10.024117, 1.326907, 0.0
5980.0, 3.339306, -6.451166, -0.027452, -10.024117, 1.326907, 0.0
5980.0, 3.339306, -6.451166, -0.027452, -10.024117, 1.326907, 0.0
5997.0, 3.324363, -6.50124, -0.027441, -10.024117, 1.326907, 0.0
5997.0, 3.324363, -6.50124, -0.027441, -10.024117, 1.326907, 0.0
6012.0, 3.308929, -6.551337, -0.027429, -10.024117, 1.326907, 0.0
6029.0, 3.293005, -6.601442, -0.027416, -10.024117, 1.326907, 0.0
6029.0, 3.293005, -6.601442, -0.027416, -10.024117, 1.326907, 0.0
6046.0, 3.276592, -6.65155, -0.027405, -10.024117, 1.326907, 0.0
6046.0, 3.276592, -6.65155, -0.027405, -10.024117, 1.326907, 0.0
6063.0, 3.25969, -6.701657, -0.027394, -10.024117, 1.326907, 0.0
6079.0, 3.242298, -6.751763, -0.027385, -10.024117, 1.326907, 0.0
6079.0, 3.242298, -6.751763, -0.027385, -10.024117, 1.326907, 0.0
6097.0, 3.224416, -6.801867, -0.027376, -10.024117, 1.326907, 0.0
6097.0, 3.224416, -6.801867, -0.027376, -10.024117, 1.326907, 0.0
6113.0, 3.20605, -6.851951, -0.027371, -10.024117, 1.326907, 0.0
6129.0, 3.187194, -6.902029, -0.027366, -10.024117, 1.326907, 0.0
6129.0, 3.187194, -6.902029, -0.027366, -10.024117, 1.326907, 0.0
6147.0, 3.167845, -6.952106, -0.02736, -10.024117, 1.326907, 0.0
6147.0, 3.167845, -6.952106, -0.02736, -10.024117, 1.326907, 0.0
6163.0, 3.148002, -7.002185, -0.027353, -10.024117, 1.326907, 0.0
6179.0, 3.127663, -7.052267, -0.027345, -10.024117, 1.326907, 0.0
6179.0, 3.127663, -7.052267, -0.027345, -10.024117, 1.326907, 0.0
6196.0, 3.106829, -7.102351, -0.027337, -10.024117, 1.326907, 0.0
6196.0, 3.106829, -7.102351, -0.027337, -10.024117, 1.326907, 0.0
6212.0, 3.085591, -7.152451, -0.027366, -10.493532, 1.499105, 0.0
6229.0, 3.064085, -7.202543, -0.027475, -10.493532, 1.499105, 0.0
6229.0, 3.064085, -7.202543, -0.027475, -10.493532, 1.499105, 0.0
6246.0, 3.04244, -7.252615, -0.027683, -10.493532, 1.499105, 0.0
6246.0, 3.04244, -7.252615, -0.027683, -10.493532, 1.499105, 0.0
6262.0, 3.020775, -7.30266, -0.027995, -10.493532, 1.499105, 0.0
6279.0, 2.99919, -7.352674, -0.0284, -10.493532, 1.499105, 0.0
6279.0, 2.99919, -7.352674, -0.0284, -10.493532, 1.499105, 0.0
6296.0, 2.977769, -7.402655, -0.028878, -10.493532, 1.499105, 0.0
6296.0, 2.977769, -7.402655, -0.028878, -10.493532, 1.499105, 0.0
6312.0, 2.956589, -7.452585, -0.029411, -10.493532, 1.499105, 0.0
6329.0, 2.935699, -7.502478, -0.029971, -10.493532, 1.499105, 0.0
6329.0, 2.935699, -7.502478, -0.029971, -10.493532, 1.499105, 0.0
6345.0, 2.915141, -7.552341, -0.030535, -10.493532, 1.499105, 0.0
6345.0, 2.915141, -7.552341, -0.030535, -10.493532, 1.499105, 0.0
6362.0, 2.894948, -7.602176, -0.031084, -10.493532, 1.499105, 0.0
6379.0, 2.875147, -7.651984, -0.031603, -10.493532, 1.499105, 0.0
6379.0, 2.875147, -7.651984, -0.031603, -10.493532, 1.499105, 0.0
6397.0, 2.855758, -7.701764, -0.032082, -10.493532, 1.499105, 0.0
6397.0, 2.855758, -7.701764, -0.032082, -10.493532, 1.499105, 0.0
6412.0, 2.836788, -7.751535, -0.03251, -10.493532, 1.499105, 0.0
6429.0, 2.818256, -7.801286, -0.032887, -10.493532, 1.499105, 0.0
6429.0, 2.818256, -7.801286, -0.032887, -10.493532, 1.499105, 0.0
6445.0, 2.800172, -7.85101, -0.033213, -10.493532, 1.499105, 0.0
6445.0, 2.800172, -7.85101, -0.033213, -10.493532, 1.499105, 0.0
6462.0, 2.782544, -7.900705, -0.033491, -10.962949, 1.671303, 0.0
6479.0, 2.765378, -7.950372, -0.033721, -10.962949, 1.671303, 0.0
6479.0, 2.765378, -7.950372, -0.033721, -10.962949, 1.671303, 0.0
6496.0, 2.748678, -8.00001, -0.033909, -10.962949, 1.671303, 0.0
6496.0, 2.748678, -8.00001, -0.033909, -10.962949, 1.671303, 0.0
6512.0, 2.73245, -8.049623, -0.034059, -10.962949, 1.671303, 0.0
6529.0, 2.716694, -8.099213, -0.034176, -10.962949, 1.671303, 0.0
6529.0, 2.716694, -8.099213, -0.034176, -10.962949, 1.671303, 0.0
6546.0, 2.701414, -8.14878, -0.034264, -10.962949, 1.671303, 0.0
6546.0, 2.701414, -8.14878, -0.034264, -10.962949, 1.671303, 0.0
6562.0, 2.686613, -8.198326, -0.03433, -10.962949, 1.671303, 0.0
6579.0, 2.672294, -8.247852, -0.034377, -10.962949, 1.671303, 0.0
6579.0, 2.672294, -8.247852, -0.034377, -10.962949, 1.671303, 0.0
6596.0, 2.658457, -8.297362, -0.034409, -10.962949, 1.671303, 0.0
6596.0, 2.658457, -8.297362, -0.034409, -10.962949, 1.671303, 0.0
6612.0, 2.64511, -8.346837, -0.034433, -10.962949, 1.671303, 0.0
6629.0, 2.632252, -8.396294, -0.034447, -10.962949, 1.671303, 0.0
6629.0, 2.632252, -8.396294, -0.034447, -10.962949, 1.671303, 0.0
6646.0, 2.619882, -8.445738, -0.034455, -10.962949, 1.671303, 0.0
6646.0, 2.619882, -8.445738, -0.034455, -10.962949, 1.671303, 0.0
6661.0, 2.608001, -8.495173, -0.034459, -10.962949, 1.671303, 0.0
6679.0, 2.596612, -8.544601, -0.034459, -10.962949, 1.671303, 0.0
6679.0, 2.596612, -8.544601, -0.034459, -10.962949, 1.671303, 0.0
6696.0, 2.585715, -8.594024, -0.034457, -10.962949, 1.671303, 0.0
6696.0, 2.585715, -8.594024, -0.034457, -10.962949, 1.671303, 0.0
6712.0, 2.575307, -8.64346, -0.034453, -11.432365, 1.843501, 0.0
6729.0, 2.565392, -8.692897, -0.034449, -11.432365, 1.843501, 0.0
6729.0, 2.565392, -8.692897, -0.034449, -11.432365, 1.843501, 0.0
6746.0, 2.555973, -8.74233, -0.034445, -11.432365, 1.843501, 0.0
6746.0, 2.555973, -8.74233, -0.034445, -11.432365, 1.843501, 0.0
6762.0, 2.54705, -8.791756, -0.034442, -11.432365, 1.843501, 0.0
6779.0, 2.538625, -8.841175, -0.034441, -11.432365, 1.843501, 0.0
6779.0, 2.538625, -8.841175, -0.034441, -11.432365, 1.843501, 0.0
6797.0, 2.530699, -8.890589, -0.03444, -11.432365, 1.843501, 0.0
6797.0, 2.530699, -8.890589, -0.03444, -11.432365, 1.843501, 0.0
6812.0, 2.523273, -8.939979, -0.034441, -11.432365, 1.843501, 0.0
6829.0, 2.516347, -8.989359, -0.034443, -11.432365, 1.843501, 0.0
6829.0, 2.516347, -8.989359, -0.034443, -11.432365, 1.843501, 0.0
6845.0, 2.509921, -9.038735, -0.034445, -11.432365, 1.843501, 0.0
6845.0, 2.509921, -9.038735, -0.034445, -11.432365, 1.843501, 0.0
6862.0, 2.503993, -9.088112, -0.034446, -11.432365, 1.843501, 0.0
6879.0, 2.498564, -9.137489, -0.034447, -11.432365, 1.843501, 0.0
6879.0, 2.498564, -9.137489, -0.034447, -11.432365, 1.843501, 0.0
6896.0, 2.493634, -9.186868, -0.034448, -11.432365, 1.843501, 0.0
6896.0, 2.493634, -9.186868, -0.034448, -11.432365, 1.843501, 0.0
6912.0, 2.489202, -9.236266, -0.034448, -11.432365, 1.843501, 0.0
6929.0, 2.48527, -9.285672, -0.034449, -11.432365, 1.843501, 0.0
6929.0, 2.48527, -9.285672, -0.034449, -11.432365, 1.843501, 0.0
6945.0, 2.481836, -9.335077, -0.034449, -11.432365, 1.843501, 0.0
6945.0, 2.481836, -9.335077, -0.034449, -11.432365, 1.843501, 0.0
6962.0, 2.478903, -9.384481, -0.03445, -11.901782, 2.015699, 0.0
6979.0, 2.476469, -9.433883, -0.034451, -11.901782, 2.015699, 0.0
6979.0, 2.476469, -9.433883, -0.034451, -11.901782, 2.015699, 0.0
6997.0, 2.474535, -9.483283, -0.034452, -11.901782, 2.015699, 0.0
6997.0, 2.474535, -9.483283, -0.034452, -11.901782, 2.015699, 0.0
7012.0, 2.473102, -9.532681, -0.034453, -11.901782, 2.015699, 0.0
7029.0, 2.472168, -9.582078, -0.034454, -11.901782, 2.015699, 0.0
7029.0, 2.472168, -9.582078, -0.034454, -11.901782, 2.015699, 0.0
7045.0, 2.471735, -9.631474, -0.034456, -11.901782, 2.015699, 0.0
7045.0, 2.471735, -9.631474, -0.034456, -11.901782, 2.015699, 0.0
7061.0, 2.471802, -9.68087, -0.034458, -11.901782, 2.015699, 0.0
7079.0, 2.472369, -9.730266, -0.03446, -11.901782, 2.015699, 0.0
7079.0, 2.472369, -9.730266, -0.03446, -11.901782, 2.015699, 0.0
7097.0, 2.473436, -9.779661, -0.034463, -11.901782, 2.015699, 0.0
7097.0, 2.473436, -9.779661, -0.034463, -11.901782, 2.015699, 0.0
7112.0, 2.475002, -9.829039, -0.034466, -11.901782, 2.015699, 0.0
7129.0, 2.477068, -9.87841, -0.03447, -11.901782, 2.015699, 0.0
7129.0, 2.477068, -9.87841, -0.03447, -11.901782, 2.015699, 0.0
7145.0, 2.479635, -9.927784, -0.034475, -11.901782, 2.015699, 0.0
7145.0, 2.479635, -9.927784, -0.034475, -11.901782, 2.015699, 0.0
7162.0, 2.482701, -9.97716, -0.034481, -11.901782, 2.015699, 0.0
7179.0, 2.486268, -10.026541, -0.034487, -11.901782, 2.015699, 0.0
7179.0, 2.486268, -10.026541, -0.034487, -11.901782, 2.015699, 0.0
7197.0, 2.490334, -10.075925, -0.034495, -11.901782, 2.015699, 0.0
7197.0, 2.490334, -10.075925, -0.034495, -11.901782, 2.015699, 0.0
7213.0, 2.494903, -10.125331, -0.034504, -12.371198, 2.187897, 0.0
7230.0, 2.499973, -10.174746, -0.034514, -12.371198, 2.187897, 0.0
7230.0, 2.499973, -10.174746, -0.034514, -12.371198, 2.187897, 0.0
7245.0, 2.505543, -10.224162, -0.034524, -12.371198, 2.187897, 0.0
7245.0, 2.505543, -10.224162, -0.034524, -12.371198, 2.187897, 0.0
7262.0, 2.511614, -10.273578, -0.034534, -12.371198, 2.187897, 0.0
7279.0, 2.518184, -10.322991, -0.034544, -12.371198, 2.187897, 0.0
7279.0, 2.518184, -10.322991, -0.034544, -12.371198, 2.187897, 0.0
7297.0, 2.525255, -10.372404, -0.034555, -12.371198, 2.187897, 0.0
7297.0, 2.525255, -10.372404, -0.034555, -12.371198, 2.187897, 0.0
7312.0, 2.532822, -10.421796, -0.034566, -12.371198, 2.187897, 0.0
7329.0, 2.540889, -10.471181, -0.034577, -12.371198, 2.187897, 0.0
7329.0, 2.540889, -10.471181, -0.034577, -12.371198, 2.187897, 0.0
7345.0, 2.549456, -10.520565, -0.034589, -12.371198, 2.187897, 0.0
7345.0, 2.549456, -10.520565, -0.034589, -12.371198, 2.187897, 0.0
7362.0, 2.558523, -10.56995, -0.034602, -12.371198, 2.187897, 0.0
7380.0, 2.568091, -10.619337, -0.034617, -12.371198, 2.187897, 0.0
7380.0, 2.568091, -10.619337, -0.034617, -12.371198, 2.187897, 0.0
7397.0, 2.578159, -10.668725, -0.034633, -12.371198, 2.187897, 0.0
7397.0, 2.578159, -10.668725, -0.034633, -12.371198, 2.187897, 0.0
7412.0, 2.588733, -10.718138, -0.034651, -12.371198, 2.187897, 0.0
7430.0, 2.599808, -10.767552, -0.034669, -12.371198, 2.187897, 0.0
7430.0, 2.599808, -10.767552, -0.034669, -12.371198, 2.187897, 0.0
7447.0, 2.611384, -10.816967, -0.034688, -12.371198, 2.187897, 0.0
7447.0, 2.611384, -10.816967, -0.034688, -12.371198, 2.187897, 0.0
7462.0, 2.62346, -10.866378, -0.034706, -12.840616, 2.360096, 0.0
7479.0, 2.636035, -10.915786, -0.034724, -12.840616, 2.360096, 0.0
7479.0, 2.636035, -10.915786, -0.034724, -12.840616, 2.360096, 0.0
7496.0, 2.649111, -10.965189, -0.034742, -12.840616, 2.360096, 0.0
7496.0, 2.649111, -10.965189, -0.034742, -12.840616, 2.360096, 0.0
7512.0, 2.662681, -11.014568, -0.034758, -12.840616, 2.360096, 0.0
7530.0, 2.67675, -11.063938, -0.034775, -12.840616, 2.360096, 0.0
7530.0, 2.67675, -11.063938, -0.034775, -12.840616, 2.360096, 0.0
7546.0, 2.691319, -11.113304, -0.034794, -12.840616, 2.360096, 0.0
7546.0, 2.691319, -11.113304, -0.034794, -12.840616, 2.360096, 0.0
7562.0, 2.706388, -11.162667, -0.034813, -12.840616, 2.360096, 0.0
7580.0, 2.721957, -11.212029, -0.034835, -12.840616, 2.360096, 0.0
7580.0, 2.721957, -11.212029, -0.034835, -12.840616, 2.360096, 0.0
7597.0, 2.738028, -11.261389, -0.034857, -12.840616, 2.360096, 0.0
7597.0, 2.738028, -11.261389, -0.034857, -12.840616, 2.360096, 0.0
7613.0, 2.754606, -11.310765, -0.034882, -12.840616, 2.360096, 0.0
7630.0, 2.771687, -11.360143, -0.034908, -12.840616, 2.360096, 0.0
7630.0, 2.771687, -11.360143, -0.034908, -12.840616, 2.360096, 0.0
7646.0, 2.789268, -11.409515, -0.034933, -12.840616, 2.360096, 0.0
7646.0, 2.789268, -11.409515, -0.034933, -12.840616, 2.360096, 0.0
7663.0, 2.807349, -11.458879, -0.034957, -12.840616, 2.360096, 0.0
7679.0, 2.82593, -11.508234, -0.03498, -12.840616, 2.360096, 0.0
7679.0, 2.82593, -11.508234, -0.03498, -12.840616, 2.360096, 0.0
7697.0, 2.845011, -11.55758, -0.035003, -12.840616, 2.360096, 0.0
7697.0, 2.845011, -11.55758, -0.035003, -12.840616, 2.360096, 0.0
7712.0, 2.864489, -11.606921, -0.034983, -13.310033, 2.532294, 0.0
7729.0, 2.884236, -11.656266, -0.034884, -13.310033, 2.532294, 0.0
7729.0, 2.884236, -11.656266, -0.034884, -13.310033, 2.532294, 0.0
7746.0, 2.904123, -11.705623, -0.034684, -13.310033, 2.532294, 0.0
7746.0, 2.904123, -11.705623, -0.034684, -13.310033, 2.532294, 0.0
7762.0, 2.924032, -11.754997, -0.034378, -13.310033, 2.532294, 0.0
7779.0, 2.943863, -11.804394, -0.033978, -13.310033, 2.532294, 0.0
7779.0, 2.943863, -11.804394, -0.033978, -13.310033, 2.532294, 0.0
7797.0, 2.963531, -11.853816, -0.0335, -13.310033, 2.532294, 0.0
7797.0, 2.963531, -11.853816, -0.0335, -13.310033, 2.532294, 0.0
7813.0, 2.98296, -11.903249, -0.032965, -13.310033, 2.532294, 0.0
7830.0, 3.0021, -11.952706, -0.032399, -13.310033, 2.532294, 0.0
7830.0, 3.0021, -11.952706, -0.032399, -13.310033, 2.532294, 0.0
7846.0, 3.020909, -12.002194, -0.031824, -13.310033, 2.532294, 0.0
7846.0, 3.020909, -12.002194, -0.031824, -13.310033, 2.532294, 0.0
7863.0, 3.039352, -12.051715, -0.031262, -13.310033, 2.532294, 0.0
7879.0, 3.057403, -12.101267, -0.030725, -13.310033, 2.532294, 0.0
7879.0, 3.057403, -12.101267, -0.030725, -13.310033, 2.532294, 0.0
7897.0, 3.075042, -12.150848, -0.030226, -13.310033, 2.532294, 0.0
7897.0, 3.075042, -12.150848, -0.030226, -13.310033, 2.532294, 0.0
7912.0, 3.09226, -12.200478, -0.029775, -13.310033, 2.532294, 0.0
7929.0, 3.10904, -12.250137, -0.029372, -13.310033, 2.532294, 0.0
7929.0, 3.10904, -12.250137, -0.029372, -13.310033, 2.532294, 0.0
7946.0, 3.12537, -12.299821, -0.029019, -13.310033, 2.532294, 0.0
7946.0, 3.12537, -12.299821, -0.029019, -13.310033, 2.532294, 0.0
7962.0, 3.141243, -12.349526, -0.028713, -13.779449, 2.704492, 0.0
7980.0, 3.156654, -12.39925, -0.028454, -13.779449, 2.704492, 0.0
7980.0, 3.156654, -12.39925, -0.028454, -13.779449, 2.704492, 0.0
7996.0, 3.171597, -12.448992, -0.028237, -13.779449, 2.704492, 0.0
7996.0, 3.171597, -12.448992, -0.028237, -13.779449, 2.704492, 0.0
8013.0, 3.186064, -12.498734, -0.028055, -13.779449, 2.704492, 0.0
8030.0, 3.200057, -12.548488, -0.027908, -13.779449, 2.704492, 0.0
8030.0, 3.200057, -12.548488, -0.027908, -13.779449, 2.704492, 0.0
8046.0, 3.213574, -12.598262, -0.02779, -13.779449, 2.704492, 0.0
8046.0, 3.213574, -12.598262, -0.02779, -13.779449, 2.704492, 0.0
8062.0, 3.226613, -12.648058, -0.027697, -13.779449, 2.704492, 0.0
8080.0, 3.239174, -12.697877, -0.027625, -13.779449, 2.704492, 0.0
8080.0, 3.239174, -12.697877, -0.027625, -13.779449, 2.704492, 0.0
8098.0, 3.251253, -12.747719, -0.02757, -13.779449, 2.704492, 0.0
8098.0, 3.251253, -12.747719, -0.02757, -13.779449, 2.704492, 0.0
8113.0, 3.262852, -12.797604, -0.02753, -13.779449, 2.704492, 0.0
8130.0, 3.273968, -12.847518, -0.0275, -13.779449, 2.704492, 0.0
8130.0, 3.273968, -12.847518, -0.0275, -13.779449, 2.704492, 0.0
8146.0, 3.284597, -12.897456, -0.027477, -13.779449, 2.704492, 0.0
8146.0, 3.284597, -12.897456, -0.027477, -13.779449, 2.704492, 0.0
8163.0, 3.294736, -12.947414, -0.027459, -13.779449, 2.704492, 0.0
8178.0, 3.304384, -12.997395, -0.027444, -13.779449, 2.704492, 0.0
8178.0, 3.304384, -12.997395, -0.027444, -13.779449, 2.704492, 0.0
8196.0, 3.31354, -13.047394, -0.027431, -13.779449, 2.704492, 0.0
8196.0, 3.31354, -13.047394, -0.027431, -13.779449, 2.704492, 0.0
8211.0, 3.322202, -13.097408, -0.02742, -14.248865, 2.87669, 0.0
8229.0, 3.33037, -13.147437, -0.02741, -14.248865, 2.87669, 0.0
8229.0, 3.33037, -13.147437, -0.02741, -14.248865, 2.87669, 0.0
8246.0, 3.338042, -13.197476, -0.027401, -14.248865, 2.87669, 0.0
8246.0, 3.338042, -13.197476, -0.027401, -14.248865, 2.87669, 0.0
8262.0, 3.345219, -13.247525, -0.027392, -14.248865, 2.87669, 0.0
8279.0, 3.351898, -13.297581, -0.027383, -14.248865, 2.87669, 0.0
8279.0, 3.351898, -13.297581, -0.027383, -14.248865, 2.87669, 0.0
8296.0, 3.358081, -13.347642, -0.027374, -14.248865, 2.87669, 0.0
8296.0, 3.358081, -13.347642, -0.027374, -14.248865, 2.87669, 0.0
8312.0, 3.363764, -13.39769, -0.027364, -14.248865, 2.87669, 0.0
8329.0, 3.368948, -13.447736, -0.027354, -14.248865, 2.87669, 0.0
8329.0, 3.368948, -13.447736, -0.027354, -14.248865, 2.87669, 0.0
8346.0, 3.373635, -13.497786, -0.027345, -14.248865, 2.87669, 0.0
8346.0, 3.373635, -13.497786, -0.027345, -14.248865, 2.87669, 0.0
8362.0, 3.377824, -13.547841, -0.027336, -14.248865, 2.87669, 0.0
8379.0, 3.381516, -13.597901, -0.027328, -14.248865, 2.87669, 0.0
8379.0, 3.381516, -13.597901, -0.027328, -14.248865, 2.87669, 0.0
8397.0, 3.384709, -13.647967, -0.027321, -14.248865, 2.87669, 0.0
8397.0, 3.384709, -13.647967, -0.027321, -14.248865, 2.87669, 0.0
8412.0, 3.387405, -13.698056, -0.027314, -14.248865, 2.87669, 0.0
8429.0, 3.389603, -13.748155, -0.027307, -14.248865, 2.87669, 0.0
8429.0, 3.389603, -13.748155, -0.027307, -14.248865, 2.87669, 0.0
8446.0, 3.391302, -13.798255, -0.027301, -14.248865, 2.87669, 0.0
8446.0, 3.391302, -13.798255, -0.027301, -14.248865, 2.87669, 0.0
8462.0, 3.392503, -13.848355, -0.027295, -14.718282, 3.048889, 0.0
8479.0, 3.393204, -13.898455, -0.027289, -14.718282, 3.048889, 0.0
8479.0, 3.393204, -13.898455, -0.027289, -14.718282, 3.048889, 0.0
8496.0, 3.393407, -13.948553, -0.027283, -14.718282, 3.048889, 0.0
8496.0, 3.393407, -13.948553, -0.027283, -14.718282, 3.048889, 0.0
8512.0, 3.393111, -13.998631, -0.027278, -14.718282, 3.048889, 0.0
8529.0, 3.392317, -14.048701, -0.027273, -14.718282, 3.048889, 0.0
8529.0, 3.392317, -14.048701, -0.027273, -14.718282, 3.048889, 0.0
8546.0, 3.391024, -14.098772, -0.027269, -14.718282, 3.048889, 0.0
8546.0, 3.391024, -14.098772, -0.027269, -14.718282, 3.048889, 0.0
8562.0, 3.389233, -14.148845, -0.027265, -14.718282, 3.048889, 0.0
8579.0, 3.386944, -14.19892, -0.027262, -14.718282, 3.048889, 0.0
8579.0, 3.386944, -14.19892, -0.027262, -14.718282, 3.048889, 0.0
8596.0, 3.384157, -14.248999, -0.02726, -14.718282, 3.048889, 0.0
8596.0, 3.384157, -14.248999, -0.02726, -14.718282, 3.048889, 0.0
8611.0, 3.380971, -14.29909, -0.027299, -14.718282, 3.048889, 0.0
8629.0, 3.377516, -14.349171, -0.027416, -14.718282, 3.048889, 0.0
8629.0, 3.377516, -14.349171, -0.027416, -14.718282, 3.048889, 0.0
8645.0, 3.37392, -14.399224, -0.027632, -14.718282, 3.048889, 0.0
8645.0, 3.37392, -14.399224, -0.027632, -14.718282, 3.048889, 0.0
8662.0, 3.370301, -14.449241, -0.027947, -14.718282, 3.048889, 0.0
8679.0, 3.366757, -14.499213, -0.028354, -14.718282, 3.048889, 0.0
8679.0, 3.366757, -14.499213, -0.028354, -14.718282, 3.048889, 0.0
8696.0, 3.363374, -14.549138, -0.028832, -14.718282, 3.048889, 0.0
8696.0, 3.363374, -14.549138, -0.028832, -14.718282, 3.048889, 0.0
8712.0, 3.360219, -14.599012, -0.029358, -15.187699, 3.221087, 0.0
8729.0, 3.357347, -14.648831, -0.02991, -15.187699, 3.221087, 0.0
8729.0, 3.357347, -14.648831, -0.02991, -15.187699, 3.221087, 0.0
8745.0, 3.354804, -14.698595, -0.030466, -15.187699, 3.221087, 0.0
8745.0, 3.354804, -14.698595, -0.030466, -15.187699, 3.221087, 0.0
8762.0, 3.352623, -14.748302, -0.031007, -15.187699, 3.221087, 0.0
8779.0, 3.350831, -14.797949, -0.031517, -15.187699, 3.221087, 0.0
8779.0, 3.350831, -14.797949, -0.031517, -15.187699, 3.221087, 0.0
8796.0, 3.349448, -14.847536, -0.031986, -15.187699, 3.221087, 0.0
8796.0, 3.349448, -14.847536, -0.031986, -15.187699, 3.221087, 0.0
8811.0, 3.348489, -14.897045, -0.032408, -15.187699, 3.221087, 0.0
8828.0, 3.347967, -14.946489, -0.032777, -15.187699, 3.221087, 0.0
8829.0, 3.347967, -14.946489, -0.032777, -15.187699, 3.221087, 0.0
8845.0, 3.34789, -14.995874, -0.033095, -15.187699, 3.221087, 0.0
8845.0, 3.34789, -14.995874, -0.033095, -15.187699, 3.221087, 0.0
8862.0, 3.348266, -15.045203, -0.033361, -15.187699, 3.221087, 0.0
8879.0, 3.349099, -15.094477, -0.033579, -15.187699, 3.221087, 0.0
8879.0, 3.349099, -15.094477, -0.033579, -15.187699, 3.221087, 0.0
8896.0, 3.350394, -15.143694, -0.033754, -15.187699, 3.221087, 0.0
8896.0, 3.350394, -15.143694, -0.033754, -15.187699, 3.221087, 0.0
8912.0, 3.352157, -15.192876, -0.03389, -15.187699, 3.221087, 0.0
8929.0, 3.354389, -15.242008, -0.033993, -15.187699, 3.221087, 0.0
8929.0, 3.354389, -15.242008, -0.033993, -15.187699, 3.221087, 0.0
8945.0, 3.357094, -15.291085, -0.034067, -15.187699, 3.221087, 0.0
8945.0, 3.357094, -15.291085, -0.034067, -15.187699, 3.221087, 0.0
8962.0, 3.360274, -15.340108, -0.034118, -15.657117, 3.393286, 0.0
8979.0, 3.363931, -15.389073, -0.03415, -15.657117, 3.393286, 0.0
8979.0, 3.363931, -15.389073, -0.03415, -15.657117, 3.393286, 0.0
8997.0, 3.368068, -15.437984, -0.034168, -15.657117, 3.393286, 0.0
8997.0, 3.368068, -15.437984, -0.034168, -15.657117, 3.393286, 0.0
9012.0, 3.372685, -15.486822, -0.034174, -15.657117, 3.393286, 0.0
9029.0, 3.377786, -15.535603, -0.034172, -15.657117, 3.393286, 0.0
9029.0, 3.377786, -15.535603, -0.034172, -15.657117, 3.393286, 0.0
9045.0, 3.383373, -15.584332, -0.034165, -15.657117, 3.393286, 0.0
9045.0, 3.383373, -15.584332, -0.034165, -15.657117, 3.393286, 0.0
9062.0, 3.389448, -15.633013, -0.034154, -15.657117, 3.393286, 0.0
