3.0, 0.0, 0.0, 0.002231, 2.29664, -5.543054, 0.0
3.0, 0.0, 0.0, 0.002231, 2.29664, -5.543054, 0.0
3.0, 0.0, 0.0, 0.002231, 2.29664, -5.543054, 0.0
16.0, -0.000085, -0.000251, -0.004067, 2.29664, -5.543054, 0.0
16.0, -0.000085, -0.000251, -0.004067, 2.29664, -5.543054, 0.0
31.0, -0.000246, -0.000336, -0.009465, 2.29664, -5.543054, 0.0
31.0, -0.000246, -0.000336, -0.009465, 2.29664, -5.543054, 0.0
46.0, -0.000506, -0.000163, -0.012079, 2.29664, -5.543054, 0.0
64.0, -0.000909, 0.000202, -0.01301, 2.29664, -5.543054, 0.0
64.0, -0.000909, 0.000202, -0.01301, 2.29664, -5.543054, 0.0
81.0, -0.001504, 0.000652, -0.012705, 2.29664, -5.543054, 0.0
81.0, -0.001504, 0.000652, -0.012705, 2.29664, -5.543054, 0.0
97.0, -0.002339, 0.001077, -0.011539, 2.29664, -5.543054, 0.0
114.0, -0.003458, 0.001373, -0.009818, 2.29664, -5.543054, 0.0
114.0, -0.003458, 0.001373, -0.009818, 2.29664, -5.543054, 0.0
131.0, -0.004717, 0.001418, -0.007811, 2.29664, -5.543054, 0.0
131.0, -0.004717, 0.001418, -0.007811, 2.29664, -5.543054, 0.0
153.0, -0.006307, 0.001548, -0.005723, 2.29664, -5.543054, 0.0
165.0, -0.008343, 0.001776, -0.003265, 2.29664, -5.543054, 0.0
165.0, -0.008343, 0.001776, -0.003265, 2.29664, -5.543054, 0.0
183.0, -0.010959, 0.002088, -0.000262, 2.06004, -5.308248, 0.0
183.0, -0.010959, 0.002088, -0.000262, 2.06004, -5.308248, 0.0
200.0, -0.014196, 0.00256, 0.002732, 2.06004, -5.308248, 0.0
200.0, -0.014196, 0.00256, 0.002732, 2.06004, -5.308248, 0.0
222.0, -0.017084, 0.003179, 0.001988, 2.06004, -5.308248, 0.0
241.0, -0.02083, 0.004158, 0.002323, 2.06004, -5.308248, 0.0
241.0, -0.02083, 0.004158, 0.002323, 2.06004, -5.308248, 0.0
289.0, -0.028919, 0.006366, 0.003408, 2.06004, -5.308248, 0.0
289.0, -0.028919, 0.006366, 0.003408, 2.06004, -5.308248, 0.0
289.0, -0.028919, 0.006366, 0.003408, 2.06004, -5.308248, 0.0
289.0, -0.028919, 0.006366, 0.003408, 2.06004, -5.308248, 0.0
324.0, -0.039694, 0.009206, 0.005328, 2.06004, -5.308248, 0.0
324.0, -0.039694, 0.009206, 0.005328, 2.06004, -5.308248, 0.0
324.0, -0.039694, 0.009206, 0.005328, 2.06004, -5.308248, 0.0
324.0, -0.039694, 0.009206, 0.005328, 2.06004, -5.308248, 0.0
324.0, -0.039694, 0.009206, 0.005328, 2.06004, -5.308248, 0.0
339.0, -0.047243, 0.011094, 0.006649, 2.06004, -5.308248, 0.0
339.0, -0.047243, 0.011094, 0.006649, 2.06004, -5.308248, 0.0
357.0, -0.055928, 0.013225, 0.007901, 2.06004, -5.308248, 0.0
372.0, -0.065094, 0.015433, 0.008687, 2.06004, -5.308248, 0.0
372.0, -0.065094, 0.015433, 0.008687, 2.06004, -5.308248, 0.0
389.0, -0.074663, 0.017707, 0.009191, 2.06004, -5.308248, 0.0
389.0, -0.074663, 0.017707, 0.009191, 2.06004, -5.308248, 0.0
405.0, -0.084576, 0.020028, 0.009342, 2.06004, -5.308248, 0.0
424.0, -0.094823, 0.022395, 0.009365, 2.06004, -5.308248, 0.0
424.0, -0.094823, 0.022395, 0.009365, 2.06004, -5.308248, 0.0
439.0, -0.105794, 0.024895, 0.009326, 1.693632, -4.944618, 0.0
439.0, -0.105794, 0.024895, 0.009326, 1.693632, -4.944618, 0.0
455.0, -0.117242, 0.027476, 0.009258, 1.693632, -4.944618, 0.0
471.0, -0.129076, 0.030116, 0.009028, 1.693632, -4.944618, 0.0
471.0, -0.129076, 0.030116, 0.009028, 1.693632, -4.944618, 0.0
488.0, -0.141272, 0.032814, 0.008806, 1.693632, -4.944618, 0.0
488.0, -0.141272, 0.032814, 0.008806, 1.693632, -4.944618, 0.0
505.0, -0.153832, 0.035569, 0.008494, 1.693632, -4.944618, 0.0
532.0, -0.16677, 0.03839, 0.008255, 1.693632, -4.944618, 0.0
532.0, -0.16677, 0.03839, 0.008255, 1.693632, -4.944618, 0.0
564.0, -0.192911, 0.044053, 0.007808, 1.693632, -4.944618, 0.0
564.0, -0.192911, 0.044053, 0.007808, 1.693632, -4.944618, 0.0
564.0, -0.192911, 0.044053, 0.007808, 1.693632, -4.944618, 0.0
564.0, -0.192911, 0.044053, 0.007808, 1.693632, -4.944618, 0.0
596.0, -0.22143, 0.05022, 0.008531, 1.693632, -4.944618, 0.0
596.0, -0.22143, 0.05022, 0.008531, 1.693632, -4.944618, 0.0
596.0, -0.22143, 0.05022, 0.008531, 1.693632, -4.944618, 0.0
619.0, -0.237327, 0.053663, 0.009032, 1.693632, -4.944618, 0.0
619.0, -0.237327, 0.053663, 0.009032, 1.693632, -4.944618, 0.0
629.0, -0.255378, 0.057584, 0.010009, 1.693632, -4.944618, 0.0
629.0, -0.255378, 0.057584, 0.010009, 1.693632, -4.944618, 0.0
647.0, -0.274155, 0.061675, 0.010606, 1.693632, -4.944618, 0.0
672.0, -0.303178, 0.068011, 0.010994, 1.693632, -4.944618, 0.0
672.0, -0.303178, 0.068011, 0.010994, 1.693632, -4.944618, 0.0
672.0, -0.303178, 0.068011, 0.010994, 1.693632, -4.944618, 0.0
688.0, -0.322518, 0.072242, 0.010803, 1.339947, -4.593615, 0.0
688.0, -0.322518, 0.072242, 0.010803, 1.339947, -4.593615, 0.0
704.0, -0.342107, 0.076526, 0.010464, 1.339947, -4.593615, 0.0
723.0, -0.361918, 0.080855, 0.00992, 1.339947, -4.593615, 0.0
723.0, -0.361918, 0.080855, 0.00992, 1.339947, -4.593615, 0.0
738.0, -0.379791, 0.084753, 0.008567, 1.339947, -4.593615, 0.0
738.0, -0.379791, 0.084753, 0.008567, 1.339947, -4.593615, 0.0
754.0, -0.397293, 0.088559, 0.007294, 1.339947, -4.593615, 0.0
776.0, -0.417501, 0.092949, 0.006411, 1.339947, -4.593615, 0.0
776.0, -0.417501, 0.092949, 0.006411, 1.339947, -4.593615, 0.0
794.0, -0.435916, 0.096957, 0.006029, 1.339947, -4.593615, 0.0
794.0, -0.435916, 0.096957, 0.006029, 1.339947, -4.593615, 0.0
814.0, -0.455024, 0.101129, 0.006075, 1.339947, -4.593615, 0.0
839.0, -0.491006, 0.109025, 0.006566, 1.339947, -4.593615, 0.0
839.0, -0.491006, 0.109025, 0.006566, 1.339947, -4.593615, 0.0
839.0, -0.491006, 0.109025, 0.006566, 1.339947, -4.593615, 0.0
839.0, -0.491006, 0.109025, 0.006566, 1.339947, -4.593615, 0.0
854.0, -0.510966, 0.113454, 0.006896, 1.339947, -4.593615, 0.0
872.0, -0.531578, 0.118061, 0.007368, 1.339947, -4.593615, 0.0
872.0, -0.531578, 0.118061, 0.007368, 1.339947, -4.593615, 0.0
887.0, -0.552806, 0.122841, 0.007946, 1.339947, -4.593615, 0.0
887.0, -0.552806, 0.122841, 0.007946, 1.339947, -4.593615, 0.0
904.0, -0.574712, 0.127807, 0.008474, 1.339947, -4.593615, 0.0
941.0, -0.597368, 0.132974, 0.009053, 1.339947, -4.593615, 0.0
941.0, -0.597368, 0.132974, 0.009053, 1.339947, -4.593615, 0.0
967.0, -0.654844, 0.146196, 0.014708, 0.985448, -4.241804, 0.0
967.0, -0.654844, 0.146196, 0.014708, 0.985448, -4.241804, 0.0
967.0, -0.654844, 0.146196, 0.014708, 0.985448, -4.241804, 0.0
967.0, -0.654844, 0.146196, 0.014708, 0.985448, -4.241804, 0.0
985.0, -0.688195, 0.154075, 0.017941, 0.985448, -4.241804, 0.0
985.0, -0.688195, 0.154075, 0.017941, 0.985448, -4.241804, 0.0
998.0, -0.722752, 0.162363, 0.019896, 0.985448, -4.241804, 0.0
998.0, -0.722752, 0.162363, 0.019896, 0.985448, -4.241804, 0.0
1017.0, -0.757134, 0.170662, 0.020189, 0.985448, -4.241804, 0.0
1031.0, -0.788531, 0.178225, 0.018298, 0.985448, -4.241804, 0.0
1031.0, -0.788531, 0.178225, 0.018298, 0.985448, -4.241804, 0.0
1048.0, -0.818594, 0.185395, 0.015843, 0.985448, -4.241804, 0.0
1048.0, -0.818594, 0.185395, 0.015843, 0.985448, -4.241804, 0.0
1070.0, -0.84807, 0.192338, 0.013347, 0.985448, -4.241804, 0.0
1100.0, -0.897965, 0.203949, 0.009745, 0.985448, -4.241804, 0.0
1100.0, -0.897965, 0.203949, 0.009745, 0.985448, -4.241804, 0.0
1100.0, -0.897965, 0.203949, 0.009745, 0.985448, -4.241804, 0.0
1115.0, -0.933991, 0.212231, 0.007621, 0.985448, -4.241804, 0.0
1115.0, -0.933991, 0.212231, 0.007621, 0.985448, -4.241804, 0.0
1130.0, -0.962046, 0.218623, 0.006043, 0.985448, -4.241804, 0.0
1130.0, -0.962046, 0.218623, 0.006043, 0.985448, -4.241804, 0.0
1148.0, -0.989737, 0.224894, 0.004791, 0.985448, -4.241804, 0.0
1148.0, -0.989737, 0.224894, 0.004791, 0.985448, -4.241804, 0.0
1164.0, -1.017284, 0.231109, 0.004009, 0.985448, -4.241804, 0.0
1186.0, -1.044732, 0.237291, 0.003504, 0.640277, -3.89925, 0.0
1186.0, -1.044732, 0.237291, 0.003504, 0.640277, -3.89925, 0.0
1206.0, -1.08548, 0.24646, 0.003247, 0.640277, -3.89925, 0.0
1206.0, -1.08548, 0.24646, 0.003247, 0.640277, -3.89925, 0.0
1231.0, -1.112523, 0.252541, 0.003107, 0.640277, -3.89925, 0.0
1231.0, -1.112523, 0.252541, 0.003107, 0.640277, -3.89925, 0.0
1255.0, -1.158871, 0.26294, 0.002191, 0.640277, -3.89925, 0.0
1255.0, -1.158871, 0.26294, 0.002191, 0.640277, -3.89925, 0.0
1255.0, -1.158871, 0.26294, 0.002191, 0.640277, -3.89925, 0.0
1269.0, -1.183488, 0.268425, 0.001671, 0.640277, -3.89925, 0.0
1269.0, -1.183488, 0.268425, 0.001671, 0.640277, -3.89925, 0.0
1286.0, -1.207854, 0.273818, 0.001508, 0.640277, -3.89925, 0.0
1302.0, -1.232052, 0.279144, 0.001503, 0.640277, -3.89925, 0.0
1302.0, -1.232052, 0.279144, 0.001503, 0.640277, -3.89925, 0.0
1322.0, -1.256235, 0.284439, 0.001707, 0.640277, -3.89925, 0.0
1322.0, -1.256235, 0.284439, 0.001707, 0.640277, -3.89925, 0.0
1336.0, -1.281772, 0.290005, 0.002626, 0.640277, -3.89925, 0.0
1353.0, -1.307527, 0.2956, 0.003539, 0.640277, -3.89925, 0.0
1353.0, -1.307527, 0.2956, 0.003539, 0.640277, -3.89925, 0.0
1370.0, -1.33295, 0.301099, 0.004071, 0.640277, -3.89925, 0.0
1370.0, -1.33295, 0.301099, 0.004071, 0.640277, -3.89925, 0.0
1390.0, -1.358431, 0.306572, 0.004331, 0.640277, -3.89925, 0.0
1415.0, -1.396058, 0.314574, 0.004239, 0.640277, -3.89925, 0.0
1415.0, -1.396058, 0.314574, 0.004239, 0.640277, -3.89925, 0.0
1415.0, -1.396058, 0.314574, 0.004239, 0.640277, -3.89925, 0.0
1430.0, -1.420027, 0.319576, 0.004229, 0.287029, -3.548681, 0.0
1430.0, -1.420027, 0.319576, 0.004229, 0.287029, -3.548681, 0.0
1446.0, -1.443491, 0.324389, 0.004068, 0.287029, -3.548681, 0.0
1464.0, -1.466426, 0.32901, 0.00377, 0.287029, -3.548681, 0.0
1464.0, -1.466426, 0.32901, 0.00377, 0.287029, -3.548681, 0.0
1479.0, -1.488513, 0.333378, 0.003275, 0.287029, -3.548681, 0.0
1479.0, -1.488513, 0.333378, 0.003275, 0.287029, -3.548681, 0.0
1496.0, -1.509912, 0.337523, 0.002777, 0.287029, -3.548681, 0.0
1513.0, -1.530649, 0.341452, 0.002209, 0.287029, -3.548681, 0.0
1513.0, -1.530649, 0.341452, 0.002209, 0.287029, -3.548681, 0.0
1529.0, -1.549863, 0.345008, 0.001368, 0.287029, -3.548681, 0.0
1529.0, -1.549863, 0.345008, 0.001368, 0.287029, -3.548681, 0.0
1549.0, -1.568537, 0.348373, 0.000563, 0.287029, -3.548681, 0.0
1566.0, -1.586404, 0.351504, 0.000058, 0.287029, -3.548681, 0.0
1566.0, -1.586404, 0.351504, 0.000058, 0.287029, -3.548681, 0.0
1589.0, -1.61303, 0.356036, -0.00043, 0.287029, -3.548681, 0.0
1589.0, -1.61303, 0.356036, -0.00043, 0.287029, -3.548681, 0.0
1589.0, -1.61303, 0.356036, -0.00043, 0.287029, -3.548681, 0.0
1604.0, -1.629933, 0.358797, -0.000551, 0.287029, -3.548681, 0.0
1630.0, -1.646463, 0.361398, -0.000537, 0.287029, -3.548681, 0.0
1630.0, -1.646463, 0.361398, -0.000537, 0.287029, -3.548681, 0.0
1639.0, -1.661795, 0.363727, -0.00076, 0.287029, -3.548681, 0.0
1639.0, -1.661795, 0.363727, -0.00076, 0.287029, -3.548681, 0.0
1656.0, -1.676571, 0.365884, -0.000989, 0.287029, -3.548681, 0.0
1680.0, -1.690911, 0.367888, -0.001014, 0.287029, -3.548681, 0.0
1680.0, -1.690911, 0.367888, -0.001014, 0.287029, -3.548681, 0.0
1689.0, -1.704967, 0.369761, -0.00098, -0.081242, -3.183202, 0.0
1689.0, -1.704967, 0.369761, -0.00098, -0.081242, -3.183202, 0.0
1706.0, -1.71875, 0.371506, -0.000806, -0.081242, -3.183202, 0.0
1722.0, -1.732248, 0.373117, -0.000659, -0.081242, -3.183202, 0.0
1722.0, -1.732248, 0.373117, -0.000659, -0.081242, -3.183202, 0.0
1739.0, -1.746192, 0.374672, -0.000137, -0.081242, -3.183202, 0.0
1739.0, -1.746192, 0.374672, -0.000137, -0.081242, -3.183202, 0.0
1754.0, -1.759993, 0.3761, 0.000257, -0.081242, -3.183202, 0.0
1772.0, -1.773404, 0.377369, 0.000539, -0.081242, -3.183202, 0.0
1772.0, -1.773404, 0.377369, 0.000539, -0.081242, -3.183202, 0.0
1789.0, -1.786354, 0.378465, 0.000584, -0.081242, -3.183202, 0.0
1789.0, -1.786354, 0.378465, 0.000584, -0.081242, -3.183202, 0.0
1806.0, -1.798757, 0.379377, 0.000545, -0.081242, -3.183202, 0.0
1824.0, -1.810605, 0.3801, 0.000342, -0.081242, -3.183202, 0.0
1824.0, -1.810605, 0.3801, 0.000342, -0.081242, -3.183202, 0.0
1839.0, -1.82192, 0.380636, 0.000131, -0.081242, -3.183202, 0.0
1839.0, -1.82192, 0.380636, 0.000131, -0.081242, -3.183202, 0.0
1855.0, -1.832708, 0.380982, -0.000176, -0.081242, -3.183202, 0.0
1873.0, -1.842979, 0.381142, -0.000442, -0.081242, -3.183202, 0.0
1873.0, -1.842979, 0.381142, -0.000442, -0.081242, -3.183202, 0.0
1889.0, -1.85274, 0.381113, -0.000767, -0.081242, -3.183202, 0.0
1889.0, -1.85274, 0.381113, -0.000767, -0.081242, -3.183202, 0.0
1906.0, -1.862002, 0.380901, -0.001029, -0.081242, -3.183202, 0.0
1926.0, -1.870766, 0.380503, -0.001333, -0.081242, -3.183202, 0.0
1926.0, -1.870766, 0.380503, -0.001333, -0.081242, -3.183202, 0.0
1943.0, -1.880772, 0.379803, -0.001607, -0.436239, -2.830896, 0.0
1943.0, -1.880772, 0.379803, -0.001607, -0.436239, -2.830896, 0.0
1959.0, -1.888477, 0.379013, -0.001918, -0.436239, -2.830896, 0.0
1959.0, -1.888477, 0.379013, -0.001918, -0.436239, -2.830896, 0.0
1975.0, -1.895694, 0.378031, -0.002159, -0.436239, -2.830896, 0.0
1992.0, -1.902425, 0.376862, -0.002432, -0.436239, -2.830896, 0.0
1992.0, -1.902425, 0.376862, -0.002432, -0.436239, -2.830896, 0.0
2012.0, -1.908684, 0.375514, -0.002654, -0.436239, -2.830896, 0.0
2012.0, -1.908684, 0.375514, -0.002654, -0.436239, -2.830896, 0.0
2036.0, -1.915017, 0.373822, -0.002676, -0.436239, -2.830896, 0.0
2059.0, -1.925758, 0.37035, -0.002747, -0.436239, -2.830896, 0.0
2059.0, -1.925758, 0.37035, -0.002747, -0.436239, -2.830896, 0.0
2059.0, -1.925758, 0.37035, -0.002747, -0.436239, -2.830896, 0.0
2076.0, -1.931062, 0.367962, -0.003185, -0.436239, -2.830896, 0.0
2076.0, -1.931062, 0.367962, -0.003185, -0.436239, -2.830896, 0.0
2092.0, -1.935317, 0.36549, -0.003562, -0.436239, -2.830896, 0.0
2093.0, -1.935317, 0.36549, -0.003562, -0.436239, -2.830896, 0.0
2110.0, -1.938942, 0.362829, -0.004008, -0.436239, -2.830896, 0.0
2110.0, -1.938942, 0.362829, -0.004008, -0.436239, -2.830896, 0.0
2125.0, -1.941775, 0.36025, -0.00458, -0.436239, -2.830896, 0.0
2140.0, -1.944056, 0.357593, -0.005084, -0.436239, -2.830896, 0.0
2140.0, -1.944056, 0.357593, -0.005084, -0.436239, -2.830896, 0.0
2158.0, -1.945888, 0.354776, -0.005531, -0.436239, -2.830896, 0.0
2158.0, -1.945888, 0.354776, -0.005531, -0.436239, -2.830896, 0.0
2174.0, -1.947308, 0.351771, -0.00586, -0.771312, -2.498364, 0.0
2191.0, -1.94833, 0.348554, -0.006149, -0.771312, -2.498364, 0.0
2191.0, -1.94833, 0.348554, -0.006149, -0.771312, -2.498364, 0.0
2212.0, -1.948957, 0.345103, -0.006335, -0.771312, -2.498364, 0.0
2212.0, -1.948957, 0.345103, -0.006335, -0.771312, -2.498364, 0.0
2225.0, -1.949168, 0.341492, -0.006444, -0.771312, -2.498364, 0.0
2245.0, -1.948965, 0.337666, -0.0065, -0.771312, -2.498364, 0.0
2245.0, -1.948965, 0.337666, -0.0065, -0.771312, -2.498364, 0.0
2275.0, -1.947908, 0.330885, -0.006496, -0.771312, -2.498364, 0.0
2275.0, -1.947908, 0.330885, -0.006496, -0.771312, -2.498364, 0.0
2275.0, -1.947908, 0.330885, -0.006496, -0.771312, -2.498364, 0.0
2302.0, -1.945593, 0.323293, -0.006728, -0.771312, -2.498364, 0.0
2302.0, -1.945593, 0.323293, -0.006728, -0.771312, -2.498364, 0.0
2302.0, -1.945593, 0.323293, -0.006728, -0.771312, -2.498364, 0.0
2323.0, -1.943416, 0.318486, -0.007078, -0.771312, -2.498364, 0.0
2323.0, -1.943416, 0.318486, -0.007078, -0.771312, -2.498364, 0.0
2334.0, -1.940777, 0.31359, -0.007348, -0.771312, -2.498364, 0.0
2358.0, -1.937244, 0.307796, -0.007672, -0.771312, -2.498364, 0.0
2358.0, -1.937244, 0.307796, -0.007672, -0.771312, -2.498364, 0.0
2370.0, -1.933675, 0.302526, -0.007953, -0.771312, -2.498364, 0.0
2370.0, -1.933675, 0.302526, -0.007953, -0.771312, -2.498364, 0.0
2388.0, -1.929633, 0.297029, -0.008197, -0.771312, -2.498364, 0.0
2388.0, -1.929633, 0.297029, -0.008197, -0.771312, -2.498364, 0.0
2415.0, -1.923385, 0.289098, -0.008484, -0.771312, -2.498364, 0.0
2415.0, -1.923385, 0.289098, -0.008484, -0.771312, -2.498364, 0.0
2427.0, -1.917655, 0.282387, -0.008998, -1.129956, -2.14244, 0.0
2427.0, -1.917655, 0.282387, -0.008998, -1.129956, -2.14244, 0.0
2454.0, -1.90726, 0.270872, -0.00971, -1.129956, -2.14244, 0.0
2454.0, -1.90726, 0.270872, -0.00971, -1.129956, -2.14244, 0.0
2474.0, -1.900039, 0.263409, -0.010143, -1.129956, -2.14244, 0.0
2474.0, -1.900039, 0.263409, -0.010143, -1.129956, -2.14244, 0.0
2497.0, -1.88803, 0.251597, -0.010463, -1.129956, -2.14244, 0.0
2497.0, -1.88803, 0.251597, -0.010463, -1.129956, -2.14244, 0.0
2497.0, -1.88803, 0.251597, -0.010463, -1.129956, -2.14244, 0.0
2515.0, -1.879684, 0.243829, -0.010668, -1.129956, -2.14244, 0.0
2530.0, -1.87143, 0.236432, -0.01055, -1.129956, -2.14244, 0.0
2530.0, -1.87143, 0.236432, -0.01055, -1.129956, -2.14244, 0.0
2547.0, -1.862935, 0.229059, -0.010375, -1.129956, -2.14244, 0.0
2547.0, -1.862935, 0.229059, -0.010375, -1.129956, -2.14244, 0.0
2564.0, -1.854052, 0.221557, -0.010239, -1.129956, -2.14244, 0.0
2581.0, -1.84472, 0.21386, -0.010168, -1.129956, -2.14244, 0.0
2581.0, -1.84472, 0.21386, -0.010168, -1.129956, -2.14244, 0.0
2598.0, -1.834913, 0.205944, -0.010161, -1.129956, -2.14244, 0.0
2598.0, -1.834913, 0.205944, -0.010161, -1.129956, -2.14244, 0.0
2626.0, -1.823637, 0.197024, -0.010215, -1.129956, -2.14244, 0.0
2651.0, -1.802214, 0.180414, -0.010548, -1.129956, -2.14244, 0.0
2651.0, -1.802214, 0.180414, -0.010548, -1.129956, -2.14244, 0.0
2651.0, -1.802214, 0.180414, -0.010548, -1.129956, -2.14244, 0.0
2651.0, -1.802214, 0.180414, -0.010548, -1.129956, -2.14244, 0.0
2673.0, -1.79031, 0.171482, -0.011045, -1.129956, -2.14244, 0.0
2707.0, -1.765396, 0.153189, -0.011793, -1.49351, -1.781641, 0.0
2707.0, -1.765396, 0.153189, -0.011793, -1.49351, -1.781641, 0.0
2707.0, -1.765396, 0.153189, -0.011793, -1.49351, -1.781641, 0.0
2707.0, -1.765396, 0.153189, -0.011793, -1.49351, -1.781641, 0.0
2724.0, -1.751246, 0.143127, -0.012603, -1.49351, -1.781641, 0.0
2724.0, -1.751246, 0.143127, -0.012603, -1.49351, -1.781641, 0.0
2739.0, -1.736739, 0.133008, -0.01302, -1.49351, -1.781641, 0.0
2739.0, -1.736739, 0.133008, -0.01302, -1.49351, -1.781641, 0.0
2756.0, -1.721845, 0.122766, -0.01332, -1.49351, -1.781641, 0.0
2772.0, -1.70659, 0.112394, -0.013529, -1.49351, -1.781641, 0.0
2772.0, -1.70659, 0.112394, -0.013529, -1.49351, -1.781641, 0.0
2790.0, -1.690966, 0.101883, -0.013608, -1.49351, -1.781641, 0.0
2790.0, -1.690966, 0.101883, -0.013608, -1.49351, -1.781641, 0.0
2807.0, -1.674955, 0.091213, -0.013617, -1.49351, -1.781641, 0.0
2826.0, -1.658546, 0.080376, -0.013587, -1.49351, -1.781641, 0.0
2826.0, -1.658546, 0.080376, -0.013587, -1.49351, -1.781641, 0.0
2841.0, -1.64099, 0.068878, -0.013823, -1.49351, -1.781641, 0.0
2841.0, -1.64099, 0.068878, -0.013823, -1.49351, -1.781641, 0.0
2857.0, -1.622796, 0.057061, -0.014019, -1.49351, -1.781641, 0.0
2873.0, -1.604172, 0.045065, -0.014101, -1.49351, -1.781641, 0.0
2873.0, -1.604172, 0.045065, -0.014101, -1.49351, -1.781641, 0.0
2889.0, -1.585192, 0.032941, -0.014076, -1.49351, -1.781641, 0.0
2889.0, -1.585192, 0.032941, -0.014076, -1.49351, -1.781641, 0.0
2906.0, -1.565878, 0.020698, -0.013978, -1.49351, -1.781641, 0.0
2925.0, -1.546224, 0.008332, -0.013842, -1.49351, -1.781641, 0.0
2925.0, -1.546224, 0.008332, -0.013842, -1.49351, -1.781641, 0.0
2939.0, -1.526233, -0.004158, -0.013693, -1.85657, -1.421334, 0.0
2939.0, -1.526233, -0.004158, -0.013693, -1.85657, -1.421334, 0.0
2959.0, -1.505879, -0.016788, -0.013558, -1.85657, -1.421334, 0.0
2981.0, -1.475049, -0.035794, -0.013416, -1.85657, -1.421334, 0.0
2981.0, -1.475049, -0.035794, -0.013416, -1.85657, -1.421334, 0.0
2981.0, -1.475049, -0.035794, -0.013416, -1.85657, -1.421334, 0.0
2999.0, -1.453536, -0.048938, -0.013477, -1.85657, -1.421334, 0.0
2999.0, -1.453536, -0.048938, -0.013477, -1.85657, -1.421334, 0.0
3031.0, -1.412705, -0.073702, -0.013694, -1.85657, -1.421334, 0.0
3031.0, -1.412705, -0.073702, -0.013694, -1.85657, -1.421334, 0.0
3031.0, -1.412705, -0.073702, -0.013694, -1.85657, -1.421334, 0.0
3046.0, -1.391077, -0.08667, -0.013693, -1.85657, -1.421334, 0.0
3074.0, -1.369048, -0.099772, -0.013622, -1.85657, -1.421334, 0.0
3074.0, -1.369048, -0.099772, -0.013622, -1.85657, -1.421334, 0.0
3101.0, -1.324451, -0.126135, -0.013777, -1.85657, -1.421334, 0.0
3101.0, -1.324451, -0.126135, -0.013777, -1.85657, -1.421334, 0.0
3101.0, -1.324451, -0.126135, -0.013777, -1.85657, -1.421334, 0.0
3101.0, -1.324451, -0.126135, -0.013777, -1.85657, -1.421334, 0.0
3127.0, -1.300614, -0.140081, -0.014414, -1.85657, -1.421334, 0.0
3149.0, -1.244059, -0.172944, -0.018559, -1.85657, -1.421334, 0.0
3149.0, -1.244059, -0.172944, -0.018559, -1.85657, -1.421334, 0.0
3149.0, -1.244059, -0.172944, -0.018559, -1.85657, -1.421334, 0.0
3149.0, -1.244059, -0.172944, -0.018559, -1.85657, -1.421334, 0.0
3167.0, -1.213822, -0.190274, -0.020333, -1.85657, -1.421334, 0.0
3182.0, -1.182998, -0.20777, -0.021105, -2.200692, -1.079822, 0.0
3182.0, -1.182998, -0.20777, -0.021105, -2.200692, -1.079822, 0.0
3198.0, -1.152158, -0.225167, -0.021076, -2.200692, -1.079822, 0.0
3198.0, -1.152158, -0.225167, -0.021076, -2.200692, -1.079822, 0.0
3216.0, -1.121469, -0.242423, -0.02046, -2.200692, -1.079822, 0.0
3233.0, -1.093595, -0.258053, -0.018431, -2.200692, -1.079822, 0.0
3233.0, -1.093595, -0.258053, -0.018431, -2.200692, -1.079822, 0.0
3250.0, -1.066537, -0.273228, -0.016395, -2.200692, -1.079822, 0.0
3250.0, -1.066537, -0.273228, -0.016395, -2.200692, -1.079822, 0.0
3270.0, -1.039426, -0.288451, -0.014819, -2.200692, -1.079822, 0.0
3290.0, -0.99949, -0.310886, -0.013342, -2.200692, -1.079822, 0.0
3290.0, -0.99949, -0.310886, -0.013342, -2.200692, -1.079822, 0.0
3290.0, -0.99949, -0.310886, -0.013342, -2.200692, -1.079822, 0.0
3308.0, -0.971048, -0.326833, -0.012983, -2.200692, -1.079822, 0.0
3324.0, -0.941995, -0.34307, -0.013027, -2.200692, -1.079822, 0.0
3324.0, -0.941995, -0.34307, -0.013027, -2.200692, -1.079822, 0.0
3354.0, -0.910994, -0.360315, -0.01275, -2.200692, -1.079822, 0.0
3354.0, -0.910994, -0.360315, -0.01275, -2.200692, -1.079822, 0.0
3382.0, -0.854246, -0.391736, -0.012743, -2.200692, -1.079822, 0.0
3382.0, -0.854246, -0.391736, -0.012743, -2.200692, -1.079822, 0.0
3382.0, -0.854246, -0.391736, -0.012743, -2.200692, -1.079822, 0.0
3382.0, -0.854246, -0.391736, -0.012743, -2.200692, -1.079822, 0.0
3429.0, -0.793866, -0.424872, -0.014639, -2.200692, -1.079822, 0.0
3429.0, -0.793866, -0.424872, -0.014639, -2.200692, -1.079822, 0.0
3429.0, -0.793866, -0.424872, -0.014639, -2.200692, -1.079822, 0.0
3429.0, -0.793866, -0.424872, -0.014639, -2.200692, -1.079822, 0.0
3429.0, -0.793866, -0.424872, -0.014639, -2.200692, -1.079822, 0.0
3444.0, -0.757647, -0.444436, -0.01786, -2.573694, -0.709649, 0.0
3461.0, -0.719091, -0.465035, -0.020888, -2.573694, -0.709649, 0.0
3461.0, -0.719091, -0.465035, -0.020888, -2.573694, -0.709649, 0.0
3480.0, -0.676046, -0.487821, -0.023215, -2.573694, -0.709649, 0.0
3480.0, -0.676046, -0.487821, -0.023215, -2.573694, -0.709649, 0.0
3496.0, -0.636629, -0.508543, -0.024357, -2.573694, -0.709649, 0.0
3514.0, -0.597303, -0.529132, -0.024679, -2.573694, -0.709649, 0.0
3514.0, -0.597303, -0.529132, -0.024679, -2.573694, -0.709649, 0.0
3529.0, -0.552319, -0.552678, -0.026628, -2.573694, -0.709649, 0.0
3529.0, -0.552319, -0.552678, -0.026628, -2.573694, -0.709649, 0.0
3545.0, -0.505945, -0.576905, -0.027799, -2.573694, -0.709649, 0.0
3562.0, -0.459896, -0.600927, -0.027659, -2.573694, -0.709649, 0.0
3562.0, -0.459896, -0.600927, -0.027659, -2.573694, -0.709649, 0.0
3579.0, -0.414744, -0.624494, -0.026395, -2.573694, -0.709649, 0.0
3579.0, -0.414744, -0.624494, -0.026395, -2.573694, -0.709649, 0.0
3596.0, -0.370564, -0.647615, -0.024409, -2.573694, -0.709649, 0.0
3618.0, -0.327227, -0.670382, -0.022102, -2.573694, -0.709649, 0.0
3619.0, -0.327227, -0.670382, -0.022102, -2.573694, -0.709649, 0.0
3643.0, -0.256507, -0.70762, -0.015135, -2.573694, -0.709649, 0.0
3643.0, -0.256507, -0.70762, -0.015135, -2.573694, -0.709649, 0.0
3643.0, -0.256507, -0.70762, -0.015135, -2.573694, -0.709649, 0.0
3660.0, -0.219082, -0.727465, -0.012174, -2.573694, -0.709649, 0.0
3660.0, -0.219082, -0.727465, -0.012174, -2.573694, -0.709649, 0.0
3683.0, -0.181609, -0.747416, -0.010246, -2.903289, -0.382552, 0.0
3716.0, -0.106211, -0.78759, -0.008661, -2.903289, -0.382552, 0.0
3716.0, -0.106211, -0.78759, -0.008661, -2.903289, -0.382552, 0.0
3716.0, -0.106211, -0.78759, -0.008661, -2.903289, -0.382552, 0.0
3716.0, -0.106211, -0.78759, -0.008661, -2.903289, -0.382552, 0.0
3727.0, -0.06628, -0.808737, -0.009447, -2.903289, -0.382552, 0.0
3743.0, -0.025051, -0.830412, -0.010734, -2.903289, -0.382552, 0.0
3743.0, -0.025051, -0.830412, -0.010734, -2.903289, -0.382552, 0.0
3759.0, 0.017029, -0.852357, -0.012227, -2.903289, -0.382552, 0.0
3759.0, 0.017029, -0.852357, -0.012227, -2.903289, -0.382552, 0.0
3776.0, 0.05975, -0.874456, -0.013703, -2.903289, -0.382552, 0.0
3793.0, 0.103031, -0.896674, -0.015051, -2.903289, -0.382552, 0.0
3793.0, 0.103031, -0.896674, -0.015051, -2.903289, -0.382552, 0.0
3815.0, 0.14691, -0.919048, -0.016232, -2.903289, -0.382552, 0.0
3815.0, 0.14691, -0.919048, -0.016232, -2.903289, -0.382552, 0.0
3830.0, 0.197065, -0.944476, -0.017008, -2.903289, -0.382552, 0.0
3830.0, 0.197065, -0.944476, -0.017008, -2.903289, -0.382552, 0.0
3854.0, 0.260444, -0.976463, -0.017846, -2.903289, -0.382552, 0.0
3854.0, 0.260444, -0.976463, -0.017846, -2.903289, -0.382552, 0.0
3869.0, 0.304905, -0.998808, -0.018518, -2.903289, -0.382552, 0.0
3869.0, 0.304905, -0.998808, -0.018518, -2.903289, -0.382552, 0.0
3887.0, 0.350061, -1.021428, -0.019167, -2.903289, -0.382552, 0.0
3903.0, 0.395839, -1.044299, -0.019749, -2.903289, -0.382552, 0.0
3903.0, 0.395839, -1.044299, -0.019749, -2.903289, -0.382552, 0.0
3921.0, 0.442199, -1.067405, -0.020248, -2.903289, -0.382552, 0.0
3921.0, 0.442199, -1.067405, -0.020248, -2.903289, -0.382552, 0.0
3935.0, 0.486435, -1.089394, -0.019598, -3.27252, -0.016121, 0.0
3953.0, 0.530403, -1.111238, -0.018981, -3.27252, -0.016121, 0.0
3953.0, 0.530403, -1.111238, -0.018981, -3.27252, -0.016121, 0.0
3971.0, 0.574823, -1.133328, -0.018722, -3.27252, -0.016121, 0.0
3971.0, 0.574823, -1.133328, -0.018722, -3.27252, -0.016121, 0.0
3986.0, 0.619928, -1.155799, -0.018823, -3.27252, -0.016121, 0.0
4003.0, 0.66575, -1.178674, -0.019189, -3.27252, -0.016121, 0.0
4003.0, 0.66575, -1.178674, -0.019189, -3.27252, -0.016121, 0.0
4021.0, 0.712237, -1.201932, -0.019707, -3.27252, -0.016121, 0.0
4021.0, 0.712237, -1.201932, -0.019707, -3.27252, -0.016121, 0.0
4036.0, 0.762312, -1.227067, -0.021489, -3.27252, -0.016121, 0.0
4057.0, 0.819283, -1.255706, -0.023303, -3.27252, -0.016121, 0.0
4057.0, 0.819283, -1.255706, -0.023303, -3.27252, -0.016121, 0.0
4072.0, 0.87112, -1.281813, -0.024363, -3.27252, -0.016121, 0.0
4072.0, 0.87112, -1.281813, -0.024363, -3.27252, -0.016121, 0.0
4088.0, 0.922961, -1.308007, -0.024809, -3.27252, -0.016121, 0.0
4088.0, 0.922961, -1.308007, -0.024809, -3.27252, -0.016121, 0.0
4104.0, 0.974633, -1.334253, -0.02475, -3.27252, -0.016121, 0.0
4123.0, 1.026081, -1.360566, -0.024334, -3.27252, -0.016121, 0.0
4123.0, 1.026081, -1.360566, -0.024334, -3.27252, -0.016121, 0.0
4139.0, 1.076723, -1.386673, -0.023474, -3.27252, -0.016121, 0.0
4139.0, 1.076723, -1.386673, -0.023474, -3.27252, -0.016121, 0.0
4155.0, 1.126989, -1.412821, -0.022541, -3.27252, -0.016121, 0.0
4174.0, 1.177072, -1.439115, -0.02169, -3.27252, -0.016121, 0.0
4174.0, 1.177072, -1.439115, -0.02169, -3.27252, -0.016121, 0.0
4188.0, 1.228987, -1.466614, -0.020955, -3.629972, 0.338621, 0.0
4188.0, 1.228987, -1.466614, -0.020955, -3.629972, 0.338621, 0.0
4208.0, 1.278937, -1.493298, -0.020409, -3.629972, 0.338621, 0.0
4224.0, 1.328858, -1.520173, -0.020014, -3.629972, 0.338621, 0.0
4224.0, 1.328858, -1.520173, -0.020014, -3.629972, 0.338621, 0.0
4240.0, 1.379149, -1.547439, -0.019903, -3.629972, 0.338621, 0.0
4240.0, 1.379149, -1.547439, -0.019903, -3.629972, 0.338621, 0.0
4256.0, 1.429548, -1.574934, -0.019885, -3.629972, 0.338621, 0.0
4277.0, 1.49373, -1.61015, -0.019899, -3.629972, 0.338621, 0.0
4277.0, 1.49373, -1.61015, -0.019899, -3.629972, 0.338621, 0.0
4277.0, 1.49373, -1.61015, -0.019899, -3.629972, 0.338621, 0.0
4293.0, 1.544057, -1.637949, -0.019937, -3.629972, 0.338621, 0.0
4317.0, 1.595051, -1.666282, -0.019974, -3.629972, 0.338621, 0.0
4317.0, 1.595051, -1.666282, -0.019974, -3.629972, 0.338621, 0.0
4345.0, 1.649731, -1.696874, -0.021792, -3.629972, 0.338621, 0.0
4345.0, 1.649731, -1.696874, -0.021792, -3.629972, 0.338621, 0.0
4353.0, 1.737452, -1.74612, -0.024275, -3.629972, 0.338621, 0.0
4353.0, 1.737452, -1.74612, -0.024275, -3.629972, 0.338621, 0.0
4371.0, 1.792655, -1.777255, -0.024884, -3.629972, 0.338621, 0.0
4371.0, 1.792655, -1.777255, -0.024884, -3.629972, 0.338621, 0.0
4387.0, 1.84712, -1.808137, -0.024594, -3.629972, 0.338621, 0.0
4403.0, 1.90079, -1.838784, -0.023743, -3.629972, 0.338621, 0.0
4403.0, 1.90079, -1.838784, -0.023743, -3.629972, 0.338621, 0.0
4422.0, 1.953723, -1.869264, -0.022523, -3.629972, 0.338621, 0.0
4422.0, 1.953723, -1.869264, -0.022523, -3.629972, 0.338621, 0.0
4436.0, 1.999682, -1.895901, -0.018728, -3.982582, 0.688557, 0.0
4453.0, 2.043338, -1.921497, -0.015321, -3.982582, 0.688557, 0.0
4453.0, 2.043338, -1.921497, -0.015321, -3.982582, 0.688557, 0.0
4469.0, 2.086647, -1.947208, -0.013146, -3.982582, 0.688557, 0.0
4469.0, 2.086647, -1.947208, -0.013146, -3.982582, 0.688557, 0.0
4487.0, 2.130394, -1.973437, -0.012243, -3.982582, 0.688557, 0.0
4512.0, 2.194513, -2.01214, -0.012436, -3.982582, 0.688557, 0.0
4512.0, 2.194513, -2.01214, -0.012436, -3.982582, 0.688557, 0.0
4512.0, 2.194513, -2.01214, -0.012436, -3.982582, 0.688557, 0.0
4528.0, 2.2459, -2.043345, -0.015937, -3.982582, 0.688557, 0.0
4528.0, 2.2459, -2.043345, -0.015937, -3.982582, 0.688557, 0.0
4544.0, 2.299848, -2.076059, -0.019643, -3.982582, 0.688557, 0.0
4562.0, 2.354405, -2.109026, -0.022474, -3.982582, 0.688557, 0.0
4562.0, 2.354405, -2.109026, -0.022474, -3.982582, 0.688557, 0.0
4578.0, 2.408756, -2.141798, -0.024212, -3.982582, 0.688557, 0.0
4578.0, 2.408756, -2.141798, -0.024212, -3.982582, 0.688557, 0.0
4600.0, 2.462593, -2.174286, -0.024979, -3.982582, 0.688557, 0.0
4619.0, 2.538908, -2.220513, -0.025026, -3.982582, 0.688557, 0.0
4619.0, 2.538908, -2.220513, -0.025026, -3.982582, 0.688557, 0.0
4619.0, 2.538908, -2.220513, -0.025026, -3.982582, 0.688557, 0.0
4635.0, 2.586434, -2.249499, -0.022594, -3.982582, 0.688557, 0.0
4652.0, 2.632066, -2.277621, -0.020133, -3.982582, 0.688557, 0.0
4652.0, 2.632066, -2.277621, -0.020133, -3.982582, 0.688557, 0.0
4668.0, 2.677351, -2.305845, -0.01842, -3.982582, 0.688557, 0.0
4668.0, 2.677351, -2.305845, -0.01842, -3.982582, 0.688557, 0.0
4686.0, 2.722913, -2.334522, -0.017566, -4.33468, 1.037985, 0.0
4701.0, 2.768979, -2.363729, -0.017441, -4.33468, 1.037985, 0.0
4701.0, 2.768979, -2.363729, -0.017441, -4.33468, 1.037985, 0.0
4722.0, 2.815603, -2.393443, -0.01785, -4.33468, 1.037985, 0.0
4722.0, 2.815603, -2.393443, -0.01785, -4.33468, 1.037985, 0.0
4738.0, 2.864857, -2.424959, -0.019465, -4.33468, 1.037985, 0.0
4759.0, 2.935389, -2.470156, -0.021882, -4.33468, 1.037985, 0.0
4759.0, 2.935389, -2.470156, -0.021882, -4.33468, 1.037985, 0.0
4759.0, 2.935389, -2.470156, -0.021882, -4.33468, 1.037985, 0.0
4774.0, 2.986134, -2.502707, -0.02332, -4.33468, 1.037985, 0.0
4792.0, 3.037036, -2.535404, -0.024337, -4.33468, 1.037985, 0.0
4792.0, 3.037036, -2.535404, -0.024337, -4.33468, 1.037985, 0.0
4810.0, 3.087935, -2.568181, -0.024962, -4.33468, 1.037985, 0.0
4811.0, 3.087935, -2.568181, -0.024962, -4.33468, 1.037985, 0.0
4830.0, 3.142349, -2.603362, -0.026679, -4.33468, 1.037985, 0.0
4848.0, 3.197592, -2.639158, -0.027949, -4.33468, 1.037985, 0.0
4848.0, 3.197592, -2.639158, -0.027949, -4.33468, 1.037985, 0.0
4881.0, 3.307144, -2.710285, -0.028842, -4.33468, 1.037985, 0.0
4881.0, 3.307144, -2.710285, -0.028842, -4.33468, 1.037985, 0.0
4881.0, 3.307144, -2.710285, -0.028842, -4.33468, 1.037985, 0.0
4881.0, 3.307144, -2.710285, -0.028842, -4.33468, 1.037985, 0.0
4896.0, 3.36219, -2.746185, -0.028943, -4.33468, 1.037985, 0.0
4914.0, 3.416805, -2.781941, -0.028341, -4.33468, 1.037985, 0.0
4914.0, 3.416805, -2.781941, -0.028341, -4.33468, 1.037985, 0.0
4929.0, 3.466248, -2.814424, -0.025567, -4.680804, 1.381485, 0.0
4929.0, 3.466248, -2.814424, -0.025567, -4.680804, 1.381485, 0.0
4949.0, 3.513647, -2.8458, -0.02274, -4.680804, 1.381485, 0.0
4974.0, 3.590412, -2.897077, -0.019152, -4.680804, 1.381485, 0.0
4974.0, 3.590412, -2.897077, -0.019152, -4.680804, 1.381485, 0.0
4974.0, 3.590412, -2.897077, -0.019152, -4.680804, 1.381485, 0.0
4998.0, 3.641978, -2.93194, -0.017748, -4.680804, 1.381485, 0.0
4999.0, 3.641978, -2.93194, -0.017748, -4.680804, 1.381485, 0.0
5031.0, 3.734497, -2.995015, -0.016502, -4.680804, 1.381485, 0.0
5031.0, 3.734497, -2.995015, -0.016502, -4.680804, 1.381485, 0.0
5031.0, 3.734497, -2.995015, -0.016502, -4.680804, 1.381485, 0.0
5031.0, 3.734497, -2.995015, -0.016502, -4.680804, 1.381485, 0.0
5046.0, 3.778601, -3.025316, -0.015612, -4.680804, 1.381485, 0.0
5063.0, 3.822043, -3.055348, -0.015042, -4.680804, 1.381485, 0.0
5063.0, 3.822043, -3.055348, -0.015042, -4.680804, 1.381485, 0.0
5079.0, 3.86536, -3.085452, -0.015071, -4.680804, 1.381485, 0.0
5079.0, 3.86536, -3.085452, -0.015071, -4.680804, 1.381485, 0.0
5098.0, 3.908757, -3.115735, -0.015569, -4.680804, 1.381485, 0.0
5114.0, 3.952225, -3.146166, -0.016376, -4.680804, 1.381485, 0.0
5114.0, 3.952225, -3.146166, -0.016376, -4.680804, 1.381485, 0.0
5130.0, 4.007174, -3.184834, -0.022, -4.680804, 1.381485, 0.0
5130.0, 4.007174, -3.184834, -0.022, -4.680804, 1.381485, 0.0
5146.0, 4.064737, -3.225235, -0.02705, -4.680804, 1.381485, 0.0
5164.0, 4.121722, -3.265103, -0.029946, -4.680804, 1.381485, 0.0
5164.0, 4.121722, -3.265103, -0.029946, -4.680804, 1.381485, 0.0
5181.0, 4.176768, -3.303644, -0.030603, -5.036846, 1.734828, 0.0
5181.0, 4.176768, -3.303644, -0.030603, -5.036846, 1.734828, 0.0
5201.0, 4.22948, -3.340781, -0.029502, -5.036846, 1.734828, 0.0
5225.0, 4.306105, -3.39537, -0.02609, -5.036846, 1.734828, 0.0
5225.0, 4.306105, -3.39537, -0.02609, -5.036846, 1.734828, 0.0
5225.0, 4.306105, -3.39537, -0.02609, -5.036846, 1.734828, 0.0
5239.0, 4.347015, -3.424974, -0.020528, -5.036846, 1.734828, 0.0
5239.0, 4.347015, -3.424974, -0.020528, -5.036846, 1.734828, 0.0
5255.0, 4.384237, -3.45246, -0.015309, -5.036846, 1.734828, 0.0
5271.0, 4.420177, -3.479532, -0.011551, -5.036846, 1.734828, 0.0
5271.0, 4.420177, -3.479532, -0.011551, -5.036846, 1.734828, 0.0
5287.0, 4.455835, -3.506829, -0.009374, -5.036846, 1.734828, 0.0
5287.0, 4.455835, -3.506829, -0.009374, -5.036846, 1.734828, 0.0
5304.0, 4.4916, -3.534524, -0.008537, -5.036846, 1.734828, 0.0
5322.0, 4.527591, -3.562606, -0.0087, -5.036846, 1.734828, 0.0
5322.0, 4.527591, -3.562606, -0.0087, -5.036846, 1.734828, 0.0
5338.0, 4.565807, -3.592586, -0.010398, -5.036846, 1.734828, 0.0
5338.0, 4.565807, -3.592586, -0.010398, -5.036846, 1.734828, 0.0
5355.0, 4.604775, -3.623219, -0.012431, -5.036846, 1.734828, 0.0
5372.0, 4.643834, -3.653951, -0.014308, -5.036846, 1.734828, 0.0
5372.0, 4.643834, -3.653951, -0.014308, -5.036846, 1.734828, 0.0
5389.0, 4.682675, -3.684558, -0.01585, -5.036846, 1.734828, 0.0
5389.0, 4.682675, -3.684558, -0.01585, -5.036846, 1.734828, 0.0
5405.0, 4.721149, -3.714964, -0.017017, -5.036846, 1.734828, 0.0
5423.0, 4.759182, -3.745159, -0.017832, -5.036846, 1.734828, 0.0
5423.0, 4.759182, -3.745159, -0.017832, -5.036846, 1.734828, 0.0
5439.0, 4.796732, -3.775158, -0.018345, -5.404135, 2.099332, 0.0
5439.0, 4.796732, -3.775158, -0.018345, -5.404135, 2.099332, 0.0
5455.0, 4.833777, -3.804979, -0.018611, -5.404135, 2.099332, 0.0
5472.0, 4.870304, -3.834642, -0.018687, -5.404135, 2.099332, 0.0
5472.0, 4.870304, -3.834642, -0.018687, -5.404135, 2.099332, 0.0
5488.0, 4.906307, -3.864163, -0.018623, -5.404135, 2.099332, 0.0
5488.0, 4.906307, -3.864163, -0.018623, -5.404135, 2.099332, 0.0
5505.0, 4.941784, -3.893551, -0.018462, -5.404135, 2.099332, 0.0
5523.0, 4.976737, -3.922814, -0.01824, -5.404135, 2.099332, 0.0
5523.0, 4.976737, -3.922814, -0.01824, -5.404135, 2.099332, 0.0
5538.0, 5.011142, -3.951935, -0.017973, -5.404135, 2.099332, 0.0
5538.0, 5.011142, -3.951935, -0.017973, -5.404135, 2.099332, 0.0
5554.0, 5.045021, -3.980932, -0.017695, -5.404135, 2.099332, 0.0
5571.0, 5.078386, -4.009811, -0.017424, -5.404135, 2.099332, 0.0
5571.0, 5.078386, -4.009811, -0.017424, -5.404135, 2.099332, 0.0
5588.0, 5.111245, -4.038575, -0.01717, -5.404135, 2.099332, 0.0
5588.0, 5.111245, -4.038575, -0.01717, -5.404135, 2.099332, 0.0
5605.0, 5.143603, -4.067224, -0.016938, -5.404135, 2.099332, 0.0
5623.0, 5.175464, -4.095757, -0.01673, -5.404135, 2.099332, 0.0
5623.0, 5.175464, -4.095757, -0.01673, -5.404135, 2.099332, 0.0
5639.0, 5.206855, -4.124193, -0.016554, -5.404135, 2.099332, 0.0
5639.0, 5.206855, -4.124193, -0.016554, -5.404135, 2.099332, 0.0
5655.0, 5.23776, -4.152516, -0.016397, -5.404135, 2.099332, 0.0
5672.0, 5.268176, -4.180717, -0.016255, -5.404135, 2.099332, 0.0
5672.0, 5.268176, -4.180717, -0.016255, -5.404135, 2.099332, 0.0
5689.0, 5.2981, -4.208795, -0.016124, -5.759034, 2.45154, 0.0
5689.0, 5.2981, -4.208795, -0.016124, -5.759034, 2.45154, 0.0
5705.0, 5.327534, -4.236746, -0.016002, -5.759034, 2.45154, 0.0
5723.0, 5.356478, -4.264572, -0.015888, -5.759034, 2.45154, 0.0
5723.0, 5.356478, -4.264572, -0.015888, -5.759034, 2.45154, 0.0
5739.0, 5.384934, -4.292272, -0.01578, -5.759034, 2.45154, 0.0
5739.0, 5.384934, -4.292272, -0.01578, -5.759034, 2.45154, 0.0
5754.0, 5.412902, -4.319847, -0.015676, -5.759034, 2.45154, 0.0
5771.0, 5.440383, -4.347296, -0.015576, -5.759034, 2.45154, 0.0
5771.0, 5.440383, -4.347296, -0.015576, -5.759034, 2.45154, 0.0
5788.0, 5.467379, -4.37462, -0.015478, -5.759034, 2.45154, 0.0
5788.0, 5.467379, -4.37462, -0.015478, -5.759034, 2.45154, 0.0
5804.0, 5.493888, -4.40182, -0.015381, -5.759034, 2.45154, 0.0
5822.0, 5.519912, -4.428895, -0.015285, -5.759034, 2.45154, 0.0
5822.0, 5.519912, -4.428895, -0.015285, -5.759034, 2.45154, 0.0
5838.0, 5.545452, -4.455846, -0.015189, -5.759034, 2.45154, 0.0
5838.0, 5.545452, -4.455846, -0.015189, -5.759034, 2.45154, 0.0
5854.0, 5.570507, -4.482674, -0.015093, -5.759034, 2.45154, 0.0
5872.0, 5.595077, -4.509376, -0.014996, -5.759034, 2.45154, 0.0
5872.0, 5.595077, -4.509376, -0.014996, -5.759034, 2.45154, 0.0
5888.0, 5.619163, -4.535954, -0.014898, -5.759034, 2.45154, 0.0
5888.0, 5.619163, -4.535954, -0.014898, -5.759034, 2.45154, 0.0
5904.0, 5.642764, -4.562407, -0.014798, -5.759034, 2.45154, 0.0
5923.0, 5.665882, -4.588736, -0.014697, -5.759034, 2.45154, 0.0
5923.0, 5.665882, -4.588736, -0.014697, -5.759034, 2.45154, 0.0
5939.0, 5.688498, -4.614919, -0.014588, -6.113934, 2.803749, 0.0
5939.0, 5.688498, -4.614919, -0.014588, -6.113934, 2.803749, 0.0
5955.0, 5.710626, -4.640972, -0.014479, -6.113934, 2.803749, 0.0
5972.0, 5.732271, -4.6669, -0.014372, -6.113934, 2.803749, 0.0
5972.0, 5.732271, -4.6669, -0.014372, -6.113934, 2.803749, 0.0
5989.0, 5.753435, -4.692705, -0.014266, -6.113934, 2.803749, 0.0
5989.0, 5.753435, -4.692705, -0.014266, -6.113934, 2.803749, 0.0
6005.0, 5.774119, -4.718387, -0.014162, -6.113934, 2.803749, 0.0
6021.0, 5.794322, -4.743945, -0.014059, -6.113934, 2.803749, 0.0
6021.0, 5.794322, -4.743945, -0.014059, -6.113934, 2.803749, 0.0
6038.0, 5.81406, -4.769397, -0.013961, -6.113934, 2.803749, 0.0
6038.0, 5.81406, -4.769397, -0.013961, -6.113934, 2.803749, 0.0
6054.0, 5.833321, -4.79473, -0.013861, -6.113934, 2.803749, 0.0
6071.0, 5.8521, -4.819935, -0.013758, -6.113934, 2.803749, 0.0
6071.0, 5.8521, -4.819935, -0.013758, -6.113934, 2.803749, 0.0
6087.0, 5.870397, -4.84501, -0.01365, -6.113934, 2.803749, 0.0
6087.0, 5.870397, -4.84501, -0.01365, -6.113934, 2.803749, 0.0
6104.0, 5.888208, -4.869953, -0.013539, -6.113934, 2.803749, 0.0
6122.0, 5.905536, -4.894764, -0.013425, -6.113934, 2.803749, 0.0
6122.0, 5.905536, -4.894764, -0.013425, -6.113934, 2.803749, 0.0
6139.0, 5.922379, -4.919443, -0.013308, -6.113934, 2.803749, 0.0
6139.0, 5.922379, -4.919443, -0.013308, -6.113934, 2.803749, 0.0
6154.0, 5.93874, -4.943988, -0.01319, -6.113934, 2.803749, 0.0
6172.0, 5.954618, -4.9684, -0.013071, -6.113934, 2.803749, 0.0
6172.0, 5.954618, -4.9684, -0.013071, -6.113934, 2.803749, 0.0
6189.0, 5.970012, -4.992677, -0.01295, -6.468834, 3.155958, 0.0
6189.0, 5.970012, -4.992677, -0.01295, -6.468834, 3.155958, 0.0
6205.0, 5.984925, -5.016821, -0.01283, -6.468834, 3.155958, 0.0
6223.0, 5.999355, -5.04083, -0.012709, -6.468834, 3.155958, 0.0
6223.0, 5.999355, -5.04083, -0.012709, -6.468834, 3.155958, 0.0
6238.0, 6.013304, -5.064703, -0.012587, -6.468834, 3.155958, 0.0
6238.0, 6.013304, -5.064703, -0.012587, -6.468834, 3.155958, 0.0
6254.0, 6.026772, -5.088441, -0.012465, -6.468834, 3.155958, 0.0
6272.0, 6.039758, -5.112042, -0.012344, -6.468834, 3.155958, 0.0
6272.0, 6.039758, -5.112042, -0.012344, -6.468834, 3.155958, 0.0
6289.0, 6.052265, -5.135506, -0.012221, -6.468834, 3.155958, 0.0
6289.0, 6.052265, -5.135506, -0.012221, -6.468834, 3.155958, 0.0
6304.0, 6.064291, -5.158833, -0.012099, -6.468834, 3.155958, 0.0
6322.0, 6.075837, -5.182021, -0.011976, -6.468834, 3.155958, 0.0
6322.0, 6.075837, -5.182021, -0.011976, -6.468834, 3.155958, 0.0
6338.0, 6.086903, -5.20507, -0.011853, -6.468834, 3.155958, 0.0
6338.0, 6.086903, -5.20507, -0.011853, -6.468834, 3.155958, 0.0
6354.0, 6.09749, -5.227979, -0.011729, -6.468834, 3.155958, 0.0
6372.0, 6.107598, -5.250748, -0.011606, -6.468834, 3.155958, 0.0
6372.0, 6.107598, -5.250748, -0.011606, -6.468834, 3.155958, 0.0
6389.0, 6.117227, -5.273376, -0.011482, -6.468834, 3.155958, 0.0
6389.0, 6.117227, -5.273376, -0.011482, -6.468834, 3.155958, 0.0
6405.0, 6.126378, -5.295861, -0.011357, -6.468834, 3.155958, 0.0
6423.0, 6.13505, -5.318205, -0.011233, -6.468834, 3.155958, 0.0
6423.0, 6.13505, -5.318205, -0.011233, -6.468834, 3.155958, 0.0
6439.0, 6.143287, -5.340403, -0.011127, -6.823733, 3.508166, 0.0
6439.0, 6.143287, -5.340403, -0.011127, -6.823733, 3.508166, 0.0
6454.0, 6.151154, -5.362486, -0.011061, -6.823733, 3.508166, 0.0
6472.0, 6.158714, -5.384478, -0.011048, -6.823733, 3.508166, 0.0
6472.0, 6.158714, -5.384478, -0.011048, -6.823733, 3.508166, 0.0
6489.0, 6.166024, -5.406395, -0.011089, -6.823733, 3.508166, 0.0
6489.0, 6.166024, -5.406395, -0.011089, -6.823733, 3.508166, 0.0
6504.0, 6.173129, -5.428252, -0.011183, -6.823733, 3.508166, 0.0
6522.0, 6.180069, -5.45006, -0.011319, -6.823733, 3.508166, 0.0
6522.0, 6.180069, -5.45006, -0.011319, -6.823733, 3.508166, 0.0
6538.0, 6.186882, -5.471844, -0.011492, -6.823733, 3.508166, 0.0
6538.0, 6.186882, -5.471844, -0.011492, -6.823733, 3.508166, 0.0
6554.0, 6.193591, -5.4936, -0.011688, -6.823733, 3.508166, 0.0
6572.0, 6.200215, -5.515328, -0.011895, -6.823733, 3.508166, 0.0
6572.0, 6.200215, -5.515328, -0.011895, -6.823733, 3.508166, 0.0
6589.0, 6.206771, -5.537032, -0.012105, -6.823733, 3.508166, 0.0
6589.0, 6.206771, -5.537032, -0.012105, -6.823733, 3.508166, 0.0
6605.0, 6.213273, -5.558715, -0.01231, -6.823733, 3.508166, 0.0
6623.0, 6.219729, -5.58038, -0.012505, -6.823733, 3.508166, 0.0
6623.0, 6.219729, -5.58038, -0.012505, -6.823733, 3.508166, 0.0
6639.0, 6.226151, -5.602032, -0.012686, -6.823733, 3.508166, 0.0
6639.0, 6.226151, -5.602032, -0.012686, -6.823733, 3.508166, 0.0
6655.0, 6.232543, -5.623671, -0.01285, -6.823733, 3.508166, 0.0
6672.0, 6.238911, -5.645301, -0.012996, -6.823733, 3.508166, 0.0
6672.0, 6.238911, -5.645301, -0.012996, -6.823733, 3.508166, 0.0
6689.0, 6.24526, -5.666924, -0.013123, -7.178632, 3.860374, 0.0
6689.0, 6.24526, -5.666924, -0.013123, -7.178632, 3.860374, 0.0
6705.0, 6.251593, -5.68854, -0.013232, -7.178632, 3.860374, 0.0
6723.0, 6.257912, -5.710151, -0.013325, -7.178632, 3.860374, 0.0
6723.0, 6.257912, -5.710151, -0.013325, -7.178632, 3.860374, 0.0
6739.0, 6.264221, -5.731763, -0.013402, -7.178632, 3.860374, 0.0
6739.0, 6.264221, -5.731763, -0.013402, -7.178632, 3.860374, 0.0
6755.0, 6.270519, -5.753368, -0.013465, -7.178632, 3.860374, 0.0
6771.0, 6.276808, -5.77497, -0.013516, -7.178632, 3.860374, 0.0
6771.0, 6.276808, -5.77497, -0.013516, -7.178632, 3.860374, 0.0
6788.0, 6.283091, -5.79657, -0.013556, -7.178632, 3.860374, 0.0
6788.0, 6.283091, -5.79657, -0.013556, -7.178632, 3.860374, 0.0
6804.0, 6.289367, -5.818169, -0.013588, -7.178632, 3.860374, 0.0
6822.0, 6.295637, -5.839767, -0.013612, -7.178632, 3.860374, 0.0
6822.0, 6.295637, -5.839767, -0.013612, -7.178632, 3.860374, 0.0
6838.0, 6.301951, -5.861379, -0.013651, -7.178632, 3.860374, 0.0
6838.0, 6.301951, -5.861379, -0.013651, -7.178632, 3.860374, 0.0
6855.0, 6.308371, -5.883027, -0.013725, -7.178632, 3.860374, 0.0
6872.0, 6.314955, -5.904729, -0.013846, -7.178632, 3.860374, 0.0
6872.0, 6.314955, -5.904729, -0.013846, -7.178632, 3.860374, 0.0
6888.0, 6.321761, -5.926505, -0.014018, -7.178632, 3.860374, 0.0
6888.0, 6.321761, -5.926505, -0.014018, -7.178632, 3.860374, 0.0
6905.0, 6.328835, -5.948368, -0.014238, -7.178632, 3.860374, 0.0
6923.0, 6.336216, -5.970331, -0.0145, -7.178632, 3.860374, 0.0
6923.0, 6.336216, -5.970331, -0.0145, -7.178632, 3.860374, 0.0
6938.0, 6.343932, -5.992387, -0.014793, -7.533537, 4.212588, 0.0
6938.0, 6.343932, -5.992387, -0.014793, -7.533537, 4.212588, 0.0
6955.0, 6.352013, -6.014557, -0.015108, -7.533537, 4.212588, 0.0
6972.0, 6.360483, -6.036854, -0.015438, -7.533537, 4.212588, 0.0
6972.0, 6.360483, -6.036854, -0.015438, -7.533537, 4.212588, 0.0
6989.0, 6.36936, -6.059285, -0.015774, -7.533537, 4.212588, 0.0
6989.0, 6.36936, -6.059285, -0.015774, -7.533537, 4.212588, 0.0
7004.0, 6.378658, -6.081855, -0.016108, -7.533537, 4.212588, 0.0
7022.0, 6.388388, -6.104568, -0.016435, -7.533537, 4.212588, 0.0
7022.0, 6.388388, -6.104568, -0.016435, -7.533537, 4.212588, 0.0
7038.0, 6.398567, -6.127446, -0.016753, -7.533537, 4.212588, 0.0
7038.0, 6.398567, -6.127446, -0.016753, -7.533537, 4.212588, 0.0
7055.0, 6.409196, -6.150476, -0.017055, -7.533537, 4.212588, 0.0
7072.0, 6.420278, -6.173657, -0.017339, -7.533537, 4.212588, 0.0
7072.0, 6.420278, -6.173657, -0.017339, -7.533537, 4.212588, 0.0
7089.0, 6.431815, -6.196987, -0.017605, -7.533537, 4.212588, 0.0
7089.0, 6.431815, -6.196987, -0.017605, -7.533537, 4.212588, 0.0
7104.0, 6.443812, -6.220468, -0.017851, -7.533537, 4.212588, 0.0
7123.0, 6.45627, -6.244101, -0.01808, -7.533537, 4.212588, 0.0
7123.0, 6.45627, -6.244101, -0.01808, -7.533537, 4.212588, 0.0
7139.0, 6.469191, -6.267887, -0.018294, -7.533537, 4.212588, 0.0
7139.0, 6.469191, -6.267887, -0.018294, -7.533537, 4.212588, 0.0
7154.0, 6.482577, -6.291828, -0.018494, -7.533537, 4.212588, 0.0
7172.0, 6.496429, -6.315924, -0.018681, -7.533537, 4.212588, 0.0
7172.0, 6.496429, -6.315924, -0.018681, -7.533537, 4.212588, 0.0
7189.0, 6.510749, -6.340176, -0.018858, -7.888436, 4.564796, 0.0
7189.0, 6.510749, -6.340176, -0.018858, -7.888436, 4.564796, 0.0
7205.0, 6.525538, -6.364584, -0.019026, -7.888436, 4.564796, 0.0
7223.0, 6.540796, -6.389151, -0.019186, -7.888436, 4.564796, 0.0
7223.0, 6.540796, -6.389151, -0.019186, -7.888436, 4.564796, 0.0
7239.0, 6.556525, -6.413875, -0.019341, -7.888436, 4.564796, 0.0
7239.0, 6.556525, -6.413875, -0.019341, -7.888436, 4.564796, 0.0
7255.0, 6.572724, -6.438757, -0.019492, -7.888436, 4.564796, 0.0
7271.0, 6.589395, -6.463798, -0.019638, -7.888436, 4.564796, 0.0
7271.0, 6.589395, -6.463798, -0.019638, -7.888436, 4.564796, 0.0
7288.0, 6.606537, -6.488997, -0.019782, -7.888436, 4.564796, 0.0
7288.0, 6.606537, -6.488997, -0.019782, -7.888436, 4.564796, 0.0
7305.0, 6.624151, -6.514355, -0.019923, -7.888436, 4.564796, 0.0
7322.0, 6.642239, -6.539871, -0.020062, -7.888436, 4.564796, 0.0
7322.0, 6.642239, -6.539871, -0.020062, -7.888436, 4.564796, 0.0
7338.0, 6.660799, -6.565547, -0.0202, -7.888436, 4.564796, 0.0
7338.0, 6.660799, -6.565547, -0.0202, -7.888436, 4.564796, 0.0
7354.0, 6.679832, -6.591381, -0.020338, -7.888436, 4.564796, 0.0
7372.0, 6.699338, -6.617373, -0.020474, -7.888436, 4.564796, 0.0
7372.0, 6.699338, -6.617373, -0.020474, -7.888436, 4.564796, 0.0
7389.0, 6.719319, -6.643525, -0.02061, -7.888436, 4.564796, 0.0
7389.0, 6.719319, -6.643525, -0.02061, -7.888436, 4.564796, 0.0
7404.0, 6.739773, -6.669835, -0.020744, -7.888436, 4.564796, 0.0
7423.0, 6.760701, -6.696303, -0.020879, -7.888436, 4.564796, 0.0
7423.0, 6.760701, -6.696303, -0.020879, -7.888436, 4.564796, 0.0
7439.0, 6.782039, -6.722894, -0.020985, -8.243336, 4.917005, 0.0
7439.0, 6.782039, -6.722894, -0.020985, -8.243336, 4.917005, 0.0
7455.0, 6.803735, -6.749603, -0.021052, -8.243336, 4.917005, 0.0
7472.0, 6.825734, -6.776417, -0.02107, -8.243336, 4.917005, 0.0
7472.0, 6.825734, -6.776417, -0.02107, -8.243336, 4.917005, 0.0
7489.0, 6.847983, -6.803321, -0.021036, -8.243336, 4.917005, 0.0
7489.0, 6.847983, -6.803321, -0.021036, -8.243336, 4.917005, 0.0
7505.0, 6.870435, -6.830303, -0.020953, -8.243336, 4.917005, 0.0
7522.0, 6.89305, -6.857349, -0.020827, -8.243336, 4.917005, 0.0
7522.0, 6.89305, -6.857349, -0.020827, -8.243336, 4.917005, 0.0
7538.0, 6.915814, -6.884471, -0.020675, -8.243336, 4.917005, 0.0
7538.0, 6.915814, -6.884471, -0.020675, -8.243336, 4.917005, 0.0
7555.0, 6.938687, -6.911645, -0.020498, -8.243336, 4.917005, 0.0
7571.0, 6.961642, -6.938858, -0.020305, -8.243336, 4.917005, 0.0
7571.0, 6.961642, -6.938858, -0.020305, -8.243336, 4.917005, 0.0
7588.0, 6.984661, -6.966098, -0.020105, -8.243336, 4.917005, 0.0
7588.0, 6.984661, -6.966098, -0.020105, -8.243336, 4.917005, 0.0
7605.0, 7.007728, -6.993362, -0.019905, -8.243336, 4.917005, 0.0
7623.0, 7.030835, -7.020646, -0.019713, -8.243336, 4.917005, 0.0
7623.0, 7.030835, -7.020646, -0.019713, -8.243336, 4.917005, 0.0
7639.0, 7.053972, -7.047944, -0.019532, -8.243336, 4.917005, 0.0
7639.0, 7.053972, -7.047944, -0.019532, -8.243336, 4.917005, 0.0
7655.0, 7.077134, -7.075254, -0.019368, -8.243336, 4.917005, 0.0
7672.0, 7.100317, -7.102574, -0.019221, -8.243336, 4.917005, 0.0
7672.0, 7.100317, -7.102574, -0.019221, -8.243336, 4.917005, 0.0
7689.0, 7.123515, -7.129901, -0.019093, -8.598234, 5.269213, 0.0
7689.0, 7.123515, -7.129901, -0.019093, -8.598234, 5.269213, 0.0
7705.0, 7.146728, -7.157234, -0.018983, -8.598234, 5.269213, 0.0
7724.0, 7.169951, -7.184571, -0.01889, -8.598234, 5.269213, 0.0
7724.0, 7.169951, -7.184571, -0.01889, -8.598234, 5.269213, 0.0
7738.0, 7.193186, -7.211911, -0.018813, -8.598234, 5.269213, 0.0
7738.0, 7.193186, -7.211911, -0.018813, -8.598234, 5.269213, 0.0
7755.0, 7.216429, -7.239253, -0.018751, -8.598234, 5.269213, 0.0
7771.0, 7.239679, -7.266596, -0.018701, -8.598234, 5.269213, 0.0
7771.0, 7.239679, -7.266596, -0.018701, -8.598234, 5.269213, 0.0
7788.0, 7.262936, -7.29394, -0.018662, -8.598234, 5.269213, 0.0
7788.0, 7.262936, -7.29394, -0.018662, -8.598234, 5.269213, 0.0
7805.0, 7.286199, -7.321283, -0.018632, -8.598234, 5.269213, 0.0
7823.0, 7.309467, -7.348628, -0.018609, -8.598234, 5.269213, 0.0
7823.0, 7.309467, -7.348628, -0.018609, -8.598234, 5.269213, 0.0
7838.0, 7.332739, -7.375971, -0.018592, -8.598234, 5.269213, 0.0
7838.0, 7.332739, -7.375971, -0.018592, -8.598234, 5.269213, 0.0
7855.0, 7.356016, -7.403315, -0.01858, -8.598234, 5.269213, 0.0
7872.0, 7.379295, -7.430657, -0.018571, -8.598234, 5.269213, 0.0
7872.0, 7.379295, -7.430657, -0.018571, -8.598234, 5.269213, 0.0
7888.0, 7.402578, -7.458, -0.018565, -8.598234, 5.269213, 0.0
7888.0, 7.402578, -7.458, -0.018565, -8.598234, 5.269213, 0.0
7905.0, 7.425864, -7.485342, -0.018561, -8.598234, 5.269213, 0.0
7923.0, 7.449152, -7.512684, -0.018558, -8.598234, 5.269213, 0.0
7923.0, 7.449152, -7.512684, -0.018558, -8.598234, 5.269213, 0.0
7939.0, 7.472423, -7.540004, -0.018549, -8.953134, 5.621422, 0.0
7939.0, 7.472423, -7.540004, -0.018549, -8.953134, 5.621422, 0.0
7955.0, 7.495692, -7.567318, -0.018541, -8.953134, 5.621422, 0.0
7972.0, 7.518962, -7.594634, -0.018538, -8.953134, 5.621422, 0.0
7972.0, 7.518962, -7.594634, -0.018538, -8.953134, 5.621422, 0.0
7989.0, 7.542235, -7.621951, -0.018538, -8.953134, 5.621422, 0.0
7989.0, 7.542235, -7.621951, -0.018538, -8.953134, 5.621422, 0.0
8004.0, 7.565513, -7.649271, -0.018538, -8.953134, 5.621422, 0.0
8022.0, 7.588794, -7.676595, -0.018543, -8.953134, 5.621422, 0.0
8022.0, 7.588794, -7.676595, -0.018543, -8.953134, 5.621422, 0.0
8038.0, 7.612096, -7.703942, -0.018555, -8.953134, 5.621422, 0.0
8038.0, 7.612096, -7.703942, -0.018555, -8.953134, 5.621422, 0.0
8055.0, 7.635406, -7.731297, -0.018566, -8.953134, 5.621422, 0.0
8071.0, 7.658718, -7.758654, -0.018573, -8.953134, 5.621422, 0.0
8071.0, 7.658718, -7.758654, -0.018573, -8.953134, 5.621422, 0.0
8088.0, 7.682029, -7.786009, -0.018577, -8.953134, 5.621422, 0.0
8088.0, 7.682029, -7.786009, -0.018577, -8.953134, 5.621422, 0.0
8105.0, 7.705339, -7.813362, -0.018577, -8.953134, 5.621422, 0.0
8123.0, 7.728647, -7.840712, -0.018577, -8.953134, 5.621422, 0.0
8123.0, 7.728647, -7.840712, -0.018577, -8.953134, 5.621422, 0.0
8139.0, 7.751954, -7.868061, -0.018573, -8.953134, 5.621422, 0.0
8139.0, 7.751954, -7.868061, -0.018573, -8.953134, 5.621422, 0.0
8155.0, 7.775259, -7.895408, -0.018568, -8.953134, 5.621422, 0.0
8172.0, 7.798563, -7.922754, -0.018564, -8.953134, 5.621422, 0.0
8172.0, 7.798563, -7.922754, -0.018564, -8.953134, 5.621422, 0.0
8189.0, 7.821867, -7.950099, -0.018559, -9.308033, 5.97363, 0.0
8189.0, 7.821867, -7.950099, -0.018559, -9.308033, 5.97363, 0.0
8205.0, 7.845168, -7.977442, -0.018555, -9.308033, 5.97363, 0.0
8223.0, 7.868469, -8.004785, -0.018552, -9.308033, 5.97363, 0.0
8223.0, 7.868469, -8.004785, -0.018552, -9.308033, 5.97363, 0.0
8239.0, 7.891769, -8.032127, -0.018548, -9.308033, 5.97363, 0.0
8239.0, 7.891769, -8.032127, -0.018548, -9.308033, 5.97363, 0.0
8255.0, 7.915069, -8.059469, -0.018546, -9.308033, 5.97363, 0.0
8270.0, 7.938369, -8.086811, -0.018544, -9.308033, 5.97363, 0.0
8270.0, 7.938369, -8.086811, -0.018544, -9.308033, 5.97363, 0.0
8287.0, 7.961668, -8.114152, -0.018544, -9.308033, 5.97363, 0.0
8287.0, 7.961668, -8.114152, -0.018544, -9.308033, 5.97363, 0.0
8304.0, 7.984967, -8.141493, -0.018542, -9.308033, 5.97363, 0.0
8322.0, 8.008265, -8.168833, -0.018542, -9.308033, 5.97363, 0.0
8322.0, 8.008265, -8.168833, -0.018542, -9.308033, 5.97363, 0.0
8337.0, 8.031547, -8.196152, -0.018533, -9.308033, 5.97363, 0.0
8337.0, 8.031547, -8.196152, -0.018533, -9.308033, 5.97363, 0.0
8354.0, 8.054823, -8.223466, -0.018527, -9.308033, 5.97363, 0.0
8371.0, 8.078099, -8.250779, -0.018524, -9.308033, 5.97363, 0.0
8371.0, 8.078099, -8.250779, -0.018524, -9.308033, 5.97363, 0.0
8389.0, 8.101377, -8.278096, -0.018524, -9.308033, 5.97363, 0.0
8389.0, 8.101377, -8.278096, -0.018524, -9.308033, 5.97363, 0.0
8404.0, 8.12466, -8.305416, -0.018528, -9.308033, 5.97363, 0.0
8423.0, 8.147943, -8.33274, -0.018533, -9.308033, 5.97363, 0.0
8423.0, 8.147943, -8.33274, -0.018533, -9.308033, 5.97363, 0.0
8439.0, 8.171248, -8.360086, -0.018545, -9.662931, 6.325838, 0.0
8439.0, 8.171248, -8.360086, -0.018545, -9.662931, 6.325838, 0.0
8454.0, 8.194561, -8.387442, -0.018557, -9.662931, 6.325838, 0.0
8472.0, 8.217875, -8.414799, -0.018566, -9.662931, 6.325838, 0.0
8473.0, 8.217875, -8.414799, -0.018566, -9.662931, 6.325838, 0.0
8488.0, 8.241189, -8.442154, -0.01857, -9.662931, 6.325838, 0.0
8488.0, 8.241189, -8.442154, -0.01857, -9.662931, 6.325838, 0.0
8505.0, 8.2645, -8.469507, -0.01857, -9.662931, 6.325838, 0.0
8523.0, 8.287809, -8.496858, -0.01857, -9.662931, 6.325838, 0.0
8523.0, 8.287809, -8.496858, -0.01857, -9.662931, 6.325838, 0.0
8538.0, 8.311117, -8.524206, -0.018568, -9.662931, 6.325838, 0.0
8538.0, 8.311117, -8.524206, -0.018568, -9.662931, 6.325838, 0.0
8555.0, 8.334423, -8.551553, -0.018565, -9.662931, 6.325838, 0.0
8571.0, 8.357727, -8.578898, -0.018561, -9.662931, 6.325838, 0.0
8571.0, 8.357727, -8.578898, -0.018561, -9.662931, 6.325838, 0.0
8588.0, 8.381031, -8.606243, -0.018557, -9.662931, 6.325838, 0.0
8588.0, 8.381031, -8.606243, -0.018557, -9.662931, 6.325838, 0.0
8605.0, 8.404333, -8.633587, -0.018553, -9.662931, 6.325838, 0.0
8623.0, 8.427635, -8.66093, -0.01855, -9.662931, 6.325838, 0.0
8623.0, 8.427635, -8.66093, -0.01855, -9.662931, 6.325838, 0.0
8639.0, 8.450936, -8.688272, -0.018547, -9.662931, 6.325838, 0.0
8639.0, 8.450936, -8.688272, -0.018547, -9.662931, 6.325838, 0.0
8654.0, 8.474236, -8.715614, -0.018545, -9.662931, 6.325838, 0.0
8672.0, 8.497536, -8.742955, -0.018545, -9.662931, 6.325838, 0.0
8672.0, 8.497536, -8.742955, -0.018545, -9.662931, 6.325838, 0.0
8689.0, 8.520836, -8.770297, -0.018542, -10.017832, 6.678047, 0.0
8689.0, 8.520836, -8.770297, -0.018542, -10.017832, 6.678047, 0.0
8704.0, 8.544135, -8.797638, -0.018542, -10.017832, 6.678047, 0.0
8723.0, 8.567434, -8.824978, -0.018542, -10.017832, 6.678047, 0.0
8723.0, 8.567434, -8.824978, -0.018542, -10.017832, 6.678047, 0.0
8739.0, 8.590733, -8.852318, -0.01854, -10.017832, 6.678047, 0.0
8739.0, 8.590733, -8.852318, -0.01854, -10.017832, 6.678047, 0.0
8754.0, 8.614032, -8.879659, -0.01854, -10.017832, 6.678047, 0.0
8771.0, 8.637331, -8.906999, -0.01854, -10.017832, 6.678047, 0.0
8771.0, 8.637331, -8.906999, -0.01854, -10.017832, 6.678047, 0.0
8788.0, 8.660641, -8.934352, -0.01854, -10.017832, 6.678047, 0.0
8788.0, 8.660641, -8.934352, -0.01854, -10.017832, 6.678047, 0.0
8805.0, 8.68394, -8.961692, -0.01854, -10.017832, 6.678047, 0.0
8823.0, 8.707238, -8.989032, -0.01854, -10.017832, 6.678047, 0.0
8823.0, 8.707238, -8.989032, -0.01854, -10.017832, 6.678047, 0.0
8838.0, 8.730519, -9.01635, -0.018534, -10.017832, 6.678047, 0.0
8838.0, 8.730519, -9.01635, -0.018534, -10.017832, 6.678047, 0.0
8855.0, 8.753796, -9.043663, -0.018528, -10.017832, 6.678047, 0.0
8872.0, 8.777072, -9.070976, -0.018526, -10.017832, 6.678047, 0.0
8872.0, 8.777072, -9.070976, -0.018526, -10.017832, 6.678047, 0.0
8889.0, 8.800351, -9.098293, -0.018526, -10.017832, 6.678047, 0.0
8889.0, 8.800351, -9.098293, -0.018526, -10.017832, 6.678047, 0.0
8904.0, 8.823632, -9.125612, -0.018529, -10.017832, 6.678047, 0.0
8924.0, 8.846916, -9.152935, -0.018534, -10.017832, 6.678047, 0.0
8924.0, 8.846916, -9.152935, -0.018534, -10.017832, 6.678047, 0.0
8939.0, 8.870222, -9.180283, -0.018546, -10.372744, 7.030267, 0.0
8939.0, 8.870222, -9.180283, -0.018546, -10.372744, 7.030267, 0.0
8955.0, 8.893534, -9.207637, -0.018558, -10.372744, 7.030267, 0.0
8972.0, 8.916847, -9.234993, -0.018566, -10.372744, 7.030267, 0.0
8972.0, 8.916847, -9.234993, -0.018566, -10.372744, 7.030267, 0.0
8989.0, 8.940161, -9.262348, -0.018571, -10.372744, 7.030267, 0.0
8989.0, 8.940161, -9.262348, -0.018571, -10.372744, 7.030267, 0.0
9005.0, 8.963472, -9.289701, -0.018571, -10.372744, 7.030267, 0.0
9022.0, 8.986781, -9.317051, -0.018571, -10.372744, 7.030267, 0.0
9022.0, 8.986781, -9.317051, -0.018571, -10.372744, 7.030267, 0.0
9038.0, 9.010089, -9.344399, -0.018569, -10.372744, 7.030267, 0.0
9038.0, 9.010089, -9.344399, -0.018569, -10.372744, 7.030267, 0.0
9054.0, 9.033395, -9.371746, -0.018565, -10.372744, 7.030267, 0.0
9071.0, 9.0567, -9.399092, -0.018561, -10.372744, 7.030267, 0.0
9071.0, 9.0567, -9.399092, -0.018561, -10.372744, 7.030267, 0.0
9088.0, 9.080003, -9.426436, -0.018557, -10.372744, 7.030267, 0.0
9088.0, 9.080003, -9.426436, -0.018557, -10.372744, 7.030267, 0.0
9105.0, 9.103306, -9.45378, -0.018553, -10.372744, 7.030267, 0.0
9123.0, 9.126607, -9.481123, -0.01855, -10.372744, 7.030267, 0.0
9123.0, 9.126607, -9.481123, -0.01855, -10.372744, 7.030267, 0.0
9138.0, 9.149912, -9.508471, -0.018547, -10.372744, 7.030267, 0.0
9138.0, 9.149912, -9.508471, -0.018547, -10.372744, 7.030267, 0.0
9155.0, 9.173212, -9.535812, -0.018545, -10.372744, 7.030267, 0.0
9172.0, 9.19657, -9.563222, -0.018543, -10.372744, 7.030267, 0.0
9172.0, 9.19657, -9.563222, -0.018543, -10.372744, 7.030267, 0.0
9189.0, 9.21987, -9.590563, -0.018542, -10.727706, 7.382539, 0.0
9189.0, 9.21987, -9.590563, -0.018542, -10.727706, 7.382539, 0.0
9205.0, 9.243169, -9.617905, -0.018542, -10.727706, 7.382539, 0.0
9223.0, 9.266468, -9.645245, -0.018542, -10.727706, 7.382539, 0.0
9223.0, 9.266468, -9.645245, -0.018542, -10.727706, 7.382539, 0.0
9238.0, 9.289749, -9.672564, -0.018533, -10.727706, 7.382539, 0.0
9238.0, 9.289749, -9.672564, -0.018533, -10.727706, 7.382539, 0.0
9255.0, 9.313025, -9.699878, -0.018527, -10.727706, 7.382539, 0.0
9272.0, 9.336302, -9.727191, -0.018525, -10.727706, 7.382539, 0.0
9272.0, 9.336302, -9.727191, -0.018525, -10.727706, 7.382539, 0.0
9289.0, 9.359581, -9.754508, -0.018525, -10.727706, 7.382539, 0.0
9289.0, 9.359581, -9.754508, -0.018525, -10.727706, 7.382539, 0.0
9304.0, 9.382862, -9.781828, -0.018528, -10.727706, 7.382539, 0.0
9323.0, 9.406147, -9.809151, -0.018533, -10.727706, 7.382539, 0.0
9323.0, 9.406147, -9.809151, -0.018533, -10.727706, 7.382539, 0.0
9339.0, 9.429452, -9.836498, -0.018545, -10.727706, 7.382539, 0.0
9339.0, 9.429452, -9.836498, -0.018545, -10.727706, 7.382539, 0.0
9354.0, 9.452765, -9.863853, -0.018557, -10.727706, 7.382539, 0.0
9372.0, 9.476078, -9.89121, -0.018566, -10.727706, 7.382539, 0.0
9372.0, 9.476078, -9.89121, -0.018566, -10.727706, 7.382539, 0.0
9389.0, 9.499397, -9.918571, -0.01857, -10.727706, 7.382539, 0.0
9389.0, 9.499397, -9.918571, -0.01857, -10.727706, 7.382539, 0.0
9405.0, 9.522709, -9.945925, -0.01857, -10.727706, 7.382539, 0.0
9423.0, 9.546019, -9.973275, -0.01857, -10.727706, 7.382539, 0.0
9423.0, 9.546019, -9.973275, -0.01857, -10.727706, 7.382539, 0.0
9439.0, 9.569325, -10.000624, -0.01857, -11.082612, 7.734754, 0.0
9439.0, 9.569325, -10.000624, -0.01857, -11.082612, 7.734754, 0.0
9455.0, 9.592632, -10.027971, -0.018565, -11.082612, 7.734754, 0.0
9472.0, 9.615937, -10.055317, -0.018561, -11.082612, 7.734754, 0.0
9472.0, 9.615937, -10.055317, -0.018561, -11.082612, 7.734754, 0.0
9489.0, 9.63924, -10.082662, -0.018557, -11.082612, 7.734754, 0.0
9489.0, 9.63924, -10.082662, -0.018557, -11.082612, 7.734754, 0.0
9504.0, 9.662543, -10.110005, -0.018553, -11.082612, 7.734754, 0.0
9522.0, 9.685844, -10.137348, -0.01855, -11.082612, 7.734754, 0.0
9522.0, 9.685844, -10.137348, -0.01855, -11.082612, 7.734754, 0.0
9538.0, 9.709146, -10.164691, -0.018547, -11.082612, 7.734754, 0.0
9538.0, 9.709146, -10.164691, -0.018547, -11.082612, 7.734754, 0.0
9554.0, 9.732446, -10.192033, -0.018545, -11.082612, 7.734754, 0.0
9572.0, 9.755746, -10.219374, -0.018545, -11.082612, 7.734754, 0.0
9572.0, 9.755746, -10.219374, -0.018545, -11.082612, 7.734754, 0.0
9588.0, 9.779045, -10.246716, -0.018542, -11.082612, 7.734754, 0.0
9588.0, 9.779045, -10.246716, -0.018542, -11.082612, 7.734754, 0.0
9605.0, 9.802344, -10.274056, -0.018542, -11.082612, 7.734754, 0.0
9622.0, 9.825644, -10.301396, -0.018542, -11.082612, 7.734754, 0.0
9622.0, 9.825644, -10.301396, -0.018542, -11.082612, 7.734754, 0.0
9639.0, 9.848925, -10.328716, -0.018533, -11.082612, 7.734754, 0.0
9639.0, 9.848925, -10.328716, -0.018533, -11.082612, 7.734754, 0.0
9654.0, 9.872201, -10.35603, -0.018527, -11.082612, 7.734754, 0.0
9672.0, 9.895477, -10.383344, -0.018524, -11.082612, 7.734754, 0.0
9672.0, 9.895477, -10.383344, -0.018524, -11.082612, 7.734754, 0.0
9689.0, 9.918756, -10.41066, -0.018524, -11.437512, 8.086963, 0.0
9689.0, 9.918756, -10.41066, -0.018524, -11.437512, 8.086963, 0.0
9705.0, 9.942038, -10.43798, -0.018527, -11.437512, 8.086963, 0.0
9723.0, 9.965322, -10.465303, -0.018532, -11.437512, 8.086963, 0.0
9723.0, 9.965322, -10.465303, -0.018532, -11.437512, 8.086963, 0.0
9739.0, 9.988626, -10.49265, -0.018545, -11.437512, 8.086963, 0.0
9739.0, 9.988626, -10.49265, -0.018545, -11.437512, 8.086963, 0.0
9755.0, 10.011944, -10.520011, -0.018557, -11.437512, 8.086963, 0.0
9771.0, 10.035258, -10.547367, -0.018565, -11.437512, 8.086963, 0.0
9771.0, 10.035258, -10.547367, -0.018565, -11.437512, 8.086963, 0.0
9788.0, 10.058573, -10.574724, -0.01857, -11.437512, 8.086963, 0.0
9788.0, 10.058573, -10.574724, -0.01857, -11.437512, 8.086963, 0.0
9804.0, 10.081883, -10.602077, -0.01857, -11.437512, 8.086963, 0.0
9823.0, 10.105205, -10.62944, -0.01857, -11.437512, 8.086963, 0.0
9823.0, 10.105205, -10.62944, -0.01857, -11.437512, 8.086963, 0.0
9838.0, 10.128512, -10.656789, -0.01857, -11.437512, 8.086963, 0.0
9838.0, 10.128512, -10.656789, -0.01857, -11.437512, 8.086963, 0.0
9854.0, 10.151818, -10.684135, -0.018565, -11.437512, 8.086963, 0.0
9871.0, 10.175138, -10.7115, -0.018561, -11.437512, 8.086963, 0.0
9871.0, 10.175138, -10.7115, -0.018561, -11.437512, 8.086963, 0.0
9888.0, 10.198442, -10.738845, -0.018557, -11.437512, 8.086963, 0.0
9888.0, 10.198442, -10.738845, -0.018557, -11.437512, 8.086963, 0.0
9905.0, 10.221745, -10.766189, -0.018553, -11.437512, 8.086963, 0.0
9923.0, 10.245046, -10.793531, -0.01855, -11.437512, 8.086963, 0.0
9923.0, 10.245046, -10.793531, -0.01855, -11.437512, 8.086963, 0.0
9939.0, 10.268329, -10.820852, -0.01854, -11.792445, 8.439204, 0.0
9939.0, 10.268329, -10.820852, -0.01854, -11.792445, 8.439204, 0.0
9955.0, 10.291607, -10.848167, -0.018532, -11.792445, 8.439204, 0.0
9972.0, 10.314905, -10.875507, -0.018527, -11.792445, 8.439204, 0.0
9972.0, 10.314905, -10.875507, -0.018527, -11.792445, 8.439204, 0.0
9989.0, 10.338184, -10.902825, -0.018527, -11.792445, 8.439204, 0.0
9989.0, 10.338184, -10.902825, -0.018527, -11.792445, 8.439204, 0.0
