1.0, 0.0, 0.0, 0.002231, 1.414777, -1.41365, 0.0
13.0, -0.00012, -0.000252, -0.004065, 1.414777, -1.41365, 0.0
13.0, -0.00012, -0.000252, -0.004065, 1.414777, -1.41365, 0.0
30.0, -0.000393, -0.000359, -0.00946, 1.414777, -1.41365, 0.0
30.0, -0.000393, -0.000359, -0.00946, 1.414777, -1.41365, 0.0
47.0, -0.000833, -0.000247, -0.012066, 1.414777, -1.41365, 0.0
63.0, -0.001472, -0.000001, -0.013007, 1.414777, -1.41365, 0.0
63.0, -0.001472, -0.000001, -0.013007, 1.414777, -1.41365, 0.0
81.0, -0.00235, 0.000257, -0.012734, 1.414777, -1.41365, 0.0
81.0, -0.00235, 0.000257, -0.012734, 1.414777, -1.41365, 0.0
97.0, -0.003507, 0.000423, -0.011617, 1.414777, -1.41365, 0.0
114.0, -0.004974, 0.000404, -0.009955, 1.414777, -1.41365, 0.0
114.0, -0.004974, 0.000404, -0.009955, 1.414777, -1.41365, 0.0
131.0, -0.006581, 0.000155, -0.007429, 1.414777, -1.41365, 0.0
131.0, -0.006581, 0.000155, -0.007429, 1.414777, -1.41365, 0.0
147.0, -0.008571, -0.000035, -0.004791, 1.414989, -1.146981, 0.0
165.0, -0.011016, -0.000221, -0.001877, 1.414989, -1.146981, 0.0
165.0, -0.011016, -0.000221, -0.001877, 1.414989, -1.146981, 0.0
182.0, -0.01399, -0.000276, 0.001142, 1.414989, -1.146981, 0.0
182.0, -0.01399, -0.000276, 0.001142, 1.414989, -1.146981, 0.0
196.0, -0.017454, -0.000184, 0.004132, 1.414989, -1.146981, 0.0
213.0, -0.020781, 0.00006, 0.003521, 1.414989, -1.146981, 0.0
213.0, -0.020781, 0.00006, 0.003521, 1.414989, -1.146981, 0.0
230.0, -0.025026, 0.00076, 0.003775, 1.414989, -1.146981, 0.0
230.0, -0.025026, 0.00076, 0.003775, 1.414989, -1.146981, 0.0
247.0, -0.029832, 0.001666, 0.004078, 1.414989, -1.146981, 0.0
264.0, -0.035124, 0.00273, 0.004401, 1.414989, -1.146981, 0.0
264.0, -0.035124, 0.00273, 0.004401, 1.414989, -1.146981, 0.0
281.0, -0.0409, 0.003922, 0.00474, 1.414989, -1.146981, 0.0
281.0, -0.0409, 0.003922, 0.00474, 1.414989, -1.146981, 0.0
297.0, -0.047157, 0.005232, 0.00508, 1.414989, -1.146981, 0.0
314.0, -0.053896, 0.006656, 0.005409, 1.414989, -1.146981, 0.0
314.0, -0.053896, 0.006656, 0.005409, 1.414989, -1.146981, 0.0
331.0, -0.061118, 0.008194, 0.005719, 1.414989, -1.146981, 0.0
331.0, -0.061118, 0.008194, 0.005719, 1.414989, -1.146981, 0.0
346.0, -0.068825, 0.009848, 0.006006, 1.414989, -1.146981, 0.0
364.0, -0.077016, 0.011619, 0.006268, 1.414989, -1.146981, 0.0
364.0, -0.077016, 0.011619, 0.006268, 1.414989, -1.146981, 0.0
382.0, -0.085691, 0.013507, 0.006503, 1.414989, -1.146981, 0.0
382.0, -0.085691, 0.013507, 0.006503, 1.414989, -1.146981, 0.0
397.0, -0.094805, 0.015503, 0.006695, 1.415387, -0.646976, 0.0
414.0, -0.104293, 0.01759, 0.006824, 1.415387, -0.646976, 0.0
414.0, -0.104293, 0.01759, 0.006824, 1.415387, -0.646976, 0.0
431.0, -0.114091, 0.019752, 0.006882, 1.415387, -0.646976, 0.0
431.0, -0.114091, 0.019752, 0.006882, 1.415387, -0.646976, 0.0
447.0, -0.124144, 0.021975, 0.00687, 1.415387, -0.646976, 0.0
463.0, -0.134406, 0.024247, 0.006795, 1.415387, -0.646976, 0.0
463.0, -0.134406, 0.024247, 0.006795, 1.415387, -0.646976, 0.0
481.0, -0.144836, 0.026556, 0.006667, 1.415387, -0.646976, 0.0
481.0, -0.144836, 0.026556, 0.006667, 1.415387, -0.646976, 0.0
496.0, -0.155398, 0.028895, 0.006497, 1.415387, -0.646976, 0.0
514.0, -0.166071, 0.031258, 0.0063, 1.415387, -0.646976, 0.0
514.0, -0.166071, 0.031258, 0.0063, 1.415387, -0.646976, 0.0
530.0, -0.17683, 0.033638, 0.006087, 1.415387, -0.646976, 0.0
530.0, -0.17683, 0.033638, 0.006087, 1.415387, -0.646976, 0.0
547.0, -0.187661, 0.036033, 0.005868, 1.415387, -0.646976, 0.0
564.0, -0.198549, 0.038439, 0.005652, 1.415387, -0.646976, 0.0
564.0, -0.198549, 0.038439, 0.005652, 1.415387, -0.646976, 0.0
582.0, -0.209484, 0.040855, 0.005445, 1.415387, -0.646976, 0.0
582.0, -0.209484, 0.040855, 0.005445, 1.415387, -0.646976, 0.0
597.0, -0.22046, 0.043278, 0.005253, 1.415387, -0.646976, 0.0
614.0, -0.231466, 0.045708, 0.005077, 1.415387, -0.646976, 0.0
614.0, -0.231466, 0.045708, 0.005077, 1.415387, -0.646976, 0.0
630.0, -0.242497, 0.048143, 0.004918, 1.415387, -0.646976, 0.0
630.0, -0.242497, 0.048143, 0.004918, 1.415387, -0.646976, 0.0
646.0, -0.253547, 0.050581, 0.004777, 1.415785, -0.146964, 0.0
663.0, -0.264611, 0.053023, 0.004653, 1.415785, -0.146964, 0.0
663.0, -0.264611, 0.053023, 0.004653, 1.415785, -0.146964, 0.0
680.0, -0.275687, 0.055469, 0.004547, 1.415785, -0.146964, 0.0
680.0, -0.275687, 0.055469, 0.004547, 1.415785, -0.146964, 0.0
696.0, -0.286768, 0.057915, 0.004456, 1.415785, -0.146964, 0.0
714.0, -0.297856, 0.060364, 0.00438, 1.415785, -0.146964, 0.0
714.0, -0.297856, 0.060364, 0.00438, 1.415785, -0.146964, 0.0
730.0, -0.308949, 0.062815, 0.004318, 1.415785, -0.146964, 0.0
730.0, -0.308949, 0.062815, 0.004318, 1.415785, -0.146964, 0.0
746.0, -0.320049, 0.065268, 0.004268, 1.415785, -0.146964, 0.0
764.0, -0.331152, 0.067723, 0.004229, 1.415785, -0.146964, 0.0
764.0, -0.331152, 0.067723, 0.004229, 1.415785, -0.146964, 0.0
781.0, -0.342261, 0.07018, 0.004199, 1.415785, -0.146964, 0.0
781.0, -0.342261, 0.07018, 0.004199, 1.415785, -0.146964, 0.0
796.0, -0.353376, 0.07264, 0.004179, 1.415785, -0.146964, 0.0
814.0, -0.364496, 0.075101, 0.004163, 1.415785, -0.146964, 0.0
814.0, -0.364496, 0.075101, 0.004163, 1.415785, -0.146964, 0.0
831.0, -0.375621, 0.077564, 0.004152, 1.415785, -0.146964, 0.0
831.0, -0.375621, 0.077564, 0.004152, 1.415785, -0.146964, 0.0
847.0, -0.386744, 0.080027, 0.004143, 1.415785, -0.146964, 0.0
863.0, -0.397868, 0.082491, 0.004137, 1.415785, -0.146964, 0.0
863.0, -0.397868, 0.082491, 0.004137, 1.415785, -0.146964, 0.0
881.0, -0.408992, 0.084956, 0.004132, 1.415785, -0.146964, 0.0
881.0, -0.408992, 0.084956, 0.004132, 1.415785, -0.146964, 0.0
896.0, -0.420113, 0.08742, 0.004127, 1.416183, 0.35305, 0.0
913.0, -0.431233, 0.089885, 0.004124, 1.416183, 0.35305, 0.0
913.0, -0.431233, 0.089885, 0.004124, 1.416183, 0.35305, 0.0
930.0, -0.442353, 0.09235, 0.004121, 1.416183, 0.35305, 0.0
930.0, -0.442353, 0.09235, 0.004121, 1.416183, 0.35305, 0.0
947.0, -0.453486, 0.094818, 0.004121, 1.416183, 0.35305, 0.0
964.0, -0.464608, 0.097284, 0.004121, 1.416183, 0.35305, 0.0
964.0, -0.464608, 0.097284, 0.004121, 1.416183, 0.35305, 0.0
981.0, -0.475731, 0.09975, 0.004121, 1.416183, 0.35305, 0.0
981.0, -0.475731, 0.09975, 0.004121, 1.416183, 0.35305, 0.0
998.0, -0.486859, 0.102218, 0.004125, 1.416183, 0.35305, 0.0
1014.0, -0.497994, 0.104687, 0.004128, 1.416183, 0.35305, 0.0
1014.0, -0.497994, 0.104687, 0.004128, 1.416183, 0.35305, 0.0
1030.0, -0.509124, 0.107156, 0.00413, 1.416183, 0.35305, 0.0
1030.0, -0.509124, 0.107156, 0.00413, 1.416183, 0.35305, 0.0
1047.0, -0.520254, 0.109625, 0.00413, 1.416183, 0.35305, 0.0
1064.0, -0.531384, 0.112093, 0.00413, 1.416183, 0.35305, 0.0
1064.0, -0.531384, 0.112093, 0.00413, 1.416183, 0.35305, 0.0
1082.0, -0.542513, 0.114562, 0.00413, 1.416183, 0.35305, 0.0
1082.0, -0.542513, 0.114562, 0.00413, 1.416183, 0.35305, 0.0
1095.0, -0.553638, 0.117029, 0.00413, 1.416183, 0.35305, 0.0
1112.0, -0.564761, 0.119497, 0.004127, 1.416183, 0.35305, 0.0
1112.0, -0.564761, 0.119497, 0.004127, 1.416183, 0.35305, 0.0
1130.0, -0.575884, 0.121964, 0.004127, 1.416183, 0.35305, 0.0
1130.0, -0.575884, 0.121964, 0.004127, 1.416183, 0.35305, 0.0
1146.0, -0.587008, 0.124431, 0.004125, 1.416582, 0.853106, 0.0
1164.0, -0.598184, 0.12691, 0.004125, 1.416582, 0.853106, 0.0
1164.0, -0.598184, 0.12691, 0.004125, 1.416582, 0.853106, 0.0
1181.0, -0.609308, 0.129378, 0.004126, 1.416582, 0.853106, 0.0
1181.0, -0.609308, 0.129378, 0.004126, 1.416582, 0.853106, 0.0
1196.0, -0.620429, 0.131845, 0.004126, 1.416582, 0.853106, 0.0
1213.0, -0.631549, 0.134311, 0.004126, 1.416582, 0.853106, 0.0
1213.0, -0.631549, 0.134311, 0.004126, 1.416582, 0.853106, 0.0
1231.0, -0.642669, 0.136778, 0.004126, 1.416582, 0.853106, 0.0
1231.0, -0.642669, 0.136778, 0.004126, 1.416582, 0.853106, 0.0
1246.0, -0.65379, 0.139245, 0.004126, 1.416582, 0.853106, 0.0
1264.0, -0.664912, 0.141712, 0.004129, 1.416582, 0.853106, 0.0
1264.0, -0.664912, 0.141712, 0.004129, 1.416582, 0.853106, 0.0
1281.0, -0.676035, 0.14418, 0.004129, 1.416582, 0.853106, 0.0
1281.0, -0.676035, 0.14418, 0.004129, 1.416582, 0.853106, 0.0
1296.0, -0.687167, 0.146649, 0.004136, 1.416582, 0.853106, 0.0
1313.0, -0.698303, 0.14912, 0.00414, 1.416582, 0.853106, 0.0
1313.0, -0.698303, 0.14912, 0.00414, 1.416582, 0.853106, 0.0
1330.0, -0.709439, 0.15159, 0.004143, 1.416582, 0.853106, 0.0
1330.0, -0.709439, 0.15159, 0.004143, 1.416582, 0.853106, 0.0
1347.0, -0.720574, 0.15406, 0.004143, 1.416582, 0.853106, 0.0
1363.0, -0.731708, 0.15653, 0.004143, 1.416582, 0.853106, 0.0
1363.0, -0.731708, 0.15653, 0.004143, 1.416582, 0.853106, 0.0
1381.0, -0.74284, 0.159, 0.004143, 1.416582, 0.853106, 0.0
1382.0, -0.74284, 0.159, 0.004143, 1.416582, 0.853106, 0.0
1397.0, -0.753972, 0.161469, 0.00414, 1.41698, 1.353273, 0.0
1414.0, -0.765105, 0.163939, 0.004138, 1.41698, 1.353273, 0.0
1414.0, -0.765105, 0.163939, 0.004138, 1.41698, 1.353273, 0.0
1430.0, -0.776235, 0.166408, 0.004135, 1.41698, 1.353273, 0.0
1430.0, -0.776235, 0.166408, 0.004135, 1.41698, 1.353273, 0.0
1447.0, -0.787365, 0.168877, 0.004134, 1.41698, 1.353273, 0.0
1464.0, -0.798494, 0.171346, 0.004134, 1.41698, 1.353273, 0.0
1464.0, -0.798494, 0.171346, 0.004134, 1.41698, 1.353273, 0.0
1482.0, -0.809623, 0.173814, 0.00413, 1.41698, 1.353273, 0.0
1482.0, -0.809623, 0.173814, 0.00413, 1.41698, 1.353273, 0.0
1497.0, -0.820747, 0.176282, 0.004128, 1.41698, 1.353273, 0.0
1514.0, -0.83187, 0.178749, 0.004125, 1.41698, 1.353273, 0.0
1514.0, -0.83187, 0.178749, 0.004125, 1.41698, 1.353273, 0.0
1530.0, -0.843002, 0.181218, 0.004125, 1.41698, 1.353273, 0.0
1530.0, -0.843002, 0.181218, 0.004125, 1.41698, 1.353273, 0.0
1546.0, -0.854124, 0.183686, 0.004125, 1.41698, 1.353273, 0.0
1563.0, -0.865248, 0.186153, 0.004125, 1.41698, 1.353273, 0.0
1563.0, -0.865248, 0.186153, 0.004125, 1.41698, 1.353273, 0.0
1581.0, -0.876372, 0.188621, 0.004125, 1.41698, 1.353273, 0.0
1581.0, -0.876372, 0.188621, 0.004125, 1.41698, 1.353273, 0.0
1597.0, -0.887501, 0.191089, 0.004128, 1.41698, 1.353273, 0.0
1613.0, -0.898632, 0.193558, 0.004131, 1.41698, 1.353273, 0.0
1613.0, -0.898632, 0.193558, 0.004131, 1.41698, 1.353273, 0.0
1630.0, -0.909787, 0.196033, 0.004133, 1.41698, 1.353273, 0.0
1631.0, -0.909787, 0.196033, 0.004133, 1.41698, 1.353273, 0.0
1647.0, -0.920918, 0.198502, 0.004133, 1.417378, 1.853386, 0.0
1664.0, -0.932073, 0.200977, 0.004135, 1.417378, 1.853386, 0.0
1664.0, -0.932073, 0.200977, 0.004135, 1.417378, 1.853386, 0.0
1681.0, -0.943202, 0.203446, 0.004135, 1.417378, 1.853386, 0.0
1681.0, -0.943202, 0.203446, 0.004135, 1.417378, 1.853386, 0.0
1697.0, -0.954272, 0.205914, 0.00411, 1.417378, 1.853386, 0.0
1714.0, -0.965224, 0.208385, 0.004048, 1.417378, 1.853386, 0.0
1714.0, -0.965224, 0.208385, 0.004048, 1.417378, 1.853386, 0.0
1731.0, -0.975997, 0.21086, 0.00394, 1.417378, 1.853386, 0.0
1731.0, -0.975997, 0.21086, 0.00394, 1.417378, 1.853386, 0.0
1747.0, -0.986535, 0.213341, 0.003785, 1.417378, 1.853386, 0.0
1765.0, -0.99679, 0.215829, 0.00359, 1.417378, 1.853386, 0.0
1765.0, -0.99679, 0.215829, 0.00359, 1.417378, 1.853386, 0.0
1781.0, -1.006722, 0.218324, 0.003362, 1.417378, 1.853386, 0.0
1781.0, -1.006722, 0.218324, 0.003362, 1.417378, 1.853386, 0.0
1796.0, -1.016301, 0.22083, 0.003114, 1.417378, 1.853386, 0.0
1813.0, -1.025497, 0.223348, 0.002854, 1.417378, 1.853386, 0.0
1813.0, -1.025497, 0.223348, 0.002854, 1.417378, 1.853386, 0.0
1830.0, -1.034287, 0.225879, 0.002592, 1.417378, 1.853386, 0.0
1830.0, -1.034287, 0.225879, 0.002592, 1.417378, 1.853386, 0.0
1846.0, -1.042652, 0.228425, 0.002336, 1.417378, 1.853386, 0.0
1863.0, -1.050577, 0.230987, 0.002093, 1.417378, 1.853386, 0.0
1863.0, -1.050577, 0.230987, 0.002093, 1.417378, 1.853386, 0.0
1882.0, -1.058053, 0.233567, 0.001867, 1.417378, 1.853386, 0.0
1882.0, -1.058053, 0.233567, 0.001867, 1.417378, 1.853386, 0.0
1897.0, -1.065071, 0.236167, 0.001662, 1.417776, 2.353465, 0.0
1915.0, -1.07163, 0.238789, 0.001478, 1.417776, 2.353465, 0.0
1915.0, -1.07163, 0.238789, 0.001478, 1.417776, 2.353465, 0.0
1931.0, -1.07771, 0.24143, 0.001314, 1.417776, 2.353465, 0.0
1931.0, -1.07771, 0.24143, 0.001314, 1.417776, 2.353465, 0.0
1947.0, -1.083313, 0.244093, 0.00117, 1.417776, 2.353465, 0.0
1964.0, -1.088438, 0.246777, 0.001043, 1.417776, 2.353465, 0.0
1964.0, -1.088438, 0.246777, 0.001043, 1.417776, 2.353465, 0.0
1982.0, -1.093081, 0.249483, 0.000928, 1.417776, 2.353465, 0.0
1982.0, -1.093081, 0.249483, 0.000928, 1.417776, 2.353465, 0.0
1997.0, -1.097242, 0.252209, 0.000821, 1.417776, 2.353465, 0.0
2014.0, -1.100921, 0.254956, 0.000717, 1.417776, 2.353465, 0.0
2014.0, -1.100921, 0.254956, 0.000717, 1.417776, 2.353465, 0.0
2031.0, -1.10412, 0.257725, 0.00061, 1.417776, 2.353465, 0.0
2031.0, -1.10412, 0.257725, 0.00061, 1.417776, 2.353465, 0.0
2046.0, -1.106843, 0.260514, 0.000493, 1.417776, 2.353465, 0.0
2063.0, -1.109093, 0.263326, 0.000359, 1.417776, 2.353465, 0.0
2063.0, -1.109093, 0.263326, 0.000359, 1.417776, 2.353465, 0.0
2081.0, -1.110873, 0.266161, 0.000205, 1.417776, 2.353465, 0.0
2081.0, -1.110873, 0.266161, 0.000205, 1.417776, 2.353465, 0.0
2096.0, -1.11219, 0.269025, 0.000029, 1.417776, 2.353465, 0.0
2113.0, -1.113044, 0.271922, -0.000161, 1.417776, 2.353465, 0.0
2113.0, -1.113044, 0.271922, -0.000161, 1.417776, 2.353465, 0.0
2130.0, -1.113438, 0.274861, -0.000356, 1.417776, 2.353465, 0.0
2130.0, -1.113438, 0.274861, -0.000356, 1.417776, 2.353465, 0.0
2147.0, -1.113368, 0.277851, -0.00054, 1.418175, 2.853503, 0.0
2164.0, -1.112825, 0.280899, -0.000702, 1.418175, 2.853503, 0.0
2164.0, -1.112825, 0.280899, -0.000702, 1.418175, 2.853503, 0.0
2181.0, -1.111797, 0.284022, -0.000839, 1.418175, 2.853503, 0.0
2181.0, -1.111797, 0.284022, -0.000839, 1.418175, 2.853503, 0.0
2197.0, -1.110277, 0.2872, -0.000949, 1.418175, 2.853503, 0.0
2214.0, -1.108253, 0.290442, -0.001039, 1.418175, 2.853503, 0.0
2214.0, -1.108253, 0.290442, -0.001039, 1.418175, 2.853503, 0.0
2231.0, -1.105717, 0.293746, -0.001114, 1.418175, 2.853503, 0.0
2231.0, -1.105717, 0.293746, -0.001114, 1.418175, 2.853503, 0.0
2247.0, -1.102664, 0.297105, -0.001181, 1.418175, 2.853503, 0.0
2264.0, -1.099089, 0.300514, -0.001246, 1.418175, 2.853503, 0.0
2264.0, -1.099089, 0.300514, -0.001246, 1.418175, 2.853503, 0.0
2282.0, -1.094993, 0.30397, -0.001311, 1.418175, 2.853503, 0.0
2282.0, -1.094993, 0.30397, -0.001311, 1.418175, 2.853503, 0.0
2296.0, -1.090374, 0.307467, -0.001378, 1.418175, 2.853503, 0.0
2313.0, -1.085235, 0.311002, -0.00145, 1.418175, 2.853503, 0.0
2313.0, -1.085235, 0.311002, -0.00145, 1.418175, 2.853503, 0.0
2330.0, -1.079576, 0.314572, -0.001524, 1.418175, 2.853503, 0.0
2330.0, -1.079576, 0.314572, -0.001524, 1.418175, 2.853503, 0.0
2346.0, -1.073399, 0.318176, -0.0016, 1.418175, 2.853503, 0.0
2363.0, -1.066706, 0.321813, -0.001677, 1.418175, 2.853503, 0.0
2363.0, -1.066706, 0.321813, -0.001677, 1.418175, 2.853503, 0.0
2381.0, -1.0595, 0.32548, -0.001755, 1.418175, 2.853503, 0.0
2381.0, -1.0595, 0.32548, -0.001755, 1.418175, 2.853503, 0.0
2396.0, -1.051777, 0.32918, -0.001832, 1.418573, 3.353619, 0.0
2414.0, -1.043544, 0.33291, -0.001907, 1.418573, 3.353619, 0.0
2414.0, -1.043544, 0.33291, -0.001907, 1.418573, 3.353619, 0.0
2430.0, -1.034801, 0.336671, -0.001978, 1.418573, 3.353619, 0.0
2430.0, -1.034801, 0.336671, -0.001978, 1.418573, 3.353619, 0.0
2447.0, -1.025542, 0.340464, -0.002044, 1.418573, 3.353619, 0.0
2465.0, -1.015785, 0.344285, -0.002106, 1.418573, 3.353619, 0.0
2465.0, -1.015785, 0.344285, -0.002106, 1.418573, 3.353619, 0.0
2482.0, -1.005521, 0.348136, -0.002163, 1.418573, 3.353619, 0.0
2482.0, -1.005521, 0.348136, -0.002163, 1.418573, 3.353619, 0.0
2498.0, -0.994759, 0.352015, -0.002214, 1.418573, 3.353619, 0.0
2514.0, -0.983494, 0.355923, -0.002259, 1.418573, 3.353619, 0.0
2514.0, -0.983494, 0.355923, -0.002259, 1.418573, 3.353619, 0.0
2531.0, -0.971726, 0.359863, -0.0023, 1.418573, 3.353619, 0.0
2531.0, -0.971726, 0.359863, -0.0023, 1.418573, 3.353619, 0.0
2546.0, -0.959456, 0.363832, -0.002337, 1.418573, 3.353619, 0.0
2563.0, -0.946684, 0.367833, -0.002371, 1.418573, 3.353619, 0.0
2563.0, -0.946684, 0.367833, -0.002371, 1.418573, 3.353619, 0.0
2581.0, -0.933409, 0.371865, -0.002401, 1.418573, 3.353619, 0.0
2581.0, -0.933409, 0.371865, -0.002401, 1.418573, 3.353619, 0.0
2597.0, -0.919628, 0.375928, -0.002429, 1.418573, 3.353619, 0.0
2614.0, -0.905343, 0.380024, -0.002454, 1.418573, 3.353619, 0.0
2614.0, -0.905343, 0.380024, -0.002454, 1.418573, 3.353619, 0.0
2630.0, -0.890558, 0.384149, -0.002474, 1.418573, 3.353619, 0.0
2630.0, -0.890558, 0.384149, -0.002474, 1.418573, 3.353619, 0.0
2646.0, -0.875272, 0.388305, -0.002491, 1.418971, 3.853657, 0.0
2665.0, -0.859487, 0.392491, -0.002505, 1.418971, 3.853657, 0.0
2665.0, -0.859487, 0.392491, -0.002505, 1.418971, 3.853657, 0.0
2681.0, -0.843202, 0.396706, -0.002515, 1.418971, 3.853657, 0.0
2681.0, -0.843202, 0.396706, -0.002515, 1.418971, 3.853657, 0.0
2697.0, -0.826425, 0.40095, -0.002521, 1.418971, 3.853657, 0.0
2714.0, -0.80915, 0.405223, -0.002526, 1.418971, 3.853657, 0.0
2714.0, -0.80915, 0.405223, -0.002526, 1.418971, 3.853657, 0.0
2731.0, -0.791375, 0.409524, -0.00253, 1.418971, 3.853657, 0.0
2731.0, -0.791375, 0.409524, -0.00253, 1.418971, 3.853657, 0.0
2747.0, -0.7731, 0.413854, -0.002534, 1.418971, 3.853657, 0.0
2764.0, -0.754326, 0.418213, -0.002537, 1.418971, 3.853657, 0.0
2764.0, -0.754326, 0.418213, -0.002537, 1.418971, 3.853657, 0.0
2781.0, -0.735051, 0.4226, -0.002541, 1.418971, 3.853657, 0.0
2781.0, -0.735051, 0.4226, -0.002541, 1.418971, 3.853657, 0.0
2797.0, -0.715268, 0.427016, -0.002546, 1.418971, 3.853657, 0.0
2814.0, -0.694983, 0.431461, -0.002551, 1.418971, 3.853657, 0.0
2814.0, -0.694983, 0.431461, -0.002551, 1.418971, 3.853657, 0.0
2831.0, -0.674197, 0.435931, -0.002554, 1.418971, 3.853657, 0.0
2831.0, -0.674197, 0.435931, -0.002554, 1.418971, 3.853657, 0.0
2847.0, -0.652913, 0.440428, -0.002554, 1.418971, 3.853657, 0.0
2864.0, -0.631129, 0.44495, -0.002554, 1.418971, 3.853657, 0.0
2864.0, -0.631129, 0.44495, -0.002554, 1.418971, 3.853657, 0.0
2882.0, -0.608847, 0.449496, -0.002554, 1.418971, 3.853657, 0.0
2882.0, -0.608847, 0.449496, -0.002554, 1.418971, 3.853657, 0.0
2897.0, -0.586075, 0.454065, -0.002548, 1.419369, 4.353662, 0.0
2917.0, -0.562806, 0.458656, -0.002542, 1.419369, 4.353662, 0.0
2917.0, -0.562806, 0.458656, -0.002542, 1.419369, 4.353662, 0.0
2930.0, -0.539039, 0.46327, -0.002538, 1.419369, 4.353662, 0.0
2930.0, -0.539039, 0.46327, -0.002538, 1.419369, 4.353662, 0.0
2946.0, -0.514631, 0.467933, -0.002535, 1.419369, 4.353662, 0.0
2963.0, -0.489861, 0.47259, -0.002534, 1.419369, 4.353662, 0.0
2963.0, -0.489861, 0.47259, -0.002534, 1.419369, 4.353662, 0.0
2981.0, -0.464589, 0.477268, -0.002534, 1.419369, 4.353662, 0.0
2981.0, -0.464589, 0.477268, -0.002534, 1.419369, 4.353662, 0.0
2997.0, -0.438825, 0.481964, -0.002532, 1.419369, 4.353662, 0.0
3013.0, -0.412564, 0.486679, -0.002529, 1.419369, 4.353662, 0.0
3014.0, -0.412564, 0.486679, -0.002529, 1.419369, 4.353662, 0.0
3031.0, -0.385803, 0.491411, -0.002529, 1.419369, 4.353662, 0.0
3031.0, -0.385803, 0.491411, -0.002529, 1.419369, 4.353662, 0.0
3047.0, -0.35854, 0.49616, -0.002529, 1.419369, 4.353662, 0.0
3064.0, -0.330776, 0.500926, -0.002529, 1.419369, 4.353662, 0.0
3064.0, -0.330776, 0.500926, -0.002529, 1.419369, 4.353662, 0.0
3082.0, -0.302511, 0.505708, -0.002531, 1.419369, 4.353662, 0.0
3082.0, -0.302511, 0.505708, -0.002531, 1.419369, 4.353662, 0.0
3097.0, -0.273722, 0.510507, -0.002542, 1.419369, 4.353662, 0.0
3115.0, -0.244426, 0.515321, -0.002552, 1.419369, 4.353662, 0.0
3115.0, -0.244426, 0.515321, -0.002552, 1.419369, 4.353662, 0.0
3131.0, -0.214629, 0.520148, -0.002559, 1.419369, 4.353662, 0.0
3131.0, -0.214629, 0.520148, -0.002559, 1.419369, 4.353662, 0.0
3147.0, -0.184333, 0.524984, -0.002561, 1.419767, 4.853864, 0.0
3165.0, -0.15354, 0.529831, -0.002561, 1.419767, 4.853864, 0.0
3165.0, -0.15354, 0.529831, -0.002561, 1.419767, 4.853864, 0.0
3181.0, -0.122249, 0.534686, -0.002561, 1.419767, 4.853864, 0.0
3181.0, -0.122249, 0.534686, -0.002561, 1.419767, 4.853864, 0.0
3196.0, -0.090461, 0.539548, -0.002557, 1.419767, 4.853864, 0.0
3213.0, -0.058175, 0.544416, -0.002555, 1.419767, 4.853864, 0.0
3213.0, -0.058175, 0.544416, -0.002555, 1.419767, 4.853864, 0.0
3230.0, -0.02539, 0.549289, -0.002555, 1.419767, 4.853864, 0.0
3230.0, -0.02539, 0.549289, -0.002555, 1.419767, 4.853864, 0.0
3247.0, 0.007892, 0.554165, -0.002553, 1.419767, 4.853864, 0.0
3264.0, 0.041674, 0.559044, -0.002553, 1.419767, 4.853864, 0.0
3264.0, 0.041674, 0.559044, -0.002553, 1.419767, 4.853864, 0.0
3281.0, 0.075955, 0.563926, -0.002555, 1.419767, 4.853864, 0.0
3281.0, 0.075955, 0.563926, -0.002555, 1.419767, 4.853864, 0.0
3297.0, 0.110721, 0.568806, -0.002553, 1.419767, 4.853864, 0.0
3314.0, 0.145983, 0.573684, -0.002553, 1.419767, 4.853864, 0.0
3314.0, 0.145983, 0.573684, -0.002553, 1.419767, 4.853864, 0.0
3331.0, 0.181745, 0.57856, -0.002557, 1.419767, 4.853864, 0.0
3332.0, 0.181745, 0.57856, -0.002557, 1.419767, 4.853864, 0.0
3347.0, 0.218007, 0.583434, -0.002563, 1.419767, 4.853864, 0.0
3364.0, 0.254892, 0.588319, -0.002572, 1.419767, 4.853864, 0.0
3364.0, 0.254892, 0.588319, -0.002572, 1.419767, 4.853864, 0.0
3382.0, 0.292159, 0.593184, -0.002584, 1.419767, 4.853864, 0.0
3382.0, 0.292159, 0.593184, -0.002584, 1.419767, 4.853864, 0.0
3397.0, 0.32994, 0.598044, -0.002597, 1.420166, 5.353978, 0.0
3397.0, 0.32994, 0.598044, -0.002597, 1.420166, 5.353978, 0.0
3413.0, 0.36821, 0.602896, -0.002611, 1.420166, 5.353978, 0.0
3431.0, 0.406983, 0.607738, -0.002626, 1.420166, 5.353978, 0.0
3431.0, 0.406983, 0.607738, -0.002626, 1.420166, 5.353978, 0.0
3447.0, 0.44627, 0.612571, -0.00264, 1.420166, 5.353978, 0.0
3447.0, 0.44627, 0.612571, -0.00264, 1.420166, 5.353978, 0.0
3465.0, 0.486126, 0.617402, -0.002654, 1.420166, 5.353978, 0.0
3482.0, 0.526401, 0.62221, -0.002669, 1.420166, 5.353978, 0.0
3482.0, 0.526401, 0.62221, -0.002669, 1.420166, 5.353978, 0.0
3498.0, 0.567203, 0.627008, -0.002684, 1.420166, 5.353978, 0.0
3498.0, 0.567203, 0.627008, -0.002684, 1.420166, 5.353978, 0.0
3513.0, 0.608478, 0.631786, -0.0027, 1.420166, 5.353978, 0.0
3531.0, 0.650254, 0.636549, -0.002715, 1.420166, 5.353978, 0.0
3531.0, 0.650254, 0.636549, -0.002715, 1.420166, 5.353978, 0.0
3548.0, 0.69253, 0.641292, -0.002731, 1.420166, 5.353978, 0.0
3548.0, 0.69253, 0.641292, -0.002731, 1.420166, 5.353978, 0.0
3564.0, 0.735305, 0.646017, -0.002746, 1.420166, 5.353978, 0.0
3581.0, 0.778581, 0.650722, -0.002763, 1.420166, 5.353978, 0.0
3581.0, 0.778581, 0.650722, -0.002763, 1.420166, 5.353978, 0.0
3596.0, 0.822305, 0.655408, -0.002759, 1.420166, 5.353978, 0.0
3596.0, 0.822305, 0.655408, -0.002759, 1.420166, 5.353978, 0.0
3613.0, 0.866413, 0.660077, -0.002715, 1.420166, 5.353978, 0.0
3630.0, 0.910842, 0.66473, -0.002623, 1.420166, 5.353978, 0.0
3630.0, 0.910842, 0.66473, -0.002623, 1.420166, 5.353978, 0.0
3646.0, 0.955534, 0.669368, -0.002479, 1.420564, 5.854097, 0.0
3646.0, 0.955534, 0.669368, -0.002479, 1.420564, 5.854097, 0.0
3663.0, 1.000442, 0.67399, -0.00229, 1.420564, 5.854097, 0.0
3681.0, 1.045524, 0.678597, -0.002064, 1.420564, 5.854097, 0.0
3681.0, 1.045524, 0.678597, -0.002064, 1.420564, 5.854097, 0.0
3696.0, 1.090796, 0.683194, -0.001818, 1.420564, 5.854097, 0.0
3697.0, 1.090796, 0.683194, -0.001818, 1.420564, 5.854097, 0.0
3713.0, 1.136157, 0.687776, -0.001557, 1.420564, 5.854097, 0.0
3730.0, 1.181608, 0.692345, -0.001289, 1.420564, 5.854097, 0.0
3730.0, 1.181608, 0.692345, -0.001289, 1.420564, 5.854097, 0.0
3748.0, 1.227131, 0.696902, -0.001021, 1.420564, 5.854097, 0.0
3748.0, 1.227131, 0.696902, -0.001021, 1.420564, 5.854097, 0.0
3763.0, 1.272711, 0.701451, -0.000762, 1.420564, 5.854097, 0.0
3781.0, 1.318336, 0.705991, -0.000518, 1.420564, 5.854097, 0.0
3781.0, 1.318336, 0.705991, -0.000518, 1.420564, 5.854097, 0.0
3797.0, 1.363979, 0.710524, -0.000286, 1.420564, 5.854097, 0.0
3797.0, 1.363979, 0.710524, -0.000286, 1.420564, 5.854097, 0.0
3813.0, 1.409646, 0.715052, -0.000077, 1.420564, 5.854097, 0.0
3831.0, 1.455336, 0.719577, 0.000107, 1.420564, 5.854097, 0.0
3831.0, 1.455336, 0.719577, 0.000107, 1.420564, 5.854097, 0.0
3846.0, 1.501047, 0.724102, 0.000265, 1.420564, 5.854097, 0.0
3846.0, 1.501047, 0.724102, 0.000265, 1.420564, 5.854097, 0.0
3863.0, 1.546775, 0.728627, 0.000398, 1.420564, 5.854097, 0.0
3881.0, 1.592517, 0.733154, 0.00051, 1.420564, 5.854097, 0.0
3881.0, 1.592517, 0.733154, 0.00051, 1.420564, 5.854097, 0.0
3897.0, 1.638289, 0.737686, 0.000595, 1.420962, 6.354124, 0.0
3897.0, 1.638289, 0.737686, 0.000595, 1.420962, 6.354124, 0.0
3914.0, 1.684075, 0.742221, 0.000665, 1.420962, 6.354124, 0.0
3931.0, 1.729868, 0.74676, 0.000723, 1.420962, 6.354124, 0.0
3931.0, 1.729868, 0.74676, 0.000723, 1.420962, 6.354124, 0.0
3948.0, 1.775665, 0.751302, 0.000772, 1.420962, 6.354124, 0.0
3948.0, 1.775665, 0.751302, 0.000772, 1.420962, 6.354124, 0.0
3964.0, 1.821464, 0.755848, 0.000813, 1.420962, 6.354124, 0.0
3982.0, 1.867392, 0.76041, 0.000847, 1.420962, 6.354124, 0.0
3982.0, 1.867392, 0.76041, 0.000847, 1.420962, 6.354124, 0.0
3999.0, 1.913159, 0.764959, 0.000889, 1.420962, 6.354124, 0.0
3999.0, 1.913159, 0.764959, 0.000889, 1.420962, 6.354124, 0.0
4014.0, 1.958917, 0.769509, 0.000924, 1.420962, 6.354124, 0.0
4031.0, 2.004678, 0.774062, 0.000948, 1.420962, 6.354124, 0.0
4031.0, 2.004678, 0.774062, 0.000948, 1.420962, 6.354124, 0.0
4048.0, 2.050444, 0.778617, 0.000963, 1.420962, 6.354124, 0.0
4048.0, 2.050444, 0.778617, 0.000963, 1.420962, 6.354124, 0.0
4063.0, 2.096215, 0.783175, 0.00097, 1.420962, 6.354124, 0.0
4081.0, 2.141992, 0.787735, 0.000971, 1.420962, 6.354124, 0.0
4081.0, 2.141992, 0.787735, 0.000971, 1.420962, 6.354124, 0.0
4097.0, 2.187809, 0.792302, 0.000956, 1.420962, 6.354124, 0.0
4097.0, 2.187809, 0.792302, 0.000956, 1.420962, 6.354124, 0.0
4113.0, 2.233674, 0.796876, 0.00094, 1.420962, 6.354124, 0.0
4131.0, 2.279508, 0.801449, 0.00093, 1.420962, 6.354124, 0.0
4131.0, 2.279508, 0.801449, 0.00093, 1.420962, 6.354124, 0.0
4147.0, 2.32534, 0.806023, 0.000925, 1.42136, 6.854246, 0.0
4147.0, 2.32534, 0.806023, 0.000925, 1.42136, 6.854246, 0.0
4164.0, 2.37117, 0.810598, 0.000925, 1.42136, 6.854246, 0.0
4181.0, 2.416995, 0.815174, 0.00093, 1.42136, 6.854246, 0.0
4181.0, 2.416995, 0.815174, 0.00093, 1.42136, 6.854246, 0.0
4198.0, 2.4628, 0.819748, 0.000943, 1.42136, 6.854246, 0.0
4198.0, 2.4628, 0.819748, 0.000943, 1.42136, 6.854246, 0.0
4214.0, 2.508597, 0.824321, 0.000956, 1.42136, 6.854246, 0.0
4231.0, 2.554392, 0.828894, 0.000966, 1.42136, 6.854246, 0.0
4231.0, 2.554392, 0.828894, 0.000966, 1.42136, 6.854246, 0.0
4248.0, 2.600188, 0.833467, 0.000972, 1.42136, 6.854246, 0.0
4248.0, 2.600188, 0.833467, 0.000972, 1.42136, 6.854246, 0.0
4263.0, 2.646063, 0.838048, 0.000976, 1.42136, 6.854246, 0.0
4282.0, 2.691861, 0.842621, 0.000976, 1.42136, 6.854246, 0.0
4282.0, 2.691861, 0.842621, 0.000976, 1.42136, 6.854246, 0.0
4297.0, 2.737678, 0.847197, 0.00097, 1.42136, 6.854246, 0.0
4297.0, 2.737678, 0.847197, 0.00097, 1.42136, 6.854246, 0.0
4314.0, 2.783535, 0.851777, 0.000962, 1.42136, 6.854246, 0.0
4331.0, 2.829365, 0.856355, 0.000957, 1.42136, 6.854246, 0.0
4331.0, 2.829365, 0.856355, 0.000957, 1.42136, 6.854246, 0.0
4347.0, 2.875195, 0.860933, 0.000955, 1.42136, 6.854246, 0.0
4347.0, 2.875195, 0.860933, 0.000955, 1.42136, 6.854246, 0.0
4364.0, 2.921024, 0.865511, 0.000955, 1.42136, 6.854246, 0.0
4382.0, 2.966852, 0.87009, 0.000955, 1.42136, 6.854246, 0.0
4382.0, 2.966852, 0.87009, 0.000955, 1.42136, 6.854246, 0.0
4397.0, 3.012654, 0.874665, 0.000966, 1.421759, 7.354357, 0.0
4397.0, 3.012654, 0.874665, 0.000966, 1.421759, 7.354357, 0.0
4415.0, 3.058446, 0.87924, 0.000975, 1.421759, 7.354357, 0.0
4431.0, 3.104237, 0.883814, 0.000981, 1.421759, 7.354357, 0.0
4431.0, 3.104237, 0.883814, 0.000981, 1.421759, 7.354357, 0.0
4448.0, 3.150038, 0.888389, 0.000984, 1.421759, 7.354357, 0.0
4448.0, 3.150038, 0.888389, 0.000984, 1.421759, 7.354357, 0.0
4464.0, 3.195832, 0.892963, 0.000984, 1.421759, 7.354357, 0.0
4482.0, 3.241629, 0.897538, 0.000984, 1.421759, 7.354357, 0.0
4482.0, 3.241629, 0.897538, 0.000984, 1.421759, 7.354357, 0.0
4498.0, 3.287426, 0.902112, 0.00098, 1.421759, 7.354357, 0.0
4498.0, 3.287426, 0.902112, 0.00098, 1.421759, 7.354357, 0.0
4513.0, 3.333226, 0.906687, 0.000977, 1.421759, 7.354357, 0.0
4530.0, 3.379027, 0.911263, 0.000974, 1.421759, 7.354357, 0.0
4530.0, 3.379027, 0.911263, 0.000974, 1.421759, 7.354357, 0.0
4547.0, 3.424828, 0.915839, 0.000971, 1.421759, 7.354357, 0.0
4547.0, 3.424828, 0.915839, 0.000971, 1.421759, 7.354357, 0.0
4563.0, 3.47063, 0.920415, 0.000969, 1.421759, 7.354357, 0.0
4581.0, 3.516433, 0.924991, 0.000967, 1.421759, 7.354357, 0.0
4581.0, 3.516433, 0.924991, 0.000967, 1.421759, 7.354357, 0.0
4597.0, 3.562254, 0.929569, 0.000958, 1.421759, 7.354357, 0.0
4597.0, 3.562254, 0.929569, 0.000958, 1.421759, 7.354357, 0.0
4614.0, 3.608171, 0.934157, 0.000951, 1.421759, 7.354357, 0.0
4631.0, 3.653998, 0.938736, 0.000947, 1.421759, 7.354357, 0.0
4631.0, 3.653998, 0.938736, 0.000947, 1.421759, 7.354357, 0.0
4648.0, 3.699822, 0.943315, 0.000947, 1.422157, 7.854437, 0.0
4648.0, 3.699822, 0.943315, 0.000947, 1.422157, 7.854437, 0.0
4664.0, 3.745644, 0.947893, 0.000947, 1.422157, 7.854437, 0.0
4682.0, 3.791464, 0.952472, 0.000951, 1.422157, 7.854437, 0.0
4682.0, 3.791464, 0.952472, 0.000951, 1.422157, 7.854437, 0.0
4698.0, 3.837303, 0.957052, 0.000962, 1.422157, 7.854437, 0.0
4698.0, 3.837303, 0.957052, 0.000962, 1.422157, 7.854437, 0.0
4714.0, 3.883105, 0.961628, 0.000972, 1.422157, 7.854437, 0.0
4731.0, 3.928897, 0.966202, 0.000979, 1.422157, 7.854437, 0.0
4731.0, 3.928897, 0.966202, 0.000979, 1.422157, 7.854437, 0.0
4749.0, 3.974746, 0.970782, 0.000983, 1.422157, 7.854437, 0.0
4749.0, 3.974746, 0.970782, 0.000983, 1.422157, 7.854437, 0.0
4764.0, 4.02054, 0.975356, 0.000983, 1.422157, 7.854437, 0.0
4781.0, 4.066337, 0.979931, 0.000983, 1.422157, 7.854437, 0.0
4781.0, 4.066337, 0.979931, 0.000983, 1.422157, 7.854437, 0.0
4797.0, 4.112135, 0.984505, 0.000981, 1.422157, 7.854437, 0.0
4797.0, 4.112135, 0.984505, 0.000981, 1.422157, 7.854437, 0.0
4814.0, 4.157935, 0.98908, 0.000978, 1.422157, 7.854437, 0.0
4831.0, 4.203736, 0.993656, 0.000975, 1.422157, 7.854437, 0.0
4831.0, 4.203736, 0.993656, 0.000975, 1.422157, 7.854437, 0.0
4847.0, 4.249544, 0.998232, 0.000972, 1.422157, 7.854437, 0.0
4847.0, 4.249544, 0.998232, 0.000972, 1.422157, 7.854437, 0.0
4863.0, 4.295352, 1.002809, 0.00097, 1.422157, 7.854437, 0.0
4882.0, 4.341155, 1.007385, 0.000968, 1.422157, 7.854437, 0.0
4882.0, 4.341155, 1.007385, 0.000968, 1.422157, 7.854437, 0.0
4898.0, 4.386959, 1.011961, 0.000968, 1.422555, 8.354527, 0.0
4898.0, 4.386959, 1.011961, 0.000968, 1.422555, 8.354527, 0.0
4914.0, 4.432793, 1.01654, 0.000965, 1.422555, 8.354527, 0.0
4931.0, 4.478598, 1.021117, 0.000965, 1.422555, 8.354527, 0.0
4931.0, 4.478598, 1.021117, 0.000965, 1.422555, 8.354527, 0.0
4948.0, 4.524403, 1.025693, 0.000965, 1.422555, 8.354527, 0.0
4948.0, 4.524403, 1.025693, 0.000965, 1.422555, 8.354527, 0.0
4963.0, 4.570208, 1.03027, 0.000965, 1.422555, 8.354527, 0.0
4981.0, 4.616014, 1.034846, 0.000963, 1.422555, 8.354527, 0.0
4981.0, 4.616014, 1.034846, 0.000963, 1.422555, 8.354527, 0.0
4998.0, 4.661873, 1.039428, 0.000956, 1.422555, 8.354527, 0.0
4998.0, 4.661873, 1.039428, 0.000956, 1.422555, 8.354527, 0.0
5014.0, 4.707701, 1.044007, 0.00095, 1.422555, 8.354527, 0.0
5031.0, 4.753529, 1.048586, 0.000947, 1.422555, 8.354527, 0.0
5031.0, 4.753529, 1.048586, 0.000947, 1.422555, 8.354527, 0.0
5048.0, 4.799355, 1.053165, 0.000947, 1.422555, 8.354527, 0.0
5048.0, 4.799355, 1.053165, 0.000947, 1.422555, 8.354527, 0.0
5064.0, 4.845177, 1.057743, 0.00095, 1.422555, 8.354527, 0.0
5082.0, 4.890997, 1.062322, 0.000953, 1.422555, 8.354527, 0.0
5082.0, 4.890997, 1.062322, 0.000953, 1.422555, 8.354527, 0.0
5098.0, 4.936797, 1.066898, 0.000964, 1.422555, 8.354527, 0.0
5098.0, 4.936797, 1.066898, 0.000964, 1.422555, 8.354527, 0.0
5114.0, 4.982642, 1.071478, 0.000975, 1.422555, 8.354527, 0.0
5131.0, 5.028445, 1.076053, 0.000982, 1.422555, 8.354527, 0.0
5131.0, 5.028445, 1.076053, 0.000982, 1.422555, 8.354527, 0.0
5148.0, 5.074252, 1.080628, 0.000985, 1.422953, 8.854625, 0.0
5148.0, 5.074252, 1.080628, 0.000985, 1.422953, 8.854625, 0.0
5166.0, 5.12006, 1.085204, 0.000985, 1.422953, 8.854625, 0.0
5182.0, 5.165857, 1.089778, 0.000985, 1.422953, 8.854625, 0.0
5182.0, 5.165857, 1.089778, 0.000985, 1.422953, 8.854625, 0.0
5198.0, 5.211707, 1.094344, 0.000961, 1.422953, 8.854625, 0.0
5198.0, 5.211707, 1.094344, 0.000961, 1.422953, 8.854625, 0.0
5213.0, 5.25767, 1.098888, 0.000897, 1.422953, 8.854625, 0.0
5230.0, 5.303811, 1.103401, 0.000782, 1.422953, 8.854625, 0.0
5230.0, 5.303811, 1.103401, 0.000782, 1.422953, 8.854625, 0.0
5248.0, 5.350184, 1.107874, 0.000614, 1.422953, 8.854625, 0.0
5248.0, 5.350184, 1.107874, 0.000614, 1.422953, 8.854625, 0.0
5264.0, 5.396837, 1.1123, 0.000398, 1.422953, 8.854625, 0.0
5281.0, 5.44381, 1.116672, 0.000142, 1.422953, 8.854625, 0.0
5281.0, 5.44381, 1.116672, 0.000142, 1.422953, 8.854625, 0.0
5298.0, 5.491154, 1.120987, -0.00015, 1.422953, 8.854625, 0.0
5298.0, 5.491154, 1.120987, -0.00015, 1.422953, 8.854625, 0.0
5314.0, 5.538881, 1.125238, -0.000459, 1.422953, 8.854625, 0.0
5331.0, 5.586987, 1.129421, -0.000764, 1.422953, 8.854625, 0.0
5331.0, 5.586987, 1.129421, -0.000764, 1.422953, 8.854625, 0.0
5347.0, 5.63543, 1.13353, -0.001037, 1.422953, 8.854625, 0.0
5347.0, 5.63543, 1.13353, -0.001037, 1.422953, 8.854625, 0.0
5364.0, 5.684251, 1.137568, -0.001257, 1.422953, 8.854625, 0.0
5382.0, 5.733335, 1.141522, -0.001414, 1.422953, 8.854625, 0.0
5382.0, 5.733335, 1.141522, -0.001414, 1.422953, 8.854625, 0.0
5398.0, 5.782467, 1.145384, -0.001491, 1.423352, 9.354789, 0.0
5398.0, 5.782467, 1.145384, -0.001491, 1.423352, 9.354789, 0.0
5415.0, 5.831772, 1.149174, -0.001508, 1.423352, 9.354789, 0.0
5432.0, 5.881186, 1.152899, -0.00148, 1.423352, 9.354789, 0.0
5432.0, 5.881186, 1.152899, -0.00148, 1.423352, 9.354789, 0.0
5447.0, 5.930712, 1.156568, -0.001415, 1.423352, 9.354789, 0.0
5447.0, 5.930712, 1.156568, -0.001415, 1.423352, 9.354789, 0.0
5464.0, 5.980536, 1.160205, -0.001322, 1.423352, 9.354789, 0.0
5481.0, 6.030228, 1.163785, -0.001211, 1.423352, 9.354789, 0.0
5481.0, 6.030228, 1.163785, -0.001211, 1.423352, 9.354789, 0.0
5497.0, 6.079999, 1.167332, -0.001096, 1.423352, 9.354789, 0.0
5497.0, 6.079999, 1.167332, -0.001096, 1.423352, 9.354789, 0.0
5513.0, 6.129825, 1.17085, -0.000974, 1.423352, 9.354789, 0.0
5531.0, 6.179688, 1.174345, -0.000849, 1.423352, 9.354789, 0.0
5531.0, 6.179688, 1.174345, -0.000849, 1.423352, 9.354789, 0.0
5548.0, 6.229581, 1.177819, -0.000725, 1.423352, 9.354789, 0.0
5548.0, 6.229581, 1.177819, -0.000725, 1.423352, 9.354789, 0.0
5564.0, 6.279496, 1.181276, -0.000606, 1.423352, 9.354789, 0.0
5583.0, 6.329428, 1.18472, -0.000494, 1.423352, 9.354789, 0.0
5583.0, 6.329428, 1.18472, -0.000494, 1.423352, 9.354789, 0.0
5598.0, 6.379374, 1.188154, -0.000393, 1.423352, 9.354789, 0.0
5598.0, 6.379374, 1.188154, -0.000393, 1.423352, 9.354789, 0.0
5614.0, 6.42933, 1.191579, -0.000302, 1.423352, 9.354789, 0.0
5631.0, 6.479295, 1.194998, -0.000223, 1.423352, 9.354789, 0.0
5631.0, 6.479295, 1.194998, -0.000223, 1.423352, 9.354789, 0.0
5648.0, 6.529266, 1.198413, -0.000155, 1.42375, 9.854947, 0.0
5648.0, 6.529266, 1.198413, -0.000155, 1.42375, 9.854947, 0.0
5665.0, 6.579243, 1.201825, -0.000097, 1.42375, 9.854947, 0.0
5683.0, 6.629224, 1.205235, -0.000049, 1.42375, 9.854947, 0.0
5683.0, 6.629224, 1.205235, -0.000049, 1.42375, 9.854947, 0.0
5696.0, 6.679227, 1.208646, -0.000018, 1.42375, 9.854947, 0.0
5696.0, 6.679227, 1.208646, -0.000018, 1.42375, 9.854947, 0.0
5714.0, 6.729238, 1.212057, 0.000007, 1.42375, 9.854947, 0.0
5730.0, 6.779252, 1.215469, 0.000029, 1.42375, 9.854947, 0.0
5730.0, 6.779252, 1.215469, 0.000029, 1.42375, 9.854947, 0.0
5748.0, 6.829264, 1.218881, 0.000048, 1.42375, 9.854947, 0.0
5748.0, 6.829264, 1.218881, 0.000048, 1.42375, 9.854947, 0.0
5764.0, 6.879275, 1.222294, 0.000065, 1.42375, 9.854947, 0.0
5781.0, 6.929285, 1.225707, 0.00008, 1.42375, 9.854947, 0.0
5781.0, 6.929285, 1.225707, 0.00008, 1.42375, 9.854947, 0.0
5798.0, 6.979274, 1.22912, 0.000101, 1.42375, 9.854947, 0.0
5798.0, 6.979274, 1.22912, 0.000101, 1.42375, 9.854947, 0.0
5814.0, 7.029257, 1.232534, 0.000118, 1.42375, 9.854947, 0.0
5831.0, 7.079239, 1.235947, 0.00013, 1.42375, 9.854947, 0.0
5831.0, 7.079239, 1.235947, 0.00013, 1.42375, 9.854947, 0.0
5848.0, 7.129222, 1.239362, 0.000137, 1.42375, 9.854947, 0.0
5848.0, 7.129222, 1.239362, 0.000137, 1.42375, 9.854947, 0.0
5864.0, 7.179207, 1.242777, 0.000139, 1.42375, 9.854947, 0.0
5883.0, 7.229195, 1.246193, 0.000139, 1.42375, 9.854947, 0.0
5883.0, 7.229195, 1.246193, 0.000139, 1.42375, 9.854947, 0.0
5898.0, 7.279204, 1.249611, 0.000129, 1.424148, 10.354952, 0.0
5898.0, 7.279204, 1.249611, 0.000129, 1.424148, 10.354952, 0.0
5915.0, 7.32922, 1.253031, 0.00012, 1.424148, 10.354952, 0.0
5931.0, 7.379237, 1.256453, 0.000113, 1.424148, 10.354952, 0.0
5931.0, 7.379237, 1.256453, 0.000113, 1.424148, 10.354952, 0.0
5946.0, 7.429253, 1.259875, 0.000109, 1.424148, 10.354952, 0.0
5947.0, 7.429253, 1.259875, 0.000109, 1.424148, 10.354952, 0.0
5964.0, 7.479266, 1.263297, 0.000109, 1.424148, 10.354952, 0.0
5981.0, 7.529304, 1.266721, 0.000109, 1.424148, 10.354952, 0.0
5981.0, 7.529304, 1.266721, 0.000109, 1.424148, 10.354952, 0.0
5998.0, 7.579294, 1.270143, 0.00012, 1.424148, 10.354952, 0.0
5998.0, 7.579294, 1.270143, 0.00012, 1.424148, 10.354952, 0.0
6014.0, 7.629278, 1.273563, 0.000129, 1.424148, 10.354952, 0.0
6031.0, 7.679261, 1.276983, 0.000136, 1.424148, 10.354952, 0.0
6031.0, 7.679261, 1.276983, 0.000136, 1.424148, 10.354952, 0.0
6048.0, 7.729254, 1.280404, 0.000139, 1.424148, 10.354952, 0.0
6048.0, 7.729254, 1.280404, 0.000139, 1.424148, 10.354952, 0.0
6065.0, 7.77924, 1.283824, 0.000139, 1.424148, 10.354952, 0.0
6083.0, 7.829229, 1.287245, 0.000139, 1.424148, 10.354952, 0.0
6083.0, 7.829229, 1.287245, 0.000139, 1.424148, 10.354952, 0.0
6098.0, 7.879239, 1.290667, 0.000127, 1.424148, 10.354952, 0.0
6098.0, 7.879239, 1.290667, 0.000127, 1.424148, 10.354952, 0.0
6114.0, 7.929255, 1.29409, 0.000117, 1.424148, 10.354952, 0.0
6131.0, 7.979273, 1.297514, 0.000111, 1.424148, 10.354952, 0.0
6131.0, 7.979273, 1.297514, 0.000111, 1.424148, 10.354952, 0.0
6148.0, 8.029289, 1.300938, 0.000107, 1.424546, 10.854979, 0.0
6148.0, 8.029289, 1.300938, 0.000107, 1.424546, 10.854979, 0.0
6165.0, 8.079304, 1.304362, 0.000107, 1.424546, 10.854979, 0.0
6182.0, 8.129315, 1.307786, 0.000107, 1.424546, 10.854979, 0.0
6182.0, 8.129315, 1.307786, 0.000107, 1.424546, 10.854979, 0.0
6198.0, 8.179307, 1.311195, 0.000118, 1.424546, 10.854979, 0.0
6198.0, 8.179307, 1.311195, 0.000118, 1.424546, 10.854979, 0.0
6215.0, 8.229291, 1.314575, 0.000126, 1.424546, 10.854979, 0.0
6231.0, 8.279274, 1.31791, 0.000126, 1.424546, 10.854979, 0.0
6231.0, 8.279274, 1.31791, 0.000126, 1.424546, 10.854979, 0.0
6248.0, 8.329258, 1.321186, 0.000121, 1.424546, 10.854979, 0.0
6248.0, 8.329258, 1.321186, 0.000121, 1.424546, 10.854979, 0.0
6264.0, 8.379327, 1.324397, 0.000107, 1.424546, 10.854979, 0.0
6282.0, 8.429315, 1.327523, 0.000085, 1.424546, 10.854979, 0.0
6282.0, 8.429315, 1.327523, 0.000085, 1.424546, 10.854979, 0.0
6299.0, 8.479324, 1.330575, 0.000049, 1.424546, 10.854979, 0.0
6299.0, 8.479324, 1.330575, 0.000049, 1.424546, 10.854979, 0.0
6314.0, 8.52934, 1.333563, 0.000008, 1.424546, 10.854979, 0.0
6332.0, 8.579357, 1.336495, -0.000032, 1.424546, 10.854979, 0.0
6332.0, 8.579357, 1.336495, -0.000032, 1.424546, 10.854979, 0.0
6348.0, 8.629373, 1.339382, -0.000071, 1.424546, 10.854979, 0.0
6348.0, 8.629373, 1.339382, -0.000071, 1.424546, 10.854979, 0.0
6364.0, 8.679486, 1.342237, -0.000108, 1.424546, 10.854979, 0.0
6382.0, 8.729498, 1.345057, -0.000142, 1.424546, 10.854979, 0.0
6382.0, 8.729498, 1.345057, -0.000142, 1.424546, 10.854979, 0.0
6397.0, 8.779489, 1.34785, -0.000166, 1.424945, 11.355104, 0.0
6397.0, 8.779489, 1.34785, -0.000166, 1.424945, 11.355104, 0.0
6414.0, 8.829473, 1.350622, -0.000189, 1.424945, 11.355104, 0.0
6431.0, 8.879456, 1.353378, -0.000212, 1.424945, 11.355104, 0.0
6431.0, 8.879456, 1.353378, -0.000212, 1.424945, 11.355104, 0.0
6447.0, 8.92944, 1.35612, -0.000235, 1.424945, 11.355104, 0.0
6447.0, 8.92944, 1.35612, -0.000235, 1.424945, 11.355104, 0.0
6464.0, 8.979427, 1.358851, -0.000259, 1.424945, 11.355104, 0.0
6482.0, 9.029416, 1.361573, -0.000281, 1.424945, 11.355104, 0.0
6482.0, 9.029416, 1.361573, -0.000281, 1.424945, 11.355104, 0.0
6498.0, 9.079407, 1.364288, -0.000302, 1.424945, 11.355104, 0.0
6498.0, 9.079407, 1.364288, -0.000302, 1.424945, 11.355104, 0.0
6514.0, 9.129399, 1.366997, -0.00032, 1.424945, 11.355104, 0.0
6532.0, 9.179394, 1.369702, -0.000337, 1.424945, 11.355104, 0.0
6532.0, 9.179394, 1.369702, -0.000337, 1.424945, 11.355104, 0.0
6548.0, 9.22939, 1.372402, -0.00035, 1.424945, 11.355104, 0.0
6548.0, 9.22939, 1.372402, -0.00035, 1.424945, 11.355104, 0.0
6565.0, 9.279387, 1.375098, -0.000362, 1.424945, 11.355104, 0.0
6584.0, 9.329384, 1.377792, -0.000371, 1.424945, 11.355104, 0.0
6584.0, 9.329384, 1.377792, -0.000371, 1.424945, 11.355104, 0.0
6598.0, 9.379465, 1.380488, -0.000386, 1.424945, 11.355104, 0.0
6598.0, 9.379465, 1.380488, -0.000386, 1.424945, 11.355104, 0.0
6614.0, 9.429488, 1.383179, -0.000399, 1.424945, 11.355104, 0.0
6632.0, 9.479511, 1.385868, -0.000407, 1.424945, 11.355104, 0.0
6632.0, 9.479511, 1.385868, -0.000407, 1.424945, 11.355104, 0.0
6648.0, 9.529581, 1.388559, -0.000411, 1.425343, 11.855152, 0.0
6648.0, 9.529581, 1.388559, -0.000411, 1.425343, 11.855152, 0.0
6664.0, 9.579601, 1.391245, -0.000411, 1.425343, 11.855152, 0.0
6682.0, 9.629617, 1.39393, -0.000411, 1.425343, 11.855152, 0.0
6682.0, 9.629617, 1.39393, -0.000411, 1.425343, 11.855152, 0.0
6698.0, 9.67961, 1.396612, -0.000398, 1.425343, 11.855152, 0.0
6698.0, 9.67961, 1.396612, -0.000398, 1.425343, 11.855152, 0.0
6715.0, 9.729596, 1.399293, -0.000388, 1.425343, 11.855152, 0.0
6731.0, 9.779581, 1.401972, -0.000381, 1.425343, 11.855152, 0.0
6731.0, 9.779581, 1.401972, -0.000381, 1.425343, 11.855152, 0.0
6748.0, 9.829566, 1.404651, -0.000377, 1.425343, 11.855152, 0.0
6748.0, 9.829566, 1.404651, -0.000377, 1.425343, 11.855152, 0.0
6765.0, 9.879555, 1.407329, -0.000377, 1.425343, 11.855152, 0.0
6782.0, 9.929544, 1.410007, -0.000377, 1.425343, 11.855152, 0.0
6782.0, 9.929544, 1.410007, -0.000377, 1.425343, 11.855152, 0.0
6799.0, 9.979535, 1.412684, -0.000381, 1.425343, 11.855152, 0.0
6799.0, 9.979535, 1.412684, -0.000381, 1.425343, 11.855152, 0.0
6814.0, 10.029528, 1.415362, -0.000384, 1.425343, 11.855152, 0.0
6832.0, 10.079631, 1.418046, -0.000388, 1.425343, 11.855152, 0.0
6832.0, 10.079631, 1.418046, -0.000388, 1.425343, 11.855152, 0.0
6847.0, 10.129749, 1.42073, -0.000391, 1.425343, 11.855152, 0.0
6847.0, 10.129749, 1.42073, -0.000391, 1.425343, 11.855152, 0.0
6864.0, 10.179746, 1.423408, -0.000394, 1.425343, 11.855152, 0.0
6882.0, 10.229758, 1.426087, -0.000397, 1.425343, 11.855152, 0.0
6882.0, 10.229758, 1.426087, -0.000397, 1.425343, 11.855152, 0.0
6897.0, 10.279756, 1.428766, -0.000399, 1.425741, 12.355357, 0.0
6897.0, 10.279756, 1.428766, -0.000399, 1.425741, 12.355357, 0.0
6914.0, 10.329754, 1.431444, -0.000399, 1.425741, 12.355357, 0.0
6931.0, 10.379753, 1.434122, -0.000402, 1.425741, 12.355357, 0.0
6931.0, 10.379753, 1.434122, -0.000402, 1.425741, 12.355357, 0.0
6948.0, 10.429752, 1.4368, -0.000402, 1.425741, 12.355357, 0.0
6948.0, 10.429752, 1.4368, -0.000402, 1.425741, 12.355357, 0.0
6965.0, 10.479753, 1.439478, -0.000402, 1.425741, 12.355357, 0.0
6982.0, 10.529752, 1.442156, -0.000402, 1.425741, 12.355357, 0.0
6983.0, 10.529752, 1.442156, -0.000402, 1.425741, 12.355357, 0.0
6998.0, 10.579751, 1.444834, -0.000402, 1.425741, 12.355357, 0.0
6998.0, 10.579751, 1.444834, -0.000402, 1.425741, 12.355357, 0.0
7014.0, 10.629751, 1.447512, -0.000402, 1.425741, 12.355357, 0.0
7032.0, 10.67975, 1.45019, -0.000402, 1.425741, 12.355357, 0.0
7032.0, 10.67975, 1.45019, -0.000402, 1.425741, 12.355357, 0.0
7048.0, 10.729751, 1.452868, -0.000402, 1.425741, 12.355357, 0.0
7048.0, 10.729751, 1.452868, -0.000402, 1.425741, 12.355357, 0.0
7065.0, 10.779752, 1.455546, -0.000402, 1.425741, 12.355357, 0.0
7082.0, 10.829752, 1.458223, -0.0004, 1.425741, 12.355357, 0.0
7082.0, 10.829752, 1.458223, -0.0004, 1.425741, 12.355357, 0.0
7098.0, 10.879771, 1.460902, -0.000407, 1.425741, 12.355357, 0.0
7098.0, 10.879771, 1.460902, -0.000407, 1.425741, 12.355357, 0.0
7114.0, 10.929796, 1.463581, -0.000413, 1.425741, 12.355357, 0.0
7131.0, 10.97982, 1.46626, -0.000417, 1.425741, 12.355357, 0.0
7131.0, 10.97982, 1.46626, -0.000417, 1.425741, 12.355357, 0.0
7148.0, 11.029841, 1.46894, -0.000417, 1.426139, 12.855361, 0.0
7148.0, 11.029841, 1.46894, -0.000417, 1.426139, 12.855361, 0.0
7165.0, 11.079915, 1.471622, -0.000414, 1.426139, 12.855361, 0.0
7182.0, 11.12993, 1.474301, -0.000411, 1.426139, 12.855361, 0.0
7182.0, 11.12993, 1.474301, -0.000411, 1.426139, 12.855361, 0.0
7198.0, 11.179924, 1.476978, -0.000399, 1.426139, 12.855361, 0.0
7198.0, 11.179924, 1.476978, -0.000399, 1.426139, 12.855361, 0.0
7214.0, 11.229911, 1.479655, -0.000387, 1.426139, 12.855361, 0.0
7231.0, 11.279896, 1.482331, -0.00038, 1.426139, 12.855361, 0.0
7231.0, 11.279896, 1.482331, -0.00038, 1.426139, 12.855361, 0.0
7249.0, 11.329882, 1.485006, -0.000376, 1.426139, 12.855361, 0.0
7249.0, 11.329882, 1.485006, -0.000376, 1.426139, 12.855361, 0.0
7265.0, 11.379869, 1.487682, -0.000376, 1.426139, 12.855361, 0.0
7282.0, 11.429858, 1.490358, -0.000376, 1.426139, 12.855361, 0.0
7282.0, 11.429858, 1.490358, -0.000376, 1.426139, 12.855361, 0.0
7299.0, 11.479869, 1.493035, -0.000388, 1.426139, 12.855361, 0.0
7299.0, 11.479869, 1.493035, -0.000388, 1.426139, 12.855361, 0.0
7314.0, 11.529886, 1.495713, -0.000398, 1.426139, 12.855361, 0.0
7333.0, 11.579905, 1.498392, -0.000405, 1.426139, 12.855361, 0.0
7333.0, 11.579905, 1.498392, -0.000405, 1.426139, 12.855361, 0.0
7348.0, 11.629921, 1.501071, -0.000409, 1.426139, 12.855361, 0.0
7348.0, 11.629921, 1.501071, -0.000409, 1.426139, 12.855361, 0.0
7364.0, 11.679994, 1.503753, -0.000409, 1.426139, 12.855361, 0.0
7384.0, 11.730006, 1.506432, -0.000409, 1.426139, 12.855361, 0.0
7384.0, 11.730006, 1.506432, -0.000409, 1.426139, 12.855361, 0.0
7397.0, 11.780129, 1.509117, -0.000399, 1.426538, 13.35544, 0.0
7397.0, 11.780129, 1.509117, -0.000399, 1.426538, 13.35544, 0.0
7414.0, 11.830113, 1.511794, -0.00039, 1.426538, 13.35544, 0.0
7430.0, 11.880096, 1.51447, -0.000384, 1.426538, 13.35544, 0.0
7430.0, 11.880096, 1.51447, -0.000384, 1.426538, 13.35544, 0.0
7447.0, 11.930081, 1.517146, -0.000381, 1.426538, 13.35544, 0.0
7447.0, 11.930081, 1.517146, -0.000381, 1.426538, 13.35544, 0.0
7465.0, 11.980068, 1.519823, -0.000381, 1.426538, 13.35544, 0.0
7482.0, 12.030057, 1.522499, -0.000381, 1.426538, 13.35544, 0.0
7482.0, 12.030057, 1.522499, -0.000381, 1.426538, 13.35544, 0.0
7498.0, 12.080049, 1.525175, -0.000385, 1.426538, 13.35544, 0.0
7498.0, 12.080049, 1.525175, -0.000385, 1.426538, 13.35544, 0.0
7515.0, 12.130041, 1.527852, -0.000389, 1.426538, 13.35544, 0.0
7532.0, 12.180035, 1.530529, -0.000392, 1.426538, 13.35544, 0.0
7532.0, 12.180035, 1.530529, -0.000392, 1.426538, 13.35544, 0.0
7548.0, 12.23003, 1.533207, -0.000395, 1.426538, 13.35544, 0.0
7548.0, 12.23003, 1.533207, -0.000395, 1.426538, 13.35544, 0.0
7565.0, 12.280026, 1.535884, -0.000397, 1.426538, 13.35544, 0.0
7583.0, 12.330023, 1.538562, -0.000399, 1.426538, 13.35544, 0.0
7583.0, 12.330023, 1.538562, -0.000399, 1.426538, 13.35544, 0.0
7598.0, 12.380021, 1.54124, -0.000399, 1.426538, 13.35544, 0.0
7598.0, 12.380021, 1.54124, -0.000399, 1.426538, 13.35544, 0.0
7615.0, 12.430061, 1.54392, -0.000402, 1.426538, 13.35544, 0.0
7631.0, 12.48006, 1.546598, -0.000402, 1.426538, 13.35544, 0.0
7631.0, 12.48006, 1.546598, -0.000402, 1.426538, 13.35544, 0.0
7647.0, 12.530059, 1.549276, -0.000402, 1.426936, 13.855561, 0.0
7647.0, 12.530059, 1.549276, -0.000402, 1.426936, 13.855561, 0.0
7665.0, 12.580058, 1.551954, -0.000402, 1.426936, 13.855561, 0.0
7682.0, 12.630137, 1.554636, -0.000402, 1.426936, 13.855561, 0.0
7682.0, 12.630137, 1.554636, -0.000402, 1.426936, 13.855561, 0.0
7698.0, 12.680137, 1.557313, -0.000402, 1.426936, 13.855561, 0.0
7698.0, 12.680137, 1.557313, -0.000402, 1.426936, 13.855561, 0.0
7714.0, 12.730136, 1.559991, -0.000402, 1.426936, 13.855561, 0.0
7731.0, 12.780136, 1.562669, -0.000402, 1.426936, 13.855561, 0.0
7731.0, 12.780136, 1.562669, -0.000402, 1.426936, 13.855561, 0.0
7748.0, 12.830137, 1.565347, -0.000402, 1.426936, 13.855561, 0.0
7748.0, 12.830137, 1.565347, -0.000402, 1.426936, 13.855561, 0.0
7764.0, 12.880136, 1.568024, -0.000402, 1.426936, 13.855561, 0.0
7783.0, 12.930137, 1.570702, -0.000402, 1.426936, 13.855561, 0.0
7783.0, 12.930137, 1.570702, -0.000402, 1.426936, 13.855561, 0.0
7799.0, 12.980157, 1.573381, -0.000408, 1.426936, 13.855561, 0.0
7799.0, 12.980157, 1.573381, -0.000408, 1.426936, 13.855561, 0.0
7815.0, 13.030181, 1.57606, -0.000414, 1.426936, 13.855561, 0.0
7833.0, 13.080206, 1.578739, -0.000417, 1.426936, 13.855561, 0.0
7833.0, 13.080206, 1.578739, -0.000417, 1.426936, 13.855561, 0.0
7847.0, 13.130227, 1.581418, -0.000417, 1.426936, 13.855561, 0.0
7847.0, 13.130227, 1.581418, -0.000417, 1.426936, 13.855561, 0.0
7864.0, 13.180274, 1.584099, -0.000415, 1.426936, 13.855561, 0.0
7882.0, 13.23035, 1.586781, -0.000411, 1.426936, 13.855561, 0.0
7882.0, 13.23035, 1.586781, -0.000411, 1.426936, 13.855561, 0.0
7898.0, 13.280344, 1.589459, -0.000399, 1.427334, 14.355678, 0.0
7898.0, 13.280344, 1.589459, -0.000399, 1.427334, 14.355678, 0.0
7915.0, 13.33033, 1.592135, -0.000388, 1.427334, 14.355678, 0.0
7931.0, 13.380315, 1.594811, -0.00038, 1.427334, 14.355678, 0.0
7931.0, 13.380315, 1.594811, -0.00038, 1.427334, 14.355678, 0.0
7948.0, 13.430301, 1.597487, -0.000377, 1.427334, 14.355678, 0.0
7948.0, 13.430301, 1.597487, -0.000377, 1.427334, 14.355678, 0.0
7965.0, 13.480289, 1.600163, -0.000377, 1.427334, 14.355678, 0.0
7983.0, 13.530279, 1.602838, -0.000377, 1.427334, 14.355678, 0.0
7983.0, 13.530279, 1.602838, -0.000377, 1.427334, 14.355678, 0.0
7999.0, 13.580271, 1.605515, -0.00038, 1.427334, 14.355678, 0.0
7999.0, 13.580271, 1.605515, -0.00038, 1.427334, 14.355678, 0.0
8015.0, 13.630263, 1.608191, -0.000384, 1.427334, 14.355678, 0.0
8032.0, 13.680279, 1.610869, -0.000387, 1.427334, 14.355678, 0.0
8032.0, 13.680279, 1.610869, -0.000387, 1.427334, 14.355678, 0.0
8048.0, 13.730275, 1.613546, -0.000391, 1.427334, 14.355678, 0.0
8048.0, 13.730275, 1.613546, -0.000391, 1.427334, 14.355678, 0.0
8065.0, 13.780272, 1.616224, -0.000394, 1.427334, 14.355678, 0.0
8083.0, 13.83027, 1.618901, -0.000396, 1.427334, 14.355678, 0.0
8083.0, 13.83027, 1.618901, -0.000396, 1.427334, 14.355678, 0.0
8098.0, 13.880286, 1.62158, -0.000406, 1.427334, 14.355678, 0.0
8098.0, 13.880286, 1.62158, -0.000406, 1.427334, 14.355678, 0.0
8114.0, 13.930308, 1.62426, -0.000414, 1.427334, 14.355678, 0.0
8132.0, 13.980331, 1.626939, -0.000419, 1.427334, 14.355678, 0.0
8132.0, 13.980331, 1.626939, -0.000419, 1.427334, 14.355678, 0.0
8148.0, 14.030407, 1.629622, -0.000419, 1.427732, 14.855697, 0.0
8148.0, 14.030407, 1.629622, -0.000419, 1.427732, 14.855697, 0.0
8165.0, 14.080438, 1.632302, -0.000419, 1.427732, 14.855697, 0.0
8183.0, 14.130451, 1.634982, -0.000415, 1.427732, 14.855697, 0.0
8183.0, 14.130451, 1.634982, -0.000415, 1.427732, 14.855697, 0.0
8199.0, 14.180446, 1.637659, -0.000403, 1.427732, 14.855697, 0.0
8199.0, 14.180446, 1.637659, -0.000403, 1.427732, 14.855697, 0.0
8215.0, 14.230431, 1.640336, -0.000391, 1.427732, 14.855697, 0.0
8232.0, 14.280416, 1.643012, -0.000384, 1.427732, 14.855697, 0.0
8232.0, 14.280416, 1.643012, -0.000384, 1.427732, 14.855697, 0.0
8249.0, 14.3304, 1.645688, -0.00038, 1.427732, 14.855697, 0.0
8249.0, 14.3304, 1.645688, -0.00038, 1.427732, 14.855697, 0.0
8265.0, 14.380388, 1.648364, -0.00038, 1.427732, 14.855697, 0.0
8282.0, 14.430378, 1.65104, -0.00038, 1.427732, 14.855697, 0.0
8282.0, 14.430378, 1.65104, -0.00038, 1.427732, 14.855697, 0.0
8298.0, 14.480522, 1.653725, -0.00039, 1.427732, 14.855697, 0.0
8298.0, 14.480522, 1.653725, -0.00039, 1.427732, 14.855697, 0.0
8315.0, 14.53054, 1.656403, -0.0004, 1.427732, 14.855697, 0.0
8332.0, 14.580558, 1.659081, -0.000407, 1.427732, 14.855697, 0.0
8332.0, 14.580558, 1.659081, -0.000407, 1.427732, 14.855697, 0.0
8348.0, 14.630574, 1.66176, -0.000411, 1.427732, 14.855697, 0.0
8348.0, 14.630574, 1.66176, -0.000411, 1.427732, 14.855697, 0.0
8364.0, 14.680689, 1.664445, -0.000411, 1.427732, 14.855697, 0.0
8383.0, 14.7307, 1.667124, -0.000411, 1.427732, 14.855697, 0.0
8383.0, 14.7307, 1.667124, -0.000411, 1.427732, 14.855697, 0.0
8398.0, 14.780673, 1.6698, -0.000393, 1.428131, 15.355904, 0.0
8398.0, 14.780673, 1.6698, -0.000393, 1.428131, 15.355904, 0.0
8416.0, 14.830633, 1.672476, -0.000376, 1.428131, 15.355904, 0.0
8432.0, 14.880593, 1.67515, -0.000366, 1.428131, 15.355904, 0.0
8432.0, 14.880593, 1.67515, -0.000366, 1.428131, 15.355904, 0.0
8449.0, 14.930557, 1.677825, -0.000363, 1.428131, 15.355904, 0.0
8449.0, 14.930557, 1.677825, -0.000363, 1.428131, 15.355904, 0.0
8466.0, 14.980526, 1.680499, -0.000363, 1.428131, 15.355904, 0.0
8483.0, 15.030499, 1.683174, -0.00037, 1.428131, 15.355904, 0.0
8483.0, 15.030499, 1.683174, -0.00037, 1.428131, 15.355904, 0.0
8499.0, 15.080516, 1.685852, -0.000392, 1.428131, 15.355904, 0.0
8499.0, 15.080516, 1.685852, -0.000392, 1.428131, 15.355904, 0.0
8515.0, 15.130547, 1.688531, -0.000413, 1.428131, 15.355904, 0.0
8531.0, 15.180579, 1.691211, -0.000427, 1.428131, 15.355904, 0.0
8531.0, 15.180579, 1.691211, -0.000427, 1.428131, 15.355904, 0.0
8548.0, 15.230611, 1.693892, -0.000434, 1.428131, 15.355904, 0.0
8548.0, 15.230611, 1.693892, -0.000434, 1.428131, 15.355904, 0.0
8564.0, 15.280638, 1.696573, -0.000434, 1.428131, 15.355904, 0.0
8582.0, 15.33066, 1.699254, -0.000432, 1.428131, 15.355904, 0.0
8582.0, 15.33066, 1.699254, -0.000432, 1.428131, 15.355904, 0.0
8598.0, 15.38066, 1.701933, -0.000418, 1.428131, 15.355904, 0.0
8598.0, 15.38066, 1.701933, -0.000418, 1.428131, 15.355904, 0.0
8614.0, 15.430652, 1.704611, -0.000405, 1.428131, 15.355904, 0.0
8631.0, 15.480641, 1.707288, -0.000395, 1.428131, 15.355904, 0.0
8631.0, 15.480641, 1.707288, -0.000395, 1.428131, 15.355904, 0.0
8648.0, 15.530671, 1.709967, -0.000388, 1.428529, 15.855907, 0.0
8648.0, 15.530671, 1.709967, -0.000388, 1.428529, 15.855907, 0.0
8665.0, 15.58068, 1.712644, -0.000384, 1.428529, 15.855907, 0.0
8683.0, 15.630672, 1.71532, -0.000384, 1.428529, 15.855907, 0.0
8683.0, 15.630672, 1.71532, -0.000384, 1.428529, 15.855907, 0.0
8699.0, 15.680665, 1.717996, -0.000384, 1.428529, 15.855907, 0.0
8699.0, 15.680665, 1.717996, -0.000384, 1.428529, 15.855907, 0.0
8715.0, 15.730692, 1.720674, -0.000384, 1.428529, 15.855907, 0.0
8731.0, 15.780687, 1.723351, -0.000388, 1.428529, 15.855907, 0.0
8731.0, 15.780687, 1.723351, -0.000388, 1.428529, 15.855907, 0.0
8749.0, 15.830719, 1.72603, -0.00039, 1.428529, 15.855907, 0.0
8749.0, 15.830719, 1.72603, -0.00039, 1.428529, 15.855907, 0.0
8765.0, 15.880716, 1.728707, -0.000393, 1.428529, 15.855907, 0.0
8784.0, 15.930714, 1.731384, -0.000395, 1.428529, 15.855907, 0.0
8784.0, 15.930714, 1.731384, -0.000395, 1.428529, 15.855907, 0.0
8798.0, 15.980732, 1.734063, -0.000404, 1.428529, 15.855907, 0.0
8798.0, 15.980732, 1.734063, -0.000404, 1.428529, 15.855907, 0.0
8814.0, 16.030754, 1.736742, -0.000412, 1.428529, 15.855907, 0.0
8833.0, 16.080778, 1.739421, -0.000417, 1.428529, 15.855907, 0.0
8833.0, 16.080778, 1.739421, -0.000417, 1.428529, 15.855907, 0.0
8848.0, 16.130798, 1.742101, -0.000417, 1.428529, 15.855907, 0.0
8848.0, 16.130798, 1.742101, -0.000417, 1.428529, 15.855907, 0.0
8864.0, 16.180817, 1.74478, -0.000417, 1.428529, 15.855907, 0.0
8883.0, 16.230888, 1.747463, -0.000413, 1.428529, 15.855907, 0.0
8883.0, 16.230888, 1.747463, -0.000413, 1.428529, 15.855907, 0.0
8898.0, 16.280882, 1.75014, -0.000401, 1.428927, 16.356033, 0.0
8898.0, 16.280882, 1.75014, -0.000401, 1.428927, 16.356033, 0.0
8915.0, 16.330868, 1.752817, -0.00039, 1.428927, 16.356033, 0.0
8932.0, 16.380852, 1.755493, -0.000383, 1.428927, 16.356033, 0.0
8932.0, 16.380852, 1.755493, -0.000383, 1.428927, 16.356033, 0.0
8949.0, 16.430838, 1.758169, -0.000379, 1.428927, 16.356033, 0.0
8949.0, 16.430838, 1.758169, -0.000379, 1.428927, 16.356033, 0.0
8964.0, 16.480827, 1.760845, -0.000379, 1.428927, 16.356033, 0.0
8983.0, 16.530825, 1.763522, -0.000379, 1.428927, 16.356033, 0.0
8983.0, 16.530825, 1.763522, -0.000379, 1.428927, 16.356033, 0.0
8998.0, 16.580837, 1.766199, -0.00039, 1.428927, 16.356033, 0.0
8998.0, 16.580837, 1.766199, -0.00039, 1.428927, 16.356033, 0.0
9014.0, 16.630854, 1.768877, -0.0004, 1.428927, 16.356033, 0.0
9032.0, 16.680872, 1.771556, -0.000407, 1.428927, 16.356033, 0.0
9032.0, 16.680872, 1.771556, -0.000407, 1.428927, 16.356033, 0.0
9049.0, 16.730888, 1.774235, -0.00041, 1.428927, 16.356033, 0.0
9049.0, 16.730888, 1.774235, -0.00041, 1.428927, 16.356033, 0.0
9065.0, 16.780903, 1.776914, -0.00041, 1.428927, 16.356033, 0.0
9083.0, 16.830915, 1.779593, -0.00041, 1.428927, 16.356033, 0.0
9083.0, 16.830915, 1.779593, -0.00041, 1.428927, 16.356033, 0.0
9098.0, 16.880905, 1.78227, -0.0004, 1.428927, 16.356033, 0.0
9098.0, 16.880905, 1.78227, -0.0004, 1.428927, 16.356033, 0.0
9114.0, 16.930891, 1.784947, -0.00039, 1.428927, 16.356033, 0.0
9132.0, 16.980873, 1.787624, -0.000383, 1.428927, 16.356033, 0.0
9132.0, 16.980873, 1.787624, -0.000383, 1.428927, 16.356033, 0.0
9149.0, 17.030857, 1.7903, -0.00038, 1.429325, 16.856045, 0.0
9149.0, 17.030857, 1.7903, -0.00038, 1.429325, 16.856045, 0.0
9165.0, 17.080845, 1.792976, -0.00038, 1.429325, 16.856045, 0.0
9181.0, 17.130833, 1.795652, -0.00038, 1.429325, 16.856045, 0.0
9181.0, 17.130833, 1.795652, -0.00038, 1.429325, 16.856045, 0.0
9198.0, 17.180843, 1.79833, -0.000392, 1.429325, 16.856045, 0.0
9198.0, 17.180843, 1.79833, -0.000392, 1.429325, 16.856045, 0.0
9214.0, 17.23086, 1.801008, -0.000402, 1.429325, 16.856045, 0.0
9231.0, 17.280878, 1.803687, -0.000409, 1.429325, 16.856045, 0.0
9231.0, 17.280878, 1.803687, -0.000409, 1.429325, 16.856045, 0.0
9248.0, 17.330893, 1.806366, -0.000412, 1.429325, 16.856045, 0.0
9248.0, 17.330893, 1.806366, -0.000412, 1.429325, 16.856045, 0.0
9265.0, 17.381046, 1.809052, -0.000413, 1.429325, 16.856045, 0.0
9283.0, 17.431059, 1.811731, -0.000412, 1.429325, 16.856045, 0.0
9283.0, 17.431059, 1.811731, -0.000412, 1.429325, 16.856045, 0.0
9298.0, 17.48105, 1.814409, -0.000402, 1.429325, 16.856045, 0.0
9298.0, 17.48105, 1.814409, -0.000402, 1.429325, 16.856045, 0.0
9315.0, 17.531097, 1.81709, -0.000392, 1.429325, 16.856045, 0.0
9331.0, 17.581081, 1.819766, -0.000385, 1.429325, 16.856045, 0.0
9331.0, 17.581081, 1.819766, -0.000385, 1.429325, 16.856045, 0.0
9348.0, 17.631065, 1.822442, -0.000382, 1.429325, 16.856045, 0.0
9348.0, 17.631065, 1.822442, -0.000382, 1.429325, 16.856045, 0.0
9365.0, 17.681065, 1.825119, -0.000382, 1.429325, 16.856045, 0.0
9383.0, 17.731052, 1.827795, -0.000382, 1.429325, 16.856045, 0.0
9383.0, 17.731052, 1.827795, -0.000382, 1.429325, 16.856045, 0.0
9398.0, 17.781044, 1.830472, -0.000386, 1.429724, 17.356192, 0.0
9398.0, 17.781044, 1.830472, -0.000386, 1.429724, 17.356192, 0.0
9415.0, 17.831036, 1.833148, -0.000389, 1.429724, 17.356192, 0.0
9431.0, 17.881029, 1.835825, -0.000392, 1.429724, 17.356192, 0.0
9431.0, 17.881029, 1.835825, -0.000392, 1.429724, 17.356192, 0.0
9448.0, 17.931025, 1.838503, -0.000395, 1.429724, 17.356192, 0.0
9448.0, 17.931025, 1.838503, -0.000395, 1.429724, 17.356192, 0.0
9465.0, 17.981022, 1.84118, -0.000397, 1.429724, 17.356192, 0.0
9483.0, 18.031017, 1.843858, -0.000399, 1.429724, 17.356192, 0.0
9483.0, 18.031017, 1.843858, -0.000399, 1.429724, 17.356192, 0.0
9498.0, 18.081068, 1.846538, -0.000399, 1.429724, 17.356192, 0.0
9498.0, 18.081068, 1.846538, -0.000399, 1.429724, 17.356192, 0.0
9515.0, 18.131067, 1.849216, -0.000402, 1.429724, 17.356192, 0.0
9532.0, 18.181065, 1.851894, -0.000402, 1.429724, 17.356192, 0.0
9532.0, 18.181065, 1.851894, -0.000402, 1.429724, 17.356192, 0.0
9548.0, 18.231064, 1.854572, -0.000402, 1.429724, 17.356192, 0.0
9548.0, 18.231064, 1.854572, -0.000402, 1.429724, 17.356192, 0.0
9565.0, 18.281063, 1.85725, -0.000402, 1.429724, 17.356192, 0.0
9583.0, 18.331125, 1.859931, -0.000402, 1.429724, 17.356192, 0.0
9583.0, 18.331125, 1.859931, -0.000402, 1.429724, 17.356192, 0.0
9599.0, 18.381077, 1.862626, -0.000382, 1.429724, 17.356192, 0.0
9599.0, 18.381077, 1.862626, -0.000382, 1.429724, 17.356192, 0.0
9615.0, 18.430918, 1.865358, -0.000321, 1.429724, 17.356192, 0.0
9632.0, 18.480591, 1.868147, -0.00021, 1.429724, 17.356192, 0.0
9632.0, 18.480591, 1.868147, -0.00021, 1.429724, 17.356192, 0.0
9648.0, 18.530043, 1.87101, -0.000045, 1.430122, 17.856274, 0.0
9648.0, 18.530043, 1.87101, -0.000045, 1.430122, 17.856274, 0.0
9664.0, 18.57925, 1.873963, 0.000169, 1.430122, 17.856274, 0.0
9682.0, 18.628126, 1.877014, 0.000425, 1.430122, 17.856274, 0.0
9682.0, 18.628126, 1.877014, 0.000425, 1.430122, 17.856274, 0.0
9698.0, 18.676682, 1.880176, 0.000706, 1.430122, 17.856274, 0.0
9698.0, 18.676682, 1.880176, 0.000706, 1.430122, 17.856274, 0.0
9716.0, 18.724876, 1.883457, 0.001009, 1.430122, 17.856274, 0.0
9733.0, 18.772688, 1.886864, 0.001328, 1.430122, 17.856274, 0.0
9733.0, 18.772688, 1.886864, 0.001328, 1.430122, 17.856274, 0.0
9749.0, 18.820261, 1.890416, 0.001654, 1.430122, 17.856274, 0.0
9749.0, 18.820261, 1.890416, 0.001654, 1.430122, 17.856274, 0.0
9765.0, 18.867249, 1.894094, 0.001977, 1.430122, 17.856274, 0.0
9783.0, 18.913805, 1.897915, 0.002293, 1.430122, 17.856274, 0.0
9783.0, 18.913805, 1.897915, 0.002293, 1.430122, 17.856274, 0.0
9799.0, 18.959888, 1.901881, 0.00261, 1.430122, 17.856274, 0.0
9799.0, 18.959888, 1.901881, 0.00261, 1.430122, 17.856274, 0.0
9815.0, 19.005516, 1.905997, 0.002911, 1.430122, 17.856274, 0.0
9831.0, 19.050697, 1.910268, 0.003187, 1.430122, 17.856274, 0.0
9831.0, 19.050697, 1.910268, 0.003187, 1.430122, 17.856274, 0.0
9848.0, 19.095428, 1.914697, 0.00344, 1.430122, 17.856274, 0.0
9848.0, 19.095428, 1.914697, 0.00344, 1.430122, 17.856274, 0.0
9865.0, 19.139708, 1.919287, 0.003671, 1.430122, 17.856274, 0.0
9882.0, 19.183531, 1.924039, 0.003883, 1.430122, 17.856274, 0.0
9882.0, 19.183531, 1.924039, 0.003883, 1.430122, 17.856274, 0.0
9898.0, 19.226931, 1.92896, 0.004065, 1.43052, 18.356413, 0.0
9898.0, 19.226931, 1.92896, 0.004065, 1.43052, 18.356413, 0.0
9914.0, 19.26988, 1.934047, 0.004235, 1.43052, 18.356413, 0.0
9931.0, 19.312365, 1.939301, 0.004399, 1.43052, 18.356413, 0.0
9931.0, 19.312365, 1.939301, 0.004399, 1.43052, 18.356413, 0.0
9948.0, 19.35438, 1.944721, 0.004559, 1.43052, 18.356413, 0.0
9948.0, 19.35438, 1.944721, 0.004559, 1.43052, 18.356413, 0.0
9965.0, 19.396009, 1.950319, 0.004716, 1.43052, 18.356413, 0.0
9982.0, 19.437082, 1.956072, 0.004869, 1.43052, 18.356413, 0.0
9982.0, 19.437082, 1.956072, 0.004869, 1.43052, 18.356413, 0.0
