1.0, 0.0, 0.0, 0.002231, 1.913866, -4.619212, 0.0
13.0, -0.000085, -0.000251, -0.004071, 1.913866, -4.619212, 0.0
13.0, -0.000085, -0.000251, -0.004071, 1.913866, -4.619212, 0.0
30.0, -0.000196, -0.000351, -0.009505, 1.913866, -4.619212, 0.0
30.0, -0.000196, -0.000351, -0.009505, 1.913866, -4.619212, 0.0
46.0, -0.000336, -0.000243, -0.012198, 1.913866, -4.619212, 0.0
63.0, -0.000548, -0.00003, -0.013247, 1.913866, -4.619212, 0.0
63.0, -0.000548, -0.00003, -0.013247, 1.913866, -4.619212, 0.0
80.0, -0.000881, 0.000145, -0.013086, 1.913866, -4.619212, 0.0
80.0, -0.000881, 0.000145, -0.013086, 1.913866, -4.619212, 0.0
97.0, -0.001392, 0.000142, -0.012077, 1.913866, -4.619212, 0.0
114.0, -0.002127, -0.00017, -0.010514, 1.913866, -4.619212, 0.0
114.0, -0.002127, -0.00017, -0.010514, 1.913866, -4.619212, 0.0
131.0, -0.003051, -0.000776, -0.008642, 1.913866, -4.619212, 0.0
131.0, -0.003051, -0.000776, -0.008642, 1.913866, -4.619212, 0.0
146.0, -0.004232, -0.001548, -0.006467, 1.913866, -4.619212, 0.0
163.0, -0.005743, -0.0026, -0.003565, 1.913866, -4.619212, 0.0
163.0, -0.005743, -0.0026, -0.003565, 1.913866, -4.619212, 0.0
180.0, -0.007748, -0.003775, -0.000602, 1.913866, -4.619212, 0.0
180.0, -0.007748, -0.003775, -0.000602, 1.913866, -4.619212, 0.0
197.0, -0.01019, -0.005082, 0.002353, 1.569627, -4.492933, 0.0
213.0, -0.012462, -0.006281, 0.001788, 1.569627, -4.492933, 0.0
213.0, -0.012462, -0.006281, 0.001788, 1.569627, -4.492933, 0.0
230.0, -0.015638, -0.00746, 0.001647, 1.569627, -4.492933, 0.0
230.0, -0.015638, -0.00746, 0.001647, 1.569627, -4.492933, 0.0
245.0, -0.019352, -0.008747, 0.001788, 1.569627, -4.492933, 0.0
263.0, -0.023532, -0.010209, 0.00195, 1.569627, -4.492933, 0.0
263.0, -0.023532, -0.010209, 0.00195, 1.569627, -4.492933, 0.0
279.0, -0.02817, -0.01188, 0.002179, 1.569627, -4.492933, 0.0
279.0, -0.02817, -0.01188, 0.002179, 1.569627, -4.492933, 0.0
296.0, -0.033261, -0.013774, 0.002375, 1.569627, -4.492933, 0.0
313.0, -0.038804, -0.015896, 0.002588, 1.569627, -4.492933, 0.0
313.0, -0.038804, -0.015896, 0.002588, 1.569627, -4.492933, 0.0
331.0, -0.044799, -0.018247, 0.002734, 1.569627, -4.492933, 0.0
331.0, -0.044799, -0.018247, 0.002734, 1.569627, -4.492933, 0.0
346.0, -0.051249, -0.020828, 0.002879, 1.569627, -4.492933, 0.0
364.0, -0.05815, -0.023638, 0.002947, 1.569627, -4.492933, 0.0
364.0, -0.05815, -0.023638, 0.002947, 1.569627, -4.492933, 0.0
380.0, -0.065502, -0.026674, 0.003013, 1.569627, -4.492933, 0.0
380.0, -0.065502, -0.026674, 0.003013, 1.569627, -4.492933, 0.0
397.0, -0.073305, -0.029937, 0.003005, 1.569627, -4.492933, 0.0
414.0, -0.081557, -0.033424, 0.003001, 1.569627, -4.492933, 0.0
414.0, -0.081557, -0.033424, 0.003001, 1.569627, -4.492933, 0.0
432.0, -0.090263, -0.037138, 0.002931, 1.569627, -4.492933, 0.0
432.0, -0.090263, -0.037138, 0.002931, 1.569627, -4.492933, 0.0
447.0, -0.099409, -0.041073, 0.002872, 1.100192, -4.320728, 0.0
463.0, -0.109004, -0.04523, 0.002757, 1.100192, -4.320728, 0.0
463.0, -0.109004, -0.04523, 0.002757, 1.100192, -4.320728, 0.0
480.0, -0.119047, -0.049609, 0.002664, 1.100192, -4.320728, 0.0
480.0, -0.119047, -0.049609, 0.002664, 1.100192, -4.320728, 0.0
496.0, -0.129538, -0.054211, 0.002522, 1.100192, -4.320728, 0.0
513.0, -0.140479, -0.059035, 0.002408, 1.100192, -4.320728, 0.0
513.0, -0.140479, -0.059035, 0.002408, 1.100192, -4.320728, 0.0
531.0, -0.151868, -0.06408, 0.002251, 1.100192, -4.320728, 0.0
531.0, -0.151868, -0.06408, 0.002251, 1.100192, -4.320728, 0.0
546.0, -0.163711, -0.069348, 0.002128, 1.100192, -4.320728, 0.0
565.0, -0.176006, -0.074836, 0.001966, 1.100192, -4.320728, 0.0
565.0, -0.176006, -0.074836, 0.001966, 1.100192, -4.320728, 0.0
582.0, -0.188749, -0.080544, 0.001839, 1.100192, -4.320728, 0.0
582.0, -0.188749, -0.080544, 0.001839, 1.100192, -4.320728, 0.0
596.0, -0.201942, -0.08647, 0.001675, 1.100192, -4.320728, 0.0
614.0, -0.215585, -0.092614, 0.001547, 1.100192, -4.320728, 0.0
614.0, -0.215585, -0.092614, 0.001547, 1.100192, -4.320728, 0.0
631.0, -0.229677, -0.098975, 0.001383, 1.100192, -4.320728, 0.0
631.0, -0.229677, -0.098975, 0.001383, 1.100192, -4.320728, 0.0
646.0, -0.244219, -0.105552, 0.001258, 1.100192, -4.320728, 0.0
663.0, -0.259213, -0.112343, 0.001097, 1.100192, -4.320728, 0.0
663.0, -0.259213, -0.112343, 0.001097, 1.100192, -4.320728, 0.0
680.0, -0.274657, -0.119349, 0.000976, 1.100192, -4.320728, 0.0
680.0, -0.274657, -0.119349, 0.000976, 1.100192, -4.320728, 0.0
695.0, -0.290555, -0.126567, 0.00082, 0.630776, -4.14853, 0.0
713.0, -0.306904, -0.133997, 0.000703, 0.630776, -4.14853, 0.0
713.0, -0.306904, -0.133997, 0.000703, 0.630776, -4.14853, 0.0
731.0, -0.323707, -0.141637, 0.000552, 0.630776, -4.14853, 0.0
731.0, -0.323707, -0.141637, 0.000552, 0.630776, -4.14853, 0.0
746.0, -0.340956, -0.149484, 0.000437, 0.630776, -4.14853, 0.0
764.0, -0.358659, -0.157536, 0.000288, 0.630776, -4.14853, 0.0
764.0, -0.358659, -0.157536, 0.000288, 0.630776, -4.14853, 0.0
780.0, -0.376817, -0.165795, 0.000178, 0.630776, -4.14853, 0.0
780.0, -0.376817, -0.165795, 0.000178, 0.630776, -4.14853, 0.0
796.0, -0.395432, -0.174257, 0.000035, 0.630776, -4.14853, 0.0
813.0, -0.414505, -0.182922, -0.000069, 0.630776, -4.14853, 0.0
813.0, -0.414505, -0.182922, -0.000069, 0.630776, -4.14853, 0.0
830.0, -0.434037, -0.191788, -0.000207, 0.630776, -4.14853, 0.0
830.0, -0.434037, -0.191788, -0.000207, 0.630776, -4.14853, 0.0
846.0, -0.454035, -0.200857, -0.000303, 0.630776, -4.14853, 0.0
862.0, -0.474498, -0.210122, -0.000434, 0.630776, -4.14853, 0.0
862.0, -0.474498, -0.210122, -0.000434, 0.630776, -4.14853, 0.0
879.0, -0.495422, -0.219581, -0.000529, 0.630776, -4.14853, 0.0
879.0, -0.495422, -0.219581, -0.000529, 0.630776, -4.14853, 0.0
896.0, -0.516808, -0.229229, -0.000658, 0.630776, -4.14853, 0.0
912.0, -0.538656, -0.239066, -0.000752, 0.630776, -4.14853, 0.0
912.0, -0.538656, -0.239066, -0.000752, 0.630776, -4.14853, 0.0
930.0, -0.560967, -0.249088, -0.00088, 0.630776, -4.14853, 0.0
930.0, -0.560967, -0.249088, -0.00088, 0.630776, -4.14853, 0.0
946.0, -0.583733, -0.259291, -0.000974, 0.161359, -3.976332, 0.0
962.0, -0.606964, -0.269669, -0.001101, 0.161359, -3.976332, 0.0
962.0, -0.606964, -0.269669, -0.001101, 0.161359, -3.976332, 0.0
979.0, -0.630661, -0.280223, -0.001189, 0.161359, -3.976332, 0.0
979.0, -0.630661, -0.280223, -0.001189, 0.161359, -3.976332, 0.0
995.0, -0.654829, -0.290949, -0.001308, 0.161359, -3.976332, 0.0
1012.0, -0.679468, -0.301844, -0.001389, 0.161359, -3.976332, 0.0
1012.0, -0.679468, -0.301844, -0.001389, 0.161359, -3.976332, 0.0
1030.0, -0.704579, -0.312905, -0.001501, 0.161359, -3.976332, 0.0
1030.0, -0.704579, -0.312905, -0.001501, 0.161359, -3.976332, 0.0
1046.0, -0.730173, -0.324134, -0.001571, 0.161359, -3.976332, 0.0
1062.0, -0.756247, -0.335518, -0.001674, 0.161359, -3.976332, 0.0
1062.0, -0.756247, -0.335518, -0.001674, 0.161359, -3.976332, 0.0
1079.0, -0.782796, -0.347055, -0.00174, 0.161359, -3.976332, 0.0
1079.0, -0.782796, -0.347055, -0.00174, 0.161359, -3.976332, 0.0
1095.0, -0.809823, -0.358736, -0.00184, 0.161359, -3.976332, 0.0
1112.0, -0.837328, -0.370561, -0.001903, 0.161359, -3.976332, 0.0
1112.0, -0.837328, -0.370561, -0.001903, 0.161359, -3.976332, 0.0
1130.0, -0.865312, -0.382524, -0.001999, 0.161359, -3.976332, 0.0
1130.0, -0.865312, -0.382524, -0.001999, 0.161359, -3.976332, 0.0
1146.0, -0.893775, -0.394621, -0.002059, 0.161359, -3.976332, 0.0
1162.0, -0.922722, -0.406844, -0.002149, 0.161359, -3.976332, 0.0
1162.0, -0.922722, -0.406844, -0.002149, 0.161359, -3.976332, 0.0
1179.0, -0.952151, -0.419192, -0.002203, 0.161359, -3.976332, 0.0
1179.0, -0.952151, -0.419192, -0.002203, 0.161359, -3.976332, 0.0
1196.0, -0.982065, -0.431657, -0.002286, -0.308057, -3.804134, 0.0
1213.0, -1.012465, -0.444237, -0.002333, -0.308057, -3.804134, 0.0
1213.0, -1.012465, -0.444237, -0.002333, -0.308057, -3.804134, 0.0
1231.0, -1.043352, -0.456927, -0.00241, -0.308057, -3.804134, 0.0
1231.0, -1.043352, -0.456927, -0.00241, -0.308057, -3.804134, 0.0
1246.0, -1.074714, -0.469719, -0.002456, -0.308057, -3.804134, 0.0
1263.0, -1.106562, -0.482608, -0.002531, -0.308057, -3.804134, 0.0
1263.0, -1.106562, -0.482608, -0.002531, -0.308057, -3.804134, 0.0
1280.0, -1.1389, -0.495595, -0.002569, -0.308057, -3.804134, 0.0
1280.0, -1.1389, -0.495595, -0.002569, -0.308057, -3.804134, 0.0
1296.0, -1.171731, -0.508672, -0.002633, -0.308057, -3.804134, 0.0
1313.0, -1.205055, -0.521838, -0.002661, -0.308057, -3.804134, 0.0
1313.0, -1.205055, -0.521838, -0.002661, -0.308057, -3.804134, 0.0
1330.0, -1.238874, -0.535088, -0.002717, -0.308057, -3.804134, 0.0
1330.0, -1.238874, -0.535088, -0.002717, -0.308057, -3.804134, 0.0
1346.0, -1.273201, -0.548424, -0.002734, -0.308057, -3.804134, 0.0
1364.0, -1.308027, -0.561835, -0.00278, -0.308057, -3.804134, 0.0
1364.0, -1.308027, -0.561835, -0.00278, -0.308057, -3.804134, 0.0
1379.0, -1.343349, -0.575316, -0.002794, -0.308057, -3.804134, 0.0
1379.0, -1.343349, -0.575316, -0.002794, -0.308057, -3.804134, 0.0
1396.0, -1.379166, -0.588861, -0.002839, -0.308057, -3.804134, 0.0
1412.0, -1.415477, -0.602468, -0.002853, -0.308057, -3.804134, 0.0
1412.0, -1.415477, -0.602468, -0.002853, -0.308057, -3.804134, 0.0
1430.0, -1.452284, -0.616131, -0.002897, -0.308057, -3.804134, 0.0
1430.0, -1.452284, -0.616131, -0.002897, -0.308057, -3.804134, 0.0
1446.0, -1.489471, -0.629839, -0.002957, -0.777474, -3.631935, 0.0
1463.0, -1.526918, -0.643581, -0.003123, -0.777474, -3.631935, 0.0
1463.0, -1.526918, -0.643581, -0.003123, -0.777474, -3.631935, 0.0
1480.0, -1.564503, -0.657351, -0.003353, -0.777474, -3.631935, 0.0
1480.0, -1.564503, -0.657351, -0.003353, -0.777474, -3.631935, 0.0
1496.0, -1.602113, -0.671141, -0.00371, -0.777474, -3.631935, 0.0
1513.0, -1.63965, -0.684949, -0.004124, -0.777474, -3.631935, 0.0
1513.0, -1.63965, -0.684949, -0.004124, -0.777474, -3.631935, 0.0
1530.0, -1.677034, -0.698766, -0.004636, -0.777474, -3.631935, 0.0
1530.0, -1.677034, -0.698766, -0.004636, -0.777474, -3.631935, 0.0
1546.0, -1.71421, -0.712599, -0.005161, -0.777474, -3.631935, 0.0
1564.0, -1.751114, -0.726439, -0.005742, -0.777474, -3.631935, 0.0
1564.0, -1.751114, -0.726439, -0.005742, -0.777474, -3.631935, 0.0
1579.0, -1.787697, -0.740287, -0.0063, -0.777474, -3.631935, 0.0
1579.0, -1.787697, -0.740287, -0.0063, -0.777474, -3.631935, 0.0
1596.0, -1.823923, -0.754135, -0.006878, -0.777474, -3.631935, 0.0
1613.0, -1.85976, -0.767986, -0.0074, -0.777474, -3.631935, 0.0
1613.0, -1.85976, -0.767986, -0.0074, -0.777474, -3.631935, 0.0
1630.0, -1.895189, -0.781833, -0.007917, -0.777474, -3.631935, 0.0
1630.0, -1.895189, -0.781833, -0.007917, -0.777474, -3.631935, 0.0
1646.0, -1.93019, -0.795679, -0.00836, -0.777474, -3.631935, 0.0
1663.0, -1.96475, -0.809521, -0.008786, -0.777474, -3.631935, 0.0
1663.0, -1.96475, -0.809521, -0.008786, -0.777474, -3.631935, 0.0
1679.0, -1.998858, -0.823362, -0.009131, -0.777474, -3.631935, 0.0
1679.0, -1.998858, -0.823362, -0.009131, -0.777474, -3.631935, 0.0
1696.0, -2.032507, -0.8372, -0.009461, -1.246891, -3.459737, 0.0
1713.0, -2.065687, -0.851038, -0.009712, -1.246891, -3.459737, 0.0
1713.0, -2.065687, -0.851038, -0.009712, -1.246891, -3.459737, 0.0
1731.0, -2.098397, -0.864873, -0.009955, -1.246891, -3.459737, 0.0
1731.0, -2.098397, -0.864873, -0.009955, -1.246891, -3.459737, 0.0
1746.0, -2.130616, -0.878705, -0.010133, -1.246891, -3.459737, 0.0
1763.0, -2.162352, -0.892539, -0.010311, -1.246891, -3.459737, 0.0
1763.0, -2.162352, -0.892539, -0.010311, -1.246891, -3.459737, 0.0
1780.0, -2.193605, -0.90638, -0.010426, -1.246891, -3.459737, 0.0
1780.0, -2.193605, -0.90638, -0.010426, -1.246891, -3.459737, 0.0
1796.0, -2.224375, -0.920231, -0.010551, -1.246891, -3.459737, 0.0
1813.0, -2.254659, -0.934096, -0.010621, -1.246891, -3.459737, 0.0
1813.0, -2.254659, -0.934096, -0.010621, -1.246891, -3.459737, 0.0
1831.0, -2.284457, -0.947975, -0.010711, -1.246891, -3.459737, 0.0
1831.0, -2.284457, -0.947975, -0.010711, -1.246891, -3.459737, 0.0
1846.0, -2.313777, -0.961879, -0.01075, -1.246891, -3.459737, 0.0
1863.0, -2.342611, -0.975804, -0.010817, -1.246891, -3.459737, 0.0
1863.0, -2.342611, -0.975804, -0.010817, -1.246891, -3.459737, 0.0
1881.0, -2.370952, -0.989756, -0.010845, -1.246891, -3.459737, 0.0
1881.0, -2.370952, -0.989756, -0.010845, -1.246891, -3.459737, 0.0
1896.0, -2.398801, -1.003734, -0.010909, -1.246891, -3.459737, 0.0
1913.0, -2.426153, -1.017743, -0.010936, -1.246891, -3.459737, 0.0
1913.0, -2.426153, -1.017743, -0.010936, -1.246891, -3.459737, 0.0
1931.0, -2.453011, -1.031782, -0.011002, -1.246891, -3.459737, 0.0
1931.0, -2.453011, -1.031782, -0.011002, -1.246891, -3.459737, 0.0
1946.0, -2.479362, -1.045853, -0.011035, -1.716308, -3.287539, 0.0
1963.0, -2.505214, -1.059959, -0.011109, -1.716308, -3.287539, 0.0
1963.0, -2.505214, -1.059959, -0.011109, -1.716308, -3.287539, 0.0
1979.0, -2.53057, -1.074108, -0.011143, -1.716308, -3.287539, 0.0
1979.0, -2.53057, -1.074108, -0.011143, -1.716308, -3.287539, 0.0
1996.0, -2.555431, -1.0883, -0.011218, -1.716308, -3.287539, 0.0
2013.0, -2.579797, -1.10254, -0.011253, -1.716308, -3.287539, 0.0
2013.0, -2.579797, -1.10254, -0.011253, -1.716308, -3.287539, 0.0
2031.0, -2.603668, -1.116827, -0.011332, -1.716308, -3.287539, 0.0
2031.0, -2.603668, -1.116827, -0.011332, -1.716308, -3.287539, 0.0
2046.0, -2.627053, -1.131171, -0.011366, -1.716308, -3.287539, 0.0
2063.0, -2.649946, -1.145568, -0.011446, -1.716308, -3.287539, 0.0
2063.0, -2.649946, -1.145568, -0.011446, -1.716308, -3.287539, 0.0
2080.0, -2.672343, -1.160021, -0.011487, -1.716308, -3.287539, 0.0
2080.0, -2.672343, -1.160021, -0.011487, -1.716308, -3.287539, 0.0
2096.0, -2.694244, -1.174529, -0.011575, -1.716308, -3.287539, 0.0
2113.0, -2.715648, -1.189095, -0.011622, -1.716308, -3.287539, 0.0
2113.0, -2.715648, -1.189095, -0.011622, -1.716308, -3.287539, 0.0
2131.0, -2.736556, -1.203718, -0.011718, -1.716308, -3.287539, 0.0
2131.0, -2.736556, -1.203718, -0.011718, -1.716308, -3.287539, 0.0
2146.0, -2.756958, -1.218398, -0.011773, -1.716308, -3.287539, 0.0
2163.0, -2.776864, -1.233136, -0.011878, -1.716308, -3.287539, 0.0
2163.0, -2.776864, -1.233136, -0.011878, -1.716308, -3.287539, 0.0
2180.0, -2.796273, -1.247941, -0.011933, -1.716308, -3.287539, 0.0
2180.0, -2.796273, -1.247941, -0.011933, -1.716308, -3.287539, 0.0
2196.0, -2.815189, -1.262811, -0.01204, -2.185724, -3.115341, 0.0
2212.0, -2.83361, -1.27775, -0.012096, -2.185724, -3.115341, 0.0
2212.0, -2.83361, -1.27775, -0.012096, -2.185724, -3.115341, 0.0
2230.0, -2.851539, -1.292756, -0.012204, -2.185724, -3.115341, 0.0
2230.0, -2.851539, -1.292756, -0.012204, -2.185724, -3.115341, 0.0
2246.0, -2.86898, -1.307841, -0.012258, -2.185724, -3.115341, 0.0
2262.0, -2.885931, -1.322998, -0.012367, -2.185724, -3.115341, 0.0
2262.0, -2.885931, -1.322998, -0.012367, -2.185724, -3.115341, 0.0
2279.0, -2.902387, -1.338229, -0.012423, -2.185724, -3.115341, 0.0
2279.0, -2.902387, -1.338229, -0.012423, -2.185724, -3.115341, 0.0
2296.0, -2.91835, -1.353532, -0.012537, -2.185724, -3.115341, 0.0
2313.0, -2.933819, -1.368912, -0.012596, -2.185724, -3.115341, 0.0
2313.0, -2.933819, -1.368912, -0.012596, -2.185724, -3.115341, 0.0
2330.0, -2.948794, -1.384365, -0.012715, -2.185724, -3.115341, 0.0
2330.0, -2.948794, -1.384365, -0.012715, -2.185724, -3.115341, 0.0
2346.0, -2.963275, -1.399897, -0.012774, -2.185724, -3.115341, 0.0
2363.0, -2.977264, -1.415505, -0.012895, -2.185724, -3.115341, 0.0
2363.0, -2.977264, -1.415505, -0.012895, -2.185724, -3.115341, 0.0
2380.0, -2.990759, -1.431194, -0.012954, -2.185724, -3.115341, 0.0
2380.0, -2.990759, -1.431194, -0.012954, -2.185724, -3.115341, 0.0
2396.0, -3.003762, -1.446963, -0.013077, -2.185724, -3.115341, 0.0
2414.0, -3.016272, -1.462815, -0.013134, -2.185724, -3.115341, 0.0
2414.0, -3.016272, -1.462815, -0.013134, -2.185724, -3.115341, 0.0
2432.0, -3.028292, -1.478748, -0.013256, -2.185724, -3.115341, 0.0
2432.0, -3.028292, -1.478748, -0.013256, -2.185724, -3.115341, 0.0
2446.0, -3.039814, -1.494761, -0.013313, -2.655141, -2.943142, 0.0
2462.0, -3.050845, -1.510854, -0.013436, -2.655141, -2.943142, 0.0
2462.0, -3.050845, -1.510854, -0.013436, -2.655141, -2.943142, 0.0
2479.0, -3.061384, -1.527036, -0.013488, -2.655141, -2.943142, 0.0
2479.0, -3.061384, -1.527036, -0.013488, -2.655141, -2.943142, 0.0
2496.0, -3.071434, -1.543304, -0.013608, -2.655141, -2.943142, 0.0
2513.0, -3.080994, -1.559663, -0.013654, -2.655141, -2.943142, 0.0
2513.0, -3.080994, -1.559663, -0.013654, -2.655141, -2.943142, 0.0
2531.0, -3.090065, -1.57611, -0.013771, -2.655141, -2.943142, 0.0
2531.0, -3.090065, -1.57611, -0.013771, -2.655141, -2.943142, 0.0
2546.0, -3.098649, -1.592655, -0.01381, -2.655141, -2.943142, 0.0
2563.0, -3.106745, -1.609292, -0.013923, -2.655141, -2.943142, 0.0
2563.0, -3.106745, -1.609292, -0.013923, -2.655141, -2.943142, 0.0
2580.0, -3.114351, -1.626023, -0.013957, -2.655141, -2.943142, 0.0
2580.0, -3.114351, -1.626023, -0.013957, -2.655141, -2.943142, 0.0
2596.0, -3.121468, -1.642845, -0.014067, -2.655141, -2.943142, 0.0
2613.0, -3.128094, -1.659761, -0.014097, -2.655141, -2.943142, 0.0
2613.0, -3.128094, -1.659761, -0.014097, -2.655141, -2.943142, 0.0
2631.0, -3.134231, -1.676769, -0.014204, -2.655141, -2.943142, 0.0
2631.0, -3.134231, -1.676769, -0.014204, -2.655141, -2.943142, 0.0
2646.0, -3.139876, -1.693866, -0.01423, -2.655141, -2.943142, 0.0
2663.0, -3.145032, -1.711056, -0.014335, -2.655141, -2.943142, 0.0
2663.0, -3.145032, -1.711056, -0.014335, -2.655141, -2.943142, 0.0
2679.0, -3.149698, -1.728343, -0.014355, -2.655141, -2.943142, 0.0
2679.0, -3.149698, -1.728343, -0.014355, -2.655141, -2.943142, 0.0
2696.0, -3.153876, -1.745727, -0.014455, -3.124558, -2.770944, 0.0
2713.0, -3.157564, -1.763212, -0.014471, -3.124558, -2.770944, 0.0
2713.0, -3.157564, -1.763212, -0.014471, -3.124558, -2.770944, 0.0
2731.0, -3.160765, -1.780794, -0.014568, -3.124558, -2.770944, 0.0
2731.0, -3.160765, -1.780794, -0.014568, -3.124558, -2.770944, 0.0
2746.0, -3.163476, -1.798485, -0.01458, -3.124558, -2.770944, 0.0
2764.0, -3.1657, -1.816277, -0.014674, -3.124558, -2.770944, 0.0
2764.0, -3.1657, -1.816277, -0.014674, -3.124558, -2.770944, 0.0
2780.0, -3.167434, -1.834173, -0.014686, -3.124558, -2.770944, 0.0
2780.0, -3.167434, -1.834173, -0.014686, -3.124558, -2.770944, 0.0
2796.0, -3.168681, -1.852182, -0.01478, -3.124558, -2.770944, 0.0
2814.0, -3.169436, -1.87028, -0.014795, -3.124558, -2.770944, 0.0
2814.0, -3.169436, -1.87028, -0.014795, -3.124558, -2.770944, 0.0
2831.0, -3.169702, -1.888476, -0.014891, -3.124558, -2.770944, 0.0
2831.0, -3.169702, -1.888476, -0.014891, -3.124558, -2.770944, 0.0
2846.0, -3.169477, -1.906771, -0.014909, -3.124558, -2.770944, 0.0
2862.0, -3.168764, -1.925163, -0.015009, -3.124558, -2.770944, 0.0
2862.0, -3.168764, -1.925163, -0.015009, -3.124558, -2.770944, 0.0
2879.0, -3.16756, -1.943661, -0.015034, -3.124558, -2.770944, 0.0
2879.0, -3.16756, -1.943661, -0.015034, -3.124558, -2.770944, 0.0
2895.0, -3.165867, -1.962261, -0.015139, -3.124558, -2.770944, 0.0
2914.0, -3.163683, -1.980969, -0.015171, -3.124558, -2.770944, 0.0
2914.0, -3.163683, -1.980969, -0.015171, -3.124558, -2.770944, 0.0
2930.0, -3.16101, -1.999778, -0.015282, -3.124558, -2.770944, 0.0
2930.0, -3.16101, -1.999778, -0.015282, -3.124558, -2.770944, 0.0
2945.0, -3.157844, -2.018704, -0.015324, -3.594003, -2.598736, 0.0
2962.0, -3.154188, -2.037733, -0.015443, -3.594003, -2.598736, 0.0
2962.0, -3.154188, -2.037733, -0.015443, -3.594003, -2.598736, 0.0
2978.0, -3.15004, -2.056871, -0.015493, -3.594003, -2.598736, 0.0
2978.0, -3.15004, -2.056871, -0.015493, -3.594003, -2.598736, 0.0
2995.0, -3.145403, -2.076109, -0.015618, -3.594003, -2.598736, 0.0
3012.0, -3.140273, -2.095456, -0.015677, -3.594003, -2.598736, 0.0
3012.0, -3.140273, -2.095456, -0.015677, -3.594003, -2.598736, 0.0
3030.0, -3.134655, -2.114902, -0.015808, -3.594003, -2.598736, 0.0
3030.0, -3.134655, -2.114902, -0.015808, -3.594003, -2.598736, 0.0
3045.0, -3.128545, -2.134449, -0.015875, -3.594003, -2.598736, 0.0
3062.0, -3.121948, -2.154093, -0.01601, -3.594003, -2.598736, 0.0
3062.0, -3.121948, -2.154093, -0.01601, -3.594003, -2.598736, 0.0
3079.0, -3.114857, -2.173846, -0.016085, -3.594003, -2.598736, 0.0
3079.0, -3.114857, -2.173846, -0.016085, -3.594003, -2.598736, 0.0
3096.0, -3.107277, -2.1937, -0.016226, -3.594003, -2.598736, 0.0
3113.0, -3.099204, -2.213663, -0.016309, -3.594003, -2.598736, 0.0
3113.0, -3.099204, -2.213663, -0.016309, -3.594003, -2.598736, 0.0
3130.0, -3.090642, -2.233727, -0.016454, -3.594003, -2.598736, 0.0
3130.0, -3.090642, -2.233727, -0.016454, -3.594003, -2.598736, 0.0
3146.0, -3.081582, -2.253908, -0.016543, -3.594003, -2.598736, 0.0
3162.0, -3.072032, -2.274192, -0.016692, -3.594003, -2.598736, 0.0
3162.0, -3.072032, -2.274192, -0.016692, -3.594003, -2.598736, 0.0
3179.0, -3.061988, -2.294583, -0.016785, -3.594003, -2.598736, 0.0
3179.0, -3.061988, -2.294583, -0.016785, -3.594003, -2.598736, 0.0
3195.0, -3.051455, -2.315073, -0.016934, -4.063419, -2.426538, 0.0
3213.0, -3.040429, -2.33567, -0.017028, -4.063419, -2.426538, 0.0
3213.0, -3.040429, -2.33567, -0.017028, -4.063419, -2.426538, 0.0
3230.0, -3.028915, -2.356364, -0.017176, -4.063419, -2.426538, 0.0
3230.0, -3.028915, -2.356364, -0.017176, -4.063419, -2.426538, 0.0
3245.0, -3.016907, -2.377164, -0.017271, -4.063419, -2.426538, 0.0
3263.0, -3.004411, -2.398061, -0.017418, -4.063419, -2.426538, 0.0
3263.0, -3.004411, -2.398061, -0.017418, -4.063419, -2.426538, 0.0
3280.0, -2.991421, -2.419063, -0.017514, -4.063419, -2.426538, 0.0
3280.0, -2.991421, -2.419063, -0.017514, -4.063419, -2.426538, 0.0
3296.0, -2.977916, -2.440204, -0.017659, -4.063419, -2.426538, 0.0
3314.0, -2.963943, -2.461407, -0.017756, -4.063419, -2.426538, 0.0
3314.0, -2.963943, -2.461407, -0.017756, -4.063419, -2.426538, 0.0
3331.0, -2.949482, -2.482707, -0.017899, -4.063419, -2.426538, 0.0
3331.0, -2.949482, -2.482707, -0.017899, -4.063419, -2.426538, 0.0
3346.0, -2.934532, -2.504101, -0.017994, -4.063419, -2.426538, 0.0
3363.0, -2.919096, -2.525588, -0.018132, -4.063419, -2.426538, 0.0
3364.0, -2.919096, -2.525588, -0.018132, -4.063419, -2.426538, 0.0
3379.0, -2.903166, -2.547178, -0.018227, -4.063419, -2.426538, 0.0
3379.0, -2.903166, -2.547178, -0.018227, -4.063419, -2.426538, 0.0
3396.0, -2.886747, -2.568861, -0.018365, -4.063419, -2.426538, 0.0
3412.0, -2.869833, -2.590647, -0.01846, -4.063419, -2.426538, 0.0
3412.0, -2.869833, -2.590647, -0.01846, -4.063419, -2.426538, 0.0
3430.0, -2.852429, -2.612527, -0.018596, -4.063419, -2.426538, 0.0
3430.0, -2.852429, -2.612527, -0.018596, -4.063419, -2.426538, 0.0
3446.0, -2.83453, -2.634507, -0.018691, -4.5329, -2.254316, 0.0
3463.0, -2.816142, -2.656579, -0.018824, -4.5329, -2.254316, 0.0
3463.0, -2.816142, -2.656579, -0.018824, -4.5329, -2.254316, 0.0
3479.0, -2.797258, -2.678748, -0.018918, -4.5329, -2.254316, 0.0
3479.0, -2.797258, -2.678748, -0.018918, -4.5329, -2.254316, 0.0
3496.0, -2.777881, -2.701011, -0.019047, -4.5329, -2.254316, 0.0
3513.0, -2.758001, -2.723378, -0.019138, -4.5329, -2.254316, 0.0
3514.0, -2.758001, -2.723378, -0.019138, -4.5329, -2.254316, 0.0
3531.0, -2.737643, -2.745819, -0.019264, -4.5329, -2.254316, 0.0
3531.0, -2.737643, -2.745819, -0.019264, -4.5329, -2.254316, 0.0
3546.0, -2.716781, -2.768363, -0.019356, -4.5329, -2.254316, 0.0
3564.0, -2.695427, -2.790993, -0.01948, -4.5329, -2.254316, 0.0
3564.0, -2.695427, -2.790993, -0.01948, -4.5329, -2.254316, 0.0
3579.0, -2.673576, -2.813713, -0.019567, -4.5329, -2.254316, 0.0
3579.0, -2.673576, -2.813713, -0.019567, -4.5329, -2.254316, 0.0
3595.0, -2.651237, -2.836514, -0.019685, -4.5329, -2.254316, 0.0
3613.0, -2.628401, -2.8594, -0.019766, -4.5329, -2.254316, 0.0
3613.0, -2.628401, -2.8594, -0.019766, -4.5329, -2.254316, 0.0
3630.0, -2.605077, -2.882364, -0.019878, -4.5329, -2.254316, 0.0
3630.0, -2.605077, -2.882364, -0.019878, -4.5329, -2.254316, 0.0
3646.0, -2.581266, -2.905402, -0.019952, -4.5329, -2.254316, 0.0
3663.0, -2.556969, -2.928512, -0.020057, -4.5329, -2.254316, 0.0
3663.0, -2.556969, -2.928512, -0.020057, -4.5329, -2.254316, 0.0
3680.0, -2.532173, -2.951701, -0.02013, -4.5329, -2.254316, 0.0
3680.0, -2.532173, -2.951701, -0.02013, -4.5329, -2.254316, 0.0
3695.0, -2.506888, -2.974961, -0.020234, -5.002342, -2.082108, 0.0
3714.0, -2.481102, -2.998298, -0.020309, -5.002342, -2.082108, 0.0
3714.0, -2.481102, -2.998298, -0.020309, -5.002342, -2.082108, 0.0
3730.0, -2.454826, -3.021704, -0.020411, -5.002342, -2.082108, 0.0
3730.0, -2.454826, -3.021704, -0.020411, -5.002342, -2.082108, 0.0
3747.0, -2.428038, -3.045192, -0.020489, -5.002342, -2.082108, 0.0
3764.0, -2.400756, -3.068744, -0.020592, -5.002342, -2.082108, 0.0
3764.0, -2.400756, -3.068744, -0.020592, -5.002342, -2.082108, 0.0
3779.0, -2.372972, -3.092362, -0.020664, -5.002342, -2.082108, 0.0
3779.0, -2.372972, -3.092362, -0.020664, -5.002342, -2.082108, 0.0
3795.0, -2.344698, -3.116036, -0.02076, -5.002342, -2.082108, 0.0
3813.0, -2.315924, -3.13977, -0.020825, -5.002342, -2.082108, 0.0
3813.0, -2.315924, -3.13977, -0.020825, -5.002342, -2.082108, 0.0
3830.0, -2.286659, -3.163555, -0.020913, -5.002342, -2.082108, 0.0
3830.0, -2.286659, -3.163555, -0.020913, -5.002342, -2.082108, 0.0
3845.0, -2.256904, -3.187386, -0.02097, -5.002342, -2.082108, 0.0
3863.0, -2.226662, -3.211257, -0.021048, -5.002342, -2.082108, 0.0
3863.0, -2.226662, -3.211257, -0.021048, -5.002342, -2.082108, 0.0
3880.0, -2.195918, -3.235174, -0.021103, -5.002342, -2.082108, 0.0
3880.0, -2.195918, -3.235174, -0.021103, -5.002342, -2.082108, 0.0
3895.0, -2.16468, -3.259128, -0.02118, -5.002342, -2.082108, 0.0
3914.0, -2.132939, -3.283124, -0.021234, -5.002342, -2.082108, 0.0
3914.0, -2.132939, -3.283124, -0.021234, -5.002342, -2.082108, 0.0
3931.0, -2.100704, -3.307151, -0.021308, -5.002342, -2.082108, 0.0
3931.0, -2.100704, -3.307151, -0.021308, -5.002342, -2.082108, 0.0
3946.0, -2.067951, -3.331221, -0.021365, -5.471759, -1.90991, 0.0
3963.0, -2.0347, -3.355315, -0.021439, -5.471759, -1.90991, 0.0
3963.0, -2.0347, -3.355315, -0.021439, -5.471759, -1.90991, 0.0
3980.0, -2.000945, -3.37943, -0.021488, -5.471759, -1.90991, 0.0
3980.0, -2.000945, -3.37943, -0.021488, -5.471759, -1.90991, 0.0
3996.0, -1.966697, -3.403556, -0.021552, -5.471759, -1.90991, 0.0
4013.0, -1.931947, -3.427694, -0.021592, -5.471759, -1.90991, 0.0
4013.0, -1.931947, -3.427694, -0.021592, -5.471759, -1.90991, 0.0
4030.0, -1.896704, -3.451834, -0.021646, -5.471759, -1.90991, 0.0
4031.0, -1.896704, -3.451834, -0.021646, -5.471759, -1.90991, 0.0
4046.0, -1.860958, -3.475977, -0.021676, -5.471759, -1.90991, 0.0
4063.0, -1.824721, -3.500111, -0.021722, -5.471759, -1.90991, 0.0
4063.0, -1.824721, -3.500111, -0.021722, -5.471759, -1.90991, 0.0
4080.0, -1.787981, -3.524234, -0.021745, -5.471759, -1.90991, 0.0
4080.0, -1.787981, -3.524234, -0.021745, -5.471759, -1.90991, 0.0
4096.0, -1.75075, -3.548337, -0.021783, -5.471759, -1.90991, 0.0
4114.0, -1.713015, -3.572419, -0.0218, -5.471759, -1.90991, 0.0
4114.0, -1.713015, -3.572419, -0.0218, -5.471759, -1.90991, 0.0
4131.0, -1.67479, -3.596473, -0.021831, -5.471759, -1.90991, 0.0
4131.0, -1.67479, -3.596473, -0.021831, -5.471759, -1.90991, 0.0
4146.0, -1.636077, -3.620486, -0.021836, -5.471759, -1.90991, 0.0
4164.0, -1.596878, -3.644452, -0.021853, -5.471759, -1.90991, 0.0
4164.0, -1.596878, -3.644452, -0.021853, -5.471759, -1.90991, 0.0
4180.0, -1.557179, -3.668371, -0.021853, -5.471759, -1.90991, 0.0
4180.0, -1.557179, -3.668371, -0.021853, -5.471759, -1.90991, 0.0
4196.0, -1.51699, -3.692234, -0.021866, -5.941175, -1.737712, 0.0
4212.0, -1.476299, -3.71604, -0.021863, -5.941175, -1.737712, 0.0
4212.0, -1.476299, -3.71604, -0.021863, -5.941175, -1.737712, 0.0
4230.0, -1.435119, -3.739778, -0.02187, -5.941175, -1.737712, 0.0
4230.0, -1.435119, -3.739778, -0.02187, -5.941175, -1.737712, 0.0
4245.0, -1.393402, -3.763468, -0.021867, -5.941175, -1.737712, 0.0
4262.0, -1.351215, -3.787063, -0.02187, -5.941175, -1.737712, 0.0
4262.0, -1.351215, -3.787063, -0.02187, -5.941175, -1.737712, 0.0
4279.0, -1.308533, -3.81057, -0.021853, -5.941175, -1.737712, 0.0
4279.0, -1.308533, -3.81057, -0.021853, -5.941175, -1.737712, 0.0
4295.0, -1.26537, -3.833977, -0.021838, -5.941175, -1.737712, 0.0
4313.0, -1.221716, -3.857281, -0.021805, -5.941175, -1.737712, 0.0
4313.0, -1.221716, -3.857281, -0.021805, -5.941175, -1.737712, 0.0
4330.0, -1.177584, -3.880474, -0.021774, -5.941175, -1.737712, 0.0
4330.0, -1.177584, -3.880474, -0.021774, -5.941175, -1.737712, 0.0
4345.0, -1.132983, -3.903543, -0.021721, -5.941175, -1.737712, 0.0
4363.0, -1.087913, -3.926481, -0.021671, -5.941175, -1.737712, 0.0
4363.0, -1.087913, -3.926481, -0.021671, -5.941175, -1.737712, 0.0
4380.0, -1.04236, -3.949289, -0.021609, -5.941175, -1.737712, 0.0
4380.0, -1.04236, -3.949289, -0.021609, -5.941175, -1.737712, 0.0
4396.0, -0.996336, -3.971955, -0.021553, -5.941175, -1.737712, 0.0
4414.0, -0.949831, -3.994478, -0.021486, -5.941175, -1.737712, 0.0
4414.0, -0.949831, -3.994478, -0.021486, -5.941175, -1.737712, 0.0
4431.0, -0.902855, -4.016849, -0.021423, -5.941175, -1.737712, 0.0
4431.0, -0.902855, -4.016849, -0.021423, -5.941175, -1.737712, 0.0
4446.0, -0.855475, -4.039118, -0.02132, -6.410607, -1.565508, 0.0
4462.0, -0.807834, -4.061325, -0.021151, -6.410607, -1.565508, 0.0
4462.0, -0.807834, -4.061325, -0.021151, -6.410607, -1.565508, 0.0
4479.0, -0.760045, -4.083521, -0.020884, -6.410607, -1.565508, 0.0
4479.0, -0.760045, -4.083521, -0.020884, -6.410607, -1.565508, 0.0
4496.0, -0.712227, -4.105746, -0.020535, -6.410607, -1.565508, 0.0
4513.0, -0.664462, -4.128045, -0.0201, -6.410607, -1.565508, 0.0
4513.0, -0.664462, -4.128045, -0.0201, -6.410607, -1.565508, 0.0
4530.0, -0.616837, -4.150442, -0.019615, -6.410607, -1.565508, 0.0
4530.0, -0.616837, -4.150442, -0.019615, -6.410607, -1.565508, 0.0
4546.0, -0.569413, -4.172967, -0.019081, -6.410607, -1.565508, 0.0
4563.0, -0.522251, -4.195637, -0.018544, -6.410607, -1.565508, 0.0
4563.0, -0.522251, -4.195637, -0.018544, -6.410607, -1.565508, 0.0
4579.0, -0.475367, -4.21848, -0.018012, -6.410607, -1.565508, 0.0
4579.0, -0.475367, -4.21848, -0.018012, -6.410607, -1.565508, 0.0
4596.0, -0.428802, -4.241505, -0.017518, -6.410607, -1.565508, 0.0
4613.0, -0.382567, -4.264727, -0.017056, -6.410607, -1.565508, 0.0
4613.0, -0.382567, -4.264727, -0.017056, -6.410607, -1.565508, 0.0
4631.0, -0.336694, -4.288147, -0.016655, -6.410607, -1.565508, 0.0
4631.0, -0.336694, -4.288147, -0.016655, -6.410607, -1.565508, 0.0
4646.0, -0.291168, -4.311786, -0.016304, -6.410607, -1.565508, 0.0
4663.0, -0.246025, -4.335638, -0.016021, -6.410607, -1.565508, 0.0
4663.0, -0.246025, -4.335638, -0.016021, -6.410607, -1.565508, 0.0
4679.0, -0.201267, -4.359708, -0.015779, -6.410607, -1.565508, 0.0
4679.0, -0.201267, -4.359708, -0.015779, -6.410607, -1.565508, 0.0
4696.0, -0.156913, -4.383995, -0.0156, -6.880027, -1.393309, 0.0
4713.0, -0.112958, -4.408507, -0.015457, -6.880027, -1.393309, 0.0
4713.0, -0.112958, -4.408507, -0.015457, -6.880027, -1.393309, 0.0
4731.0, -0.069418, -4.43324, -0.01537, -6.880027, -1.393309, 0.0
4731.0, -0.069418, -4.43324, -0.01537, -6.880027, -1.393309, 0.0
4746.0, -0.026284, -4.458204, -0.015309, -6.880027, -1.393309, 0.0
4764.0, 0.016432, -4.483397, -0.015298, -6.880027, -1.393309, 0.0
4764.0, 0.016432, -4.483397, -0.015298, -6.880027, -1.393309, 0.0
4780.0, 0.058739, -4.508828, -0.015303, -6.880027, -1.393309, 0.0
4780.0, 0.058739, -4.508828, -0.015303, -6.880027, -1.393309, 0.0
4796.0, 0.100625, -4.534494, -0.015349, -6.880027, -1.393309, 0.0
4814.0, 0.1421, -4.560404, -0.0154, -6.880027, -1.393309, 0.0
4814.0, 0.1421, -4.560404, -0.0154, -6.880027, -1.393309, 0.0
4831.0, 0.183152, -4.586555, -0.015487, -6.880027, -1.393309, 0.0
4831.0, 0.183152, -4.586555, -0.015487, -6.880027, -1.393309, 0.0
4846.0, 0.223777, -4.612945, -0.015562, -6.880027, -1.393309, 0.0
4862.0, 0.263974, -4.639579, -0.01567, -6.880027, -1.393309, 0.0
4862.0, 0.263974, -4.639579, -0.01567, -6.880027, -1.393309, 0.0
4879.0, 0.303758, -4.666467, -0.015769, -6.880027, -1.393309, 0.0
4879.0, 0.303758, -4.666467, -0.015769, -6.880027, -1.393309, 0.0
4896.0, 0.343121, -4.693609, -0.015898, -6.880027, -1.393309, 0.0
4912.0, 0.382073, -4.721012, -0.016014, -6.880027, -1.393309, 0.0
4912.0, 0.382073, -4.721012, -0.016014, -6.880027, -1.393309, 0.0
4930.0, 0.420604, -4.748671, -0.016155, -6.880027, -1.393309, 0.0
4930.0, 0.420604, -4.748671, -0.016155, -6.880027, -1.393309, 0.0
4946.0, 0.458736, -4.776604, -0.016284, -7.349445, -1.22111, 0.0
4962.0, 0.49645, -4.804801, -0.016437, -7.349445, -1.22111, 0.0
4962.0, 0.49645, -4.804801, -0.016437, -7.349445, -1.22111, 0.0
4979.0, 0.533751, -4.833263, -0.016564, -7.349445, -1.22111, 0.0
4979.0, 0.533751, -4.833263, -0.016564, -7.349445, -1.22111, 0.0
4996.0, 0.570628, -4.861988, -0.016714, -7.349445, -1.22111, 0.0
5012.0, 0.607088, -4.890979, -0.016836, -7.349445, -1.22111, 0.0
5012.0, 0.607088, -4.890979, -0.016836, -7.349445, -1.22111, 0.0
5031.0, 0.643122, -4.920233, -0.016981, -7.349445, -1.22111, 0.0
5031.0, 0.643122, -4.920233, -0.016981, -7.349445, -1.22111, 0.0
5046.0, 0.678727, -4.949746, -0.017094, -7.349445, -1.22111, 0.0
5062.0, 0.713902, -4.97952, -0.017233, -7.349445, -1.22111, 0.0
5062.0, 0.713902, -4.97952, -0.017233, -7.349445, -1.22111, 0.0
5079.0, 0.748663, -5.009566, -0.017346, -7.349445, -1.22111, 0.0
5079.0, 0.748663, -5.009566, -0.017346, -7.349445, -1.22111, 0.0
5096.0, 0.783, -5.039879, -0.017489, -7.349445, -1.22111, 0.0
5113.0, 0.816924, -5.070467, -0.017605, -7.349445, -1.22111, 0.0
5113.0, 0.816924, -5.070467, -0.017605, -7.349445, -1.22111, 0.0
5129.0, 0.850426, -5.101325, -0.017752, -7.349445, -1.22111, 0.0
5129.0, 0.850426, -5.101325, -0.017752, -7.349445, -1.22111, 0.0
5146.0, 0.883527, -5.132469, -0.017874, -7.349445, -1.22111, 0.0
5162.0, 0.916209, -5.163886, -0.018027, -7.349445, -1.22111, 0.0
5162.0, 0.916209, -5.163886, -0.018027, -7.349445, -1.22111, 0.0
5179.0, 0.948478, -5.195578, -0.018145, -7.349445, -1.22111, 0.0
5179.0, 0.948478, -5.195578, -0.018145, -7.349445, -1.22111, 0.0
5195.0, 0.980321, -5.227537, -0.018293, -7.818861, -1.048912, 0.0
5213.0, 1.011749, -5.25977, -0.018404, -7.818861, -1.048912, 0.0
5213.0, 1.011749, -5.25977, -0.018404, -7.818861, -1.048912, 0.0
5230.0, 1.042751, -5.29227, -0.018549, -7.818861, -1.048912, 0.0
5230.0, 1.042751, -5.29227, -0.018549, -7.818861, -1.048912, 0.0
5246.0, 1.073325, -5.325031, -0.018652, -7.818861, -1.048912, 0.0
5263.0, 1.10347, -5.358055, -0.01879, -7.818861, -1.048912, 0.0
5263.0, 1.10347, -5.358055, -0.01879, -7.818861, -1.048912, 0.0
5280.0, 1.1332, -5.391354, -0.018893, -7.818861, -1.048912, 0.0
5280.0, 1.1332, -5.391354, -0.018893, -7.818861, -1.048912, 0.0
5296.0, 1.162505, -5.424921, -0.019035, -7.818861, -1.048912, 0.0
5313.0, 1.191397, -5.458764, -0.01914, -7.818861, -1.048912, 0.0
5313.0, 1.191397, -5.458764, -0.01914, -7.818861, -1.048912, 0.0
5331.0, 1.219865, -5.492876, -0.019285, -7.818861, -1.048912, 0.0
5331.0, 1.219865, -5.492876, -0.019285, -7.818861, -1.048912, 0.0
5346.0, 1.247928, -5.527276, -0.019394, -7.818861, -1.048912, 0.0
5363.0, 1.27557, -5.561947, -0.019544, -7.818861, -1.048912, 0.0
5363.0, 1.27557, -5.561947, -0.019544, -7.818861, -1.048912, 0.0
5378.0, 1.302796, -5.596891, -0.019649, -7.818861, -1.048912, 0.0
5378.0, 1.302796, -5.596891, -0.019649, -7.818861, -1.048912, 0.0
5395.0, 1.329596, -5.6321, -0.019795, -7.818861, -1.048912, 0.0
5413.0, 1.355977, -5.66758, -0.019895, -7.818861, -1.048912, 0.0
5413.0, 1.355977, -5.66758, -0.019895, -7.818861, -1.048912, 0.0
5430.0, 1.38193, -5.703322, -0.020037, -7.818861, -1.048912, 0.0
5430.0, 1.38193, -5.703322, -0.020037, -7.818861, -1.048912, 0.0
5445.0, 1.407463, -5.739335, -0.020133, -8.288278, -0.876714, 0.0
5463.0, 1.432568, -5.775609, -0.020273, -8.288278, -0.876714, 0.0
5463.0, 1.432568, -5.775609, -0.020273, -8.288278, -0.876714, 0.0
5480.0, 1.457253, -5.812151, -0.020367, -8.288278, -0.876714, 0.0
5480.0, 1.457253, -5.812151, -0.020367, -8.288278, -0.876714, 0.0
5496.0, 1.481508, -5.848955, -0.020507, -8.288278, -0.876714, 0.0
5513.0, 1.505342, -5.886025, -0.020598, -8.288278, -0.876714, 0.0
5513.0, 1.505342, -5.886025, -0.020598, -8.288278, -0.876714, 0.0
5530.0, 1.528746, -5.923355, -0.020739, -8.288278, -0.876714, 0.0
5530.0, 1.528746, -5.923355, -0.020739, -8.288278, -0.876714, 0.0
5546.0, 1.55172, -5.960938, -0.020826, -8.288278, -0.876714, 0.0
5563.0, 1.574262, -5.998773, -0.020963, -8.288278, -0.876714, 0.0
5563.0, 1.574262, -5.998773, -0.020963, -8.288278, -0.876714, 0.0
5580.0, 1.59638, -6.036873, -0.021051, -8.288278, -0.876714, 0.0
5580.0, 1.59638, -6.036873, -0.021051, -8.288278, -0.876714, 0.0
5595.0, 1.618068, -6.075231, -0.021192, -8.288278, -0.876714, 0.0
5613.0, 1.639333, -6.113853, -0.021282, -8.288278, -0.876714, 0.0
5613.0, 1.639333, -6.113853, -0.021282, -8.288278, -0.876714, 0.0
5630.0, 1.660167, -6.152731, -0.021425, -8.288278, -0.876714, 0.0
5630.0, 1.660167, -6.152731, -0.021425, -8.288278, -0.876714, 0.0
5646.0, 1.680585, -6.191887, -0.021518, -8.288278, -0.876714, 0.0
5663.0, 1.700572, -6.231299, -0.021664, -8.288278, -0.876714, 0.0
5663.0, 1.700572, -6.231299, -0.021664, -8.288278, -0.876714, 0.0
5679.0, 1.720132, -6.270971, -0.021755, -8.288278, -0.876714, 0.0
5679.0, 1.720132, -6.270971, -0.021755, -8.288278, -0.876714, 0.0
5696.0, 1.739256, -6.31089, -0.021897, -8.757694, -0.704516, 0.0
5713.0, 1.757951, -6.351063, -0.021983, -8.757694, -0.704516, 0.0
5713.0, 1.757951, -6.351063, -0.021983, -8.757694, -0.704516, 0.0
5731.0, 1.776208, -6.391481, -0.022123, -8.757694, -0.704516, 0.0
5731.0, 1.776208, -6.391481, -0.022123, -8.757694, -0.704516, 0.0
5747.0, 1.794028, -6.432135, -0.022203, -8.757694, -0.704516, 0.0
5763.0, 1.811406, -6.473026, -0.022339, -8.757694, -0.704516, 0.0
5763.0, 1.811406, -6.473026, -0.022339, -8.757694, -0.704516, 0.0
5780.0, 1.828351, -6.514165, -0.022418, -8.757694, -0.704516, 0.0
5780.0, 1.828351, -6.514165, -0.022418, -8.757694, -0.704516, 0.0
5795.0, 1.844856, -6.555546, -0.022556, -8.757694, -0.704516, 0.0
5813.0, 1.860928, -6.597174, -0.022636, -8.757694, -0.704516, 0.0
5813.0, 1.860928, -6.597174, -0.022636, -8.757694, -0.704516, 0.0
5830.0, 1.876558, -6.639042, -0.022776, -8.757694, -0.704516, 0.0
5830.0, 1.876558, -6.639042, -0.022776, -8.757694, -0.704516, 0.0
5845.0, 1.89176, -6.68117, -0.022859, -8.757694, -0.704516, 0.0
5863.0, 1.906519, -6.723538, -0.023001, -8.757694, -0.704516, 0.0
5863.0, 1.906519, -6.723538, -0.023001, -8.757694, -0.704516, 0.0
5880.0, 1.92084, -6.766144, -0.023081, -8.757694, -0.704516, 0.0
5880.0, 1.92084, -6.766144, -0.023081, -8.757694, -0.704516, 0.0
5895.0, 1.934714, -6.80898, -0.023221, -8.757694, -0.704516, 0.0
5914.0, 1.948148, -6.852047, -0.023298, -8.757694, -0.704516, 0.0
5914.0, 1.948148, -6.852047, -0.023298, -8.757694, -0.704516, 0.0
5931.0, 1.961132, -6.895339, -0.023436, -8.757694, -0.704516, 0.0
5931.0, 1.961132, -6.895339, -0.023436, -8.757694, -0.704516, 0.0
5946.0, 1.973674, -6.938861, -0.023509, -9.227112, -0.532317, 0.0
5963.0, 1.985764, -6.982602, -0.023646, -9.227112, -0.532317, 0.0
5963.0, 1.985764, -6.982602, -0.023646, -9.227112, -0.532317, 0.0
5980.0, 1.997409, -7.026568, -0.023718, -9.227112, -0.532317, 0.0
5980.0, 1.997409, -7.026568, -0.023718, -9.227112, -0.532317, 0.0
5996.0, 2.0086, -7.070749, -0.023853, -9.227112, -0.532317, 0.0
6013.0, 2.019344, -7.115151, -0.023923, -9.227112, -0.532317, 0.0
6013.0, 2.019344, -7.115151, -0.023923, -9.227112, -0.532317, 0.0
6030.0, 2.029632, -7.159765, -0.024058, -9.227112, -0.532317, 0.0
6030.0, 2.029632, -7.159765, -0.024058, -9.227112, -0.532317, 0.0
6046.0, 2.039468, -7.204578, -0.024126, -9.227112, -0.532317, 0.0
6063.0, 2.048845, -7.249592, -0.024259, -9.227112, -0.532317, 0.0
6063.0, 2.048845, -7.249592, -0.024259, -9.227112, -0.532317, 0.0
6080.0, 2.05777, -7.294817, -0.024326, -9.227112, -0.532317, 0.0
6080.0, 2.05777, -7.294817, -0.024326, -9.227112, -0.532317, 0.0
6096.0, 2.066235, -7.340245, -0.024459, -9.227112, -0.532317, 0.0
6113.0, 2.074246, -7.385881, -0.024526, -9.227112, -0.532317, 0.0
6113.0, 2.074246, -7.385881, -0.024526, -9.227112, -0.532317, 0.0
6131.0, 2.081797, -7.431717, -0.02466, -9.227112, -0.532317, 0.0
6131.0, 2.081797, -7.431717, -0.02466, -9.227112, -0.532317, 0.0
6146.0, 2.088893, -7.477774, -0.024727, -9.227112, -0.532317, 0.0
6164.0, 2.095526, -7.524026, -0.024861, -9.227112, -0.532317, 0.0
6164.0, 2.095526, -7.524026, -0.024861, -9.227112, -0.532317, 0.0
6180.0, 2.1017, -7.570473, -0.024925, -9.227112, -0.532317, 0.0
6180.0, 2.1017, -7.570473, -0.024925, -9.227112, -0.532317, 0.0
6196.0, 2.107405, -7.617103, -0.025055, -9.696529, -0.360119, 0.0
6213.0, 2.112648, -7.663918, -0.025115, -9.696529, -0.360119, 0.0
6213.0, 2.112648, -7.663918, -0.025115, -9.696529, -0.360119, 0.0
6230.0, 2.11742, -7.710909, -0.025242, -9.696529, -0.360119, 0.0
6230.0, 2.11742, -7.710909, -0.025242, -9.696529, -0.360119, 0.0
6246.0, 2.121726, -7.758062, -0.025298, -9.696529, -0.360119, 0.0
6262.0, 2.125559, -7.805379, -0.025422, -9.696529, -0.360119, 0.0
6262.0, 2.125559, -7.805379, -0.025422, -9.696529, -0.360119, 0.0
6279.0, 2.128924, -7.852868, -0.025475, -9.696529, -0.360119, 0.0
6279.0, 2.128924, -7.852868, -0.025475, -9.696529, -0.360119, 0.0
6296.0, 2.131813, -7.90052, -0.025596, -9.696529, -0.360119, 0.0
6312.0, 2.134233, -7.948341, -0.025647, -9.696529, -0.360119, 0.0
6312.0, 2.134233, -7.948341, -0.025647, -9.696529, -0.360119, 0.0
6331.0, 2.136175, -7.996321, -0.025766, -9.696529, -0.360119, 0.0
6331.0, 2.136175, -7.996321, -0.025766, -9.696529, -0.360119, 0.0
6346.0, 2.137645, -8.044481, -0.025815, -9.696529, -0.360119, 0.0
6363.0, 2.138635, -8.092795, -0.025932, -9.696529, -0.360119, 0.0
6363.0, 2.138635, -8.092795, -0.025932, -9.696529, -0.360119, 0.0
6380.0, 2.139149, -8.14126, -0.025976, -9.696529, -0.360119, 0.0
6380.0, 2.139149, -8.14126, -0.025976, -9.696529, -0.360119, 0.0
6396.0, 2.13918, -8.189862, -0.026089, -9.696529, -0.360119, 0.0
6413.0, 2.138732, -8.238605, -0.02613, -9.696529, -0.360119, 0.0
6413.0, 2.138732, -8.238605, -0.02613, -9.696529, -0.360119, 0.0
6431.0, 2.1378, -8.287478, -0.026239, -9.696529, -0.360119, 0.0
6431.0, 2.1378, -8.287478, -0.026239, -9.696529, -0.360119, 0.0
6446.0, 2.136387, -8.336466, -0.026276, -10.165945, -0.187921, 0.0
6462.0, 2.134487, -8.38557, -0.026382, -10.165945, -0.187921, 0.0
6462.0, 2.134487, -8.38557, -0.026382, -10.165945, -0.187921, 0.0
6479.0, 2.132105, -8.434797, -0.026415, -10.165945, -0.187921, 0.0
6479.0, 2.132105, -8.434797, -0.026415, -10.165945, -0.187921, 0.0
6496.0, 2.129233, -8.484142, -0.026517, -10.165945, -0.187921, 0.0
6513.0, 2.125876, -8.533608, -0.026546, -10.165945, -0.187921, 0.0
6513.0, 2.125876, -8.533608, -0.026546, -10.165945, -0.187921, 0.0
6531.0, 2.122029, -8.583179, -0.026645, -10.165945, -0.187921, 0.0
6531.0, 2.122029, -8.583179, -0.026645, -10.165945, -0.187921, 0.0
6546.0, 2.11767, -8.633132, -0.026669, -10.165945, -0.187921, 0.0
6563.0, 2.112838, -8.6829, -0.026761, -10.165945, -0.187921, 0.0
6563.0, 2.112838, -8.6829, -0.026761, -10.165945, -0.187921, 0.0
6580.0, 2.107516, -8.732738, -0.026777, -10.165945, -0.187921, 0.0
6580.0, 2.107516, -8.732738, -0.026777, -10.165945, -0.187921, 0.0
6596.0, 2.101698, -8.782623, -0.026861, -10.165945, -0.187921, 0.0
6613.0, 2.095391, -8.832552, -0.026869, -10.165945, -0.187921, 0.0
6613.0, 2.095391, -8.832552, -0.026869, -10.165945, -0.187921, 0.0
6631.0, 2.088586, -8.882513, -0.026942, -10.165945, -0.187921, 0.0
6631.0, 2.088586, -8.882513, -0.026942, -10.165945, -0.187921, 0.0
6646.0, 2.081292, -8.932487, -0.026943, -10.165945, -0.187921, 0.0
6663.0, 2.073507, -8.982445, -0.027009, -10.165945, -0.187921, 0.0
6663.0, 2.073507, -8.982445, -0.027009, -10.165945, -0.187921, 0.0
6679.0, 2.06523, -9.032422, -0.026999, -10.165945, -0.187921, 0.0
6679.0, 2.06523, -9.032422, -0.026999, -10.165945, -0.187921, 0.0
6696.0, 2.056454, -9.082417, -0.027055, -10.635547, -0.015655, 0.0
6713.0, 2.047185, -9.132431, -0.027036, -10.635547, -0.015655, 0.0
6713.0, 2.047185, -9.132431, -0.027036, -10.635547, -0.015655, 0.0
6731.0, 2.037417, -9.182458, -0.027083, -10.635547, -0.015655, 0.0
6731.0, 2.037417, -9.182458, -0.027083, -10.635547, -0.015655, 0.0
6746.0, 2.027147, -9.232538, -0.027053, -10.635547, -0.015655, 0.0
6764.0, 2.016374, -9.282637, -0.027091, -10.635547, -0.015655, 0.0
6764.0, 2.016374, -9.282637, -0.027091, -10.635547, -0.015655, 0.0
6781.0, 2.005107, -9.332746, -0.027058, -10.635547, -0.015655, 0.0
6781.0, 2.005107, -9.332746, -0.027058, -10.635547, -0.015655, 0.0
6796.0, 1.99334, -9.382854, -0.027094, -10.635547, -0.015655, 0.0
6814.0, 1.981079, -9.432962, -0.02706, -10.635547, -0.015655, 0.0
6814.0, 1.981079, -9.432962, -0.02706, -10.635547, -0.015655, 0.0
6831.0, 1.968319, -9.483068, -0.027094, -10.635547, -0.015655, 0.0
6831.0, 1.968319, -9.483068, -0.027094, -10.635547, -0.015655, 0.0
6846.0, 1.955072, -9.533154, -0.02706, -10.635547, -0.015655, 0.0
6863.0, 1.941326, -9.583232, -0.027095, -10.635547, -0.015655, 0.0
6863.0, 1.941326, -9.583232, -0.027095, -10.635547, -0.015655, 0.0
6879.0, 1.927088, -9.633311, -0.027059, -10.635547, -0.015655, 0.0
6879.0, 1.927088, -9.633311, -0.027059, -10.635547, -0.015655, 0.0
6896.0, 1.912349, -9.683389, -0.02709, -10.635547, -0.015655, 0.0
6912.0, 1.897117, -9.733473, -0.027051, -10.635547, -0.015655, 0.0
6912.0, 1.897117, -9.733473, -0.027051, -10.635547, -0.015655, 0.0
6931.0, 1.881367, -9.783613, -0.027081, -10.635547, -0.015655, 0.0
6931.0, 1.881367, -9.783613, -0.027081, -10.635547, -0.015655, 0.0
6946.0, 1.86514, -9.833701, -0.027041, -11.104999, 0.156556, 0.0
6963.0, 1.848413, -9.883788, -0.027069, -11.104999, 0.156556, 0.0
6963.0, 1.848413, -9.883788, -0.027069, -11.104999, 0.156556, 0.0
6980.0, 1.831191, -9.93388, -0.027028, -11.104999, 0.156556, 0.0
6980.0, 1.831191, -9.93388, -0.027028, -11.104999, 0.156556, 0.0
6996.0, 1.81347, -9.983969, -0.027056, -11.104999, 0.156556, 0.0
7013.0, 1.795255, -10.034063, -0.027016, -11.104999, 0.156556, 0.0
7013.0, 1.795255, -10.034063, -0.027016, -11.104999, 0.156556, 0.0
7030.0, 1.77654, -10.084155, -0.027043, -11.104999, 0.156556, 0.0
7030.0, 1.77654, -10.084155, -0.027043, -11.104999, 0.156556, 0.0
7046.0, 1.757324, -10.13427, -0.027, -11.104999, 0.156556, 0.0
7063.0, 1.737606, -10.184387, -0.027024, -11.104999, 0.156556, 0.0
7063.0, 1.737606, -10.184387, -0.027024, -11.104999, 0.156556, 0.0
7079.0, 1.717394, -10.234508, -0.026982, -11.104999, 0.156556, 0.0
7079.0, 1.717394, -10.234508, -0.026982, -11.104999, 0.156556, 0.0
7096.0, 1.696684, -10.284623, -0.027008, -11.104999, 0.156556, 0.0
7113.0, 1.675481, -10.334738, -0.026968, -11.104999, 0.156556, 0.0
7113.0, 1.675481, -10.334738, -0.026968, -11.104999, 0.156556, 0.0
7130.0, 1.653719, -10.384988, -0.026994, -11.104999, 0.156556, 0.0
7130.0, 1.653719, -10.384988, -0.026994, -11.104999, 0.156556, 0.0
7146.0, 1.631534, -10.435077, -0.026958, -11.104999, 0.156556, 0.0
7162.0, 1.608853, -10.485157, -0.026987, -11.104999, 0.156556, 0.0
7162.0, 1.608853, -10.485157, -0.026987, -11.104999, 0.156556, 0.0
7180.0, 1.585679, -10.535239, -0.026949, -11.104999, 0.156556, 0.0
7180.0, 1.585679, -10.535239, -0.026949, -11.104999, 0.156556, 0.0
7196.0, 1.562007, -10.58532, -0.026974, -11.574505, 0.328787, 0.0
7213.0, 1.537842, -10.635406, -0.026934, -11.574505, 0.328787, 0.0
7213.0, 1.537842, -10.635406, -0.026934, -11.574505, 0.328787, 0.0
7231.0, 1.513178, -10.685491, -0.026956, -11.574505, 0.328787, 0.0
7231.0, 1.513178, -10.685491, -0.026956, -11.574505, 0.328787, 0.0
7246.0, 1.488121, -10.735567, -0.026956, -11.574505, 0.328787, 0.0
7263.0, 1.462794, -10.785617, -0.027096, -11.574505, 0.328787, 0.0
7263.0, 1.462794, -10.785617, -0.027096, -11.574505, 0.328787, 0.0
7280.0, 1.437329, -10.835631, -0.027269, -11.574505, 0.328787, 0.0
7280.0, 1.437329, -10.835631, -0.027269, -11.574505, 0.328787, 0.0
7296.0, 1.411836, -10.885594, -0.027606, -11.574505, 0.328787, 0.0
7314.0, 1.386422, -10.935504, -0.027969, -11.574505, 0.328787, 0.0
7314.0, 1.386422, -10.935504, -0.027969, -11.574505, 0.328787, 0.0
7331.0, 1.361162, -10.985348, -0.028466, -11.574505, 0.328787, 0.0
7331.0, 1.361162, -10.985348, -0.028466, -11.574505, 0.328787, 0.0
7347.0, 1.336122, -11.035147, -0.028944, -11.574505, 0.328787, 0.0
7364.0, 1.311358, -11.084874, -0.029512, -11.574505, 0.328787, 0.0
7364.0, 1.311358, -11.084874, -0.029512, -11.574505, 0.328787, 0.0
7379.0, 1.286921, -11.134526, -0.030021, -11.574505, 0.328787, 0.0
7379.0, 1.286921, -11.134526, -0.030021, -11.574505, 0.328787, 0.0
7396.0, 1.26284, -11.184092, -0.030579, -11.574505, 0.328787, 0.0
7413.0, 1.239148, -11.233572, -0.031043, -11.574505, 0.328787, 0.0
7413.0, 1.239148, -11.233572, -0.031043, -11.574505, 0.328787, 0.0
7431.0, 1.215859, -11.282957, -0.031531, -11.574505, 0.328787, 0.0
7431.0, 1.215859, -11.282957, -0.031531, -11.574505, 0.328787, 0.0
7446.0, 1.192994, -11.332252, -0.031905, -12.043921, 0.500986, 0.0
7462.0, 1.170558, -11.381446, -0.032291, -12.043921, 0.500986, 0.0
7462.0, 1.170558, -11.381446, -0.032291, -12.043921, 0.500986, 0.0
7480.0, 1.148566, -11.430546, -0.032558, -12.043921, 0.500986, 0.0
7480.0, 1.148566, -11.430546, -0.032558, -12.043921, 0.500986, 0.0
7497.0, 1.127019, -11.479544, -0.032838, -12.043921, 0.500986, 0.0
7514.0, 1.105927, -11.528444, -0.033003, -12.043921, 0.500986, 0.0
7514.0, 1.105927, -11.528444, -0.033003, -12.043921, 0.500986, 0.0
7532.0, 1.08529, -11.577241, -0.033189, -12.043921, 0.500986, 0.0
7532.0, 1.08529, -11.577241, -0.033189, -12.043921, 0.500986, 0.0
7546.0, 1.065124, -11.62592, -0.033273, -12.043921, 0.500986, 0.0
7564.0, 1.045421, -11.674491, -0.033388, -12.043921, 0.500986, 0.0
7564.0, 1.045421, -11.674491, -0.033388, -12.043921, 0.500986, 0.0
7579.0, 1.026187, -11.722965, -0.033407, -12.043921, 0.500986, 0.0
7579.0, 1.026187, -11.722965, -0.033407, -12.043921, 0.500986, 0.0
7596.0, 1.007418, -11.77134, -0.033467, -12.043921, 0.500986, 0.0
7613.0, 0.989123, -11.819622, -0.033441, -12.043921, 0.500986, 0.0
7613.0, 0.989123, -11.819622, -0.033441, -12.043921, 0.500986, 0.0
7631.0, 0.971298, -11.867806, -0.033466, -12.043921, 0.500986, 0.0
7631.0, 0.971298, -11.867806, -0.033466, -12.043921, 0.500986, 0.0
7646.0, 0.953944, -11.915916, -0.033408, -12.043921, 0.500986, 0.0
7663.0, 0.937062, -11.963936, -0.033411, -12.043921, 0.500986, 0.0
7663.0, 0.937062, -11.963936, -0.033411, -12.043921, 0.500986, 0.0
7680.0, 0.920663, -12.011864, -0.03334, -12.043921, 0.500986, 0.0
7680.0, 0.920663, -12.011864, -0.03334, -12.043921, 0.500986, 0.0
7696.0, 0.904742, -12.059695, -0.033335, -12.51334, 0.673184, 0.0
7714.0, 0.889309, -12.107434, -0.033259, -12.51334, 0.673184, 0.0
7714.0, 0.889309, -12.107434, -0.033259, -12.51334, 0.673184, 0.0
7731.0, 0.874357, -12.155076, -0.033251, -12.51334, 0.673184, 0.0
7731.0, 0.874357, -12.155076, -0.033251, -12.51334, 0.673184, 0.0
7746.0, 0.859901, -12.202611, -0.033176, -12.51334, 0.673184, 0.0
7764.0, 0.845927, -12.250061, -0.03317, -12.51334, 0.673184, 0.0
7764.0, 0.845927, -12.250061, -0.03317, -12.51334, 0.673184, 0.0
7779.0, 0.832449, -12.297411, -0.033094, -12.51334, 0.673184, 0.0
7779.0, 0.832449, -12.297411, -0.033094, -12.51334, 0.673184, 0.0
7796.0, 0.819456, -12.344671, -0.033087, -12.51334, 0.673184, 0.0
7813.0, 0.806955, -12.39185, -0.033009, -12.51334, 0.673184, 0.0
7813.0, 0.806955, -12.39185, -0.033009, -12.51334, 0.673184, 0.0
7831.0, 0.794942, -12.438943, -0.033002, -12.51334, 0.673184, 0.0
7831.0, 0.794942, -12.438943, -0.033002, -12.51334, 0.673184, 0.0
7846.0, 0.783417, -12.485973, -0.032922, -12.51334, 0.673184, 0.0
7863.0, 0.772379, -12.532924, -0.032912, -12.51334, 0.673184, 0.0
7863.0, 0.772379, -12.532924, -0.032912, -12.51334, 0.673184, 0.0
7879.0, 0.761835, -12.579795, -0.032833, -12.51334, 0.673184, 0.0
7879.0, 0.761835, -12.579795, -0.032833, -12.51334, 0.673184, 0.0
7896.0, 0.751781, -12.626579, -0.032826, -12.51334, 0.673184, 0.0
7914.0, 0.742223, -12.673283, -0.032748, -12.51334, 0.673184, 0.0
7914.0, 0.742223, -12.673283, -0.032748, -12.51334, 0.673184, 0.0
7931.0, 0.733155, -12.719899, -0.032742, -12.51334, 0.673184, 0.0
7931.0, 0.733155, -12.719899, -0.032742, -12.51334, 0.673184, 0.0
7946.0, 0.724586, -12.76642, -0.032667, -12.982765, 0.845385, 0.0
7963.0, 0.716509, -12.812852, -0.032663, -12.982765, 0.845385, 0.0
7963.0, 0.716509, -12.812852, -0.032663, -12.982765, 0.845385, 0.0
7979.0, 0.708929, -12.859209, -0.032588, -12.982765, 0.845385, 0.0
7979.0, 0.708929, -12.859209, -0.032588, -12.982765, 0.845385, 0.0
7996.0, 0.701839, -12.905487, -0.032583, -12.982765, 0.845385, 0.0
8013.0, 0.695246, -12.951694, -0.032507, -12.982765, 0.845385, 0.0
8013.0, 0.695246, -12.951694, -0.032507, -12.982765, 0.845385, 0.0
8031.0, 0.689143, -12.997824, -0.032503, -12.982765, 0.845385, 0.0
8031.0, 0.689143, -12.997824, -0.032503, -12.982765, 0.845385, 0.0
8046.0, 0.683536, -13.043901, -0.032425, -12.982765, 0.845385, 0.0
8064.0, 0.678418, -13.08991, -0.03242, -12.982765, 0.845385, 0.0
8064.0, 0.678418, -13.08991, -0.03242, -12.982765, 0.845385, 0.0
8080.0, 0.673798, -13.135848, -0.032345, -12.982765, 0.845385, 0.0
8080.0, 0.673798, -13.135848, -0.032345, -12.982765, 0.845385, 0.0
8096.0, 0.66967, -13.18171, -0.032341, -12.982765, 0.845385, 0.0
8114.0, 0.66604, -13.227503, -0.032267, -12.982765, 0.845385, 0.0
8114.0, 0.66604, -13.227503, -0.032267, -12.982765, 0.845385, 0.0
8131.0, 0.662902, -13.27322, -0.032265, -12.982765, 0.845385, 0.0
8131.0, 0.662902, -13.27322, -0.032265, -12.982765, 0.845385, 0.0
8146.0, 0.660263, -13.31887, -0.032192, -12.982765, 0.845385, 0.0
8164.0, 0.658116, -13.364445, -0.032191, -12.982765, 0.845385, 0.0
8164.0, 0.658116, -13.364445, -0.032191, -12.982765, 0.845385, 0.0
8180.0, 0.656468, -13.409955, -0.032119, -12.982765, 0.845385, 0.0
8180.0, 0.656468, -13.409955, -0.032119, -12.982765, 0.845385, 0.0
8197.0, 0.655312, -13.455394, -0.03212, -13.452182, 1.017584, 0.0
8212.0, 0.654656, -13.500771, -0.03205, -13.452182, 1.017584, 0.0
8212.0, 0.654656, -13.500771, -0.03205, -13.452182, 1.017584, 0.0
8230.0, 0.654492, -13.546163, -0.032051, -13.452182, 1.017584, 0.0
8230.0, 0.654492, -13.546163, -0.032051, -13.452182, 1.017584, 0.0
8246.0, 0.654828, -13.591392, -0.031983, -13.452182, 1.017584, 0.0
8262.0, 0.655658, -13.636549, -0.031987, -13.452182, 1.017584, 0.0
8262.0, 0.655658, -13.636549, -0.031987, -13.452182, 1.017584, 0.0
8279.0, 0.656987, -13.681647, -0.031922, -13.452182, 1.017584, 0.0
8279.0, 0.656987, -13.681647, -0.031922, -13.452182, 1.017584, 0.0
8296.0, 0.658809, -13.726686, -0.031928, -13.452182, 1.017584, 0.0
8313.0, 0.661131, -13.771669, -0.031866, -13.452182, 1.017584, 0.0
8313.0, 0.661131, -13.771669, -0.031866, -13.452182, 1.017584, 0.0
8331.0, 0.663947, -13.816592, -0.031875, -13.452182, 1.017584, 0.0
8331.0, 0.663947, -13.816592, -0.031875, -13.452182, 1.017584, 0.0
8346.0, 0.667263, -13.861464, -0.031815, -13.452182, 1.017584, 0.0
8363.0, 0.671072, -13.906276, -0.031826, -13.452182, 1.017584, 0.0
8363.0, 0.671072, -13.906276, -0.031826, -13.452182, 1.017584, 0.0
8380.0, 0.675382, -13.951038, -0.03177, -13.452182, 1.017584, 0.0
8380.0, 0.675382, -13.951038, -0.03177, -13.452182, 1.017584, 0.0
8396.0, 0.680187, -13.995743, -0.031784, -13.452182, 1.017584, 0.0
8414.0, 0.685492, -14.040398, -0.031731, -13.452182, 1.017584, 0.0
8414.0, 0.685492, -14.040398, -0.031731, -13.452182, 1.017584, 0.0
8431.0, 0.691291, -14.084996, -0.031747, -13.452182, 1.017584, 0.0
8431.0, 0.691291, -14.084996, -0.031747, -13.452182, 1.017584, 0.0
8446.0, 0.697593, -14.129564, -0.031697, -13.921658, 1.189804, 0.0
8463.0, 0.704391, -14.174083, -0.031716, -13.921658, 1.189804, 0.0
8463.0, 0.704391, -14.174083, -0.031716, -13.921658, 1.189804, 0.0
8480.0, 0.711691, -14.218554, -0.031669, -13.921658, 1.189804, 0.0
8480.0, 0.711691, -14.218554, -0.031669, -13.921658, 1.189804, 0.0
8496.0, 0.719485, -14.262972, -0.03169, -13.921658, 1.189804, 0.0
8513.0, 0.72778, -14.307342, -0.031644, -13.921658, 1.189804, 0.0
8513.0, 0.72778, -14.307342, -0.031644, -13.921658, 1.189804, 0.0
8531.0, 0.73657, -14.351657, -0.031666, -13.921658, 1.189804, 0.0
8531.0, 0.73657, -14.351657, -0.031666, -13.921658, 1.189804, 0.0
8546.0, 0.745858, -14.39591, -0.031622, -13.921658, 1.189804, 0.0
8563.0, 0.755639, -14.440108, -0.031645, -13.921658, 1.189804, 0.0
8563.0, 0.755639, -14.440108, -0.031645, -13.921658, 1.189804, 0.0
8580.0, 0.765923, -14.484264, -0.031605, -13.921658, 1.189804, 0.0
8580.0, 0.765923, -14.484264, -0.031605, -13.921658, 1.189804, 0.0
8597.0, 0.776702, -14.528375, -0.031632, -13.921658, 1.189804, 0.0
8613.0, 0.787983, -14.572448, -0.031597, -13.921658, 1.189804, 0.0
8613.0, 0.787983, -14.572448, -0.031597, -13.921658, 1.189804, 0.0
8631.0, 0.79976, -14.616478, -0.031627, -13.921658, 1.189804, 0.0
8631.0, 0.79976, -14.616478, -0.031627, -13.921658, 1.189804, 0.0
8646.0, 0.812045, -14.660489, -0.031598, -13.921658, 1.189804, 0.0
8662.0, 0.824828, -14.704463, -0.031632, -13.921658, 1.189804, 0.0
8662.0, 0.824828, -14.704463, -0.031632, -13.921658, 1.189804, 0.0
8679.0, 0.838113, -14.748404, -0.031605, -13.921658, 1.189804, 0.0
8679.0, 0.838113, -14.748404, -0.031605, -13.921658, 1.189804, 0.0
8696.0, 0.851895, -14.792302, -0.03164, -14.391074, 1.362002, 0.0
8713.0, 0.866179, -14.836164, -0.031615, -14.391074, 1.362002, 0.0
8713.0, 0.866179, -14.836164, -0.031615, -14.391074, 1.362002, 0.0
8730.0, 0.880958, -14.879986, -0.031651, -14.391074, 1.362002, 0.0
8730.0, 0.880958, -14.879986, -0.031651, -14.391074, 1.362002, 0.0
8746.0, 0.89624, -14.923775, -0.031628, -14.391074, 1.362002, 0.0
8764.0, 0.912017, -14.967525, -0.031665, -14.391074, 1.362002, 0.0
8764.0, 0.912017, -14.967525, -0.031665, -14.391074, 1.362002, 0.0
8781.0, 0.928298, -15.011244, -0.031644, -14.391074, 1.362002, 0.0
8781.0, 0.928298, -15.011244, -0.031644, -14.391074, 1.362002, 0.0
8797.0, 0.945074, -15.054928, -0.031684, -14.391074, 1.362002, 0.0
8813.0, 0.962354, -15.098584, -0.031666, -14.391074, 1.362002, 0.0
8813.0, 0.962354, -15.098584, -0.031666, -14.391074, 1.362002, 0.0
8831.0, 0.98013, -15.142205, -0.031707, -14.391074, 1.362002, 0.0
8831.0, 0.98013, -15.142205, -0.031707, -14.391074, 1.362002, 0.0
8846.0, 0.998402, -15.185784, -0.03169, -14.391074, 1.362002, 0.0
8863.0, 1.017168, -15.229327, -0.031731, -14.391074, 1.362002, 0.0
8863.0, 1.017168, -15.229327, -0.031731, -14.391074, 1.362002, 0.0
8879.0, 1.036438, -15.272847, -0.031719, -14.391074, 1.362002, 0.0
8879.0, 1.036438, -15.272847, -0.031719, -14.391074, 1.362002, 0.0
8895.0, 1.056205, -15.31634, -0.031764, -14.391074, 1.362002, 0.0
8913.0, 1.076477, -15.359816, -0.031757, -14.391074, 1.362002, 0.0
8913.0, 1.076477, -15.359816, -0.031757, -14.391074, 1.362002, 0.0
8930.0, 1.097246, -15.403266, -0.031806, -14.391074, 1.362002, 0.0
8930.0, 1.097246, -15.403266, -0.031806, -14.391074, 1.362002, 0.0
8946.0, 1.118428, -15.446722, -0.031764, -14.86049, 1.5342, 0.0
8963.0, 1.139878, -15.490173, -0.031696, -14.86049, 1.5342, 0.0
8963.0, 1.139878, -15.490173, -0.031696, -14.86049, 1.5342, 0.0
8979.0, 1.161474, -15.533631, -0.031472, -14.86049, 1.5342, 0.0
8979.0, 1.161474, -15.533631, -0.031472, -14.86049, 1.5342, 0.0
8996.0, 1.183089, -15.577095, -0.031196, -14.86049, 1.5342, 0.0
9013.0, 1.204633, -15.620576, -0.030769, -14.86049, 1.5342, 0.0
9013.0, 1.204633, -15.620576, -0.030769, -14.86049, 1.5342, 0.0
9030.0, 1.22601, -15.664073, -0.030317, -14.86049, 1.5342, 0.0
9030.0, 1.22601, -15.664073, -0.030317, -14.86049, 1.5342, 0.0
9046.0, 1.247154, -15.707579, -0.029752, -14.86049, 1.5342, 0.0
9063.0, 1.268006, -15.751101, -0.029209, -14.86049, 1.5342, 0.0
9063.0, 1.268006, -15.751101, -0.029209, -14.86049, 1.5342, 0.0
9079.0, 1.288532, -15.794653, -0.028602, -14.86049, 1.5342, 0.0
9080.0, 1.288532, -15.794653, -0.028602, -14.86049, 1.5342, 0.0
9096.0, 1.308691, -15.838228, -0.028061, -14.86049, 1.5342, 0.0
9113.0, 1.328463, -15.881832, -0.027488, -14.86049, 1.5342, 0.0
9113.0, 1.328463, -15.881832, -0.027488, -14.86049, 1.5342, 0.0
9130.0, 1.347819, -15.925458, -0.027009, -14.86049, 1.5342, 0.0
9130.0, 1.347819, -15.925458, -0.027009, -14.86049, 1.5342, 0.0
9146.0, 1.36676, -15.969128, -0.026519, -14.86049, 1.5342, 0.0
9162.0, 1.385258, -16.012819, -0.026134, -14.86049, 1.5342, 0.0
9162.0, 1.385258, -16.012819, -0.026134, -14.86049, 1.5342, 0.0
9180.0, 1.403311, -16.056536, -0.02574, -14.86049, 1.5342, 0.0
9180.0, 1.403311, -16.056536, -0.02574, -14.86049, 1.5342, 0.0
9195.0, 1.420902, -16.100266, -0.025451, -15.329906, 1.706398, 0.0
9213.0, 1.438034, -16.144014, -0.025148, -15.329906, 1.706398, 0.0
9213.0, 1.438034, -16.144014, -0.025148, -15.329906, 1.706398, 0.0
9230.0, 1.45471, -16.18782, -0.024946, -15.329906, 1.706398, 0.0
9231.0, 1.45471, -16.18782, -0.024946, -15.329906, 1.706398, 0.0
9246.0, 1.470895, -16.231583, -0.024719, -15.329906, 1.706398, 0.0
9263.0, 1.4866, -16.275356, -0.024587, -15.329906, 1.706398, 0.0
9263.0, 1.4866, -16.275356, -0.024587, -15.329906, 1.706398, 0.0
9280.0, 1.501831, -16.319151, -0.024424, -15.329906, 1.706398, 0.0
9280.0, 1.501831, -16.319151, -0.024424, -15.329906, 1.706398, 0.0
9296.0, 1.516581, -16.362963, -0.024348, -15.329906, 1.706398, 0.0
9314.0, 1.530854, -16.406801, -0.024231, -15.329906, 1.706398, 0.0
9314.0, 1.530854, -16.406801, -0.024231, -15.329906, 1.706398, 0.0
9331.0, 1.54464, -16.450659, -0.024194, -15.329906, 1.706398, 0.0
9331.0, 1.54464, -16.450659, -0.024194, -15.329906, 1.706398, 0.0
9346.0, 1.557952, -16.494564, -0.02411, -15.329906, 1.706398, 0.0
9363.0, 1.570776, -16.538494, -0.0241, -15.329906, 1.706398, 0.0
9363.0, 1.570776, -16.538494, -0.0241, -15.329906, 1.706398, 0.0
9379.0, 1.583115, -16.582457, -0.024034, -15.329906, 1.706398, 0.0
9379.0, 1.583115, -16.582457, -0.024034, -15.329906, 1.706398, 0.0
9396.0, 1.594961, -16.626442, -0.024037, -15.329906, 1.706398, 0.0
9413.0, 1.60632, -16.670458, -0.023979, -15.329906, 1.706398, 0.0
9413.0, 1.60632, -16.670458, -0.023979, -15.329906, 1.706398, 0.0
9430.0, 1.617197, -16.714556, -0.02399, -15.329906, 1.706398, 0.0
9430.0, 1.617197, -16.714556, -0.02399, -15.329906, 1.706398, 0.0
9446.0, 1.627566, -16.758614, -0.023936, -15.799397, 1.878623, 0.0
9463.0, 1.637437, -16.802694, -0.023951, -15.799397, 1.878623, 0.0
9463.0, 1.637437, -16.802694, -0.023951, -15.799397, 1.878623, 0.0
9480.0, 1.646817, -16.846813, -0.023902, -15.799397, 1.878623, 0.0
9480.0, 1.646817, -16.846813, -0.023902, -15.799397, 1.878623, 0.0
9496.0, 1.6557, -16.890968, -0.023923, -15.799397, 1.878623, 0.0
9514.0, 1.664091, -16.935167, -0.02388, -15.799397, 1.878623, 0.0
9514.0, 1.664091, -16.935167, -0.02388, -15.799397, 1.878623, 0.0
9531.0, 1.671985, -16.979404, -0.023906, -15.799397, 1.878623, 0.0
9531.0, 1.671985, -16.979404, -0.023906, -15.799397, 1.878623, 0.0
9547.0, 1.679389, -17.023705, -0.023868, -15.799397, 1.878623, 0.0
9564.0, 1.686296, -17.068052, -0.023901, -15.799397, 1.878623, 0.0
9564.0, 1.686296, -17.068052, -0.023901, -15.799397, 1.878623, 0.0
9580.0, 1.69271, -17.11245, -0.023866, -15.799397, 1.878623, 0.0
9580.0, 1.69271, -17.11245, -0.023866, -15.799397, 1.878623, 0.0
9596.0, 1.698625, -17.156891, -0.023901, -15.799397, 1.878623, 0.0
9613.0, 1.704047, -17.201382, -0.023869, -15.799397, 1.878623, 0.0
9613.0, 1.704047, -17.201382, -0.023869, -15.799397, 1.878623, 0.0
9630.0, 1.708969, -17.245918, -0.023908, -15.799397, 1.878623, 0.0
9631.0, 1.708969, -17.245918, -0.023908, -15.799397, 1.878623, 0.0
9646.0, 1.713397, -17.290491, -0.023878, -15.799397, 1.878623, 0.0
9663.0, 1.71734, -17.335274, -0.02392, -15.799397, 1.878623, 0.0
9664.0, 1.71734, -17.335274, -0.02392, -15.799397, 1.878623, 0.0
9680.0, 1.720775, -17.379951, -0.023894, -15.799397, 1.878623, 0.0
9680.0, 1.720775, -17.379951, -0.023894, -15.799397, 1.878623, 0.0
9697.0, 1.723711, -17.424688, -0.023941, -16.268929, 2.050864, 0.0
9714.0, 1.726156, -17.469492, -0.02392, -16.268929, 2.050864, 0.0
9714.0, 1.726156, -17.469492, -0.02392, -16.268929, 2.050864, 0.0
9732.0, 1.728102, -17.514355, -0.023973, -16.268929, 2.050864, 0.0
9732.0, 1.728102, -17.514355, -0.023973, -16.268929, 2.050864, 0.0
9747.0, 1.729657, -17.559271, -0.023998, -16.268929, 2.050864, 0.0
9764.0, 1.730941, -17.604208, -0.024172, -16.268929, 2.050864, 0.0
9764.0, 1.730941, -17.604208, -0.024172, -16.268929, 2.050864, 0.0
9780.0, 1.732088, -17.649151, -0.024373, -16.268929, 2.050864, 0.0
9780.0, 1.732088, -17.649151, -0.024373, -16.268929, 2.050864, 0.0
9796.0, 1.733205, -17.694077, -0.024743, -16.268929, 2.050864, 0.0
9813.0, 1.734398, -17.738976, -0.025131, -16.268929, 2.050864, 0.0
9813.0, 1.734398, -17.738976, -0.025131, -16.268929, 2.050864, 0.0
9831.0, 1.735744, -17.783829, -0.025658, -16.268929, 2.050864, 0.0
9831.0, 1.735744, -17.783829, -0.025658, -16.268929, 2.050864, 0.0
9846.0, 1.737316, -17.828632, -0.026161, -16.268929, 2.050864, 0.0
9863.0, 1.739162, -17.873369, -0.026758, -16.268929, 2.050864, 0.0
9863.0, 1.739162, -17.873369, -0.026758, -16.268929, 2.050864, 0.0
9880.0, 1.741334, -17.918043, -0.027286, -16.268929, 2.050864, 0.0
9880.0, 1.741334, -17.918043, -0.027286, -16.268929, 2.050864, 0.0
9896.0, 1.743858, -17.962646, -0.027867, -16.268929, 2.050864, 0.0
9913.0, 1.746767, -18.007168, -0.028347, -16.268929, 2.050864, 0.0
9913.0, 1.746767, -18.007168, -0.028347, -16.268929, 2.050864, 0.0
9932.0, 1.750076, -18.051605, -0.028854, -16.268929, 2.050864, 0.0
9932.0, 1.750076, -18.051605, -0.028854, -16.268929, 2.050864, 0.0
9947.0, 1.753808, -18.09598, -0.029243, -16.73835, 2.223063, 0.0
9963.0, 1.757969, -18.140272, -0.029647, -16.73835, 2.223063, 0.0
9963.0, 1.757969, -18.140272, -0.029647, -16.73835, 2.223063, 0.0
9980.0, 1.762572, -18.184481, -0.02993, -16.73835, 2.223063, 0.0
9980.0, 1.762572, -18.184481, -0.02993, -16.73835, 2.223063, 0.0
9996.0, 1.76762, -18.228598, -0.030229, -16.73835, 2.223063, 0.0
