0.0, 0.0, 0.0, 0.002231, 2.122165, -2.120476, 0.0
14.0, -0.00005, -0.000249, -0.004077, 2.122165, -2.120476, 0.0
14.0, -0.00005, -0.000249, -0.004077, 2.122165, -2.120476, 0.0
30.0, 0.000002, -0.000344, -0.009549, 2.122165, -2.120476, 0.0
30.0, 0.000002, -0.000344, -0.009549, 2.122165, -2.120476, 0.0
46.0, 0.000156, -0.000193, -0.012326, 2.122165, -2.120476, 0.0
64.0, 0.000358, 0.00014, -0.013468, 2.122165, -2.120476, 0.0
64.0, 0.000358, 0.00014, -0.013468, 2.122165, -2.120476, 0.0
79.0, 0.000539, 0.000551, -0.013392, 2.122165, -2.120476, 0.0
79.0, 0.000539, 0.000551, -0.013392, 2.122165, -2.120476, 0.0
96.0, 0.000627, 0.000932, -0.012444, 2.122165, -2.120476, 0.0
114.0, 0.000557, 0.001179, -0.010912, 2.122165, -2.120476, 0.0
114.0, 0.000557, 0.001179, -0.010912, 2.122165, -2.120476, 0.0
131.0, 0.000227, 0.001209, -0.010029, 2.122165, -2.120476, 0.0
131.0, 0.000227, 0.001209, -0.010029, 2.122165, -2.120476, 0.0
146.0, -0.00031, 0.001264, -0.008966, 2.122165, -2.120476, 0.0
163.0, -0.001176, 0.001433, -0.007184, 2.122165, -2.120476, 0.0
163.0, -0.001176, 0.001433, -0.007184, 2.122165, -2.120476, 0.0
180.0, -0.00242, 0.001685, -0.004748, 2.122165, -2.120476, 0.0
180.0, -0.00242, 0.001685, -0.004748, 2.122165, -2.120476, 0.0
196.0, -0.004083, 0.002115, -0.002172, 1.992035, -1.991332, 0.0
214.0, -0.005632, 0.002486, -0.002278, 1.992035, -1.991332, 0.0
214.0, -0.005632, 0.002486, -0.002278, 1.992035, -1.991332, 0.0
231.0, -0.007931, 0.003486, -0.001359, 1.992035, -1.991332, 0.0
231.0, -0.007931, 0.003486, -0.001359, 1.992035, -1.991332, 0.0
246.0, -0.010751, 0.004722, -0.000356, 1.992035, -1.991332, 0.0
264.0, -0.014023, 0.006155, 0.000638, 1.992035, -1.991332, 0.0
264.0, -0.014023, 0.006155, 0.000638, 1.992035, -1.991332, 0.0
280.0, -0.017763, 0.007746, 0.001608, 1.992035, -1.991332, 0.0
280.0, -0.017763, 0.007746, 0.001608, 1.992035, -1.991332, 0.0
296.0, -0.021978, 0.009479, 0.002529, 1.992035, -1.991332, 0.0
313.0, -0.026673, 0.011348, 0.003382, 1.992035, -1.991332, 0.0
313.0, -0.026673, 0.011348, 0.003382, 1.992035, -1.991332, 0.0
331.0, -0.031849, 0.01335, 0.004157, 1.992035, -1.991332, 0.0
331.0, -0.031849, 0.01335, 0.004157, 1.992035, -1.991332, 0.0
346.0, -0.037509, 0.015486, 0.004848, 1.992035, -1.991332, 0.0
363.0, -0.043652, 0.017756, 0.005455, 1.992035, -1.991332, 0.0
363.0, -0.043652, 0.017756, 0.005455, 1.992035, -1.991332, 0.0
380.0, -0.050277, 0.02016, 0.00598, 1.992035, -1.991332, 0.0
380.0, -0.050277, 0.02016, 0.00598, 1.992035, -1.991332, 0.0
396.0, -0.057383, 0.022701, 0.00643, 1.992035, -1.991332, 0.0
414.0, -0.064971, 0.02538, 0.006811, 1.992035, -1.991332, 0.0
414.0, -0.064971, 0.02538, 0.006811, 1.992035, -1.991332, 0.0
431.0, -0.073038, 0.028196, 0.007132, 1.992035, -1.991332, 0.0
431.0, -0.073038, 0.028196, 0.007132, 1.992035, -1.991332, 0.0
446.0, -0.081584, 0.031151, 0.007401, 1.814586, -1.815228, 0.0
463.0, -0.090608, 0.034246, 0.007626, 1.814586, -1.815228, 0.0
463.0, -0.090608, 0.034246, 0.007626, 1.814586, -1.815228, 0.0
479.0, -0.100112, 0.037481, 0.007814, 1.814586, -1.815228, 0.0
479.0, -0.100112, 0.037481, 0.007814, 1.814586, -1.815228, 0.0
496.0, -0.110093, 0.040858, 0.007973, 1.814586, -1.815228, 0.0
513.0, -0.120553, 0.044376, 0.00811, 1.814586, -1.815228, 0.0
513.0, -0.120553, 0.044376, 0.00811, 1.814586, -1.815228, 0.0
531.0, -0.131492, 0.048037, 0.008228, 1.814586, -1.815228, 0.0
531.0, -0.131492, 0.048037, 0.008228, 1.814586, -1.815228, 0.0
546.0, -0.142908, 0.05184, 0.008333, 1.814586, -1.815228, 0.0
562.0, -0.154803, 0.055786, 0.008428, 1.814586, -1.815228, 0.0
562.0, -0.154803, 0.055786, 0.008428, 1.814586, -1.815228, 0.0
579.0, -0.167176, 0.059874, 0.008516, 1.814586, -1.815228, 0.0
579.0, -0.167176, 0.059874, 0.008516, 1.814586, -1.815228, 0.0
596.0, -0.180027, 0.064105, 0.008599, 1.814586, -1.815228, 0.0
614.0, -0.193357, 0.068478, 0.00868, 1.814586, -1.815228, 0.0
614.0, -0.193357, 0.068478, 0.00868, 1.814586, -1.815228, 0.0
631.0, -0.207165, 0.072993, 0.008759, 1.814586, -1.815228, 0.0
631.0, -0.207165, 0.072993, 0.008759, 1.814586, -1.815228, 0.0
646.0, -0.221451, 0.07765, 0.008837, 1.814586, -1.815228, 0.0
663.0, -0.236217, 0.082448, 0.008916, 1.814586, -1.815228, 0.0
663.0, -0.236217, 0.082448, 0.008916, 1.814586, -1.815228, 0.0
680.0, -0.251463, 0.087386, 0.008995, 1.814586, -1.815228, 0.0
680.0, -0.251463, 0.087386, 0.008995, 1.814586, -1.815228, 0.0
696.0, -0.267188, 0.092462, 0.009075, 1.637136, -1.639124, 0.0
712.0, -0.283394, 0.097676, 0.009156, 1.637136, -1.639124, 0.0
712.0, -0.283394, 0.097676, 0.009156, 1.637136, -1.639124, 0.0
730.0, -0.300079, 0.103028, 0.009237, 1.637136, -1.639124, 0.0
730.0, -0.300079, 0.103028, 0.009237, 1.637136, -1.639124, 0.0
746.0, -0.317246, 0.108516, 0.00932, 1.637136, -1.639124, 0.0
762.0, -0.334895, 0.114136, 0.009403, 1.637136, -1.639124, 0.0
762.0, -0.334895, 0.114136, 0.009403, 1.637136, -1.639124, 0.0
779.0, -0.353026, 0.119888, 0.009486, 1.637136, -1.639124, 0.0
779.0, -0.353026, 0.119888, 0.009486, 1.637136, -1.639124, 0.0
795.0, -0.37164, 0.125769, 0.00957, 1.637136, -1.639124, 0.0
812.0, -0.390738, 0.131777, 0.009653, 1.637136, -1.639124, 0.0
812.0, -0.390738, 0.131777, 0.009653, 1.637136, -1.639124, 0.0
830.0, -0.410319, 0.137911, 0.009736, 1.637136, -1.639124, 0.0
830.0, -0.410319, 0.137911, 0.009736, 1.637136, -1.639124, 0.0
845.0, -0.430339, 0.144158, 0.009799, 1.637136, -1.639124, 0.0
863.0, -0.450732, 0.150501, 0.009822, 1.637136, -1.639124, 0.0
863.0, -0.450732, 0.150501, 0.009822, 1.637136, -1.639124, 0.0
880.0, -0.471436, 0.156921, 0.009792, 1.637136, -1.639124, 0.0
880.0, -0.471436, 0.156921, 0.009792, 1.637136, -1.639124, 0.0
896.0, -0.492396, 0.163403, 0.009709, 1.637136, -1.639124, 0.0
913.0, -0.513564, 0.169934, 0.009577, 1.637136, -1.639124, 0.0
913.0, -0.513564, 0.169934, 0.009577, 1.637136, -1.639124, 0.0
931.0, -0.534903, 0.176503, 0.009403, 1.637136, -1.639124, 0.0
931.0, -0.534903, 0.176503, 0.009403, 1.637136, -1.639124, 0.0
946.0, -0.556375, 0.1831, 0.009198, 1.459686, -1.46302, 0.0
962.0, -0.577956, 0.189718, 0.008973, 1.459686, -1.46302, 0.0
962.0, -0.577956, 0.189718, 0.008973, 1.459686, -1.46302, 0.0
979.0, -0.599628, 0.196353, 0.00874, 1.459686, -1.46302, 0.0
979.0, -0.599628, 0.196353, 0.00874, 1.459686, -1.46302, 0.0
995.0, -0.621372, 0.203002, 0.008507, 1.459686, -1.46302, 0.0
1012.0, -0.643175, 0.20966, 0.008281, 1.459686, -1.46302, 0.0
1012.0, -0.643175, 0.20966, 0.008281, 1.459686, -1.46302, 0.0
1030.0, -0.665025, 0.216327, 0.008067, 1.459686, -1.46302, 0.0
1030.0, -0.665025, 0.216327, 0.008067, 1.459686, -1.46302, 0.0
1045.0, -0.686862, 0.222992, 0.007849, 1.459686, -1.46302, 0.0
1062.0, -0.708616, 0.229641, 0.007609, 1.459686, -1.46302, 0.0
1062.0, -0.708616, 0.229641, 0.007609, 1.459686, -1.46302, 0.0
1079.0, -0.730218, 0.236263, 0.00734, 1.459686, -1.46302, 0.0
1079.0, -0.730218, 0.236263, 0.00734, 1.459686, -1.46302, 0.0
1095.0, -0.751607, 0.242845, 0.007038, 1.459686, -1.46302, 0.0
1114.0, -0.772732, 0.249379, 0.006709, 1.459686, -1.46302, 0.0
1114.0, -0.772732, 0.249379, 0.006709, 1.459686, -1.46302, 0.0
1130.0, -0.793549, 0.255857, 0.00636, 1.459686, -1.46302, 0.0
1130.0, -0.793549, 0.255857, 0.00636, 1.459686, -1.46302, 0.0
1146.0, -0.814024, 0.262273, 0.005999, 1.459686, -1.46302, 0.0
1162.0, -0.834127, 0.268622, 0.005637, 1.459686, -1.46302, 0.0
1162.0, -0.834127, 0.268622, 0.005637, 1.459686, -1.46302, 0.0
1179.0, -0.853835, 0.2749, 0.005281, 1.459686, -1.46302, 0.0
1179.0, -0.853835, 0.2749, 0.005281, 1.459686, -1.46302, 0.0
1195.0, -0.87313, 0.281105, 0.004938, 1.282237, -1.286916, 0.0
1212.0, -0.891995, 0.287234, 0.004614, 1.282237, -1.286916, 0.0
1212.0, -0.891995, 0.287234, 0.004614, 1.282237, -1.286916, 0.0
1231.0, -0.910417, 0.293285, 0.004312, 1.282237, -1.286916, 0.0
1231.0, -0.910417, 0.293285, 0.004312, 1.282237, -1.286916, 0.0
1245.0, -0.928387, 0.299259, 0.004035, 1.282237, -1.286916, 0.0
1263.0, -0.945898, 0.305152, 0.003782, 1.282237, -1.286916, 0.0
1263.0, -0.945898, 0.305152, 0.003782, 1.282237, -1.286916, 0.0
1279.0, -0.962942, 0.310965, 0.003556, 1.282237, -1.286916, 0.0
1280.0, -0.962942, 0.310965, 0.003556, 1.282237, -1.286916, 0.0
1296.0, -0.979515, 0.316695, 0.003354, 1.282237, -1.286916, 0.0
1313.0, -0.995612, 0.322343, 0.003174, 1.282237, -1.286916, 0.0
1313.0, -0.995612, 0.322343, 0.003174, 1.282237, -1.286916, 0.0
1331.0, -1.01123, 0.327906, 0.003015, 1.282237, -1.286916, 0.0
1331.0, -1.01123, 0.327906, 0.003015, 1.282237, -1.286916, 0.0
1346.0, -1.026368, 0.333385, 0.002875, 1.282237, -1.286916, 0.0
1361.0, -1.041022, 0.338778, 0.002751, 1.282237, -1.286916, 0.0
1361.0, -1.041022, 0.338778, 0.002751, 1.282237, -1.286916, 0.0
1379.0, -1.055192, 0.344083, 0.002641, 1.282237, -1.286916, 0.0
1379.0, -1.055192, 0.344083, 0.002641, 1.282237, -1.286916, 0.0
1395.0, -1.068877, 0.349299, 0.002542, 1.282237, -1.286916, 0.0
1412.0, -1.082075, 0.354424, 0.002454, 1.282237, -1.286916, 0.0
1412.0, -1.082075, 0.354424, 0.002454, 1.282237, -1.286916, 0.0
1429.0, -1.094785, 0.359459, 0.002373, 1.282237, -1.286916, 0.0
1429.0, -1.094785, 0.359459, 0.002373, 1.282237, -1.286916, 0.0
1446.0, -1.10701, 0.364403, 0.002299, 1.104788, -1.110812, 0.0
1462.0, -1.118748, 0.369252, 0.002229, 1.104788, -1.110812, 0.0
1462.0, -1.118748, 0.369252, 0.002229, 1.104788, -1.110812, 0.0
1479.0, -1.129998, 0.374006, 0.002162, 1.104788, -1.110812, 0.0
1479.0, -1.129998, 0.374006, 0.002162, 1.104788, -1.110812, 0.0
1497.0, -1.140759, 0.378662, 0.002098, 1.104788, -1.110812, 0.0
1513.0, -1.151031, 0.383221, 0.002034, 1.104788, -1.110812, 0.0
1513.0, -1.151031, 0.383221, 0.002034, 1.104788, -1.110812, 0.0
1530.0, -1.160815, 0.387679, 0.00197, 1.104788, -1.110812, 0.0
1530.0, -1.160815, 0.387679, 0.00197, 1.104788, -1.110812, 0.0
1546.0, -1.170109, 0.392036, 0.001905, 1.104788, -1.110812, 0.0
1561.0, -1.178913, 0.39629, 0.00184, 1.104788, -1.110812, 0.0
1561.0, -1.178913, 0.39629, 0.00184, 1.104788, -1.110812, 0.0
1579.0, -1.187231, 0.400439, 0.001774, 1.104788, -1.110812, 0.0
1579.0, -1.187231, 0.400439, 0.001774, 1.104788, -1.110812, 0.0
1595.0, -1.195061, 0.404483, 0.001707, 1.104788, -1.110812, 0.0
1613.0, -1.202404, 0.40842, 0.001637, 1.104788, -1.110812, 0.0
1613.0, -1.202404, 0.40842, 0.001637, 1.104788, -1.110812, 0.0
1630.0, -1.209261, 0.412248, 0.001565, 1.104788, -1.110812, 0.0
1630.0, -1.209261, 0.412248, 0.001565, 1.104788, -1.110812, 0.0
1645.0, -1.215633, 0.415967, 0.00149, 1.104788, -1.110812, 0.0
1661.0, -1.221519, 0.419574, 0.00141, 1.104788, -1.110812, 0.0
1661.0, -1.221519, 0.419574, 0.00141, 1.104788, -1.110812, 0.0
1679.0, -1.226921, 0.423067, 0.001326, 1.104788, -1.110812, 0.0
1679.0, -1.226921, 0.423067, 0.001326, 1.104788, -1.110812, 0.0
1696.0, -1.231839, 0.426445, 0.001236, 0.927338, -0.934708, 0.0
1713.0, -1.236275, 0.429706, 0.001139, 0.927338, -0.934708, 0.0
1713.0, -1.236275, 0.429706, 0.001139, 0.927338, -0.934708, 0.0
1731.0, -1.24023, 0.432847, 0.001033, 0.927338, -0.934708, 0.0
1731.0, -1.24023, 0.432847, 0.001033, 0.927338, -0.934708, 0.0
1747.0, -1.243706, 0.435868, 0.000916, 0.927338, -0.934708, 0.0
1763.0, -1.246706, 0.438765, 0.000786, 0.927338, -0.934708, 0.0
1763.0, -1.246706, 0.438765, 0.000786, 0.927338, -0.934708, 0.0
1779.0, -1.249232, 0.441535, 0.000639, 0.927338, -0.934708, 0.0
1779.0, -1.249232, 0.441535, 0.000639, 0.927338, -0.934708, 0.0
1796.0, -1.251289, 0.444177, 0.000473, 0.927338, -0.934708, 0.0
1813.0, -1.252883, 0.446689, 0.000285, 0.927338, -0.934708, 0.0
1813.0, -1.252883, 0.446689, 0.000285, 0.927338, -0.934708, 0.0
1831.0, -1.254022, 0.449071, 0.000074, 0.927338, -0.934708, 0.0
1831.0, -1.254022, 0.449071, 0.000074, 0.927338, -0.934708, 0.0
1846.0, -1.254714, 0.451325, -0.000154, 0.927338, -0.934708, 0.0
1864.0, -1.25497, 0.453459, -0.000389, 0.927338, -0.934708, 0.0
1864.0, -1.25497, 0.453459, -0.000389, 0.927338, -0.934708, 0.0
1879.0, -1.254793, 0.455483, -0.000614, 0.927338, -0.934708, 0.0
1879.0, -1.254793, 0.455483, -0.000614, 0.927338, -0.934708, 0.0
1895.0, -1.254179, 0.457414, -0.000821, 0.927338, -0.934708, 0.0
1912.0, -1.253115, 0.459263, -0.00101, 0.927338, -0.934708, 0.0
1912.0, -1.253115, 0.459263, -0.00101, 0.927338, -0.934708, 0.0
1930.0, -1.251581, 0.461035, -0.001194, 0.927338, -0.934708, 0.0
1930.0, -1.251581, 0.461035, -0.001194, 0.927338, -0.934708, 0.0
1945.0, -1.24956, 0.462724, -0.001389, 0.749888, -0.758604, 0.0
1963.0, -1.247036, 0.464321, -0.001606, 0.749888, -0.758604, 0.0
1963.0, -1.247036, 0.464321, -0.001606, 0.749888, -0.758604, 0.0
1979.0, -1.244, 0.465814, -0.00185, 0.749888, -0.758604, 0.0
1979.0, -1.244, 0.465814, -0.00185, 0.749888, -0.758604, 0.0
1996.0, -1.240448, 0.467191, -0.002121, 0.749888, -0.758604, 0.0
2013.0, -1.236379, 0.468443, -0.002416, 0.749888, -0.758604, 0.0
2013.0, -1.236379, 0.468443, -0.002416, 0.749888, -0.758604, 0.0
2031.0, -1.231794, 0.469562, -0.002725, 0.749888, -0.758604, 0.0
2031.0, -1.231794, 0.469562, -0.002725, 0.749888, -0.758604, 0.0
2046.0, -1.226695, 0.470543, -0.003043, 0.749888, -0.758604, 0.0
2063.0, -1.221086, 0.47138, -0.003361, 0.749888, -0.758604, 0.0
2063.0, -1.221086, 0.47138, -0.003361, 0.749888, -0.758604, 0.0
2079.0, -1.21497, 0.472072, -0.003673, 0.749888, -0.758604, 0.0
2079.0, -1.21497, 0.472072, -0.003673, 0.749888, -0.758604, 0.0
2096.0, -1.208352, 0.472615, -0.003974, 0.749888, -0.758604, 0.0
2113.0, -1.201234, 0.47301, -0.00426, 0.749888, -0.758604, 0.0
2113.0, -1.201234, 0.47301, -0.00426, 0.749888, -0.758604, 0.0
2130.0, -1.193621, 0.473255, -0.004529, 0.749888, -0.758604, 0.0
2130.0, -1.193621, 0.473255, -0.004529, 0.749888, -0.758604, 0.0
2146.0, -1.185515, 0.47335, -0.004778, 0.749888, -0.758604, 0.0
2163.0, -1.176919, 0.473295, -0.005009, 0.749888, -0.758604, 0.0
2163.0, -1.176919, 0.473295, -0.005009, 0.749888, -0.758604, 0.0
2179.0, -1.167835, 0.47309, -0.005222, 0.749888, -0.758604, 0.0
2179.0, -1.167835, 0.47309, -0.005222, 0.749888, -0.758604, 0.0
2196.0, -1.158263, 0.472735, -0.005418, 0.572439, -0.5825, 0.0
2213.0, -1.148206, 0.472229, -0.005599, 0.572439, -0.5825, 0.0
2213.0, -1.148206, 0.472229, -0.005599, 0.572439, -0.5825, 0.0
2230.0, -1.137664, 0.471573, -0.005766, 0.572439, -0.5825, 0.0
2230.0, -1.137664, 0.471573, -0.005766, 0.572439, -0.5825, 0.0
2246.0, -1.12664, 0.470767, -0.00592, 0.572439, -0.5825, 0.0
2263.0, -1.115134, 0.469811, -0.006064, 0.572439, -0.5825, 0.0
2263.0, -1.115134, 0.469811, -0.006064, 0.572439, -0.5825, 0.0
2279.0, -1.103146, 0.468705, -0.006198, 0.572439, -0.5825, 0.0
2279.0, -1.103146, 0.468705, -0.006198, 0.572439, -0.5825, 0.0
2295.0, -1.090678, 0.467448, -0.006325, 0.572439, -0.5825, 0.0
2312.0, -1.077731, 0.46604, -0.006446, 0.572439, -0.5825, 0.0
2312.0, -1.077731, 0.46604, -0.006446, 0.572439, -0.5825, 0.0
2330.0, -1.064304, 0.464483, -0.006562, 0.572439, -0.5825, 0.0
2330.0, -1.064304, 0.464483, -0.006562, 0.572439, -0.5825, 0.0
2345.0, -1.050399, 0.462774, -0.006673, 0.572439, -0.5825, 0.0
2362.0, -1.036015, 0.460915, -0.006781, 0.572439, -0.5825, 0.0
2362.0, -1.036015, 0.460915, -0.006781, 0.572439, -0.5825, 0.0
2379.0, -1.021153, 0.458905, -0.006887, 0.572439, -0.5825, 0.0
2379.0, -1.021153, 0.458905, -0.006887, 0.572439, -0.5825, 0.0
2396.0, -1.005814, 0.456744, -0.006992, 0.572439, -0.5825, 0.0
2413.0, -0.989997, 0.454431, -0.007095, 0.572439, -0.5825, 0.0
2413.0, -0.989997, 0.454431, -0.007095, 0.572439, -0.5825, 0.0
2430.0, -0.973703, 0.451968, -0.007196, 0.572439, -0.5825, 0.0
2430.0, -0.973703, 0.451968, -0.007196, 0.572439, -0.5825, 0.0
2446.0, -0.956931, 0.449352, -0.007298, 0.394989, -0.406396, 0.0
2462.0, -0.939683, 0.446585, -0.007399, 0.394989, -0.406396, 0.0
2462.0, -0.939683, 0.446585, -0.007399, 0.394989, -0.406396, 0.0
2479.0, -0.921958, 0.443667, -0.0075, 0.394989, -0.406396, 0.0
2479.0, -0.921958, 0.443667, -0.0075, 0.394989, -0.406396, 0.0
2496.0, -0.903756, 0.440596, -0.0076, 0.394989, -0.406396, 0.0
2512.0, -0.885077, 0.437373, -0.007701, 0.394989, -0.406396, 0.0
2512.0, -0.885077, 0.437373, -0.007701, 0.394989, -0.406396, 0.0
2530.0, -0.865922, 0.433997, -0.007802, 0.394989, -0.406396, 0.0
2530.0, -0.865922, 0.433997, -0.007802, 0.394989, -0.406396, 0.0
2545.0, -0.846286, 0.430469, -0.007904, 0.394989, -0.406396, 0.0
2562.0, -0.826174, 0.426787, -0.008006, 0.394989, -0.406396, 0.0
2562.0, -0.826174, 0.426787, -0.008006, 0.394989, -0.406396, 0.0
2579.0, -0.805585, 0.422953, -0.008108, 0.394989, -0.406396, 0.0
2579.0, -0.805585, 0.422953, -0.008108, 0.394989, -0.406396, 0.0
2596.0, -0.78452, 0.418965, -0.008209, 0.394989, -0.406396, 0.0
2614.0, -0.762974, 0.414824, -0.008309, 0.394989, -0.406396, 0.0
2614.0, -0.762974, 0.414824, -0.008309, 0.394989, -0.406396, 0.0
2631.0, -0.740958, 0.41053, -0.00841, 0.394989, -0.406396, 0.0
2631.0, -0.740958, 0.41053, -0.00841, 0.394989, -0.406396, 0.0
2645.0, -0.718471, 0.406083, -0.008509, 0.394989, -0.406396, 0.0
2663.0, -0.695509, 0.401483, -0.008607, 0.394989, -0.406396, 0.0
2663.0, -0.695509, 0.401483, -0.008607, 0.394989, -0.406396, 0.0
2680.0, -0.67206, 0.396727, -0.008708, 0.394989, -0.406396, 0.0
2680.0, -0.67206, 0.396727, -0.008708, 0.394989, -0.406396, 0.0
2696.0, -0.648147, 0.391819, -0.008808, 0.217531, -0.230283, 0.0
2712.0, -0.623758, 0.386757, -0.00891, 0.217531, -0.230283, 0.0
2712.0, -0.623758, 0.386757, -0.00891, 0.217531, -0.230283, 0.0
2730.0, -0.598892, 0.38154, -0.009012, 0.217531, -0.230283, 0.0
2730.0, -0.598892, 0.38154, -0.009012, 0.217531, -0.230283, 0.0
2745.0, -0.573556, 0.37617, -0.009113, 0.217531, -0.230283, 0.0
2762.0, -0.547744, 0.370646, -0.009213, 0.217531, -0.230283, 0.0
2762.0, -0.547744, 0.370646, -0.009213, 0.217531, -0.230283, 0.0
2780.0, -0.521457, 0.364968, -0.009315, 0.217531, -0.230283, 0.0
2780.0, -0.521457, 0.364968, -0.009315, 0.217531, -0.230283, 0.0
2795.0, -0.494694, 0.359134, -0.009418, 0.217531, -0.230283, 0.0
2812.0, -0.467454, 0.353146, -0.009521, 0.217531, -0.230283, 0.0
2812.0, -0.467454, 0.353146, -0.009521, 0.217531, -0.230283, 0.0
2831.0, -0.439738, 0.347002, -0.009625, 0.217531, -0.230283, 0.0
2831.0, -0.439738, 0.347002, -0.009625, 0.217531, -0.230283, 0.0
2845.0, -0.411535, 0.340702, -0.009733, 0.217531, -0.230283, 0.0
2863.0, -0.382852, 0.334246, -0.00984, 0.217531, -0.230283, 0.0
2863.0, -0.382852, 0.334246, -0.00984, 0.217531, -0.230283, 0.0
2879.0, -0.353693, 0.327635, -0.009945, 0.217531, -0.230283, 0.0
2879.0, -0.353693, 0.327635, -0.009945, 0.217531, -0.230283, 0.0
2896.0, -0.32406, 0.32087, -0.010049, 0.217531, -0.230283, 0.0
2914.0, -0.293952, 0.313951, -0.010151, 0.217531, -0.230283, 0.0
2914.0, -0.293952, 0.313951, -0.010151, 0.217531, -0.230283, 0.0
2931.0, -0.26337, 0.306878, -0.010251, 0.217531, -0.230283, 0.0
2931.0, -0.26337, 0.306878, -0.010251, 0.217531, -0.230283, 0.0
2947.0, -0.232367, 0.299667, -0.010328, 0.040081, -0.054178, 0.0
2962.0, -0.201003, 0.292337, -0.010366, 0.040081, -0.054178, 0.0
2962.0, -0.201003, 0.292337, -0.010366, 0.040081, -0.054178, 0.0
2979.0, -0.169336, 0.284905, -0.010354, 0.040081, -0.054178, 0.0
2979.0, -0.169336, 0.284905, -0.010354, 0.040081, -0.054178, 0.0
2996.0, -0.137418, 0.277387, -0.01029, 0.040081, -0.054178, 0.0
3012.0, -0.105298, 0.269797, -0.010179, 0.040081, -0.054178, 0.0
3012.0, -0.105298, 0.269797, -0.010179, 0.040081, -0.054178, 0.0
3030.0, -0.073014, 0.262146, -0.010027, 0.040081, -0.054178, 0.0
3030.0, -0.073014, 0.262146, -0.010027, 0.040081, -0.054178, 0.0
3045.0, -0.040598, 0.254443, -0.009845, 0.040081, -0.054178, 0.0
3063.0, -0.008075, 0.246697, -0.009643, 0.040081, -0.054178, 0.0
3063.0, -0.008075, 0.246697, -0.009643, 0.040081, -0.054178, 0.0
3080.0, 0.024532, 0.238914, -0.009431, 0.040081, -0.054178, 0.0
3080.0, 0.024532, 0.238914, -0.009431, 0.040081, -0.054178, 0.0
3096.0, 0.057207, 0.231101, -0.009216, 0.040081, -0.054178, 0.0
3113.0, 0.089937, 0.223262, -0.009007, 0.040081, -0.054178, 0.0
3113.0, 0.089937, 0.223262, -0.009007, 0.040081, -0.054178, 0.0
3131.0, 0.12271, 0.215403, -0.008809, 0.040081, -0.054178, 0.0
3131.0, 0.12271, 0.215403, -0.008809, 0.040081, -0.054178, 0.0
3146.0, 0.155469, 0.207541, -0.008604, 0.040081, -0.054178, 0.0
3163.0, 0.188144, 0.199697, -0.008376, 0.040081, -0.054178, 0.0
3163.0, 0.188144, 0.199697, -0.008376, 0.040081, -0.054178, 0.0
3179.0, 0.220668, 0.19189, -0.008116, 0.040081, -0.054178, 0.0
3179.0, 0.220668, 0.19189, -0.008116, 0.040081, -0.054178, 0.0
3196.0, 0.252983, 0.184138, -0.007822, -0.137369, 0.121926, 0.0
3213.0, 0.285037, 0.176454, -0.007498, -0.137369, 0.121926, 0.0
3213.0, 0.285037, 0.176454, -0.007498, -0.137369, 0.121926, 0.0
3231.0, 0.316789, 0.168852, -0.007149, -0.137369, 0.121926, 0.0
3231.0, 0.316789, 0.168852, -0.007149, -0.137369, 0.121926, 0.0
3246.0, 0.348205, 0.161339, -0.006786, -0.137369, 0.121926, 0.0
3263.0, 0.379255, 0.153924, -0.006416, -0.137369, 0.121926, 0.0
3263.0, 0.379255, 0.153924, -0.006416, -0.137369, 0.121926, 0.0
3280.0, 0.409918, 0.146613, -0.006049, -0.137369, 0.121926, 0.0
3280.0, 0.409918, 0.146613, -0.006049, -0.137369, 0.121926, 0.0
3296.0, 0.440173, 0.139411, -0.005692, -0.137369, 0.121926, 0.0
3313.0, 0.470008, 0.132322, -0.005349, -0.137369, 0.121926, 0.0
3313.0, 0.470008, 0.132322, -0.005349, -0.137369, 0.121926, 0.0
3331.0, 0.499409, 0.125352, -0.005026, -0.137369, 0.121926, 0.0
3331.0, 0.499409, 0.125352, -0.005026, -0.137369, 0.121926, 0.0
3346.0, 0.528368, 0.118502, -0.004725, -0.137369, 0.121926, 0.0
3361.0, 0.556876, 0.111774, -0.004446, -0.137369, 0.121926, 0.0
3361.0, 0.556876, 0.111774, -0.004446, -0.137369, 0.121926, 0.0
3378.0, 0.584927, 0.105169, -0.004191, -0.137369, 0.121926, 0.0
3378.0, 0.584927, 0.105169, -0.004191, -0.137369, 0.121926, 0.0
3395.0, 0.612516, 0.098687, -0.003958, -0.137369, 0.121926, 0.0
3413.0, 0.639638, 0.092331, -0.003747, -0.137369, 0.121926, 0.0
3413.0, 0.639638, 0.092331, -0.003747, -0.137369, 0.121926, 0.0
3430.0, 0.666291, 0.086099, -0.003556, -0.137369, 0.121926, 0.0
3430.0, 0.666291, 0.086099, -0.003556, -0.137369, 0.121926, 0.0
3445.0, 0.692477, 0.079991, -0.003385, -0.314818, 0.29803, 0.0
3461.0, 0.718189, 0.074005, -0.00323, -0.314818, 0.29803, 0.0
3461.0, 0.718189, 0.074005, -0.00323, -0.314818, 0.29803, 0.0
3478.0, 0.743424, 0.068143, -0.003088, -0.314818, 0.29803, 0.0
3478.0, 0.743424, 0.068143, -0.003088, -0.314818, 0.29803, 0.0
3495.0, 0.76818, 0.062402, -0.002957, -0.314818, 0.29803, 0.0
3512.0, 0.792455, 0.056782, -0.002836, -0.314818, 0.29803, 0.0
3512.0, 0.792455, 0.056782, -0.002836, -0.314818, 0.29803, 0.0
3530.0, 0.816248, 0.051281, -0.002723, -0.314818, 0.29803, 0.0
3530.0, 0.816248, 0.051281, -0.002723, -0.314818, 0.29803, 0.0
3545.0, 0.839554, 0.045901, -0.002616, -0.314818, 0.29803, 0.0
3562.0, 0.862376, 0.040637, -0.002515, -0.314818, 0.29803, 0.0
3562.0, 0.862376, 0.040637, -0.002515, -0.314818, 0.29803, 0.0
3578.0, 0.884712, 0.03549, -0.00242, -0.314818, 0.29803, 0.0
3578.0, 0.884712, 0.03549, -0.00242, -0.314818, 0.29803, 0.0
3595.0, 0.906565, 0.030456, -0.00233, -0.314818, 0.29803, 0.0
3612.0, 0.927933, 0.025536, -0.002245, -0.314818, 0.29803, 0.0
3612.0, 0.927933, 0.025536, -0.002245, -0.314818, 0.29803, 0.0
3630.0, 0.948815, 0.020729, -0.002163, -0.314818, 0.29803, 0.0
3630.0, 0.948815, 0.020729, -0.002163, -0.314818, 0.29803, 0.0
3645.0, 0.969213, 0.016032, -0.002083, -0.314818, 0.29803, 0.0
3662.0, 0.989123, 0.011447, -0.002006, -0.314818, 0.29803, 0.0
3662.0, 0.989123, 0.011447, -0.002006, -0.314818, 0.29803, 0.0
3679.0, 1.008548, 0.006971, -0.00193, -0.314818, 0.29803, 0.0
3679.0, 1.008548, 0.006971, -0.00193, -0.314818, 0.29803, 0.0
3695.0, 1.027485, 0.002604, -0.001855, -0.492268, 0.474134, 0.0
3712.0, 1.045935, -0.001655, -0.001782, -0.492268, 0.474134, 0.0
3712.0, 1.045935, -0.001655, -0.001782, -0.492268, 0.474134, 0.0
3730.0, 1.063898, -0.005806, -0.001709, -0.492268, 0.474134, 0.0
3730.0, 1.063898, -0.005806, -0.001709, -0.492268, 0.474134, 0.0
3745.0, 1.081373, -0.009849, -0.001638, -0.492268, 0.474134, 0.0
3762.0, 1.09836, -0.013784, -0.001567, -0.492268, 0.474134, 0.0
3762.0, 1.09836, -0.013784, -0.001567, -0.492268, 0.474134, 0.0
3780.0, 1.114859, -0.017613, -0.001496, -0.492268, 0.474134, 0.0
3780.0, 1.114859, -0.017613, -0.001496, -0.492268, 0.474134, 0.0
3796.0, 1.13087, -0.021334, -0.001426, -0.492268, 0.474134, 0.0
3812.0, 1.146393, -0.024948, -0.001357, -0.492268, 0.474134, 0.0
3812.0, 1.146393, -0.024948, -0.001357, -0.492268, 0.474134, 0.0
3831.0, 1.161428, -0.028455, -0.001288, -0.492268, 0.474134, 0.0
3831.0, 1.161428, -0.028455, -0.001288, -0.492268, 0.474134, 0.0
3845.0, 1.175974, -0.031855, -0.00122, -0.492268, 0.474134, 0.0
3864.0, 1.190033, -0.035147, -0.001152, -0.492268, 0.474134, 0.0
3864.0, 1.190033, -0.035147, -0.001152, -0.492268, 0.474134, 0.0
3878.0, 1.203603, -0.038331, -0.001084, -0.492268, 0.474134, 0.0
3878.0, 1.203603, -0.038331, -0.001084, -0.492268, 0.474134, 0.0
3895.0, 1.216686, -0.041407, -0.001016, -0.492268, 0.474134, 0.0
3912.0, 1.229281, -0.044373, -0.000949, -0.492268, 0.474134, 0.0
3912.0, 1.229281, -0.044373, -0.000949, -0.492268, 0.474134, 0.0
3930.0, 1.241387, -0.04723, -0.000882, -0.492268, 0.474134, 0.0
3930.0, 1.241387, -0.04723, -0.000882, -0.492268, 0.474134, 0.0
3945.0, 1.253006, -0.049977, -0.000815, -0.669718, 0.650239, 0.0
3962.0, 1.264138, -0.052613, -0.000748, -0.669718, 0.650239, 0.0
3962.0, 1.264138, -0.052613, -0.000748, -0.669718, 0.650239, 0.0
3979.0, 1.274782, -0.055137, -0.000681, -0.669718, 0.650239, 0.0
3979.0, 1.274782, -0.055137, -0.000681, -0.669718, 0.650239, 0.0
3995.0, 1.284939, -0.057548, -0.000615, -0.669718, 0.650239, 0.0
4013.0, 1.29461, -0.059845, -0.000548, -0.669718, 0.650239, 0.0
4013.0, 1.29461, -0.059845, -0.000548, -0.669718, 0.650239, 0.0
4030.0, 1.303793, -0.062028, -0.000481, -0.669718, 0.650239, 0.0
4030.0, 1.303793, -0.062028, -0.000481, -0.669718, 0.650239, 0.0
4045.0, 1.312541, -0.064109, -0.000435, -0.669718, 0.650239, 0.0
4063.0, 1.320916, -0.066102, -0.000428, -0.669718, 0.650239, 0.0
4063.0, 1.320916, -0.066102, -0.000428, -0.669718, 0.650239, 0.0
4079.0, 1.328979, -0.068021, -0.000469, -0.669718, 0.650239, 0.0
4079.0, 1.328979, -0.068021, -0.000469, -0.669718, 0.650239, 0.0
4095.0, 1.336786, -0.069879, -0.00056, -0.669718, 0.650239, 0.0
4113.0, 1.344383, -0.071686, -0.000696, -0.669718, 0.650239, 0.0
4113.0, 1.344383, -0.071686, -0.000696, -0.669718, 0.650239, 0.0
4130.0, 1.351811, -0.073452, -0.000869, -0.669718, 0.650239, 0.0
4130.0, 1.351811, -0.073452, -0.000869, -0.669718, 0.650239, 0.0
4145.0, 1.3591, -0.075184, -0.00107, -0.669718, 0.650239, 0.0
4163.0, 1.366279, -0.076888, -0.001289, -0.669718, 0.650239, 0.0
4163.0, 1.366279, -0.076888, -0.001289, -0.669718, 0.650239, 0.0
4179.0, 1.373369, -0.07857, -0.001516, -0.669718, 0.650239, 0.0
4179.0, 1.373369, -0.07857, -0.001516, -0.669718, 0.650239, 0.0
4195.0, 1.380388, -0.080233, -0.001743, -0.847168, 0.826343, 0.0
4213.0, 1.387351, -0.081881, -0.001964, -0.847168, 0.826343, 0.0
4213.0, 1.387351, -0.081881, -0.001964, -0.847168, 0.826343, 0.0
4231.0, 1.394268, -0.083517, -0.002173, -0.847168, 0.826343, 0.0
4231.0, 1.394268, -0.083517, -0.002173, -0.847168, 0.826343, 0.0
4245.0, 1.401148, -0.085143, -0.002368, -0.847168, 0.826343, 0.0
4263.0, 1.407999, -0.086762, -0.002545, -0.847168, 0.826343, 0.0
4263.0, 1.407999, -0.086762, -0.002545, -0.847168, 0.826343, 0.0
4279.0, 1.414827, -0.088374, -0.002704, -0.847168, 0.826343, 0.0
4279.0, 1.414827, -0.088374, -0.002704, -0.847168, 0.826343, 0.0
4295.0, 1.421635, -0.089982, -0.002844, -0.847168, 0.826343, 0.0
4313.0, 1.428428, -0.091585, -0.002966, -0.847168, 0.826343, 0.0
4313.0, 1.428428, -0.091585, -0.002966, -0.847168, 0.826343, 0.0
4330.0, 1.435209, -0.093185, -0.00307, -0.847168, 0.826343, 0.0
4330.0, 1.435209, -0.093185, -0.00307, -0.847168, 0.826343, 0.0
4345.0, 1.442028, -0.094798, -0.003179, -0.847168, 0.826343, 0.0
4363.0, 1.44895, -0.096442, -0.003312, -0.847168, 0.826343, 0.0
4363.0, 1.44895, -0.096442, -0.003312, -0.847168, 0.826343, 0.0
4380.0, 1.456038, -0.098136, -0.00348, -0.847168, 0.826343, 0.0
4380.0, 1.456038, -0.098136, -0.00348, -0.847168, 0.826343, 0.0
4396.0, 1.463346, -0.099896, -0.003689, -0.847168, 0.826343, 0.0
4413.0, 1.470924, -0.101736, -0.003934, -0.847168, 0.826343, 0.0
4413.0, 1.470924, -0.101736, -0.003934, -0.847168, 0.826343, 0.0
4431.0, 1.478809, -0.103668, -0.00421, -0.847168, 0.826343, 0.0
4431.0, 1.478809, -0.103668, -0.00421, -0.847168, 0.826343, 0.0
4446.0, 1.487037, -0.105702, -0.004509, -1.024617, 1.002447, 0.0
4463.0, 1.495631, -0.107846, -0.004823, -1.024617, 1.002447, 0.0
4463.0, 1.495631, -0.107846, -0.004823, -1.024617, 1.002447, 0.0
4479.0, 1.504615, -0.110106, -0.005143, -1.024617, 1.002447, 0.0
4479.0, 1.504615, -0.110106, -0.005143, -1.024617, 1.002447, 0.0
4496.0, 1.514006, -0.112489, -0.005462, -1.024617, 1.002447, 0.0
4513.0, 1.523818, -0.114999, -0.005773, -1.024617, 1.002447, 0.0
4513.0, 1.523818, -0.114999, -0.005773, -1.024617, 1.002447, 0.0
4530.0, 1.534061, -0.117639, -0.006073, -1.024617, 1.002447, 0.0
4530.0, 1.534061, -0.117639, -0.006073, -1.024617, 1.002447, 0.0
4546.0, 1.544748, -0.120414, -0.006358, -1.024617, 1.002447, 0.0
4563.0, 1.555884, -0.123326, -0.006626, -1.024617, 1.002447, 0.0
4563.0, 1.555884, -0.123326, -0.006626, -1.024617, 1.002447, 0.0
4580.0, 1.567475, -0.126375, -0.006875, -1.024617, 1.002447, 0.0
4580.0, 1.567475, -0.126375, -0.006875, -1.024617, 1.002447, 0.0
4596.0, 1.579524, -0.129565, -0.007105, -1.024617, 1.002447, 0.0
4613.0, 1.592036, -0.132895, -0.007317, -1.024617, 1.002447, 0.0
4613.0, 1.592036, -0.132895, -0.007317, -1.024617, 1.002447, 0.0
4631.0, 1.605012, -0.136368, -0.007512, -1.024617, 1.002447, 0.0
4631.0, 1.605012, -0.136368, -0.007512, -1.024617, 1.002447, 0.0
4645.0, 1.618454, -0.139983, -0.007689, -1.024617, 1.002447, 0.0
4663.0, 1.632365, -0.14374, -0.007853, -1.024617, 1.002447, 0.0
4663.0, 1.632365, -0.14374, -0.007853, -1.024617, 1.002447, 0.0
4680.0, 1.646747, -0.14764, -0.008005, -1.024617, 1.002447, 0.0
4680.0, 1.646747, -0.14764, -0.008005, -1.024617, 1.002447, 0.0
4696.0, 1.661603, -0.151683, -0.008146, -1.202067, 1.178551, 0.0
4712.0, 1.676933, -0.155868, -0.008278, -1.202067, 1.178551, 0.0
4712.0, 1.676933, -0.155868, -0.008278, -1.202067, 1.178551, 0.0
4729.0, 1.692738, -0.160195, -0.008402, -1.202067, 1.178551, 0.0
4729.0, 1.692738, -0.160195, -0.008402, -1.202067, 1.178551, 0.0
4745.0, 1.708971, -0.16465, -0.008499, -1.202067, 1.178551, 0.0
4762.0, 1.725569, -0.169216, -0.008551, -1.202067, 1.178551, 0.0
4762.0, 1.725569, -0.169216, -0.008551, -1.202067, 1.178551, 0.0
4779.0, 1.742471, -0.173874, -0.008549, -1.202067, 1.178551, 0.0
4779.0, 1.742471, -0.173874, -0.008549, -1.202067, 1.178551, 0.0
4795.0, 1.759624, -0.178611, -0.008491, -1.202067, 1.178551, 0.0
4812.0, 1.77698, -0.183413, -0.008381, -1.202067, 1.178551, 0.0
4812.0, 1.77698, -0.183413, -0.008381, -1.202067, 1.178551, 0.0
4830.0, 1.7945, -0.188268, -0.00823, -1.202067, 1.178551, 0.0
4830.0, 1.7945, -0.188268, -0.00823, -1.202067, 1.178551, 0.0
4845.0, 1.812153, -0.19317, -0.008046, -1.202067, 1.178551, 0.0
4863.0, 1.829913, -0.198108, -0.007841, -1.202067, 1.178551, 0.0
4863.0, 1.829913, -0.198108, -0.007841, -1.202067, 1.178551, 0.0
4880.0, 1.847758, -0.203079, -0.007625, -1.202067, 1.178551, 0.0
4880.0, 1.847758, -0.203079, -0.007625, -1.202067, 1.178551, 0.0
4896.0, 1.86567, -0.208075, -0.007406, -1.202067, 1.178551, 0.0
4913.0, 1.883637, -0.213093, -0.007193, -1.202067, 1.178551, 0.0
4913.0, 1.883637, -0.213093, -0.007193, -1.202067, 1.178551, 0.0
4930.0, 1.901648, -0.218128, -0.006991, -1.202067, 1.178551, 0.0
4930.0, 1.901648, -0.218128, -0.006991, -1.202067, 1.178551, 0.0
4946.0, 1.919644, -0.223166, -0.006783, -1.379517, 1.354656, 0.0
4962.0, 1.937555, -0.228191, -0.006551, -1.379517, 1.354656, 0.0
4962.0, 1.937555, -0.228191, -0.006551, -1.379517, 1.354656, 0.0
4979.0, 1.955313, -0.233187, -0.006289, -1.379517, 1.354656, 0.0
4979.0, 1.955313, -0.233187, -0.006289, -1.379517, 1.354656, 0.0
4995.0, 1.972858, -0.238141, -0.005993, -1.379517, 1.354656, 0.0
5012.0, 1.990139, -0.24304, -0.005668, -1.379517, 1.354656, 0.0
5012.0, 1.990139, -0.24304, -0.005668, -1.379517, 1.354656, 0.0
5030.0, 2.007113, -0.247874, -0.005321, -1.379517, 1.354656, 0.0
5030.0, 2.007113, -0.247874, -0.005321, -1.379517, 1.354656, 0.0
5045.0, 2.023746, -0.252637, -0.004962, -1.379517, 1.354656, 0.0
5063.0, 2.040009, -0.257321, -0.004598, -1.379517, 1.354656, 0.0
5063.0, 2.040009, -0.257321, -0.004598, -1.379517, 1.354656, 0.0
5079.0, 2.055878, -0.261923, -0.004238, -1.379517, 1.354656, 0.0
5079.0, 2.055878, -0.261923, -0.004238, -1.379517, 1.354656, 0.0
5096.0, 2.071335, -0.266438, -0.003889, -1.379517, 1.354656, 0.0
5113.0, 2.086365, -0.270862, -0.003558, -1.379517, 1.354656, 0.0
5113.0, 2.086365, -0.270862, -0.003558, -1.379517, 1.354656, 0.0
5131.0, 2.100955, -0.275192, -0.003247, -1.379517, 1.354656, 0.0
5131.0, 2.100955, -0.275192, -0.003247, -1.379517, 1.354656, 0.0
5146.0, 2.1151, -0.279426, -0.00296, -1.379517, 1.354656, 0.0
5163.0, 2.128789, -0.283562, -0.002697, -1.379517, 1.354656, 0.0
5163.0, 2.128789, -0.283562, -0.002697, -1.379517, 1.354656, 0.0
5179.0, 2.142015, -0.287598, -0.002458, -1.379517, 1.354656, 0.0
5179.0, 2.142015, -0.287598, -0.002458, -1.379517, 1.354656, 0.0
5195.0, 2.154774, -0.291531, -0.002242, -1.556966, 1.53076, 0.0
5213.0, 2.167061, -0.29536, -0.002047, -1.556966, 1.53076, 0.0
5213.0, 2.167061, -0.29536, -0.002047, -1.556966, 1.53076, 0.0
5230.0, 2.178873, -0.299084, -0.001873, -1.556966, 1.53076, 0.0
5230.0, 2.178873, -0.299084, -0.001873, -1.556966, 1.53076, 0.0
5246.0, 2.190255, -0.302713, -0.001737, -1.556966, 1.53076, 0.0
5263.0, 2.201271, -0.306261, -0.001656, -1.556966, 1.53076, 0.0
5263.0, 2.201271, -0.306261, -0.001656, -1.556966, 1.53076, 0.0
5280.0, 2.211982, -0.30974, -0.001639, -1.556966, 1.53076, 0.0
5280.0, 2.211982, -0.30974, -0.001639, -1.556966, 1.53076, 0.0
5296.0, 2.222442, -0.313162, -0.001685, -1.556966, 1.53076, 0.0
5313.0, 2.232699, -0.316538, -0.001788, -1.556966, 1.53076, 0.0
5313.0, 2.232699, -0.316538, -0.001788, -1.556966, 1.53076, 0.0
5331.0, 2.24279, -0.319874, -0.001938, -1.556966, 1.53076, 0.0
5331.0, 2.24279, -0.319874, -0.001938, -1.556966, 1.53076, 0.0
5345.0, 2.252798, -0.323192, -0.002144, -1.556966, 1.53076, 0.0
5362.0, 2.262811, -0.326511, -0.002412, -1.556966, 1.53076, 0.0
5362.0, 2.262811, -0.326511, -0.002412, -1.556966, 1.53076, 0.0
5378.0, 2.272913, -0.329854, -0.002743, -1.556966, 1.53076, 0.0
5378.0, 2.272913, -0.329854, -0.002743, -1.556966, 1.53076, 0.0
5395.0, 2.283175, -0.333238, -0.003128, -1.556966, 1.53076, 0.0
5412.0, 2.293658, -0.336676, -0.003556, -1.556966, 1.53076, 0.0
5412.0, 2.293658, -0.336676, -0.003556, -1.556966, 1.53076, 0.0
5430.0, 2.304414, -0.340182, -0.004012, -1.556966, 1.53076, 0.0
5430.0, 2.304414, -0.340182, -0.004012, -1.556966, 1.53076, 0.0
5445.0, 2.315482, -0.343766, -0.004484, -1.734416, 1.706864, 0.0
5462.0, 2.326897, -0.347437, -0.004958, -1.734416, 1.706864, 0.0
5462.0, 2.326897, -0.347437, -0.004958, -1.734416, 1.706864, 0.0
5478.0, 2.338686, -0.351201, -0.005423, -1.734416, 1.706864, 0.0
5478.0, 2.338686, -0.351201, -0.005423, -1.734416, 1.706864, 0.0
5495.0, 2.350871, -0.355064, -0.00587, -1.734416, 1.706864, 0.0
5512.0, 2.363468, -0.359032, -0.006292, -1.734416, 1.706864, 0.0
5512.0, 2.363468, -0.359032, -0.006292, -1.734416, 1.706864, 0.0
5530.0, 2.376493, -0.363109, -0.006685, -1.734416, 1.706864, 0.0
5530.0, 2.376493, -0.363109, -0.006685, -1.734416, 1.706864, 0.0
5545.0, 2.389955, -0.367298, -0.007047, -1.734416, 1.706864, 0.0
5562.0, 2.403864, -0.3716, -0.007376, -1.734416, 1.706864, 0.0
5562.0, 2.403864, -0.3716, -0.007376, -1.734416, 1.706864, 0.0
5578.0, 2.418227, -0.376018, -0.007673, -1.734416, 1.706864, 0.0
5578.0, 2.418227, -0.376018, -0.007673, -1.734416, 1.706864, 0.0
5595.0, 2.433051, -0.380554, -0.007939, -1.734416, 1.706864, 0.0
5612.0, 2.448339, -0.385208, -0.008178, -1.734416, 1.706864, 0.0
5612.0, 2.448339, -0.385208, -0.008178, -1.734416, 1.706864, 0.0
5630.0, 2.464096, -0.389981, -0.00839, -1.734416, 1.706864, 0.0
5630.0, 2.464096, -0.389981, -0.00839, -1.734416, 1.706864, 0.0
5645.0, 2.480274, -0.394863, -0.008558, -1.734416, 1.706864, 0.0
5662.0, 2.496813, -0.399838, -0.008666, -1.734416, 1.706864, 0.0
5662.0, 2.496813, -0.399838, -0.008666, -1.734416, 1.706864, 0.0
5678.0, 2.513654, -0.404892, -0.008708, -1.734416, 1.706864, 0.0
5678.0, 2.513654, -0.404892, -0.008708, -1.734416, 1.706864, 0.0
5695.0, 2.530741, -0.410012, -0.008681, -1.911866, 1.882968, 0.0
5712.0, 2.548029, -0.415189, -0.008595, -1.911866, 1.882968, 0.0
5712.0, 2.548029, -0.415189, -0.008595, -1.911866, 1.882968, 0.0
5730.0, 2.56548, -0.420412, -0.008459, -1.911866, 1.882968, 0.0
5730.0, 2.56548, -0.420412, -0.008459, -1.911866, 1.882968, 0.0
5745.0, 2.583015, -0.425667, -0.008265, -1.911866, 1.882968, 0.0
5763.0, 2.600541, -0.430935, -0.008005, -1.911866, 1.882968, 0.0
5763.0, 2.600541, -0.430935, -0.008005, -1.911866, 1.882968, 0.0
5780.0, 2.617975, -0.436199, -0.007681, -1.911866, 1.882968, 0.0
5780.0, 2.617975, -0.436199, -0.007681, -1.911866, 1.882968, 0.0
5795.0, 2.635242, -0.441445, -0.007299, -1.911866, 1.882968, 0.0
5813.0, 2.652281, -0.44666, -0.006874, -1.911866, 1.882968, 0.0
5813.0, 2.652281, -0.44666, -0.006874, -1.911866, 1.882968, 0.0
5831.0, 2.66904, -0.451835, -0.006419, -1.911866, 1.882968, 0.0
5831.0, 2.66904, -0.451835, -0.006419, -1.911866, 1.882968, 0.0
5845.0, 2.685477, -0.45696, -0.00595, -1.911866, 1.882968, 0.0
5863.0, 2.701558, -0.462029, -0.00548, -1.911866, 1.882968, 0.0
5863.0, 2.701558, -0.462029, -0.00548, -1.911866, 1.882968, 0.0
5878.0, 2.717258, -0.467039, -0.005021, -1.911866, 1.882968, 0.0
5878.0, 2.717258, -0.467039, -0.005021, -1.911866, 1.882968, 0.0
5895.0, 2.732555, -0.471983, -0.004584, -1.911866, 1.882968, 0.0
5912.0, 2.747431, -0.47686, -0.004174, -1.911866, 1.882968, 0.0
5912.0, 2.747431, -0.47686, -0.004174, -1.911866, 1.882968, 0.0
5930.0, 2.761873, -0.481664, -0.003797, -1.911866, 1.882968, 0.0
5930.0, 2.761873, -0.481664, -0.003797, -1.911866, 1.882968, 0.0
5945.0, 2.775869, -0.486395, -0.003453, -2.089315, 2.059072, 0.0
5962.0, 2.789411, -0.491048, -0.003144, -2.089315, 2.059072, 0.0
5962.0, 2.789411, -0.491048, -0.003144, -2.089315, 2.059072, 0.0
5979.0, 2.802491, -0.495622, -0.002869, -2.089315, 2.059072, 0.0
5979.0, 2.802491, -0.495622, -0.002869, -2.089315, 2.059072, 0.0
5996.0, 2.815104, -0.500115, -0.002626, -2.089315, 2.059072, 0.0
6012.0, 2.827245, -0.504526, -0.002412, -2.089315, 2.059072, 0.0
6013.0, 2.827245, -0.504526, -0.002412, -2.089315, 2.059072, 0.0
6030.0, 2.83891, -0.508854, -0.002224, -2.089315, 2.059072, 0.0
6030.0, 2.83891, -0.508854, -0.002224, -2.089315, 2.059072, 0.0
6046.0, 2.850097, -0.513096, -0.00206, -2.089315, 2.059072, 0.0
6063.0, 2.860804, -0.517251, -0.001916, -2.089315, 2.059072, 0.0
6063.0, 2.860804, -0.517251, -0.001916, -2.089315, 2.059072, 0.0
6079.0, 2.871028, -0.521315, -0.00179, -2.089315, 2.059072, 0.0
6079.0, 2.871028, -0.521315, -0.00179, -2.089315, 2.059072, 0.0
6095.0, 2.88077, -0.525289, -0.001678, -2.089315, 2.059072, 0.0
6112.0, 2.890028, -0.529169, -0.001577, -2.089315, 2.059072, 0.0
6112.0, 2.890028, -0.529169, -0.001577, -2.089315, 2.059072, 0.0
6130.0, 2.8988, -0.532956, -0.001485, -2.089315, 2.059072, 0.0
6130.0, 2.8988, -0.532956, -0.001485, -2.089315, 2.059072, 0.0
6145.0, 2.907186, -0.536669, -0.001441, -2.089315, 2.059072, 0.0
6162.0, 2.915312, -0.540337, -0.001481, -2.089315, 2.059072, 0.0
6162.0, 2.915312, -0.540337, -0.001481, -2.089315, 2.059072, 0.0
6179.0, 2.9233, -0.543987, -0.001623, -2.089315, 2.059072, 0.0
6179.0, 2.9233, -0.543987, -0.001623, -2.089315, 2.059072, 0.0
6196.0, 2.931262, -0.547642, -0.001869, -2.266765, 2.235176, 0.0
6214.0, 2.939293, -0.551324, -0.002211, -2.266765, 2.235176, 0.0
6214.0, 2.939293, -0.551324, -0.002211, -2.266765, 2.235176, 0.0
6230.0, 2.947471, -0.555049, -0.002632, -2.266765, 2.235176, 0.0
6230.0, 2.947471, -0.555049, -0.002632, -2.266765, 2.235176, 0.0
6246.0, 2.955861, -0.558832, -0.003113, -2.266765, 2.235176, 0.0
6263.0, 2.964516, -0.562684, -0.003632, -2.266765, 2.235176, 0.0
6263.0, 2.964516, -0.562684, -0.003632, -2.266765, 2.235176, 0.0
6279.0, 2.97348, -0.566615, -0.004171, -2.266765, 2.235176, 0.0
6279.0, 2.97348, -0.566615, -0.004171, -2.266765, 2.235176, 0.0
6296.0, 2.982787, -0.570636, -0.004712, -2.266765, 2.235176, 0.0
6313.0, 2.992465, -0.574751, -0.005241, -2.266765, 2.235176, 0.0
6313.0, 2.992465, -0.574751, -0.005241, -2.266765, 2.235176, 0.0
6331.0, 3.002537, -0.578967, -0.005748, -2.266765, 2.235176, 0.0
6331.0, 3.002537, -0.578967, -0.005748, -2.266765, 2.235176, 0.0
6345.0, 3.013022, -0.58329, -0.006226, -2.266765, 2.235176, 0.0
6362.0, 3.023934, -0.587723, -0.006668, -2.266765, 2.235176, 0.0
6362.0, 3.023934, -0.587723, -0.006668, -2.266765, 2.235176, 0.0
6380.0, 3.035283, -0.592269, -0.007073, -2.266765, 2.235176, 0.0
6380.0, 3.035283, -0.592269, -0.007073, -2.266765, 2.235176, 0.0
6395.0, 3.047077, -0.596931, -0.007438, -2.266765, 2.235176, 0.0
6413.0, 3.059325, -0.601711, -0.007766, -2.266765, 2.235176, 0.0
6413.0, 3.059325, -0.601711, -0.007766, -2.266765, 2.235176, 0.0
6431.0, 3.072031, -0.606612, -0.008057, -2.266765, 2.235176, 0.0
6431.0, 3.072031, -0.606612, -0.008057, -2.266765, 2.235176, 0.0
6446.0, 3.085198, -0.611632, -0.008315, -2.444215, 2.411281, 0.0
6463.0, 3.098831, -0.616774, -0.008542, -2.444215, 2.411281, 0.0
6463.0, 3.098831, -0.616774, -0.008542, -2.444215, 2.411281, 0.0
6479.0, 3.112935, -0.622036, -0.008744, -2.444215, 2.411281, 0.0
6479.0, 3.112935, -0.622036, -0.008744, -2.444215, 2.411281, 0.0
6495.0, 3.127512, -0.62742, -0.008924, -2.444215, 2.411281, 0.0
6513.0, 3.142564, -0.632926, -0.009084, -2.444215, 2.411281, 0.0
6513.0, 3.142564, -0.632926, -0.009084, -2.444215, 2.411281, 0.0
6530.0, 3.158093, -0.638552, -0.009227, -2.444215, 2.411281, 0.0
6530.0, 3.158093, -0.638552, -0.009227, -2.444215, 2.411281, 0.0
6546.0, 3.174102, -0.644298, -0.009357, -2.444215, 2.411281, 0.0
6563.0, 3.190592, -0.65016, -0.009475, -2.444215, 2.411281, 0.0
6563.0, 3.190592, -0.65016, -0.009475, -2.444215, 2.411281, 0.0
6580.0, 3.207563, -0.656136, -0.009585, -2.444215, 2.411281, 0.0
6580.0, 3.207563, -0.656136, -0.009585, -2.444215, 2.411281, 0.0
6596.0, 3.225018, -0.662224, -0.009687, -2.444215, 2.411281, 0.0
6613.0, 3.242973, -0.668428, -0.009782, -2.444215, 2.411281, 0.0
6613.0, 3.242973, -0.668428, -0.009782, -2.444215, 2.411281, 0.0
6630.0, 3.261398, -0.674734, -0.009873, -2.444215, 2.411281, 0.0
6630.0, 3.261398, -0.674734, -0.009873, -2.444215, 2.411281, 0.0
6645.0, 3.280209, -0.68113, -0.009918, -2.444215, 2.411281, 0.0
6663.0, 3.299278, -0.687594, -0.00988, -2.444215, 2.411281, 0.0
6663.0, 3.299278, -0.687594, -0.00988, -2.444215, 2.411281, 0.0
6680.0, 3.31848, -0.694104, -0.009738, -2.444215, 2.411281, 0.0
6680.0, 3.31848, -0.694104, -0.009738, -2.444215, 2.411281, 0.0
6696.0, 3.337702, -0.700641, -0.009491, -2.621675, 2.587396, 0.0
6712.0, 3.35685, -0.70719, -0.009146, -2.621675, 2.587396, 0.0
6712.0, 3.35685, -0.70719, -0.009146, -2.621675, 2.587396, 0.0
6730.0, 3.375843, -0.713738, -0.008722, -2.621675, 2.587396, 0.0
6730.0, 3.375843, -0.713738, -0.008722, -2.621675, 2.587396, 0.0
6745.0, 3.394614, -0.720275, -0.008239, -2.621675, 2.587396, 0.0
6762.0, 3.413109, -0.726794, -0.00772, -2.621675, 2.587396, 0.0
6762.0, 3.413109, -0.726794, -0.00772, -2.621675, 2.587396, 0.0
6779.0, 3.431285, -0.73329, -0.007185, -2.621675, 2.587396, 0.0
6779.0, 3.431285, -0.73329, -0.007185, -2.621675, 2.587396, 0.0
6795.0, 3.449106, -0.739757, -0.006653, -2.621675, 2.587396, 0.0
6812.0, 3.466545, -0.746192, -0.006137, -2.621675, 2.587396, 0.0
6812.0, 3.466545, -0.746192, -0.006137, -2.621675, 2.587396, 0.0
6830.0, 3.483578, -0.75259, -0.005648, -2.621675, 2.587396, 0.0
6830.0, 3.483578, -0.75259, -0.005648, -2.621675, 2.587396, 0.0
6845.0, 3.500188, -0.758948, -0.005195, -2.621675, 2.587396, 0.0
6863.0, 3.51636, -0.765264, -0.004782, -2.621675, 2.587396, 0.0
6863.0, 3.51636, -0.765264, -0.004782, -2.621675, 2.587396, 0.0
6880.0, 3.532082, -0.771536, -0.004411, -2.621675, 2.587396, 0.0
6880.0, 3.532082, -0.771536, -0.004411, -2.621675, 2.587396, 0.0
6896.0, 3.547347, -0.777764, -0.004082, -2.621675, 2.587396, 0.0
6913.0, 3.562146, -0.783945, -0.003794, -2.621675, 2.587396, 0.0
6913.0, 3.562146, -0.783945, -0.003794, -2.621675, 2.587396, 0.0
6931.0, 3.576474, -0.790079, -0.003543, -2.621675, 2.587396, 0.0
6931.0, 3.576474, -0.790079, -0.003543, -2.621675, 2.587396, 0.0
6946.0, 3.590326, -0.796164, -0.003327, -2.799125, 2.7635, 0.0
6962.0, 3.603699, -0.8022, -0.003142, -2.799125, 2.7635, 0.0
6962.0, 3.603699, -0.8022, -0.003142, -2.799125, 2.7635, 0.0
6979.0, 3.61659, -0.808184, -0.002984, -2.799125, 2.7635, 0.0
6979.0, 3.61659, -0.808184, -0.002984, -2.799125, 2.7635, 0.0
6995.0, 3.628996, -0.814117, -0.002848, -2.799125, 2.7635, 0.0
7012.0, 3.640917, -0.819998, -0.002731, -2.799125, 2.7635, 0.0
7012.0, 3.640917, -0.819998, -0.002731, -2.799125, 2.7635, 0.0
7031.0, 3.652349, -0.825825, -0.002629, -2.799125, 2.7635, 0.0
7031.0, 3.652349, -0.825825, -0.002629, -2.799125, 2.7635, 0.0
7046.0, 3.663292, -0.831597, -0.002539, -2.799125, 2.7635, 0.0
7063.0, 3.673746, -0.837311, -0.002459, -2.799125, 2.7635, 0.0
7063.0, 3.673746, -0.837311, -0.002459, -2.799125, 2.7635, 0.0
7079.0, 3.68371, -0.842965, -0.002385, -2.799125, 2.7635, 0.0
7079.0, 3.68371, -0.842965, -0.002385, -2.799125, 2.7635, 0.0
7096.0, 3.693184, -0.848557, -0.002315, -2.799125, 2.7635, 0.0
7112.0, 3.702166, -0.854084, -0.002247, -2.799125, 2.7635, 0.0
7112.0, 3.702166, -0.854084, -0.002247, -2.799125, 2.7635, 0.0
7131.0, 3.710657, -0.859546, -0.002179, -2.799125, 2.7635, 0.0
7131.0, 3.710657, -0.859546, -0.002179, -2.799125, 2.7635, 0.0
7146.0, 3.718758, -0.864959, -0.002151, -2.799125, 2.7635, 0.0
7162.0, 3.726593, -0.870344, -0.0022, -2.799125, 2.7635, 0.0
7162.0, 3.726593, -0.870344, -0.0022, -2.799125, 2.7635, 0.0
7179.0, 3.734288, -0.875723, -0.002347, -2.799125, 2.7635, 0.0
7179.0, 3.734288, -0.875723, -0.002347, -2.799125, 2.7635, 0.0
7196.0, 3.741953, -0.881116, -0.002597, -2.976575, 2.939605, 0.0
7213.0, 3.749683, -0.886539, -0.002942, -2.976575, 2.939605, 0.0
7213.0, 3.749683, -0.886539, -0.002942, -2.976575, 2.939605, 0.0
7230.0, 3.757559, -0.892003, -0.003366, -2.976575, 2.939605, 0.0
7230.0, 3.757559, -0.892003, -0.003366, -2.976575, 2.939605, 0.0
7246.0, 3.765648, -0.897522, -0.003853, -2.976575, 2.939605, 0.0
7263.0, 3.774003, -0.903105, -0.00438, -2.976575, 2.939605, 0.0
7263.0, 3.774003, -0.903105, -0.00438, -2.976575, 2.939605, 0.0
7280.0, 3.782667, -0.908761, -0.004928, -2.976575, 2.939605, 0.0
7280.0, 3.782667, -0.908761, -0.004928, -2.976575, 2.939605, 0.0
7296.0, 3.791675, -0.914496, -0.00548, -2.976575, 2.939605, 0.0
7313.0, 3.801056, -0.920316, -0.006022, -2.976575, 2.939605, 0.0
7313.0, 3.801056, -0.920316, -0.006022, -2.976575, 2.939605, 0.0
7331.0, 3.810832, -0.926225, -0.006542, -2.976575, 2.939605, 0.0
7331.0, 3.810832, -0.926225, -0.006542, -2.976575, 2.939605, 0.0
7346.0, 3.82102, -0.932227, -0.007032, -2.976575, 2.939605, 0.0
7362.0, 3.831647, -0.938331, -0.007487, -2.976575, 2.939605, 0.0
7362.0, 3.831647, -0.938331, -0.007487, -2.976575, 2.939605, 0.0
7379.0, 3.842703, -0.944528, -0.007904, -2.976575, 2.939605, 0.0
7379.0, 3.842703, -0.944528, -0.007904, -2.976575, 2.939605, 0.0
7396.0, 3.854209, -0.950827, -0.008283, -2.976575, 2.939605, 0.0
7412.0, 3.866172, -0.957231, -0.008623, -2.976575, 2.939605, 0.0
7412.0, 3.866172, -0.957231, -0.008623, -2.976575, 2.939605, 0.0
7430.0, 3.878597, -0.963741, -0.008926, -2.976575, 2.939605, 0.0
7430.0, 3.878597, -0.963741, -0.008926, -2.976575, 2.939605, 0.0
7445.0, 3.891487, -0.970355, -0.009194, -3.154038, 3.115722, 0.0
7462.0, 3.904848, -0.977074, -0.009431, -3.154038, 3.115722, 0.0
7462.0, 3.904848, -0.977074, -0.009431, -3.154038, 3.115722, 0.0
7479.0, 3.918684, -0.983899, -0.00964, -3.154038, 3.115722, 0.0
7479.0, 3.918684, -0.983899, -0.00964, -3.154038, 3.115722, 0.0
7495.0, 3.932996, -0.990829, -0.009825, -3.154038, 3.115722, 0.0
7512.0, 3.947788, -0.997863, -0.00999, -3.154038, 3.115722, 0.0
7512.0, 3.947788, -0.997863, -0.00999, -3.154038, 3.115722, 0.0
7531.0, 3.963062, -1.005001, -0.010137, -3.154038, 3.115722, 0.0
7531.0, 3.963062, -1.005001, -0.010137, -3.154038, 3.115722, 0.0
7545.0, 3.978825, -1.012243, -0.01027, -3.154038, 3.115722, 0.0
7562.0, 3.995074, -1.019584, -0.010391, -3.154038, 3.115722, 0.0
7562.0, 3.995074, -1.019584, -0.010391, -3.154038, 3.115722, 0.0
7579.0, 4.01181, -1.027019, -0.010501, -3.154038, 3.115722, 0.0
7579.0, 4.01181, -1.027019, -0.010501, -3.154038, 3.115722, 0.0
7595.0, 4.029032, -1.034547, -0.0106, -3.154038, 3.115722, 0.0
7612.0, 4.046747, -1.042166, -0.010691, -3.154038, 3.115722, 0.0
7612.0, 4.046747, -1.042166, -0.010691, -3.154038, 3.115722, 0.0
7630.0, 4.064946, -1.049869, -0.010776, -3.154038, 3.115722, 0.0
7630.0, 4.064946, -1.049869, -0.010776, -3.154038, 3.115722, 0.0
7645.0, 4.083529, -1.057645, -0.010812, -3.154038, 3.115722, 0.0
7662.0, 4.102372, -1.065478, -0.010764, -3.154038, 3.115722, 0.0
7662.0, 4.102372, -1.065478, -0.010764, -3.154038, 3.115722, 0.0
7679.0, 4.121349, -1.073352, -0.010614, -3.154038, 3.115722, 0.0
7679.0, 4.121349, -1.073352, -0.010614, -3.154038, 3.115722, 0.0
7695.0, 4.140348, -1.081253, -0.010357, -3.331491, 3.291829, 0.0
7713.0, 4.159272, -1.089172, -0.010004, -3.331491, 3.291829, 0.0
7713.0, 4.159272, -1.089172, -0.010004, -3.331491, 3.291829, 0.0
7730.0, 4.178041, -1.097097, -0.009572, -3.331491, 3.291829, 0.0
7730.0, 4.178041, -1.097097, -0.009572, -3.331491, 3.291829, 0.0
7746.0, 4.196588, -1.105024, -0.009083, -3.331491, 3.291829, 0.0
7763.0, 4.214858, -1.112947, -0.008558, -3.331491, 3.291829, 0.0
7763.0, 4.214858, -1.112947, -0.008558, -3.331491, 3.291829, 0.0
7780.0, 4.232808, -1.120864, -0.008019, -3.331491, 3.291829, 0.0
7780.0, 4.232808, -1.120864, -0.008019, -3.331491, 3.291829, 0.0
7796.0, 4.250401, -1.128771, -0.007483, -3.331491, 3.291829, 0.0
7813.0, 4.267611, -1.136665, -0.006966, -3.331491, 3.291829, 0.0
7813.0, 4.267611, -1.136665, -0.006966, -3.331491, 3.291829, 0.0
7831.0, 4.284414, -1.144543, -0.006477, -3.331491, 3.291829, 0.0
7831.0, 4.284414, -1.144543, -0.006477, -3.331491, 3.291829, 0.0
7846.0, 4.300792, -1.152403, -0.006025, -3.331491, 3.291829, 0.0
7863.0, 4.316731, -1.160244, -0.005613, -3.331491, 3.291829, 0.0
7863.0, 4.316731, -1.160244, -0.005613, -3.331491, 3.291829, 0.0
7878.0, 4.332219, -1.168065, -0.005245, -3.331491, 3.291829, 0.0
7878.0, 4.332219, -1.168065, -0.005245, -3.331491, 3.291829, 0.0
7895.0, 4.347248, -1.175864, -0.004919, -3.331491, 3.291829, 0.0
7912.0, 4.361811, -1.183641, -0.004634, -3.331491, 3.291829, 0.0
7912.0, 4.361811, -1.183641, -0.004634, -3.331491, 3.291829, 0.0
7930.0, 4.375901, -1.191395, -0.004387, -3.331491, 3.291829, 0.0
7930.0, 4.375901, -1.191395, -0.004387, -3.331491, 3.291829, 0.0
7946.0, 4.389514, -1.199126, -0.004175, -3.50894, 3.467933, 0.0
7963.0, 4.402648, -1.206831, -0.003993, -3.50894, 3.467933, 0.0
7963.0, 4.402648, -1.206831, -0.003993, -3.50894, 3.467933, 0.0
7979.0, 4.415298, -1.21451, -0.003837, -3.50894, 3.467933, 0.0
7979.0, 4.415298, -1.21451, -0.003837, -3.50894, 3.467933, 0.0
7996.0, 4.427463, -1.222162, -0.003703, -3.50894, 3.467933, 0.0
8013.0, 4.439141, -1.229786, -0.003587, -3.50894, 3.467933, 0.0
8013.0, 4.439141, -1.229786, -0.003587, -3.50894, 3.467933, 0.0
8031.0, 4.45033, -1.237381, -0.003484, -3.50894, 3.467933, 0.0
8031.0, 4.45033, -1.237381, -0.003484, -3.50894, 3.467933, 0.0
8046.0, 4.461029, -1.244946, -0.003393, -3.50894, 3.467933, 0.0
8063.0, 4.471237, -1.252477, -0.003309, -3.50894, 3.467933, 0.0
8063.0, 4.471237, -1.252477, -0.003309, -3.50894, 3.467933, 0.0
8079.0, 4.480954, -1.259973, -0.003229, -3.50894, 3.467933, 0.0
8079.0, 4.480954, -1.259973, -0.003229, -3.50894, 3.467933, 0.0
8096.0, 4.490179, -1.26743, -0.003152, -3.50894, 3.467933, 0.0
8112.0, 4.498912, -1.274847, -0.003075, -3.50894, 3.467933, 0.0
8112.0, 4.498912, -1.274847, -0.003075, -3.50894, 3.467933, 0.0
8131.0, 4.507152, -1.282222, -0.002997, -3.50894, 3.467933, 0.0
8131.0, 4.507152, -1.282222, -0.002997, -3.50894, 3.467933, 0.0
8145.0, 4.515, -1.289567, -0.002957, -3.50894, 3.467933, 0.0
8162.0, 4.522582, -1.296898, -0.002994, -3.50894, 3.467933, 0.0
8162.0, 4.522582, -1.296898, -0.002994, -3.50894, 3.467933, 0.0
8179.0, 4.530021, -1.304233, -0.00313, -3.50894, 3.467933, 0.0
8179.0, 4.530021, -1.304233, -0.00313, -3.50894, 3.467933, 0.0
8196.0, 4.537429, -1.311584, -0.003369, -3.68639, 3.644038, 0.0
8213.0, 4.544902, -1.318964, -0.003705, -3.68639, 3.644038, 0.0
8213.0, 4.544902, -1.318964, -0.003705, -3.68639, 3.644038, 0.0
8230.0, 4.552521, -1.326382, -0.004125, -3.68639, 3.644038, 0.0
8230.0, 4.552521, -1.326382, -0.004125, -3.68639, 3.644038, 0.0
8246.0, 4.560351, -1.333847, -0.004609, -3.68639, 3.644038, 0.0
8264.0, 4.568449, -1.341368, -0.005137, -3.68639, 3.644038, 0.0
8264.0, 4.568449, -1.341368, -0.005137, -3.68639, 3.644038, 0.0
8279.0, 4.576857, -1.34895, -0.005689, -3.68639, 3.644038, 0.0
8279.0, 4.576857, -1.34895, -0.005689, -3.68639, 3.644038, 0.0
8296.0, 4.58561, -1.3566, -0.006248, -3.68639, 3.644038, 0.0
8312.0, 4.594738, -1.36432, -0.006799, -3.68639, 3.644038, 0.0
8312.0, 4.594738, -1.36432, -0.006799, -3.68639, 3.644038, 0.0
8330.0, 4.604264, -1.372116, -0.00733, -3.68639, 3.644038, 0.0
8330.0, 4.604264, -1.372116, -0.00733, -3.68639, 3.644038, 0.0
8345.0, 4.614205, -1.379988, -0.007833, -3.68639, 3.644038, 0.0
8363.0, 4.624577, -1.387942, -0.008301, -3.68639, 3.644038, 0.0
8363.0, 4.624577, -1.387942, -0.008301, -3.68639, 3.644038, 0.0
8379.0, 4.635392, -1.395978, -0.008732, -3.68639, 3.644038, 0.0
8379.0, 4.635392, -1.395978, -0.008732, -3.68639, 3.644038, 0.0
8396.0, 4.64666, -1.404101, -0.009124, -3.68639, 3.644038, 0.0
8413.0, 4.658389, -1.412311, -0.009478, -3.68639, 3.644038, 0.0
8413.0, 4.658389, -1.412311, -0.009478, -3.68639, 3.644038, 0.0
8430.0, 4.670583, -1.420609, -0.009794, -3.68639, 3.644038, 0.0
8430.0, 4.670583, -1.420609, -0.009794, -3.68639, 3.644038, 0.0
8446.0, 4.683248, -1.428997, -0.010075, -3.86384, 3.820142, 0.0
8462.0, 4.696388, -1.437472, -0.010324, -3.86384, 3.820142, 0.0
8462.0, 4.696388, -1.437472, -0.010324, -3.86384, 3.820142, 0.0
8479.0, 4.710007, -1.446035, -0.010544, -3.86384, 3.820142, 0.0
8479.0, 4.710007, -1.446035, -0.010544, -3.86384, 3.820142, 0.0
8495.0, 4.724106, -1.454684, -0.010738, -3.86384, 3.820142, 0.0
8512.0, 4.738688, -1.463419, -0.010909, -3.86384, 3.820142, 0.0
8512.0, 4.738688, -1.463419, -0.010909, -3.86384, 3.820142, 0.0
8530.0, 4.753755, -1.472239, -0.011061, -3.86384, 3.820142, 0.0
8530.0, 4.753755, -1.472239, -0.011061, -3.86384, 3.820142, 0.0
8546.0, 4.769207, -1.48113, -0.011155, -3.86384, 3.820142, 0.0
8562.0, 4.784918, -1.490074, -0.011155, -3.86384, 3.820142, 0.0
8562.0, 4.784918, -1.490074, -0.011155, -3.86384, 3.820142, 0.0
8579.0, 4.800762, -1.499054, -0.011041, -3.86384, 3.820142, 0.0
8579.0, 4.800762, -1.499054, -0.011041, -3.86384, 3.820142, 0.0
8596.0, 4.816626, -1.508055, -0.010813, -3.86384, 3.820142, 0.0
8614.0, 4.832414, -1.517065, -0.010481, -3.86384, 3.820142, 0.0
8614.0, 4.832414, -1.517065, -0.010481, -3.86384, 3.820142, 0.0
8630.0, 4.848046, -1.526073, -0.010064, -3.86384, 3.820142, 0.0
8630.0, 4.848046, -1.526073, -0.010064, -3.86384, 3.820142, 0.0
8646.0, 4.863456, -1.535072, -0.009583, -3.86384, 3.820142, 0.0
8663.0, 4.878589, -1.544056, -0.009062, -3.86384, 3.820142, 0.0
8663.0, 4.878589, -1.544056, -0.009062, -3.86384, 3.820142, 0.0
8680.0, 4.893402, -1.553021, -0.008522, -3.86384, 3.820142, 0.0
8680.0, 4.893402, -1.553021, -0.008522, -3.86384, 3.820142, 0.0
8696.0, 4.907859, -1.561963, -0.007981, -4.041289, 3.996246, 0.0
8712.0, 4.921932, -1.570878, -0.007455, -4.041289, 3.996246, 0.0
8712.0, 4.921932, -1.570878, -0.007455, -4.041289, 3.996246, 0.0
8730.0, 4.935599, -1.579762, -0.006954, -4.041289, 3.996246, 0.0
8730.0, 4.935599, -1.579762, -0.006954, -4.041289, 3.996246, 0.0
8745.0, 4.948842, -1.588613, -0.006487, -4.041289, 3.996246, 0.0
8762.0, 4.961648, -1.597429, -0.006057, -4.041289, 3.996246, 0.0
8762.0, 4.961648, -1.597429, -0.006057, -4.041289, 3.996246, 0.0
8779.0, 4.974003, -1.606206, -0.005668, -4.041289, 3.996246, 0.0
8779.0, 4.974003, -1.606206, -0.005668, -4.041289, 3.996246, 0.0
8795.0, 4.985901, -1.614943, -0.00532, -4.041289, 3.996246, 0.0
8812.0, 4.997335, -1.623639, -0.00501, -4.041289, 3.996246, 0.0
8812.0, 4.997335, -1.623639, -0.00501, -4.041289, 3.996246, 0.0
8830.0, 5.008298, -1.632292, -0.004735, -4.041289, 3.996246, 0.0
8830.0, 5.008298, -1.632292, -0.004735, -4.041289, 3.996246, 0.0
8845.0, 5.018788, -1.640902, -0.004493, -4.041289, 3.996246, 0.0
8863.0, 5.028802, -1.649465, -0.004279, -4.041289, 3.996246, 0.0
8863.0, 5.028802, -1.649465, -0.004279, -4.041289, 3.996246, 0.0
8880.0, 5.038334, -1.657977, -0.004089, -4.041289, 3.996246, 0.0
8880.0, 5.038334, -1.657977, -0.004089, -4.041289, 3.996246, 0.0
8896.0, 5.047384, -1.666436, -0.003917, -4.041289, 3.996246, 0.0
8914.0, 5.05595, -1.674841, -0.00376, -4.041289, 3.996246, 0.0
8914.0, 5.05595, -1.674841, -0.00376, -4.041289, 3.996246, 0.0
8930.0, 5.064029, -1.683191, -0.003615, -4.041289, 3.996246, 0.0
8930.0, 5.064029, -1.683191, -0.003615, -4.041289, 3.996246, 0.0
8946.0, 5.071721, -1.691497, -0.003519, -4.218739, 4.17235, 0.0
8962.0, 5.07915, -1.699781, -0.00351, -4.218739, 4.17235, 0.0
8962.0, 5.07915, -1.699781, -0.00351, -4.218739, 4.17235, 0.0
8979.0, 5.08644, -1.708062, -0.003608, -4.218739, 4.17235, 0.0
8979.0, 5.08644, -1.708062, -0.003608, -4.218739, 4.17235, 0.0
8995.0, 5.093702, -1.716356, -0.003817, -4.218739, 4.17235, 0.0
9013.0, 5.10103, -1.724679, -0.00413, -4.218739, 4.17235, 0.0
9013.0, 5.10103, -1.724679, -0.00413, -4.218739, 4.17235, 0.0
9031.0, 5.108506, -1.733039, -0.004533, -4.218739, 4.17235, 0.0
9031.0, 5.108506, -1.733039, -0.004533, -4.218739, 4.17235, 0.0
9046.0, 5.116193, -1.741449, -0.005004, -4.218739, 4.17235, 0.0
9062.0, 5.124148, -1.749917, -0.005523, -4.218739, 4.17235, 0.0
9062.0, 5.124148, -1.749917, -0.005523, -4.218739, 4.17235, 0.0
9080.0, 5.132413, -1.758451, -0.00607, -4.218739, 4.17235, 0.0
9080.0, 5.132413, -1.758451, -0.00607, -4.218739, 4.17235, 0.0
9096.0, 5.141024, -1.767058, -0.006627, -4.218739, 4.17235, 0.0
9113.0, 5.15001, -1.775742, -0.007178, -4.218739, 4.17235, 0.0
9113.0, 5.15001, -1.775742, -0.007178, -4.218739, 4.17235, 0.0
9131.0, 5.159393, -1.784508, -0.007712, -4.218739, 4.17235, 0.0
9131.0, 5.159393, -1.784508, -0.007712, -4.218739, 4.17235, 0.0
9146.0, 5.169193, -1.793359, -0.00822, -4.218739, 4.17235, 0.0
9162.0, 5.179424, -1.802298, -0.008695, -4.218739, 4.17235, 0.0
9162.0, 5.179424, -1.802298, -0.008695, -4.218739, 4.17235, 0.0
9179.0, 5.190097, -1.811329, -0.009133, -4.218739, 4.17235, 0.0
9179.0, 5.190097, -1.811329, -0.009133, -4.218739, 4.17235, 0.0
9196.0, 5.201222, -1.820453, -0.009533, -4.396189, 4.348455, 0.0
9213.0, 5.212806, -1.829671, -0.009895, -4.396189, 4.348455, 0.0
9213.0, 5.212806, -1.829671, -0.009895, -4.396189, 4.348455, 0.0
9231.0, 5.224854, -1.838987, -0.01022, -4.396189, 4.348455, 0.0
9231.0, 5.224854, -1.838987, -0.01022, -4.396189, 4.348455, 0.0
9246.0, 5.237372, -1.848398, -0.01051, -4.396189, 4.348455, 0.0
9263.0, 5.250363, -1.857906, -0.010769, -4.396189, 4.348455, 0.0
9263.0, 5.250363, -1.857906, -0.010769, -4.396189, 4.348455, 0.0
9280.0, 5.263832, -1.867509, -0.010999, -4.396189, 4.348455, 0.0
9280.0, 5.263832, -1.867509, -0.010999, -4.396189, 4.348455, 0.0
9296.0, 5.277779, -1.877206, -0.011203, -4.396189, 4.348455, 0.0
9313.0, 5.292208, -1.886997, -0.011385, -4.396189, 4.348455, 0.0
9313.0, 5.292208, -1.886997, -0.011385, -4.396189, 4.348455, 0.0
9331.0, 5.30712, -1.896881, -0.011547, -4.396189, 4.348455, 0.0
9331.0, 5.30712, -1.896881, -0.011547, -4.396189, 4.348455, 0.0
9346.0, 5.322516, -1.906856, -0.011693, -4.396189, 4.348455, 0.0
9363.0, 5.3384, -1.916917, -0.011825, -4.396189, 4.348455, 0.0
9363.0, 5.3384, -1.916917, -0.011825, -4.396189, 4.348455, 0.0
9378.0, 5.354771, -1.927063, -0.011946, -4.396189, 4.348455, 0.0
9378.0, 5.354771, -1.927063, -0.011946, -4.396189, 4.348455, 0.0
9395.0, 5.371632, -1.937288, -0.012056, -4.396189, 4.348455, 0.0
9412.0, 5.388982, -1.947592, -0.012158, -4.396189, 4.348455, 0.0
9412.0, 5.388982, -1.947592, -0.012158, -4.396189, 4.348455, 0.0
9430.0, 5.406824, -1.957971, -0.012253, -4.396189, 4.348455, 0.0
9430.0, 5.406824, -1.957971, -0.012253, -4.396189, 4.348455, 0.0
9445.0, 5.42506, -1.968417, -0.012301, -4.573638, 4.524559, 0.0
9462.0, 5.44356, -1.978915, -0.012264, -4.573638, 4.524559, 0.0
9462.0, 5.44356, -1.978915, -0.012264, -4.573638, 4.524559, 0.0
9478.0, 5.462195, -1.989452, -0.012121, -4.573638, 4.524559, 0.0
9478.0, 5.462195, -1.989452, -0.012121, -4.573638, 4.524559, 0.0
9495.0, 5.480854, -2.000016, -0.011869, -4.573638, 4.524559, 0.0
9512.0, 5.499436, -2.010599, -0.011518, -4.573638, 4.524559, 0.0
9512.0, 5.499436, -2.010599, -0.011518, -4.573638, 4.524559, 0.0
9530.0, 5.517863, -2.021193, -0.011085, -4.573638, 4.524559, 0.0
9530.0, 5.517863, -2.021193, -0.011085, -4.573638, 4.524559, 0.0
9545.0, 5.536063, -2.031792, -0.010592, -4.573638, 4.524559, 0.0
9562.0, 5.553984, -2.042394, -0.010063, -4.573638, 4.524559, 0.0
9562.0, 5.553984, -2.042394, -0.010063, -4.573638, 4.524559, 0.0
9579.0, 5.571584, -2.052999, -0.009518, -4.573638, 4.524559, 0.0
9579.0, 5.571584, -2.052999, -0.009518, -4.573638, 4.524559, 0.0
9595.0, 5.588828, -2.063604, -0.008977, -4.573638, 4.524559, 0.0
9612.0, 5.605687, -2.074206, -0.008454, -4.573638, 4.524559, 0.0
9612.0, 5.605687, -2.074206, -0.008454, -4.573638, 4.524559, 0.0
9630.0, 5.622139, -2.084804, -0.007959, -4.573638, 4.524559, 0.0
9630.0, 5.622139, -2.084804, -0.007959, -4.573638, 4.524559, 0.0
9646.0, 5.638166, -2.095396, -0.007501, -4.573638, 4.524559, 0.0
9662.0, 5.653755, -2.105981, -0.007082, -4.573638, 4.524559, 0.0
9662.0, 5.653755, -2.105981, -0.007082, -4.573638, 4.524559, 0.0
9679.0, 5.668893, -2.116557, -0.006707, -4.573638, 4.524559, 0.0
9679.0, 5.668893, -2.116557, -0.006707, -4.573638, 4.524559, 0.0
9696.0, 5.683572, -2.127125, -0.006374, -4.751088, 4.700663, 0.0
9712.0, 5.697785, -2.137684, -0.006081, -4.751088, 4.700663, 0.0
9712.0, 5.697785, -2.137684, -0.006081, -4.751088, 4.700663, 0.0
9730.0, 5.711526, -2.148232, -0.005827, -4.751088, 4.700663, 0.0
9730.0, 5.711526, -2.148232, -0.005827, -4.751088, 4.700663, 0.0
9746.0, 5.724792, -2.15877, -0.005605, -4.751088, 4.700663, 0.0
9762.0, 5.737577, -2.169295, -0.005414, -4.751088, 4.700663, 0.0
9762.0, 5.737577, -2.169295, -0.005414, -4.751088, 4.700663, 0.0
9780.0, 5.74988, -2.179806, -0.005247, -4.751088, 4.700663, 0.0
9780.0, 5.74988, -2.179806, -0.005247, -4.751088, 4.700663, 0.0
9795.0, 5.761697, -2.190302, -0.005102, -4.751088, 4.700663, 0.0
9813.0, 5.773029, -2.200783, -0.004973, -4.751088, 4.700663, 0.0
9813.0, 5.773029, -2.200783, -0.004973, -4.751088, 4.700663, 0.0
9830.0, 5.783872, -2.211249, -0.004858, -4.751088, 4.700663, 0.0
9830.0, 5.783872, -2.211249, -0.004858, -4.751088, 4.700663, 0.0
9846.0, 5.794225, -2.221695, -0.004753, -4.751088, 4.700663, 0.0
9864.0, 5.804087, -2.232121, -0.004654, -4.751088, 4.700663, 0.0
9864.0, 5.804087, -2.232121, -0.004654, -4.751088, 4.700663, 0.0
9879.0, 5.813459, -2.242522, -0.00456, -4.751088, 4.700663, 0.0
9879.0, 5.813459, -2.242522, -0.00456, -4.751088, 4.700663, 0.0
9895.0, 5.822338, -2.252896, -0.004468, -4.751088, 4.700663, 0.0
9912.0, 5.830725, -2.263242, -0.004376, -4.751088, 4.700663, 0.0
9912.0, 5.830725, -2.263242, -0.004376, -4.751088, 4.700663, 0.0
9930.0, 5.838619, -2.273558, -0.004284, -4.751088, 4.700663, 0.0
9930.0, 5.838619, -2.273558, -0.004284, -4.751088, 4.700663, 0.0
9946.0, 5.846022, -2.283841, -0.00419, -4.928538, 4.876767, 0.0
9962.0, 5.852933, -2.294085, -0.004092, -4.928538, 4.876767, 0.0
9962.0, 5.852933, -2.294085, -0.004092, -4.928538, 4.876767, 0.0
9979.0, 5.859351, -2.304285, -0.003991, -4.928538, 4.876767, 0.0
9979.0, 5.859351, -2.304285, -0.003991, -4.928538, 4.876767, 0.0
