2.0, 0.0, 0.0, 0.002231, 1.414777, -1.41365, 0.0
17.0, -0.00005, -0.000255, -0.004076, 1.414777, -1.41365, 0.0
17.0, -0.00005, -0.000255, -0.004076, 1.414777, -1.41365, 0.0
33.0, 0.000001, -0.000376, -0.009544, 1.414777, -1.41365, 0.0
33.0, 0.000001, -0.000376, -0.009544, 1.414777, -1.41365, 0.0
49.0, 0.000252, -0.000293, -0.012363, 1.414777, -1.41365, 0.0
68.0, 0.000778, -0.000093, -0.013631, 1.414777, -1.41365, 0.0
68.0, 0.000778, -0.000093, -0.013631, 1.414777, -1.41365, 0.0
83.0, 0.001528, 0.000122, -0.013749, 1.414777, -1.41365, 0.0
83.0, 0.001528, 0.000122, -0.013749, 1.414777, -1.41365, 0.0
99.0, 0.00242, 0.000253, -0.013029, 1.414777, -1.41365, 0.0
117.0, 0.003363, 0.000209, -0.011728, 1.414777, -1.41365, 0.0
117.0, 0.003363, 0.000209, -0.011728, 1.414777, -1.41365, 0.0
134.0, 0.004033, -0.000005, -0.012086, 1.414869, -1.296983, 0.0
134.0, 0.004033, -0.000005, -0.012086, 1.414869, -1.296983, 0.0
149.0, 0.004595, -0.000255, -0.012854, 1.414869, -1.296983, 0.0
167.0, 0.00506, -0.000469, -0.012479, 1.414869, -1.296983, 0.0
167.0, 0.00506, -0.000469, -0.012479, 1.414869, -1.296983, 0.0
184.0, 0.005262, -0.000616, -0.01126, 1.414869, -1.296983, 0.0
184.0, 0.005262, -0.000616, -0.01126, 1.414869, -1.296983, 0.0
199.0, 0.005199, -0.0006, -0.009615, 1.414869, -1.296983, 0.0
216.0, 0.005052, -0.00083, -0.008878, 1.414869, -1.296983, 0.0
216.0, 0.005052, -0.00083, -0.008878, 1.414869, -1.296983, 0.0
233.0, 0.004519, -0.000292, -0.007416, 1.414869, -1.296983, 0.0
233.0, 0.004519, -0.000292, -0.007416, 1.414869, -1.296983, 0.0
249.0, 0.003549, 0.00049, -0.005528, 1.414869, -1.296983, 0.0
267.0, 0.002222, 0.001515, -0.003764, 1.414869, -1.296983, 0.0
267.0, 0.002222, 0.001515, -0.003764, 1.414869, -1.296983, 0.0
284.0, 0.000486, 0.002737, -0.002291, 1.414869, -1.296983, 0.0
284.0, 0.000486, 0.002737, -0.002291, 1.414869, -1.296983, 0.0
301.0, -0.001679, 0.004138, -0.000943, 1.414869, -1.296983, 0.0
317.0, -0.004299, 0.005708, 0.000302, 1.414869, -1.296983, 0.0
317.0, -0.004299, 0.005708, 0.000302, 1.414869, -1.296983, 0.0
334.0, -0.007388, 0.007444, 0.001445, 1.414869, -1.296983, 0.0
334.0, -0.007388, 0.007444, 0.001445, 1.414869, -1.296983, 0.0
350.0, -0.010952, 0.009343, 0.002483, 1.414869, -1.296983, 0.0
368.0, -0.014994, 0.011404, 0.003415, 1.414869, -1.296983, 0.0
368.0, -0.014994, 0.011404, 0.003415, 1.414869, -1.296983, 0.0
383.0, -0.019516, 0.013626, 0.00424, 1.415069, -1.046928, 0.0
383.0, -0.019516, 0.013626, 0.00424, 1.415069, -1.046928, 0.0
401.0, -0.024518, 0.016007, 0.004963, 1.415069, -1.046928, 0.0
418.0, -0.029999, 0.018546, 0.00559, 1.415069, -1.046928, 0.0
418.0, -0.029999, 0.018546, 0.00559, 1.415069, -1.046928, 0.0
432.0, -0.035959, 0.021241, 0.006127, 1.415069, -1.046928, 0.0
432.0, -0.035959, 0.021241, 0.006127, 1.415069, -1.046928, 0.0
449.0, -0.042397, 0.024093, 0.006584, 1.415069, -1.046928, 0.0
466.0, -0.049312, 0.0271, 0.006971, 1.415069, -1.046928, 0.0
466.0, -0.049312, 0.0271, 0.006971, 1.415069, -1.046928, 0.0
482.0, -0.056703, 0.030261, 0.007296, 1.415069, -1.046928, 0.0
482.0, -0.056703, 0.030261, 0.007296, 1.415069, -1.046928, 0.0
499.0, -0.064572, 0.033573, 0.00757, 1.415069, -1.046928, 0.0
516.0, -0.072918, 0.037036, 0.0078, 1.415069, -1.046928, 0.0
516.0, -0.072918, 0.037036, 0.0078, 1.415069, -1.046928, 0.0
533.0, -0.081741, 0.040646, 0.007994, 1.415069, -1.046928, 0.0
533.0, -0.081741, 0.040646, 0.007994, 1.415069, -1.046928, 0.0
549.0, -0.091042, 0.044403, 0.00816, 1.415069, -1.046928, 0.0
566.0, -0.100821, 0.048306, 0.008303, 1.415069, -1.046928, 0.0
566.0, -0.100821, 0.048306, 0.008303, 1.415069, -1.046928, 0.0
583.0, -0.11103, 0.052339, 0.008408, 1.415069, -1.046928, 0.0
583.0, -0.11103, 0.052339, 0.008408, 1.415069, -1.046928, 0.0
599.0, -0.121608, 0.056482, 0.008461, 1.415069, -1.046928, 0.0
617.0, -0.132492, 0.060715, 0.008453, 1.415069, -1.046928, 0.0
617.0, -0.132492, 0.060715, 0.008453, 1.415069, -1.046928, 0.0
634.0, -0.143629, 0.06502, 0.008386, 1.415268, -0.796926, 0.0
634.0, -0.143629, 0.06502, 0.008386, 1.415268, -0.796926, 0.0
649.0, -0.154972, 0.069384, 0.008267, 1.415268, -0.796926, 0.0
668.0, -0.166482, 0.073793, 0.008104, 1.415268, -0.796926, 0.0
668.0, -0.166482, 0.073793, 0.008104, 1.415268, -0.796926, 0.0
682.0, -0.178126, 0.078237, 0.007908, 1.415268, -0.796926, 0.0
682.0, -0.178126, 0.078237, 0.007908, 1.415268, -0.796926, 0.0
699.0, -0.189878, 0.082709, 0.007691, 1.415268, -0.796926, 0.0
716.0, -0.201718, 0.087202, 0.007464, 1.415268, -0.796926, 0.0
716.0, -0.201718, 0.087202, 0.007464, 1.415268, -0.796926, 0.0
733.0, -0.213629, 0.091713, 0.007236, 1.415268, -0.796926, 0.0
733.0, -0.213629, 0.091713, 0.007236, 1.415268, -0.796926, 0.0
749.0, -0.225598, 0.096238, 0.007014, 1.415268, -0.796926, 0.0
767.0, -0.237613, 0.100773, 0.006804, 1.415268, -0.796926, 0.0
767.0, -0.237613, 0.100773, 0.006804, 1.415268, -0.796926, 0.0
783.0, -0.249664, 0.105318, 0.006609, 1.415268, -0.796926, 0.0
783.0, -0.249664, 0.105318, 0.006609, 1.415268, -0.796926, 0.0
799.0, -0.261746, 0.109869, 0.006432, 1.415268, -0.796926, 0.0
816.0, -0.273851, 0.114427, 0.006274, 1.415268, -0.796926, 0.0
816.0, -0.273851, 0.114427, 0.006274, 1.415268, -0.796926, 0.0
834.0, -0.285975, 0.118989, 0.006135, 1.415268, -0.796926, 0.0
834.0, -0.285975, 0.118989, 0.006135, 1.415268, -0.796926, 0.0
849.0, -0.298115, 0.123556, 0.006015, 1.415268, -0.796926, 0.0
867.0, -0.310267, 0.128126, 0.005913, 1.415268, -0.796926, 0.0
867.0, -0.310267, 0.128126, 0.005913, 1.415268, -0.796926, 0.0
883.0, -0.322379, 0.132693, 0.005806, 1.415467, -0.546923, 0.0
883.0, -0.322379, 0.132693, 0.005806, 1.415467, -0.546923, 0.0
899.0, -0.334384, 0.137246, 0.005675, 1.415467, -0.546923, 0.0
917.0, -0.346218, 0.141777, 0.005508, 1.415467, -0.546923, 0.0
917.0, -0.346218, 0.141777, 0.005508, 1.415467, -0.546923, 0.0
932.0, -0.357824, 0.146276, 0.005301, 1.415467, -0.546923, 0.0
932.0, -0.357824, 0.146276, 0.005301, 1.415467, -0.546923, 0.0
949.0, -0.369152, 0.150737, 0.005058, 1.415467, -0.546923, 0.0
967.0, -0.380163, 0.155154, 0.004785, 1.415467, -0.546923, 0.0
967.0, -0.380163, 0.155154, 0.004785, 1.415467, -0.546923, 0.0
982.0, -0.390821, 0.159523, 0.004493, 1.415467, -0.546923, 0.0
982.0, -0.390821, 0.159523, 0.004493, 1.415467, -0.546923, 0.0
999.0, -0.4011, 0.163842, 0.004189, 1.415467, -0.546923, 0.0
1015.0, -0.410977, 0.168111, 0.003883, 1.415467, -0.546923, 0.0
1015.0, -0.410977, 0.168111, 0.003883, 1.415467, -0.546923, 0.0
1032.0, -0.420433, 0.172328, 0.003582, 1.415467, -0.546923, 0.0
1032.0, -0.420433, 0.172328, 0.003582, 1.415467, -0.546923, 0.0
1049.0, -0.429454, 0.176493, 0.003292, 1.415467, -0.546923, 0.0
1067.0, -0.438027, 0.180607, 0.003018, 1.415467, -0.546923, 0.0
1067.0, -0.438027, 0.180607, 0.003018, 1.415467, -0.546923, 0.0
1083.0, -0.446144, 0.184669, 0.002762, 1.415467, -0.546923, 0.0
1083.0, -0.446144, 0.184669, 0.002762, 1.415467, -0.546923, 0.0
1099.0, -0.453797, 0.18868, 0.002525, 1.415467, -0.546923, 0.0
1117.0, -0.46098, 0.192642, 0.002309, 1.415467, -0.546923, 0.0
1117.0, -0.46098, 0.192642, 0.002309, 1.415467, -0.546923, 0.0
1132.0, -0.467688, 0.196555, 0.00211, 1.415666, -0.296921, 0.0
1132.0, -0.467688, 0.196555, 0.00211, 1.415666, -0.296921, 0.0
1149.0, -0.473918, 0.200419, 0.001928, 1.415666, -0.296921, 0.0
1167.0, -0.479667, 0.204234, 0.00176, 1.415666, -0.296921, 0.0
1167.0, -0.479667, 0.204234, 0.00176, 1.415666, -0.296921, 0.0
1182.0, -0.484933, 0.208002, 0.001604, 1.415666, -0.296921, 0.0
1182.0, -0.484933, 0.208002, 0.001604, 1.415666, -0.296921, 0.0
1199.0, -0.489716, 0.211721, 0.001454, 1.415666, -0.296921, 0.0
1215.0, -0.494015, 0.215394, 0.001308, 1.415666, -0.296921, 0.0
1215.0, -0.494015, 0.215394, 0.001308, 1.415666, -0.296921, 0.0
1232.0, -0.49783, 0.219019, 0.00116, 1.415666, -0.296921, 0.0
1232.0, -0.49783, 0.219019, 0.00116, 1.415666, -0.296921, 0.0
1249.0, -0.501163, 0.222598, 0.001008, 1.415666, -0.296921, 0.0
1267.0, -0.504015, 0.226129, 0.000846, 1.415666, -0.296921, 0.0
1267.0, -0.504015, 0.226129, 0.000846, 1.415666, -0.296921, 0.0
1283.0, -0.50639, 0.229615, 0.000671, 1.415666, -0.296921, 0.0
1283.0, -0.50639, 0.229615, 0.000671, 1.415666, -0.296921, 0.0
1299.0, -0.508289, 0.233057, 0.000481, 1.415666, -0.296921, 0.0
1316.0, -0.509716, 0.236457, 0.000279, 1.415666, -0.296921, 0.0
1316.0, -0.509716, 0.236457, 0.000279, 1.415666, -0.296921, 0.0
1334.0, -0.510675, 0.239818, 0.000067, 1.415666, -0.296921, 0.0
1334.0, -0.510675, 0.239818, 0.000067, 1.415666, -0.296921, 0.0
1349.0, -0.511166, 0.243148, -0.000143, 1.415666, -0.296921, 0.0
1367.0, -0.511189, 0.246453, -0.000342, 1.415666, -0.296921, 0.0
1367.0, -0.511189, 0.246453, -0.000342, 1.415666, -0.296921, 0.0
1381.0, -0.51074, 0.24974, -0.000519, 1.415865, -0.046919, 0.0
1381.0, -0.51074, 0.24974, -0.000519, 1.415865, -0.046919, 0.0
1399.0, -0.509812, 0.253015, -0.00067, 1.415865, -0.046919, 0.0
1416.0, -0.508396, 0.256281, -0.000795, 1.415865, -0.046919, 0.0
1416.0, -0.508396, 0.256281, -0.000795, 1.415865, -0.046919, 0.0
1433.0, -0.506483, 0.259541, -0.0009, 1.415865, -0.046919, 0.0
1433.0, -0.506483, 0.259541, -0.0009, 1.415865, -0.046919, 0.0
1449.0, -0.504065, 0.26279, -0.000993, 1.415865, -0.046919, 0.0
1467.0, -0.501134, 0.266025, -0.001081, 1.415865, -0.046919, 0.0
1467.0, -0.501134, 0.266025, -0.001081, 1.415865, -0.046919, 0.0
1482.0, -0.497687, 0.269242, -0.001173, 1.415865, -0.046919, 0.0
1482.0, -0.497687, 0.269242, -0.001173, 1.415865, -0.046919, 0.0
1499.0, -0.493722, 0.272435, -0.001272, 1.415865, -0.046919, 0.0
1516.0, -0.489236, 0.275599, -0.00138, 1.415865, -0.046919, 0.0
1516.0, -0.489236, 0.275599, -0.00138, 1.415865, -0.046919, 0.0
1534.0, -0.48423, 0.27873, -0.0015, 1.415865, -0.046919, 0.0
1534.0, -0.48423, 0.27873, -0.0015, 1.415865, -0.046919, 0.0
1549.0, -0.478705, 0.281826, -0.00163, 1.415865, -0.046919, 0.0
1569.0, -0.472659, 0.284884, -0.001767, 1.415865, -0.046919, 0.0
1569.0, -0.472659, 0.284884, -0.001767, 1.415865, -0.046919, 0.0
1583.0, -0.4661, 0.2879, -0.001911, 1.415865, -0.046919, 0.0
1584.0, -0.4661, 0.2879, -0.001911, 1.415865, -0.046919, 0.0
1599.0, -0.459021, 0.290876, -0.002058, 1.415865, -0.046919, 0.0
1616.0, -0.451434, 0.293805, -0.002207, 1.415865, -0.046919, 0.0
1616.0, -0.451434, 0.293805, -0.002207, 1.415865, -0.046919, 0.0
1633.0, -0.443335, 0.296691, -0.002354, 1.416064, 0.203103, 0.0
1633.0, -0.443335, 0.296691, -0.002354, 1.416064, 0.203103, 0.0
1648.0, -0.434727, 0.299531, -0.002499, 1.416064, 0.203103, 0.0
1668.0, -0.42561, 0.302325, -0.00264, 1.416064, 0.203103, 0.0
1668.0, -0.42561, 0.302325, -0.00264, 1.416064, 0.203103, 0.0
1683.0, -0.415986, 0.305074, -0.002775, 1.416064, 0.203103, 0.0
1683.0, -0.415986, 0.305074, -0.002775, 1.416064, 0.203103, 0.0
1700.0, -0.405854, 0.307776, -0.002904, 1.416064, 0.203103, 0.0
1717.0, -0.39522, 0.310431, -0.003027, 1.416064, 0.203103, 0.0
1717.0, -0.39522, 0.310431, -0.003027, 1.416064, 0.203103, 0.0
1733.0, -0.384082, 0.313038, -0.003142, 1.416064, 0.203103, 0.0
1733.0, -0.384082, 0.313038, -0.003142, 1.416064, 0.203103, 0.0
1751.0, -0.372441, 0.315597, -0.003252, 1.416064, 0.203103, 0.0
1769.0, -0.360298, 0.318108, -0.003354, 1.416064, 0.203103, 0.0
1769.0, -0.360298, 0.318108, -0.003354, 1.416064, 0.203103, 0.0
1784.0, -0.347653, 0.32057, -0.003451, 1.416064, 0.203103, 0.0
1784.0, -0.347653, 0.32057, -0.003451, 1.416064, 0.203103, 0.0
1799.0, -0.334508, 0.322983, -0.003542, 1.416064, 0.203103, 0.0
1817.0, -0.320862, 0.325346, -0.003628, 1.416064, 0.203103, 0.0
1817.0, -0.320862, 0.325346, -0.003628, 1.416064, 0.203103, 0.0
1831.0, -0.306717, 0.327658, -0.003709, 1.416064, 0.203103, 0.0
1831.0, -0.306717, 0.327658, -0.003709, 1.416064, 0.203103, 0.0
1848.0, -0.292069, 0.329919, -0.003786, 1.416064, 0.203103, 0.0
1868.0, -0.276925, 0.332128, -0.003859, 1.416064, 0.203103, 0.0
1868.0, -0.276925, 0.332128, -0.003859, 1.416064, 0.203103, 0.0
1882.0, -0.261282, 0.334283, -0.003929, 1.416263, 0.453112, 0.0
1882.0, -0.261282, 0.334283, -0.003929, 1.416263, 0.453112, 0.0
1898.0, -0.245141, 0.336385, -0.003996, 1.416263, 0.453112, 0.0
1916.0, -0.228501, 0.338432, -0.00406, 1.416263, 0.453112, 0.0
1916.0, -0.228501, 0.338432, -0.00406, 1.416263, 0.453112, 0.0
1933.0, -0.211364, 0.340422, -0.004123, 1.416263, 0.453112, 0.0
1933.0, -0.211364, 0.340422, -0.004123, 1.416263, 0.453112, 0.0
1949.0, -0.193729, 0.342356, -0.004184, 1.416263, 0.453112, 0.0
1967.0, -0.175597, 0.344232, -0.004244, 1.416263, 0.453112, 0.0
1967.0, -0.175597, 0.344232, -0.004244, 1.416263, 0.453112, 0.0
1983.0, -0.156967, 0.346049, -0.004303, 1.416263, 0.453112, 0.0
1983.0, -0.156967, 0.346049, -0.004303, 1.416263, 0.453112, 0.0
1999.0, -0.13784, 0.347806, -0.00436, 1.416263, 0.453112, 0.0
2016.0, -0.118217, 0.3495, -0.004417, 1.416263, 0.453112, 0.0
2016.0, -0.118217, 0.3495, -0.004417, 1.416263, 0.453112, 0.0
2033.0, -0.098098, 0.351132, -0.004474, 1.416263, 0.453112, 0.0
2033.0, -0.098098, 0.351132, -0.004474, 1.416263, 0.453112, 0.0
2049.0, -0.077482, 0.352699, -0.00453, 1.416263, 0.453112, 0.0
2067.0, -0.05637, 0.354202, -0.004586, 1.416263, 0.453112, 0.0
2067.0, -0.05637, 0.354202, -0.004586, 1.416263, 0.453112, 0.0
2082.0, -0.034813, 0.355645, -0.004621, 1.416263, 0.453112, 0.0
2082.0, -0.034813, 0.355645, -0.004621, 1.416263, 0.453112, 0.0
2099.0, -0.012874, 0.357037, -0.004616, 1.416263, 0.453112, 0.0
2116.0, 0.009382, 0.358384, -0.00456, 1.416263, 0.453112, 0.0
2116.0, 0.009382, 0.358384, -0.00456, 1.416263, 0.453112, 0.0
2132.0, 0.0319, 0.359693, -0.004453, 1.416462, 0.703115, 0.0
2132.0, 0.0319, 0.359693, -0.004453, 1.416462, 0.703115, 0.0
2149.0, 0.05463, 0.360969, -0.004298, 1.416462, 0.703115, 0.0
2167.0, 0.077534, 0.362216, -0.004103, 1.416462, 0.703115, 0.0
2167.0, 0.077534, 0.362216, -0.004103, 1.416462, 0.703115, 0.0
2182.0, 0.100578, 0.363439, -0.003881, 1.416462, 0.703115, 0.0
2182.0, 0.100578, 0.363439, -0.003881, 1.416462, 0.703115, 0.0
2199.0, 0.123734, 0.364641, -0.003641, 1.416462, 0.703115, 0.0
2216.0, 0.146981, 0.365824, -0.003393, 1.416462, 0.703115, 0.0
2216.0, 0.146981, 0.365824, -0.003393, 1.416462, 0.703115, 0.0
2233.0, 0.170301, 0.366992, -0.003147, 1.416462, 0.703115, 0.0
2233.0, 0.170301, 0.366992, -0.003147, 1.416462, 0.703115, 0.0
2249.0, 0.193679, 0.368148, -0.002908, 1.416462, 0.703115, 0.0
2267.0, 0.217104, 0.369293, -0.002684, 1.416462, 0.703115, 0.0
2267.0, 0.217104, 0.369293, -0.002684, 1.416462, 0.703115, 0.0
2284.0, 0.240566, 0.37043, -0.002477, 1.416462, 0.703115, 0.0
2284.0, 0.240566, 0.37043, -0.002477, 1.416462, 0.703115, 0.0
2299.0, 0.264058, 0.37156, -0.00229, 1.416462, 0.703115, 0.0
2316.0, 0.287575, 0.372685, -0.002124, 1.416462, 0.703115, 0.0
2316.0, 0.287575, 0.372685, -0.002124, 1.416462, 0.703115, 0.0
2333.0, 0.311111, 0.373807, -0.001979, 1.416462, 0.703115, 0.0
2333.0, 0.311111, 0.373807, -0.001979, 1.416462, 0.703115, 0.0
2349.0, 0.334663, 0.374926, -0.001853, 1.416462, 0.703115, 0.0
2367.0, 0.358227, 0.376044, -0.001747, 1.416462, 0.703115, 0.0
2367.0, 0.358227, 0.376044, -0.001747, 1.416462, 0.703115, 0.0
2382.0, 0.381806, 0.377162, -0.001659, 1.416661, 0.953117, 0.0
2382.0, 0.381806, 0.377162, -0.001659, 1.416661, 0.953117, 0.0
2398.0, 0.405395, 0.378279, -0.001587, 1.416661, 0.953117, 0.0
2415.0, 0.42899, 0.379397, -0.001528, 1.416661, 0.953117, 0.0
2415.0, 0.42899, 0.379397, -0.001528, 1.416661, 0.953117, 0.0
2432.0, 0.45259, 0.380515, -0.001479, 1.416661, 0.953117, 0.0
2432.0, 0.45259, 0.380515, -0.001479, 1.416661, 0.953117, 0.0
2449.0, 0.476194, 0.381634, -0.00144, 1.416661, 0.953117, 0.0
2468.0, 0.499802, 0.382754, -0.001409, 1.416661, 0.953117, 0.0
2468.0, 0.499802, 0.382754, -0.001409, 1.416661, 0.953117, 0.0
2483.0, 0.523407, 0.383875, -0.001383, 1.416661, 0.953117, 0.0
2483.0, 0.523407, 0.383875, -0.001383, 1.416661, 0.953117, 0.0
2499.0, 0.547013, 0.384997, -0.001363, 1.416661, 0.953117, 0.0
2516.0, 0.57062, 0.38612, -0.001347, 1.416661, 0.953117, 0.0
2516.0, 0.57062, 0.38612, -0.001347, 1.416661, 0.953117, 0.0
2533.0, 0.59423, 0.387243, -0.001337, 1.416661, 0.953117, 0.0
2533.0, 0.59423, 0.387243, -0.001337, 1.416661, 0.953117, 0.0
2548.0, 0.617842, 0.388368, -0.001329, 1.416661, 0.953117, 0.0
2568.0, 0.641455, 0.389493, -0.001325, 1.416661, 0.953117, 0.0
2568.0, 0.641455, 0.389493, -0.001325, 1.416661, 0.953117, 0.0
2583.0, 0.665164, 0.390624, -0.001322, 1.416661, 0.953117, 0.0
2583.0, 0.665164, 0.390624, -0.001322, 1.416661, 0.953117, 0.0
2599.0, 0.688779, 0.391751, -0.001321, 1.416661, 0.953117, 0.0
2615.0, 0.712396, 0.392879, -0.001321, 1.416661, 0.953117, 0.0
2615.0, 0.712396, 0.392879, -0.001321, 1.416661, 0.953117, 0.0
2632.0, 0.736014, 0.394007, -0.001321, 1.41686, 1.203187, 0.0
2632.0, 0.736014, 0.394007, -0.001321, 1.41686, 1.203187, 0.0
2649.0, 0.759633, 0.395135, -0.001321, 1.41686, 1.203187, 0.0
2667.0, 0.783252, 0.396264, -0.001321, 1.41686, 1.203187, 0.0
2667.0, 0.783252, 0.396264, -0.001321, 1.41686, 1.203187, 0.0
2682.0, 0.806862, 0.397393, -0.001317, 1.41686, 1.203187, 0.0
2682.0, 0.806862, 0.397393, -0.001317, 1.41686, 1.203187, 0.0
2699.0, 0.830471, 0.398522, -0.001314, 1.41686, 1.203187, 0.0
2716.0, 0.85408, 0.399651, -0.001314, 1.41686, 1.203187, 0.0
2716.0, 0.85408, 0.399651, -0.001314, 1.41686, 1.203187, 0.0
2732.0, 0.877716, 0.400782, -0.001312, 1.41686, 1.203187, 0.0
2732.0, 0.877716, 0.400782, -0.001312, 1.41686, 1.203187, 0.0
2749.0, 0.901328, 0.401911, -0.001312, 1.41686, 1.203187, 0.0
2767.0, 0.924942, 0.403041, -0.001315, 1.41686, 1.203187, 0.0
2767.0, 0.924942, 0.403041, -0.001315, 1.41686, 1.203187, 0.0
2784.0, 0.948561, 0.404171, -0.001318, 1.41686, 1.203187, 0.0
2784.0, 0.948561, 0.404171, -0.001318, 1.41686, 1.203187, 0.0
2799.0, 0.972183, 0.405301, -0.001322, 1.41686, 1.203187, 0.0
2816.0, 0.995806, 0.406432, -0.001324, 1.41686, 1.203187, 0.0
2816.0, 0.995806, 0.406432, -0.001324, 1.41686, 1.203187, 0.0
2832.0, 1.019429, 0.407563, -0.001324, 1.41686, 1.203187, 0.0
2832.0, 1.019429, 0.407563, -0.001324, 1.41686, 1.203187, 0.0
2849.0, 1.043052, 0.408693, -0.001326, 1.41686, 1.203187, 0.0
2867.0, 1.066675, 0.409824, -0.001326, 1.41686, 1.203187, 0.0
2867.0, 1.066675, 0.409824, -0.001326, 1.41686, 1.203187, 0.0
2882.0, 1.090307, 0.410955, -0.001329, 1.41706, 1.453208, 0.0
2882.0, 1.090307, 0.410955, -0.001329, 1.41706, 1.453208, 0.0
2898.0, 1.113941, 0.412087, -0.001331, 1.41706, 1.453208, 0.0
2917.0, 1.137574, 0.413218, -0.001331, 1.41706, 1.453208, 0.0
2917.0, 1.137574, 0.413218, -0.001331, 1.41706, 1.453208, 0.0
2933.0, 1.161207, 0.414349, -0.001331, 1.41706, 1.453208, 0.0
2933.0, 1.161207, 0.414349, -0.001331, 1.41706, 1.453208, 0.0
2949.0, 1.184837, 0.41548, -0.001328, 1.41706, 1.453208, 0.0
2967.0, 1.208467, 0.416611, -0.001326, 1.41706, 1.453208, 0.0
2967.0, 1.208467, 0.416611, -0.001326, 1.41706, 1.453208, 0.0
2983.0, 1.23209, 0.417742, -0.001321, 1.41706, 1.453208, 0.0
2983.0, 1.23209, 0.417742, -0.001321, 1.41706, 1.453208, 0.0
2999.0, 1.255711, 0.418872, -0.001317, 1.41706, 1.453208, 0.0
3017.0, 1.279331, 0.420003, -0.001314, 1.41706, 1.453208, 0.0
3017.0, 1.279331, 0.420003, -0.001314, 1.41706, 1.453208, 0.0
3032.0, 1.302951, 0.421133, -0.001312, 1.41706, 1.453208, 0.0
3032.0, 1.302951, 0.421133, -0.001312, 1.41706, 1.453208, 0.0
3049.0, 1.326571, 0.422263, -0.001312, 1.41706, 1.453208, 0.0
3067.0, 1.350191, 0.423394, -0.001312, 1.41706, 1.453208, 0.0
3067.0, 1.350191, 0.423394, -0.001312, 1.41706, 1.453208, 0.0
3082.0, 1.373811, 0.424524, -0.001312, 1.41706, 1.453208, 0.0
3083.0, 1.373811, 0.424524, -0.001312, 1.41706, 1.453208, 0.0
3098.0, 1.397431, 0.425654, -0.001312, 1.41706, 1.453208, 0.0
3116.0, 1.421052, 0.426785, -0.001312, 1.41706, 1.453208, 0.0
3116.0, 1.421052, 0.426785, -0.001312, 1.41706, 1.453208, 0.0
3133.0, 1.444673, 0.427915, -0.001312, 1.417259, 1.70321, 0.0
3133.0, 1.444673, 0.427915, -0.001312, 1.417259, 1.70321, 0.0
3149.0, 1.468293, 0.429046, -0.001312, 1.417259, 1.70321, 0.0
3167.0, 1.491915, 0.430176, -0.001314, 1.417259, 1.70321, 0.0
3167.0, 1.491915, 0.430176, -0.001314, 1.417259, 1.70321, 0.0
3183.0, 1.515536, 0.431307, -0.001314, 1.417259, 1.70321, 0.0
3183.0, 1.515536, 0.431307, -0.001314, 1.417259, 1.70321, 0.0
3199.0, 1.539157, 0.432437, -0.001314, 1.417259, 1.70321, 0.0
3216.0, 1.562778, 0.433568, -0.001316, 1.417259, 1.70321, 0.0
3216.0, 1.562778, 0.433568, -0.001316, 1.417259, 1.70321, 0.0
3233.0, 1.586399, 0.434699, -0.001316, 1.417259, 1.70321, 0.0
3233.0, 1.586399, 0.434699, -0.001316, 1.417259, 1.70321, 0.0
3249.0, 1.61002, 0.435829, -0.001316, 1.417259, 1.70321, 0.0
3265.0, 1.633642, 0.43696, -0.001316, 1.417259, 1.70321, 0.0
3265.0, 1.633642, 0.43696, -0.001316, 1.417259, 1.70321, 0.0
3282.0, 1.657263, 0.438091, -0.001316, 1.417259, 1.70321, 0.0
3282.0, 1.657263, 0.438091, -0.001316, 1.417259, 1.70321, 0.0
3299.0, 1.680885, 0.439221, -0.001316, 1.417259, 1.70321, 0.0
3316.0, 1.704506, 0.440352, -0.001318, 1.417259, 1.70321, 0.0
3316.0, 1.704506, 0.440352, -0.001318, 1.417259, 1.70321, 0.0
3332.0, 1.728128, 0.441483, -0.001318, 1.417259, 1.70321, 0.0
3332.0, 1.728128, 0.441483, -0.001318, 1.417259, 1.70321, 0.0
3349.0, 1.751749, 0.442613, -0.001318, 1.417259, 1.70321, 0.0
3368.0, 1.77537, 0.443744, -0.001318, 1.417259, 1.70321, 0.0
3368.0, 1.77537, 0.443744, -0.001318, 1.417259, 1.70321, 0.0
3383.0, 1.798996, 0.444875, -0.001318, 1.417458, 1.953213, 0.0
3383.0, 1.798996, 0.444875, -0.001318, 1.417458, 1.953213, 0.0
3399.0, 1.822628, 0.446006, -0.001321, 1.417458, 1.953213, 0.0
3417.0, 1.846255, 0.447137, -0.001321, 1.417458, 1.953213, 0.0
3417.0, 1.846255, 0.447137, -0.001321, 1.417458, 1.953213, 0.0
3433.0, 1.869881, 0.448268, -0.001321, 1.417458, 1.953213, 0.0
3433.0, 1.869881, 0.448268, -0.001321, 1.417458, 1.953213, 0.0
3449.0, 1.893507, 0.449399, -0.001321, 1.417458, 1.953213, 0.0
3467.0, 1.917132, 0.45053, -0.001321, 1.417458, 1.953213, 0.0
3467.0, 1.917132, 0.45053, -0.001321, 1.417458, 1.953213, 0.0
3483.0, 1.940752, 0.45166, -0.001318, 1.417458, 1.953213, 0.0
3483.0, 1.940752, 0.45166, -0.001318, 1.417458, 1.953213, 0.0
3499.0, 1.96437, 0.452791, -0.001315, 1.417458, 1.953213, 0.0
3515.0, 1.987988, 0.453921, -0.001313, 1.417458, 1.953213, 0.0
3515.0, 1.987988, 0.453921, -0.001313, 1.417458, 1.953213, 0.0
3532.0, 2.011606, 0.455051, -0.001313, 1.417458, 1.953213, 0.0
3532.0, 2.011606, 0.455051, -0.001313, 1.417458, 1.953213, 0.0
3549.0, 2.035224, 0.456182, -0.001313, 1.417458, 1.953213, 0.0
3566.0, 2.058843, 0.457312, -0.001313, 1.417458, 1.953213, 0.0
3566.0, 2.058843, 0.457312, -0.001313, 1.417458, 1.953213, 0.0
3582.0, 2.082462, 0.458443, -0.001313, 1.417458, 1.953213, 0.0
3582.0, 2.082462, 0.458443, -0.001313, 1.417458, 1.953213, 0.0
3599.0, 2.106082, 0.459573, -0.001313, 1.417458, 1.953213, 0.0
3616.0, 2.129702, 0.460704, -0.001313, 1.417458, 1.953213, 0.0
3616.0, 2.129702, 0.460704, -0.001313, 1.417458, 1.953213, 0.0
3633.0, 2.153322, 0.461834, -0.001315, 1.417657, 2.203218, 0.0
3633.0, 2.153322, 0.461834, -0.001315, 1.417657, 2.203218, 0.0
3649.0, 2.176943, 0.462965, -0.001315, 1.417657, 2.203218, 0.0
3667.0, 2.200563, 0.464095, -0.001315, 1.417657, 2.203218, 0.0
3667.0, 2.200563, 0.464095, -0.001315, 1.417657, 2.203218, 0.0
3683.0, 2.224184, 0.465226, -0.001317, 1.417657, 2.203218, 0.0
3683.0, 2.224184, 0.465226, -0.001317, 1.417657, 2.203218, 0.0
3699.0, 2.247805, 0.466356, -0.001317, 1.417657, 2.203218, 0.0
3716.0, 2.271426, 0.467487, -0.001317, 1.417657, 2.203218, 0.0
3716.0, 2.271426, 0.467487, -0.001317, 1.417657, 2.203218, 0.0
3733.0, 2.295047, 0.468618, -0.001317, 1.417657, 2.203218, 0.0
3733.0, 2.295047, 0.468618, -0.001317, 1.417657, 2.203218, 0.0
3749.0, 2.318668, 0.469748, -0.001317, 1.417657, 2.203218, 0.0
3768.0, 2.342289, 0.470879, -0.001317, 1.417657, 2.203218, 0.0
3768.0, 2.342289, 0.470879, -0.001317, 1.417657, 2.203218, 0.0
3782.0, 2.365911, 0.47201, -0.001317, 1.417657, 2.203218, 0.0
3782.0, 2.365911, 0.47201, -0.001317, 1.417657, 2.203218, 0.0
3799.0, 2.389533, 0.47314, -0.001317, 1.417657, 2.203218, 0.0
3815.0, 2.413154, 0.474271, -0.001317, 1.417657, 2.203218, 0.0
3815.0, 2.413154, 0.474271, -0.001317, 1.417657, 2.203218, 0.0
3832.0, 2.436775, 0.475402, -0.001317, 1.417657, 2.203218, 0.0
3832.0, 2.436775, 0.475402, -0.001317, 1.417657, 2.203218, 0.0
3849.0, 2.460397, 0.476532, -0.001317, 1.417657, 2.203218, 0.0
3868.0, 2.484018, 0.477663, -0.001317, 1.417657, 2.203218, 0.0
3868.0, 2.484018, 0.477663, -0.001317, 1.417657, 2.203218, 0.0
3883.0, 2.507591, 0.47881, -0.001298, 1.417856, 2.45322, 0.0
3883.0, 2.507591, 0.47881, -0.001298, 1.417856, 2.45322, 0.0
3899.0, 2.531055, 0.479994, -0.001238, 1.417856, 2.45322, 0.0
3916.0, 2.554349, 0.481234, -0.001126, 1.417856, 2.45322, 0.0
3916.0, 2.554349, 0.481234, -0.001126, 1.417856, 2.45322, 0.0
3933.0, 2.57742, 0.482549, -0.000962, 1.417856, 2.45322, 0.0
3933.0, 2.57742, 0.482549, -0.000962, 1.417856, 2.45322, 0.0
3949.0, 2.600221, 0.483952, -0.000748, 1.417856, 2.45322, 0.0
3967.0, 2.622715, 0.485456, -0.000491, 1.417856, 2.45322, 0.0
3967.0, 2.622715, 0.485456, -0.000491, 1.417856, 2.45322, 0.0
3982.0, 2.64487, 0.487072, -0.000203, 1.417856, 2.45322, 0.0
3982.0, 2.64487, 0.487072, -0.000203, 1.417856, 2.45322, 0.0
3999.0, 2.66666, 0.488808, 0.000109, 1.417856, 2.45322, 0.0
4015.0, 2.688065, 0.490673, 0.000432, 1.417856, 2.45322, 0.0
4015.0, 2.688065, 0.490673, 0.000432, 1.417856, 2.45322, 0.0
4032.0, 2.709067, 0.492671, 0.000761, 1.417856, 2.45322, 0.0
4032.0, 2.709067, 0.492671, 0.000761, 1.417856, 2.45322, 0.0
4049.0, 2.729654, 0.49481, 0.001087, 1.417856, 2.45322, 0.0
4067.0, 2.749813, 0.497094, 0.001405, 1.417856, 2.45322, 0.0
4067.0, 2.749813, 0.497094, 0.001405, 1.417856, 2.45322, 0.0
4082.0, 2.76954, 0.499526, 0.00171, 1.417856, 2.45322, 0.0
4082.0, 2.76954, 0.499526, 0.00171, 1.417856, 2.45322, 0.0
4099.0, 2.788826, 0.50211, 0.002001, 1.417856, 2.45322, 0.0
4116.0, 2.807683, 0.504852, 0.002278, 1.417856, 2.45322, 0.0
4116.0, 2.807683, 0.504852, 0.002278, 1.417856, 2.45322, 0.0
4133.0, 2.826066, 0.507747, 0.002539, 1.418055, 2.703241, 0.0
4133.0, 2.826066, 0.507747, 0.002539, 1.418055, 2.703241, 0.0
4149.0, 2.843992, 0.5108, 0.002786, 1.418055, 2.703241, 0.0
4166.0, 2.861458, 0.514013, 0.003019, 1.418055, 2.703241, 0.0
4166.0, 2.861458, 0.514013, 0.003019, 1.418055, 2.703241, 0.0
4182.0, 2.878503, 0.517368, 0.003221, 1.418055, 2.703241, 0.0
4182.0, 2.878503, 0.517368, 0.003221, 1.418055, 2.703241, 0.0
4199.0, 2.895192, 0.520848, 0.003372, 1.418055, 2.703241, 0.0
4215.0, 2.911585, 0.524432, 0.00346, 1.418055, 2.703241, 0.0
4215.0, 2.911585, 0.524432, 0.00346, 1.418055, 2.703241, 0.0
4232.0, 2.927734, 0.528105, 0.003486, 1.418055, 2.703241, 0.0
4232.0, 2.927734, 0.528105, 0.003486, 1.418055, 2.703241, 0.0
4248.0, 2.943685, 0.531852, 0.003452, 1.418055, 2.703241, 0.0
4267.0, 2.959475, 0.535661, 0.003369, 1.418055, 2.703241, 0.0
4267.0, 2.959475, 0.535661, 0.003369, 1.418055, 2.703241, 0.0
4283.0, 2.975137, 0.539521, 0.003246, 1.418055, 2.703241, 0.0
4283.0, 2.975137, 0.539521, 0.003246, 1.418055, 2.703241, 0.0
4299.0, 2.990695, 0.543424, 0.003094, 1.418055, 2.703241, 0.0
4316.0, 3.006167, 0.547363, 0.002926, 1.418055, 2.703241, 0.0
4316.0, 3.006167, 0.547363, 0.002926, 1.418055, 2.703241, 0.0
4333.0, 3.021571, 0.551331, 0.00275, 1.418055, 2.703241, 0.0
4333.0, 3.021571, 0.551331, 0.00275, 1.418055, 2.703241, 0.0
4349.0, 3.036919, 0.555323, 0.002573, 1.418055, 2.703241, 0.0
4367.0, 3.052223, 0.559334, 0.002402, 1.418055, 2.703241, 0.0
4367.0, 3.052223, 0.559334, 0.002402, 1.418055, 2.703241, 0.0
4382.0, 3.067494, 0.563363, 0.002239, 1.418254, 2.953243, 0.0
4382.0, 3.067494, 0.563363, 0.002239, 1.418254, 2.953243, 0.0
4399.0, 3.082737, 0.567404, 0.00209, 1.418254, 2.953243, 0.0
4415.0, 3.097973, 0.571461, 0.001955, 1.418254, 2.953243, 0.0
4415.0, 3.097973, 0.571461, 0.001955, 1.418254, 2.953243, 0.0
4432.0, 3.113173, 0.575521, 0.001835, 1.418254, 2.953243, 0.0
4432.0, 3.113173, 0.575521, 0.001835, 1.418254, 2.953243, 0.0
4449.0, 3.128359, 0.579588, 0.001732, 1.418254, 2.953243, 0.0
4467.0, 3.143531, 0.583659, 0.001643, 1.418254, 2.953243, 0.0
4467.0, 3.143531, 0.583659, 0.001643, 1.418254, 2.953243, 0.0
4482.0, 3.158688, 0.587733, 0.00157, 1.418254, 2.953243, 0.0
4482.0, 3.158688, 0.587733, 0.00157, 1.418254, 2.953243, 0.0
4499.0, 3.173835, 0.59181, 0.001509, 1.418254, 2.953243, 0.0
4516.0, 3.188976, 0.595888, 0.001459, 1.418254, 2.953243, 0.0
4516.0, 3.188976, 0.595888, 0.001459, 1.418254, 2.953243, 0.0
4532.0, 3.204112, 0.599968, 0.001417, 1.418254, 2.953243, 0.0
4532.0, 3.204112, 0.599968, 0.001417, 1.418254, 2.953243, 0.0
4549.0, 3.219245, 0.60405, 0.001383, 1.418254, 2.953243, 0.0
4567.0, 3.234375, 0.608133, 0.001355, 1.418254, 2.953243, 0.0
4567.0, 3.234375, 0.608133, 0.001355, 1.418254, 2.953243, 0.0
4583.0, 3.249506, 0.612217, 0.001332, 1.418254, 2.953243, 0.0
4583.0, 3.249506, 0.612217, 0.001332, 1.418254, 2.953243, 0.0
4599.0, 3.264637, 0.616302, 0.001314, 1.418254, 2.953243, 0.0
4617.0, 3.279765, 0.620387, 0.001301, 1.418254, 2.953243, 0.0
4617.0, 3.279765, 0.620387, 0.001301, 1.418254, 2.953243, 0.0
4632.0, 3.294893, 0.624472, 0.001291, 1.418453, 3.203263, 0.0
4632.0, 3.294893, 0.624472, 0.001291, 1.418453, 3.203263, 0.0
4649.0, 3.310019, 0.628558, 0.001284, 1.418453, 3.203263, 0.0
4667.0, 3.325143, 0.632643, 0.001279, 1.418453, 3.203263, 0.0
4667.0, 3.325143, 0.632643, 0.001279, 1.418453, 3.203263, 0.0
4682.0, 3.340267, 0.636728, 0.001277, 1.418453, 3.203263, 0.0
4682.0, 3.340267, 0.636728, 0.001277, 1.418453, 3.203263, 0.0
4699.0, 3.35539, 0.640813, 0.001277, 1.418453, 3.203263, 0.0
4716.0, 3.370512, 0.644897, 0.001274, 1.418453, 3.203263, 0.0
4716.0, 3.370512, 0.644897, 0.001274, 1.418453, 3.203263, 0.0
4732.0, 3.385634, 0.648982, 0.001274, 1.418453, 3.203263, 0.0
4732.0, 3.385634, 0.648982, 0.001274, 1.418453, 3.203263, 0.0
4749.0, 3.400755, 0.653066, 0.001274, 1.418453, 3.203263, 0.0
4767.0, 3.415876, 0.657151, 0.001274, 1.418453, 3.203263, 0.0
4767.0, 3.415876, 0.657151, 0.001274, 1.418453, 3.203263, 0.0
4783.0, 3.430999, 0.661236, 0.001274, 1.418453, 3.203263, 0.0
4783.0, 3.430999, 0.661236, 0.001274, 1.418453, 3.203263, 0.0
4799.0, 3.446123, 0.665321, 0.001274, 1.418453, 3.203263, 0.0
4815.0, 3.461247, 0.669406, 0.001272, 1.418453, 3.203263, 0.0
4815.0, 3.461247, 0.669406, 0.001272, 1.418453, 3.203263, 0.0
4832.0, 3.47637, 0.673491, 0.001272, 1.418453, 3.203263, 0.0
4832.0, 3.47637, 0.673491, 0.001272, 1.418453, 3.203263, 0.0
4848.0, 3.491492, 0.677576, 0.001272, 1.418453, 3.203263, 0.0
4866.0, 3.506614, 0.68166, 0.001272, 1.418453, 3.203263, 0.0
4866.0, 3.506614, 0.68166, 0.001272, 1.418453, 3.203263, 0.0
4882.0, 3.521733, 0.685744, 0.001275, 1.418652, 3.453265, 0.0
4882.0, 3.521733, 0.685744, 0.001275, 1.418652, 3.453265, 0.0
4898.0, 3.53685, 0.689827, 0.001277, 1.418652, 3.453265, 0.0
4916.0, 3.551967, 0.69391, 0.001277, 1.418652, 3.453265, 0.0
4916.0, 3.551967, 0.69391, 0.001277, 1.418652, 3.453265, 0.0
4933.0, 3.567084, 0.697994, 0.001277, 1.418652, 3.453265, 0.0
4933.0, 3.567084, 0.697994, 0.001277, 1.418652, 3.453265, 0.0
4948.0, 3.582201, 0.702077, 0.001279, 1.418652, 3.453265, 0.0
4966.0, 3.597319, 0.70616, 0.001279, 1.418652, 3.453265, 0.0
4966.0, 3.597319, 0.70616, 0.001279, 1.418652, 3.453265, 0.0
4982.0, 3.612436, 0.710244, 0.001279, 1.418652, 3.453265, 0.0
4982.0, 3.612436, 0.710244, 0.001279, 1.418652, 3.453265, 0.0
4999.0, 3.627554, 0.714327, 0.001279, 1.418652, 3.453265, 0.0
5015.0, 3.642672, 0.718411, 0.001277, 1.418652, 3.453265, 0.0
5015.0, 3.642672, 0.718411, 0.001277, 1.418652, 3.453265, 0.0
5032.0, 3.657791, 0.722494, 0.001277, 1.418652, 3.453265, 0.0
5032.0, 3.657791, 0.722494, 0.001277, 1.418652, 3.453265, 0.0
5049.0, 3.672909, 0.726578, 0.001277, 1.418652, 3.453265, 0.0
5066.0, 3.688028, 0.730661, 0.001275, 1.418652, 3.453265, 0.0
5066.0, 3.688028, 0.730661, 0.001275, 1.418652, 3.453265, 0.0
5082.0, 3.703146, 0.734745, 0.001275, 1.418652, 3.453265, 0.0
5082.0, 3.703146, 0.734745, 0.001275, 1.418652, 3.453265, 0.0
5099.0, 3.718265, 0.738829, 0.001275, 1.418652, 3.453265, 0.0
5115.0, 3.733383, 0.742913, 0.001275, 1.418652, 3.453265, 0.0
5115.0, 3.733383, 0.742913, 0.001275, 1.418652, 3.453265, 0.0
5132.0, 3.748502, 0.746996, 0.001275, 1.418851, 3.703267, 0.0
5132.0, 3.748502, 0.746996, 0.001275, 1.418851, 3.703267, 0.0
5149.0, 3.763621, 0.75108, 0.001275, 1.418851, 3.703267, 0.0
5167.0, 3.77874, 0.755164, 0.001275, 1.418851, 3.703267, 0.0
5167.0, 3.77874, 0.755164, 0.001275, 1.418851, 3.703267, 0.0
5182.0, 3.793859, 0.759248, 0.001275, 1.418851, 3.703267, 0.0
5182.0, 3.793859, 0.759248, 0.001275, 1.418851, 3.703267, 0.0
5199.0, 3.808978, 0.763331, 0.001275, 1.418851, 3.703267, 0.0
5216.0, 3.824097, 0.767415, 0.001275, 1.418851, 3.703267, 0.0
5216.0, 3.824097, 0.767415, 0.001275, 1.418851, 3.703267, 0.0
5233.0, 3.839216, 0.771499, 0.001273, 1.418851, 3.703267, 0.0
5233.0, 3.839216, 0.771499, 0.001273, 1.418851, 3.703267, 0.0
5249.0, 3.854335, 0.775583, 0.001273, 1.418851, 3.703267, 0.0
5267.0, 3.869454, 0.779667, 0.001273, 1.418851, 3.703267, 0.0
5267.0, 3.869454, 0.779667, 0.001273, 1.418851, 3.703267, 0.0
5284.0, 3.884573, 0.78375, 0.001273, 1.418851, 3.703267, 0.0
5284.0, 3.884573, 0.78375, 0.001273, 1.418851, 3.703267, 0.0
5298.0, 3.899692, 0.787834, 0.001273, 1.418851, 3.703267, 0.0
5315.0, 3.914811, 0.791918, 0.001273, 1.418851, 3.703267, 0.0
5315.0, 3.914811, 0.791918, 0.001273, 1.418851, 3.703267, 0.0
5332.0, 3.92993, 0.796002, 0.001273, 1.418851, 3.703267, 0.0
5332.0, 3.92993, 0.796002, 0.001273, 1.418851, 3.703267, 0.0
5348.0, 3.945049, 0.800086, 0.001273, 1.418851, 3.703267, 0.0
5367.0, 3.960168, 0.804169, 0.001273, 1.418851, 3.703267, 0.0
5367.0, 3.960168, 0.804169, 0.001273, 1.418851, 3.703267, 0.0
5382.0, 3.97529, 0.808254, 0.001273, 1.41905, 3.95327, 0.0
5382.0, 3.97529, 0.808254, 0.001273, 1.41905, 3.95327, 0.0
5399.0, 3.990412, 0.812339, 0.001273, 1.41905, 3.95327, 0.0
5416.0, 4.005535, 0.816424, 0.001273, 1.41905, 3.95327, 0.0
5416.0, 4.005535, 0.816424, 0.001273, 1.41905, 3.95327, 0.0
5433.0, 4.020657, 0.820508, 0.001273, 1.41905, 3.95327, 0.0
5433.0, 4.020657, 0.820508, 0.001273, 1.41905, 3.95327, 0.0
5449.0, 4.035779, 0.824593, 0.001273, 1.41905, 3.95327, 0.0
5467.0, 4.0509, 0.828677, 0.001273, 1.41905, 3.95327, 0.0
5467.0, 4.0509, 0.828677, 0.001273, 1.41905, 3.95327, 0.0
5483.0, 4.066018, 0.832761, 0.001275, 1.41905, 3.95327, 0.0
5483.0, 4.066018, 0.832761, 0.001275, 1.41905, 3.95327, 0.0
5498.0, 4.081135, 0.836844, 0.001275, 1.41905, 3.95327, 0.0
5516.0, 4.096256, 0.840928, 0.001278, 1.41905, 3.95327, 0.0
5516.0, 4.096256, 0.840928, 0.001278, 1.41905, 3.95327, 0.0
5532.0, 4.111372, 0.845011, 0.001278, 1.41905, 3.95327, 0.0
5532.0, 4.111372, 0.845011, 0.001278, 1.41905, 3.95327, 0.0
5549.0, 4.126489, 0.849094, 0.001278, 1.41905, 3.95327, 0.0
5567.0, 4.141607, 0.853178, 0.001278, 1.41905, 3.95327, 0.0
5567.0, 4.141607, 0.853178, 0.001278, 1.41905, 3.95327, 0.0
5582.0, 4.156724, 0.857261, 0.001278, 1.41905, 3.95327, 0.0
5582.0, 4.156724, 0.857261, 0.001278, 1.41905, 3.95327, 0.0
5599.0, 4.171842, 0.861345, 0.001278, 1.41905, 3.95327, 0.0
5616.0, 4.18696, 0.865428, 0.001278, 1.41905, 3.95327, 0.0
5616.0, 4.18696, 0.865428, 0.001278, 1.41905, 3.95327, 0.0
5632.0, 4.202078, 0.869512, 0.001276, 1.419249, 4.203276, 0.0
5632.0, 4.202078, 0.869512, 0.001276, 1.419249, 4.203276, 0.0
5649.0, 4.217197, 0.873595, 0.001276, 1.419249, 4.203276, 0.0
5667.0, 4.232316, 0.877679, 0.001276, 1.419249, 4.203276, 0.0
5667.0, 4.232316, 0.877679, 0.001276, 1.419249, 4.203276, 0.0
5683.0, 4.247434, 0.881763, 0.001276, 1.419249, 4.203276, 0.0
5683.0, 4.247434, 0.881763, 0.001276, 1.419249, 4.203276, 0.0
5700.0, 4.262553, 0.885846, 0.001276, 1.419249, 4.203276, 0.0
5717.0, 4.277671, 0.88993, 0.001274, 1.419249, 4.203276, 0.0
5717.0, 4.277671, 0.88993, 0.001274, 1.419249, 4.203276, 0.0
5733.0, 4.29279, 0.894014, 0.001274, 1.419249, 4.203276, 0.0
5733.0, 4.29279, 0.894014, 0.001274, 1.419249, 4.203276, 0.0
5749.0, 4.307909, 0.898098, 0.001274, 1.419249, 4.203276, 0.0
5766.0, 4.323028, 0.902181, 0.001274, 1.419249, 4.203276, 0.0
5766.0, 4.323028, 0.902181, 0.001274, 1.419249, 4.203276, 0.0
5782.0, 4.338147, 0.906265, 0.001274, 1.419249, 4.203276, 0.0
5782.0, 4.338147, 0.906265, 0.001274, 1.419249, 4.203276, 0.0
5799.0, 4.353266, 0.910349, 0.001274, 1.419249, 4.203276, 0.0
5815.0, 4.368384, 0.914433, 0.001274, 1.419249, 4.203276, 0.0
5815.0, 4.368384, 0.914433, 0.001274, 1.419249, 4.203276, 0.0
5833.0, 4.383503, 0.918516, 0.001274, 1.419249, 4.203276, 0.0
5833.0, 4.383503, 0.918516, 0.001274, 1.419249, 4.203276, 0.0
5849.0, 4.398623, 0.9226, 0.001274, 1.419249, 4.203276, 0.0
5867.0, 4.413741, 0.926684, 0.001274, 1.419249, 4.203276, 0.0
5867.0, 4.413741, 0.926684, 0.001274, 1.419249, 4.203276, 0.0
5883.0, 4.42886, 0.930768, 0.001274, 1.419448, 4.453278, 0.0
5883.0, 4.42886, 0.930768, 0.001274, 1.419448, 4.453278, 0.0
5899.0, 4.443979, 0.934852, 0.001274, 1.419448, 4.453278, 0.0
5916.0, 4.459098, 0.938935, 0.001274, 1.419448, 4.453278, 0.0
5916.0, 4.459098, 0.938935, 0.001274, 1.419448, 4.453278, 0.0
5933.0, 4.474217, 0.943019, 0.001274, 1.419448, 4.453278, 0.0
5933.0, 4.474217, 0.943019, 0.001274, 1.419448, 4.453278, 0.0
5949.0, 4.489336, 0.947103, 0.001274, 1.419448, 4.453278, 0.0
5967.0, 4.504455, 0.951187, 0.001274, 1.419448, 4.453278, 0.0
5968.0, 4.504455, 0.951187, 0.001274, 1.419448, 4.453278, 0.0
5983.0, 4.519577, 0.955271, 0.001274, 1.419448, 4.453278, 0.0
5983.0, 4.519577, 0.955271, 0.001274, 1.419448, 4.453278, 0.0
5998.0, 4.5347, 0.959356, 0.001274, 1.419448, 4.453278, 0.0
6016.0, 4.549822, 0.963441, 0.001274, 1.419448, 4.453278, 0.0
6016.0, 4.549822, 0.963441, 0.001274, 1.419448, 4.453278, 0.0
6032.0, 4.564945, 0.967526, 0.001274, 1.419448, 4.453278, 0.0
6032.0, 4.564945, 0.967526, 0.001274, 1.419448, 4.453278, 0.0
6049.0, 4.580067, 0.97161, 0.001274, 1.419448, 4.453278, 0.0
6067.0, 4.595188, 0.975694, 0.001274, 1.419448, 4.453278, 0.0
6067.0, 4.595188, 0.975694, 0.001274, 1.419448, 4.453278, 0.0
6083.0, 4.610306, 0.979778, 0.001274, 1.419448, 4.453278, 0.0
6083.0, 4.610306, 0.979778, 0.001274, 1.419448, 4.453278, 0.0
6099.0, 4.625422, 0.983861, 0.001276, 1.419448, 4.453278, 0.0
6117.0, 4.640539, 0.987944, 0.001276, 1.419448, 4.453278, 0.0
6117.0, 4.640539, 0.987944, 0.001276, 1.419448, 4.453278, 0.0
6132.0, 4.655656, 0.992027, 0.001276, 1.419648, 4.703279, 0.0
6133.0, 4.655656, 0.992027, 0.001276, 1.419648, 4.703279, 0.0
6149.0, 4.670773, 0.996111, 0.001276, 1.419648, 4.703279, 0.0
6167.0, 4.68589, 1.000194, 0.001276, 1.419648, 4.703279, 0.0
6167.0, 4.68589, 1.000194, 0.001276, 1.419648, 4.703279, 0.0
6183.0, 4.701008, 1.004277, 0.001276, 1.419648, 4.703279, 0.0
6183.0, 4.701008, 1.004277, 0.001276, 1.419648, 4.703279, 0.0
6199.0, 4.716125, 1.008361, 0.001276, 1.419648, 4.703279, 0.0
6216.0, 4.731244, 1.012444, 0.001276, 1.419648, 4.703279, 0.0
6216.0, 4.731244, 1.012444, 0.001276, 1.419648, 4.703279, 0.0
6232.0, 4.746362, 1.016528, 0.001276, 1.419648, 4.703279, 0.0
6232.0, 4.746362, 1.016528, 0.001276, 1.419648, 4.703279, 0.0
6249.0, 4.76148, 1.020612, 0.001276, 1.419648, 4.703279, 0.0
6267.0, 4.776599, 1.024695, 0.001276, 1.419648, 4.703279, 0.0
6267.0, 4.776599, 1.024695, 0.001276, 1.419648, 4.703279, 0.0
6283.0, 4.791718, 1.028779, 0.001276, 1.419648, 4.703279, 0.0
6283.0, 4.791718, 1.028779, 0.001276, 1.419648, 4.703279, 0.0
6299.0, 4.806836, 1.032863, 0.001276, 1.419648, 4.703279, 0.0
6316.0, 4.821955, 1.036946, 0.001275, 1.419648, 4.703279, 0.0
6316.0, 4.821955, 1.036946, 0.001275, 1.419648, 4.703279, 0.0
6333.0, 4.837074, 1.04103, 0.001275, 1.419648, 4.703279, 0.0
6333.0, 4.837074, 1.04103, 0.001275, 1.419648, 4.703279, 0.0
6349.0, 4.852193, 1.045114, 0.001275, 1.419648, 4.703279, 0.0
6368.0, 4.867311, 1.049198, 0.001275, 1.419648, 4.703279, 0.0
6368.0, 4.867311, 1.049198, 0.001275, 1.419648, 4.703279, 0.0
6382.0, 4.882431, 1.053281, 0.001275, 1.419847, 4.953281, 0.0
6382.0, 4.882431, 1.053281, 0.001275, 1.419847, 4.953281, 0.0
6399.0, 4.897549, 1.057365, 0.001275, 1.419847, 4.953281, 0.0
6417.0, 4.912668, 1.061449, 0.001275, 1.419847, 4.953281, 0.0
6417.0, 4.912668, 1.061449, 0.001275, 1.419847, 4.953281, 0.0
6432.0, 4.927787, 1.065533, 0.001275, 1.419847, 4.953281, 0.0
6433.0, 4.927787, 1.065533, 0.001275, 1.419847, 4.953281, 0.0
6449.0, 4.942906, 1.069616, 0.001275, 1.419847, 4.953281, 0.0
6466.0, 4.958025, 1.0737, 0.001275, 1.419847, 4.953281, 0.0
6466.0, 4.958025, 1.0737, 0.001275, 1.419847, 4.953281, 0.0
6482.0, 4.973144, 1.077784, 0.001275, 1.419847, 4.953281, 0.0
6482.0, 4.973144, 1.077784, 0.001275, 1.419847, 4.953281, 0.0
6498.0, 4.988263, 1.081868, 0.001275, 1.419847, 4.953281, 0.0
6516.0, 5.003382, 1.085952, 0.001275, 1.419847, 4.953281, 0.0
6516.0, 5.003382, 1.085952, 0.001275, 1.419847, 4.953281, 0.0
6532.0, 5.018501, 1.090035, 0.001275, 1.419847, 4.953281, 0.0
6532.0, 5.018501, 1.090035, 0.001275, 1.419847, 4.953281, 0.0
6549.0, 5.03362, 1.094119, 0.001275, 1.419847, 4.953281, 0.0
6567.0, 5.048739, 1.098203, 0.001275, 1.419847, 4.953281, 0.0
6567.0, 5.048739, 1.098203, 0.001275, 1.419847, 4.953281, 0.0
6583.0, 5.063861, 1.102288, 0.001275, 1.419847, 4.953281, 0.0
6584.0, 5.063861, 1.102288, 0.001275, 1.419847, 4.953281, 0.0
6599.0, 5.078984, 1.106372, 0.001272, 1.419847, 4.953281, 0.0
6616.0, 5.094107, 1.110457, 0.001272, 1.419847, 4.953281, 0.0
6616.0, 5.094107, 1.110457, 0.001272, 1.419847, 4.953281, 0.0
6633.0, 5.109229, 1.114542, 0.001272, 1.420046, 5.203283, 0.0
6633.0, 5.109229, 1.114542, 0.001272, 1.420046, 5.203283, 0.0
6649.0, 5.124351, 1.118626, 0.001272, 1.420046, 5.203283, 0.0
6667.0, 5.139472, 1.122711, 0.001272, 1.420046, 5.203283, 0.0
6667.0, 5.139472, 1.122711, 0.001272, 1.420046, 5.203283, 0.0
6682.0, 5.15459, 1.126794, 0.001274, 1.420046, 5.203283, 0.0
6682.0, 5.15459, 1.126794, 0.001274, 1.420046, 5.203283, 0.0
6699.0, 5.169706, 1.130877, 0.001274, 1.420046, 5.203283, 0.0
6715.0, 5.184823, 1.134961, 0.001277, 1.420046, 5.203283, 0.0
6715.0, 5.184823, 1.134961, 0.001277, 1.420046, 5.203283, 0.0
6732.0, 5.19994, 1.139044, 0.001277, 1.420046, 5.203283, 0.0
6732.0, 5.19994, 1.139044, 0.001277, 1.420046, 5.203283, 0.0
6748.0, 5.215057, 1.143127, 0.001277, 1.420046, 5.203283, 0.0
6766.0, 5.230174, 1.14721, 0.001277, 1.420046, 5.203283, 0.0
6766.0, 5.230174, 1.14721, 0.001277, 1.420046, 5.203283, 0.0
6783.0, 5.245292, 1.151294, 0.001277, 1.420046, 5.203283, 0.0
6783.0, 5.245292, 1.151294, 0.001277, 1.420046, 5.203283, 0.0
6799.0, 5.26041, 1.155377, 0.001277, 1.420046, 5.203283, 0.0
6816.0, 5.275528, 1.159461, 0.001277, 1.420046, 5.203283, 0.0
6816.0, 5.275528, 1.159461, 0.001277, 1.420046, 5.203283, 0.0
6833.0, 5.290646, 1.163544, 0.001277, 1.420046, 5.203283, 0.0
6833.0, 5.290646, 1.163544, 0.001277, 1.420046, 5.203283, 0.0
6849.0, 5.305765, 1.167628, 0.001275, 1.420046, 5.203283, 0.0
6868.0, 5.320883, 1.171712, 0.001275, 1.420046, 5.203283, 0.0
6868.0, 5.320883, 1.171712, 0.001275, 1.420046, 5.203283, 0.0
6882.0, 5.336002, 1.175795, 0.001275, 1.420245, 5.453286, 0.0
6882.0, 5.336002, 1.175795, 0.001275, 1.420245, 5.453286, 0.0
6899.0, 5.35112, 1.179879, 0.001275, 1.420245, 5.453286, 0.0
6916.0, 5.366239, 1.183963, 0.001275, 1.420245, 5.453286, 0.0
6916.0, 5.366239, 1.183963, 0.001275, 1.420245, 5.453286, 0.0
6932.0, 5.381358, 1.188046, 0.001275, 1.420245, 5.453286, 0.0
6932.0, 5.381358, 1.188046, 0.001275, 1.420245, 5.453286, 0.0
6949.0, 5.396477, 1.19213, 0.001274, 1.420245, 5.453286, 0.0
6967.0, 5.411595, 1.196214, 0.001274, 1.420245, 5.453286, 0.0
6967.0, 5.411595, 1.196214, 0.001274, 1.420245, 5.453286, 0.0
6983.0, 5.426763, 1.200282, 0.001253, 1.420245, 5.453286, 0.0
6983.0, 5.426763, 1.200282, 0.001253, 1.420245, 5.453286, 0.0
6999.0, 5.44204, 1.204316, 0.001192, 1.420245, 5.453286, 0.0
7016.0, 5.457487, 1.208298, 0.001079, 1.420245, 5.453286, 0.0
7016.0, 5.457487, 1.208298, 0.001079, 1.420245, 5.453286, 0.0
7033.0, 5.473157, 1.21221, 0.000913, 1.420245, 5.453286, 0.0
7033.0, 5.473157, 1.21221, 0.000913, 1.420245, 5.453286, 0.0
7049.0, 5.489098, 1.216039, 0.000695, 1.420245, 5.453286, 0.0
