1.0, 0.0, 0.0, 0.002231, 1.14832, -2.771527, 0.0
1.0, 0.0, 0.0, 0.002231, 1.14832, -2.771527, 0.0
14.0, -0.000085, -0.000251, -0.004071, 1.14832, -2.771527, 0.0
14.0, -0.000085, -0.000251, -0.004071, 1.14832, -2.771527, 0.0
30.0, -0.000196, -0.000351, -0.009505, 1.14832, -2.771527, 0.0
47.0, -0.000289, -0.000225, -0.012217, 1.14832, -2.771527, 0.0
47.0, -0.000289, -0.000225, -0.012217, 1.14832, -2.771527, 0.0
65.0, -0.000343, 0.000047, -0.01332, 1.14832, -2.771527, 0.0
65.0, -0.000343, 0.000047, -0.01332, 1.14832, -2.771527, 0.0
80.0, -0.000402, 0.000334, -0.013236, 1.14832, -2.771527, 0.0
97.0, -0.00053, 0.000501, -0.012311, 1.14832, -2.771527, 0.0
97.0, -0.00053, 0.000501, -0.012311, 1.14832, -2.771527, 0.0
114.0, -0.000791, 0.000422, -0.010822, 1.14832, -2.771527, 0.0
114.0, -0.000791, 0.000422, -0.010822, 1.14832, -2.771527, 0.0
130.0, -0.001262, 0.000073, -0.009671, 1.038789, -2.731347, 0.0
147.0, -0.001895, -0.000407, -0.008139, 1.038789, -2.731347, 0.0
147.0, -0.001895, -0.000407, -0.008139, 1.038789, -2.731347, 0.0
164.0, -0.002858, -0.000993, -0.005976, 1.038789, -2.731347, 0.0
164.0, -0.002858, -0.000993, -0.005976, 1.038789, -2.731347, 0.0
179.0, -0.004192, -0.001676, -0.003302, 1.038789, -2.731347, 0.0
198.0, -0.005962, -0.002399, -0.000568, 1.038789, -2.731347, 0.0
198.0, -0.005962, -0.002399, -0.000568, 1.038789, -2.731347, 0.0
214.0, -0.007529, -0.003092, -0.001105, 1.038789, -2.731347, 0.0
214.0, -0.007529, -0.003092, -0.001105, 1.038789, -2.731347, 0.0
229.0, -0.009964, -0.00353, -0.000911, 1.038789, -2.731347, 0.0
248.0, -0.012929, -0.003956, -0.000467, 1.038789, -2.731347, 0.0
248.0, -0.012929, -0.003956, -0.000467, 1.038789, -2.731347, 0.0
264.0, -0.016374, -0.004428, 0.000068, 1.038789, -2.731347, 0.0
265.0, -0.016374, -0.004428, 0.000068, 1.038789, -2.731347, 0.0
281.0, -0.020303, -0.004989, 0.000656, 1.038789, -2.731347, 0.0
297.0, -0.024717, -0.005657, 0.00125, 1.038789, -2.731347, 0.0
297.0, -0.024717, -0.005657, 0.00125, 1.038789, -2.731347, 0.0
314.0, -0.02962, -0.006437, 0.001818, 1.038789, -2.731347, 0.0
314.0, -0.02962, -0.006437, 0.001818, 1.038789, -2.731347, 0.0
330.0, -0.035011, -0.007331, 0.002336, 1.038789, -2.731347, 0.0
348.0, -0.040893, -0.008339, 0.002793, 1.038789, -2.731347, 0.0
348.0, -0.040893, -0.008339, 0.002793, 1.038789, -2.731347, 0.0
364.0, -0.047266, -0.009458, 0.003183, 1.038789, -2.731347, 0.0
364.0, -0.047266, -0.009458, 0.003183, 1.038789, -2.731347, 0.0
379.0, -0.054127, -0.010687, 0.003504, 0.804065, -2.645242, 0.0
397.0, -0.061477, -0.012026, 0.00376, 0.804065, -2.645242, 0.0
397.0, -0.061477, -0.012026, 0.00376, 0.804065, -2.645242, 0.0
413.0, -0.069317, -0.013473, 0.003956, 0.804065, -2.645242, 0.0
413.0, -0.069317, -0.013473, 0.003956, 0.804065, -2.645242, 0.0
430.0, -0.077647, -0.015028, 0.0041, 0.804065, -2.645242, 0.0
447.0, -0.086467, -0.01669, 0.004197, 0.804065, -2.645242, 0.0
447.0, -0.086467, -0.01669, 0.004197, 0.804065, -2.645242, 0.0
464.0, -0.095776, -0.018459, 0.004254, 0.804065, -2.645242, 0.0
464.0, -0.095776, -0.018459, 0.004254, 0.804065, -2.645242, 0.0
480.0, -0.105578, -0.020335, 0.004279, 0.804065, -2.645242, 0.0
497.0, -0.115871, -0.022317, 0.004278, 0.804065, -2.645242, 0.0
497.0, -0.115871, -0.022317, 0.004278, 0.804065, -2.645242, 0.0
514.0, -0.126651, -0.024406, 0.004254, 0.804065, -2.645242, 0.0
514.0, -0.126651, -0.024406, 0.004254, 0.804065, -2.645242, 0.0
530.0, -0.13792, -0.026601, 0.004214, 0.804065, -2.645242, 0.0
547.0, -0.149676, -0.028902, 0.00416, 0.804065, -2.645242, 0.0
547.0, -0.149676, -0.028902, 0.00416, 0.804065, -2.645242, 0.0
565.0, -0.16192, -0.031308, 0.004097, 0.804065, -2.645242, 0.0
565.0, -0.16192, -0.031308, 0.004097, 0.804065, -2.645242, 0.0
580.0, -0.174647, -0.03382, 0.004026, 0.804065, -2.645242, 0.0
596.0, -0.187859, -0.036436, 0.003951, 0.804065, -2.645242, 0.0
596.0, -0.187859, -0.036436, 0.003951, 0.804065, -2.645242, 0.0
613.0, -0.201559, -0.039158, 0.003874, 0.804065, -2.645242, 0.0
613.0, -0.201559, -0.039158, 0.003874, 0.804065, -2.645242, 0.0
630.0, -0.215748, -0.041985, 0.003798, 0.569357, -2.559143, 0.0
646.0, -0.230426, -0.044917, 0.003722, 0.569357, -2.559143, 0.0
646.0, -0.230426, -0.044917, 0.003722, 0.569357, -2.559143, 0.0
664.0, -0.245592, -0.047953, 0.003648, 0.569357, -2.559143, 0.0
664.0, -0.245592, -0.047953, 0.003648, 0.569357, -2.559143, 0.0
679.0, -0.261254, -0.051095, 0.003577, 0.569357, -2.559143, 0.0
697.0, -0.277407, -0.05434, 0.003507, 0.569357, -2.559143, 0.0
697.0, -0.277407, -0.05434, 0.003507, 0.569357, -2.559143, 0.0
714.0, -0.294049, -0.057687, 0.003438, 0.569357, -2.559143, 0.0
714.0, -0.294049, -0.057687, 0.003438, 0.569357, -2.559143, 0.0
730.0, -0.311181, -0.061136, 0.00337, 0.569357, -2.559143, 0.0
747.0, -0.328801, -0.064685, 0.003302, 0.569357, -2.559143, 0.0
747.0, -0.328801, -0.064685, 0.003302, 0.569357, -2.559143, 0.0
765.0, -0.34691, -0.068334, 0.003236, 0.569357, -2.559143, 0.0
765.0, -0.34691, -0.068334, 0.003236, 0.569357, -2.559143, 0.0
780.0, -0.36551, -0.072082, 0.00317, 0.569357, -2.559143, 0.0
797.0, -0.384598, -0.075926, 0.003107, 0.569357, -2.559143, 0.0
797.0, -0.384598, -0.075926, 0.003107, 0.569357, -2.559143, 0.0
814.0, -0.404178, -0.079864, 0.003044, 0.569357, -2.559143, 0.0
814.0, -0.404178, -0.079864, 0.003044, 0.569357, -2.559143, 0.0
829.0, -0.424248, -0.083896, 0.002984, 0.569357, -2.559143, 0.0
846.0, -0.444809, -0.088018, 0.002925, 0.569357, -2.559143, 0.0
846.0, -0.444809, -0.088018, 0.002925, 0.569357, -2.559143, 0.0
864.0, -0.465862, -0.092231, 0.002868, 0.569357, -2.559143, 0.0
864.0, -0.465862, -0.092231, 0.002868, 0.569357, -2.559143, 0.0
879.0, -0.487398, -0.096529, 0.002809, 0.334648, -2.473044, 0.0
896.0, -0.509424, -0.100911, 0.002753, 0.334648, -2.473044, 0.0
896.0, -0.509424, -0.100911, 0.002753, 0.334648, -2.473044, 0.0
912.0, -0.531944, -0.105372, 0.0027, 0.334648, -2.473044, 0.0
912.0, -0.531944, -0.105372, 0.0027, 0.334648, -2.473044, 0.0
929.0, -0.554957, -0.109911, 0.00265, 0.334648, -2.473044, 0.0
946.0, -0.578467, -0.114526, 0.002604, 0.334648, -2.473044, 0.0
946.0, -0.578467, -0.114526, 0.002604, 0.334648, -2.473044, 0.0
964.0, -0.602471, -0.119213, 0.00256, 0.334648, -2.473044, 0.0
964.0, -0.602471, -0.119213, 0.00256, 0.334648, -2.473044, 0.0
980.0, -0.626982, -0.123972, 0.002522, 0.334648, -2.473044, 0.0
997.0, -0.651991, -0.128797, 0.002486, 0.334648, -2.473044, 0.0
997.0, -0.651991, -0.128797, 0.002486, 0.334648, -2.473044, 0.0
1014.0, -0.677497, -0.133684, 0.002451, 0.334648, -2.473044, 0.0
1014.0, -0.677497, -0.133684, 0.002451, 0.334648, -2.473044, 0.0
1030.0, -0.703499, -0.138629, 0.002415, 0.334648, -2.473044, 0.0
1047.0, -0.729996, -0.143629, 0.002381, 0.334648, -2.473044, 0.0
1047.0, -0.729996, -0.143629, 0.002381, 0.334648, -2.473044, 0.0
1064.0, -0.75699, -0.148684, 0.002347, 0.334648, -2.473044, 0.0
1064.0, -0.75699, -0.148684, 0.002347, 0.334648, -2.473044, 0.0
1080.0, -0.784469, -0.153787, 0.002311, 0.334648, -2.473044, 0.0
1096.0, -0.812442, -0.158938, 0.002277, 0.334648, -2.473044, 0.0
1096.0, -0.812442, -0.158938, 0.002277, 0.334648, -2.473044, 0.0
1113.0, -0.840911, -0.164134, 0.002246, 0.334648, -2.473044, 0.0
1113.0, -0.840911, -0.164134, 0.002246, 0.334648, -2.473044, 0.0
1129.0, -0.86988, -0.169374, 0.002219, 0.09994, -2.386945, 0.0
1146.0, -0.899348, -0.174656, 0.002195, 0.09994, -2.386945, 0.0
1146.0, -0.899348, -0.174656, 0.002195, 0.09994, -2.386945, 0.0
1163.0, -0.929315, -0.179977, 0.002174, 0.09994, -2.386945, 0.0
1164.0, -0.929315, -0.179977, 0.002174, 0.09994, -2.386945, 0.0
1179.0, -0.959691, -0.185334, 0.002118, 0.09994, -2.386945, 0.0
1196.0, -0.990339, -0.190716, 0.001985, 0.09994, -2.386945, 0.0
1196.0, -0.990339, -0.190716, 0.001985, 0.09994, -2.386945, 0.0
1213.0, -1.021128, -0.196116, 0.001753, 0.09994, -2.386945, 0.0
1213.0, -1.021128, -0.196116, 0.001753, 0.09994, -2.386945, 0.0
1229.0, -1.051941, -0.20153, 0.001419, 0.09994, -2.386945, 0.0
1246.0, -1.082681, -0.206954, 0.000996, 0.09994, -2.386945, 0.0
1246.0, -1.082681, -0.206954, 0.000996, 0.09994, -2.386945, 0.0
1264.0, -1.113267, -0.212384, 0.000502, 0.09994, -2.386945, 0.0
1264.0, -1.113267, -0.212384, 0.000502, 0.09994, -2.386945, 0.0
1280.0, -1.14362, -0.217817, -0.000045, 0.09994, -2.386945, 0.0
1297.0, -1.173693, -0.223256, -0.000618, 0.09994, -2.386945, 0.0
1297.0, -1.173693, -0.223256, -0.000618, 0.09994, -2.386945, 0.0
1313.0, -1.203447, -0.228697, -0.001193, 0.09994, -2.386945, 0.0
1313.0, -1.203447, -0.228697, -0.001193, 0.09994, -2.386945, 0.0
1330.0, -1.232846, -0.234142, -0.001754, 0.09994, -2.386945, 0.0
1347.0, -1.261863, -0.239588, -0.002286, 0.09994, -2.386945, 0.0
1347.0, -1.261863, -0.239588, -0.002286, 0.09994, -2.386945, 0.0
1364.0, -1.290475, -0.245033, -0.002781, 0.09994, -2.386945, 0.0
1364.0, -1.290475, -0.245033, -0.002781, 0.09994, -2.386945, 0.0
1379.0, -1.318674, -0.250478, -0.003227, -0.134768, -2.300846, 0.0
1395.0, -1.346438, -0.255924, -0.003626, -0.134768, -2.300846, 0.0
1395.0, -1.346438, -0.255924, -0.003626, -0.134768, -2.300846, 0.0
1413.0, -1.373751, -0.261371, -0.003978, -0.134768, -2.300846, 0.0
1413.0, -1.373751, -0.261371, -0.003978, -0.134768, -2.300846, 0.0
1429.0, -1.400604, -0.26682, -0.004286, -0.134768, -2.300846, 0.0
1446.0, -1.426988, -0.27227, -0.004551, -0.134768, -2.300846, 0.0
1446.0, -1.426988, -0.27227, -0.004551, -0.134768, -2.300846, 0.0
1464.0, -1.452898, -0.277725, -0.004776, -0.134768, -2.300846, 0.0
1464.0, -1.452898, -0.277725, -0.004776, -0.134768, -2.300846, 0.0
1480.0, -1.478329, -0.283185, -0.004966, -0.134768, -2.300846, 0.0
1497.0, -1.503278, -0.288656, -0.005124, -0.134768, -2.300846, 0.0
1497.0, -1.503278, -0.288656, -0.005124, -0.134768, -2.300846, 0.0
1513.0, -1.527742, -0.29414, -0.005255, -0.134768, -2.300846, 0.0
1513.0, -1.527742, -0.29414, -0.005255, -0.134768, -2.300846, 0.0
1530.0, -1.551718, -0.299639, -0.005365, -0.134768, -2.300846, 0.0
1547.0, -1.575205, -0.305158, -0.005456, -0.134768, -2.300846, 0.0
1547.0, -1.575205, -0.305158, -0.005456, -0.134768, -2.300846, 0.0
1566.0, -1.598202, -0.310698, -0.005532, -0.134768, -2.300846, 0.0
1566.0, -1.598202, -0.310698, -0.005532, -0.134768, -2.300846, 0.0
1580.0, -1.620699, -0.316261, -0.005601, -0.134768, -2.300846, 0.0
1597.0, -1.642701, -0.321852, -0.005662, -0.134768, -2.300846, 0.0
1597.0, -1.642701, -0.321852, -0.005662, -0.134768, -2.300846, 0.0
1612.0, -1.66421, -0.327475, -0.005716, -0.134768, -2.300846, 0.0
1612.0, -1.66421, -0.327475, -0.005716, -0.134768, -2.300846, 0.0
1629.0, -1.685226, -0.333135, -0.005765, -0.369477, -2.214747, 0.0
1645.0, -1.70575, -0.338833, -0.005811, -0.369477, -2.214747, 0.0
1645.0, -1.70575, -0.338833, -0.005811, -0.369477, -2.214747, 0.0
1664.0, -1.725781, -0.344571, -0.005857, -0.369477, -2.214747, 0.0
1664.0, -1.725781, -0.344571, -0.005857, -0.369477, -2.214747, 0.0
1680.0, -1.745325, -0.350355, -0.005901, -0.369477, -2.214747, 0.0
1697.0, -1.764378, -0.356187, -0.005946, -0.369477, -2.214747, 0.0
1697.0, -1.764378, -0.356187, -0.005946, -0.369477, -2.214747, 0.0
1713.0, -1.782936, -0.362069, -0.005996, -0.369477, -2.214747, 0.0
1713.0, -1.782936, -0.362069, -0.005996, -0.369477, -2.214747, 0.0
1730.0, -1.800998, -0.368001, -0.006051, -0.369477, -2.214747, 0.0
1746.0, -1.818565, -0.373988, -0.00611, -0.369477, -2.214747, 0.0
1746.0, -1.818565, -0.373988, -0.00611, -0.369477, -2.214747, 0.0
1765.0, -1.835635, -0.380029, -0.006173, -0.369477, -2.214747, 0.0
1765.0, -1.835635, -0.380029, -0.006173, -0.369477, -2.214747, 0.0
1780.0, -1.852204, -0.386126, -0.006244, -0.369477, -2.214747, 0.0
1798.0, -1.868275, -0.392282, -0.006318, -0.369477, -2.214747, 0.0
1798.0, -1.868275, -0.392282, -0.006318, -0.369477, -2.214747, 0.0
1814.0, -1.883852, -0.398501, -0.006395, -0.369477, -2.214747, 0.0
1814.0, -1.883852, -0.398501, -0.006395, -0.369477, -2.214747, 0.0
1829.0, -1.898934, -0.404783, -0.006475, -0.369477, -2.214747, 0.0
1846.0, -1.913523, -0.411131, -0.006558, -0.369477, -2.214747, 0.0
1846.0, -1.913523, -0.411131, -0.006558, -0.369477, -2.214747, 0.0
1864.0, -1.927619, -0.417546, -0.006644, -0.369477, -2.214747, 0.0
1864.0, -1.927619, -0.417546, -0.006644, -0.369477, -2.214747, 0.0
1879.0, -1.941227, -0.424033, -0.006732, -0.604186, -2.128648, 0.0
1896.0, -1.954344, -0.43059, -0.006824, -0.604186, -2.128648, 0.0
1896.0, -1.954344, -0.43059, -0.006824, -0.604186, -2.128648, 0.0
1913.0, -1.966968, -0.437219, -0.00692, -0.604186, -2.128648, 0.0
1913.0, -1.966968, -0.437219, -0.00692, -0.604186, -2.128648, 0.0
1929.0, -1.979098, -0.443921, -0.007022, -0.604186, -2.128648, 0.0
1947.0, -1.990735, -0.450696, -0.007128, -0.604186, -2.128648, 0.0
1947.0, -1.990735, -0.450696, -0.007128, -0.604186, -2.128648, 0.0
1964.0, -2.00188, -0.457546, -0.007238, -0.604186, -2.128648, 0.0
1964.0, -2.00188, -0.457546, -0.007238, -0.604186, -2.128648, 0.0
1980.0, -2.012532, -0.464472, -0.007352, -0.604186, -2.128648, 0.0
1998.0, -2.022693, -0.471475, -0.00747, -0.604186, -2.128648, 0.0
1998.0, -2.022693, -0.471475, -0.00747, -0.604186, -2.128648, 0.0
2014.0, -2.032362, -0.478557, -0.007591, -0.604186, -2.128648, 0.0
2014.0, -2.032362, -0.478557, -0.007591, -0.604186, -2.128648, 0.0
2029.0, -2.04154, -0.485718, -0.007715, -0.604186, -2.128648, 0.0
2046.0, -2.050228, -0.49296, -0.007841, -0.604186, -2.128648, 0.0
2046.0, -2.050228, -0.49296, -0.007841, -0.604186, -2.128648, 0.0
2064.0, -2.058427, -0.500283, -0.007969, -0.604186, -2.128648, 0.0
2064.0, -2.058427, -0.500283, -0.007969, -0.604186, -2.128648, 0.0
2080.0, -2.066133, -0.507685, -0.0081, -0.604186, -2.128648, 0.0
2097.0, -2.07335, -0.51517, -0.008231, -0.604186, -2.128648, 0.0
2097.0, -2.07335, -0.51517, -0.008231, -0.604186, -2.128648, 0.0
2113.0, -2.08008, -0.522739, -0.008361, -0.604186, -2.128648, 0.0
2113.0, -2.08008, -0.522739, -0.008361, -0.604186, -2.128648, 0.0
2129.0, -2.086323, -0.530394, -0.008488, -0.838894, -2.042549, 0.0
2148.0, -2.092079, -0.538135, -0.008612, -0.838894, -2.042549, 0.0
2148.0, -2.092079, -0.538135, -0.008612, -0.838894, -2.042549, 0.0
2165.0, -2.097368, -0.545991, -0.008732, -0.838894, -2.042549, 0.0
2165.0, -2.097368, -0.545991, -0.008732, -0.838894, -2.042549, 0.0
2180.0, -2.102152, -0.553908, -0.008846, -0.838894, -2.042549, 0.0
2197.0, -2.106451, -0.561915, -0.008953, -0.838894, -2.042549, 0.0
2197.0, -2.106451, -0.561915, -0.008953, -0.838894, -2.042549, 0.0
2214.0, -2.110265, -0.570013, -0.00905, -0.838894, -2.042549, 0.0
2214.0, -2.110265, -0.570013, -0.00905, -0.838894, -2.042549, 0.0
2231.0, -2.113602, -0.578222, -0.009136, -0.838894, -2.042549, 0.0
2252.0, -2.116446, -0.586504, -0.009212, -0.838894, -2.042549, 0.0
2252.0, -2.116446, -0.586504, -0.009212, -0.838894, -2.042549, 0.0
2264.0, -2.118805, -0.594881, -0.009275, -0.838894, -2.042549, 0.0
2264.0, -2.118805, -0.594881, -0.009275, -0.838894, -2.042549, 0.0
2279.0, -2.12068, -0.603353, -0.009327, -0.838894, -2.042549, 0.0
2296.0, -2.122069, -0.611921, -0.009367, -0.838894, -2.042549, 0.0
2296.0, -2.122069, -0.611921, -0.009367, -0.838894, -2.042549, 0.0
2313.0, -2.122972, -0.620587, -0.009399, -0.838894, -2.042549, 0.0
2313.0, -2.122972, -0.620587, -0.009399, -0.838894, -2.042549, 0.0
2329.0, -2.123389, -0.629351, -0.009423, -0.838894, -2.042549, 0.0
2346.0, -2.123318, -0.638214, -0.009443, -0.838894, -2.042549, 0.0
2346.0, -2.123318, -0.638214, -0.009443, -0.838894, -2.042549, 0.0
2365.0, -2.122759, -0.647188, -0.009463, -0.838894, -2.042549, 0.0
2365.0, -2.122759, -0.647188, -0.009463, -0.838894, -2.042549, 0.0
2380.0, -2.121709, -0.65625, -0.009485, -1.073717, -1.956407, 0.0
2397.0, -2.120169, -0.665411, -0.009513, -1.073717, -1.956407, 0.0
2397.0, -2.120169, -0.665411, -0.009513, -1.073717, -1.956407, 0.0
2415.0, -2.118136, -0.674671, -0.009548, -1.073717, -1.956407, 0.0
2415.0, -2.118136, -0.674671, -0.009548, -1.073717, -1.956407, 0.0
2430.0, -2.115609, -0.68403, -0.009595, -1.073717, -1.956407, 0.0
2447.0, -2.112588, -0.693487, -0.009653, -1.073717, -1.956407, 0.0
2447.0, -2.112588, -0.693487, -0.009653, -1.073717, -1.956407, 0.0
2465.0, -2.109072, -0.703041, -0.009725, -1.073717, -1.956407, 0.0
2465.0, -2.109072, -0.703041, -0.009725, -1.073717, -1.956407, 0.0
2487.0, -2.104475, -0.714094, -0.009811, -1.073717, -1.956407, 0.0
2487.0, -2.104475, -0.714094, -0.009811, -1.073717, -1.956407, 0.0
2500.0, -2.099916, -0.723838, -0.009939, -1.073717, -1.956407, 0.0
2515.0, -2.094832, -0.733692, -0.010077, -1.073717, -1.956407, 0.0
2515.0, -2.094832, -0.733692, -0.010077, -1.073717, -1.956407, 0.0
2532.0, -2.089238, -0.743643, -0.010218, -1.073717, -1.956407, 0.0
2532.0, -2.089238, -0.743643, -0.010218, -1.073717, -1.956407, 0.0
2548.0, -2.083143, -0.753685, -0.01036, -1.073717, -1.956407, 0.0
2566.0, -2.076549, -0.763816, -0.010501, -1.073717, -1.956407, 0.0
2566.0, -2.076549, -0.763816, -0.010501, -1.073717, -1.956407, 0.0
2582.0, -2.06955, -0.773906, -0.010602, -1.073717, -1.956407, 0.0
2582.0, -2.06955, -0.773906, -0.010602, -1.073717, -1.956407, 0.0
2599.0, -2.062112, -0.784005, -0.010708, -1.073717, -1.956407, 0.0
2616.0, -2.054185, -0.794191, -0.010833, -1.073717, -1.956407, 0.0
2616.0, -2.054185, -0.794191, -0.010833, -1.073717, -1.956407, 0.0
2633.0, -2.045408, -0.804902, -0.010982, -1.310818, -1.869431, 0.0
2634.0, -2.045408, -0.804902, -0.010982, -1.310818, -1.869431, 0.0
2649.0, -2.036458, -0.815295, -0.011149, -1.310818, -1.869431, 0.0
2667.0, -2.026991, -0.825796, -0.011324, -1.310818, -1.869431, 0.0
2668.0, -2.026991, -0.825796, -0.011324, -1.310818, -1.869431, 0.0
2684.0, -2.016902, -0.836513, -0.011542, -1.310818, -1.869431, 0.0
2684.0, -2.016902, -0.836513, -0.011542, -1.310818, -1.869431, 0.0
2700.0, -2.00627, -0.847357, -0.01175, -1.310818, -1.869431, 0.0
2724.0, -1.995109, -0.858308, -0.011934, -1.310818, -1.869431, 0.0
2724.0, -1.995109, -0.858308, -0.011934, -1.310818, -1.869431, 0.0
2745.0, -1.9764, -0.875994, -0.012179, -1.310818, -1.869431, 0.0
2745.0, -1.9764, -0.875994, -0.012179, -1.310818, -1.869431, 0.0
2745.0, -1.9764, -0.875994, -0.012179, -1.310818, -1.869431, 0.0
2763.0, -1.963611, -0.88747, -0.012476, -1.310818, -1.869431, 0.0
2785.0, -1.950628, -0.898656, -0.012679, -1.310818, -1.869431, 0.0
2785.0, -1.950628, -0.898656, -0.012679, -1.310818, -1.869431, 0.0
2793.0, -1.937912, -0.90925, -0.012545, -1.310818, -1.869431, 0.0
2793.0, -1.937912, -0.90925, -0.012545, -1.310818, -1.869431, 0.0
2810.0, -1.924955, -0.919711, -0.012411, -1.310818, -1.869431, 0.0
2830.0, -1.911416, -0.930332, -0.012372, -1.310818, -1.869431, 0.0
2830.0, -1.911416, -0.930332, -0.012372, -1.310818, -1.869431, 0.0
2844.0, -1.897459, -0.940984, -0.012444, -1.310818, -1.869431, 0.0
2844.0, -1.897459, -0.940984, -0.012444, -1.310818, -1.869431, 0.0
2869.0, -1.882929, -0.951784, -0.012601, -1.310818, -1.869431, 0.0
2888.0, -1.860074, -0.968346, -0.012936, -1.310818, -1.869431, 0.0
2888.0, -1.860074, -0.968346, -0.012936, -1.310818, -1.869431, 0.0
2888.0, -1.860074, -0.968346, -0.012936, -1.310818, -1.869431, 0.0
2903.0, -1.844231, -0.979567, -0.01331, -1.564934, -1.776212, 0.0
2903.0, -1.844231, -0.979567, -0.01331, -1.564934, -1.776212, 0.0
2920.0, -1.827927, -0.990973, -0.013589, -1.564934, -1.776212, 0.0
2938.0, -1.811383, -1.002491, -0.013696, -1.564934, -1.776212, 0.0
2938.0, -1.811383, -1.002491, -0.013696, -1.564934, -1.776212, 0.0
2953.0, -1.794813, -1.01404, -0.013622, -1.564934, -1.776212, 0.0
2953.0, -1.794813, -1.01404, -0.013622, -1.564934, -1.776212, 0.0
2971.0, -1.778303, -1.025619, -0.013384, -1.564934, -1.776212, 0.0
2987.0, -1.758777, -1.0395, -0.014212, -1.564934, -1.776212, 0.0
2987.0, -1.758777, -1.0395, -0.014212, -1.564934, -1.776212, 0.0
3008.0, -1.738704, -1.053965, -0.014678, -1.564934, -1.776212, 0.0
3008.0, -1.738704, -1.053965, -0.014678, -1.564934, -1.776212, 0.0
3029.0, -1.7077, -1.076684, -0.014293, -1.564934, -1.776212, 0.0
3029.0, -1.7077, -1.076684, -0.014293, -1.564934, -1.776212, 0.0
3046.0, -1.689565, -1.090435, -0.013276, -1.564934, -1.776212, 0.0
3046.0, -1.689565, -1.090435, -0.013276, -1.564934, -1.776212, 0.0
3065.0, -1.672547, -1.103766, -0.011763, -1.564934, -1.776212, 0.0
3065.0, -1.672547, -1.103766, -0.011763, -1.564934, -1.776212, 0.0
3083.0, -1.657575, -1.115871, -0.009736, -1.564934, -1.776212, 0.0
3105.0, -1.636966, -1.133151, -0.006925, -1.564934, -1.776212, 0.0
3105.0, -1.636966, -1.133151, -0.006925, -1.564934, -1.776212, 0.0
3105.0, -1.636966, -1.133151, -0.006925, -1.564934, -1.776212, 0.0
3121.0, -1.624048, -1.144575, -0.00544, -1.564934, -1.776212, 0.0
3139.0, -1.611702, -1.156005, -0.004364, -1.785498, -1.695302, 0.0
3139.0, -1.611702, -1.156005, -0.004364, -1.785498, -1.695302, 0.0
3158.0, -1.598591, -1.168665, -0.00359, -1.785498, -1.695302, 0.0
3158.0, -1.598591, -1.168665, -0.00359, -1.785498, -1.695302, 0.0
3177.0, -1.587197, -1.180161, -0.003201, -1.785498, -1.695302, 0.0
3177.0, -1.587197, -1.180161, -0.003201, -1.785498, -1.695302, 0.0
3189.0, -1.577272, -1.190563, -0.002587, -1.785498, -1.695302, 0.0
3207.0, -1.56803, -1.200676, -0.002185, -1.785498, -1.695302, 0.0
3207.0, -1.56803, -1.200676, -0.002185, -1.785498, -1.695302, 0.0
3224.0, -1.559159, -1.21083, -0.002067, -1.785498, -1.695302, 0.0
3224.0, -1.559159, -1.21083, -0.002067, -1.785498, -1.695302, 0.0
3240.0, -1.550551, -1.221143, -0.002192, -1.785498, -1.695302, 0.0
3257.0, -1.542184, -1.231647, -0.002482, -1.785498, -1.695302, 0.0
3257.0, -1.542184, -1.231647, -0.002482, -1.785498, -1.695302, 0.0
3275.0, -1.534071, -1.242334, -0.002867, -1.785498, -1.695302, 0.0
3275.0, -1.534071, -1.242334, -0.002867, -1.785498, -1.695302, 0.0
3289.0, -1.525742, -1.253897, -0.003511, -1.785498, -1.695302, 0.0
3308.0, -1.517606, -1.265805, -0.004124, -1.785498, -1.695302, 0.0
3308.0, -1.517606, -1.265805, -0.004124, -1.785498, -1.695302, 0.0
3323.0, -1.509842, -1.277823, -0.004607, -1.785498, -1.695302, 0.0
3323.0, -1.509842, -1.277823, -0.004607, -1.785498, -1.695302, 0.0
3340.0, -1.502532, -1.289854, -0.00494, -1.785498, -1.695302, 0.0
3362.0, -1.494655, -1.303724, -0.005156, -1.785498, -1.695302, 0.0
3362.0, -1.494655, -1.303724, -0.005156, -1.785498, -1.695302, 0.0
3377.0, -1.488409, -1.315684, -0.005221, -1.785498, -1.695302, 0.0
3377.0, -1.488409, -1.315684, -0.005221, -1.785498, -1.695302, 0.0
3394.0, -1.482777, -1.327431, -0.005154, -2.024354, -1.607681, 0.0
3394.0, -1.482777, -1.327431, -0.005154, -2.024354, -1.607681, 0.0
3408.0, -1.477682, -1.3391, -0.005032, -2.024354, -1.607681, 0.0
3432.0, -1.473091, -1.350751, -0.004891, -2.024354, -1.607681, 0.0
3432.0, -1.473091, -1.350751, -0.004891, -2.024354, -1.607681, 0.0
3459.0, -1.465148, -1.373317, -0.004496, -2.024354, -1.607681, 0.0
3459.0, -1.465148, -1.373317, -0.004496, -2.024354, -1.607681, 0.0
3459.0, -1.465148, -1.373317, -0.004496, -2.024354, -1.607681, 0.0
3476.0, -1.461949, -1.384935, -0.004281, -2.024354, -1.607681, 0.0
3476.0, -1.461949, -1.384935, -0.004281, -2.024354, -1.607681, 0.0
3495.0, -1.459302, -1.396926, -0.003981, -2.024354, -1.607681, 0.0
3510.0, -1.457188, -1.409014, -0.003864, -2.024354, -1.607681, 0.0
3510.0, -1.457188, -1.409014, -0.003864, -2.024354, -1.607681, 0.0
3527.0, -1.455591, -1.421089, -0.003777, -2.024354, -1.607681, 0.0
3527.0, -1.455591, -1.421089, -0.003777, -2.024354, -1.607681, 0.0
3542.0, -1.454499, -1.433121, -0.003714, -2.024354, -1.607681, 0.0
3560.0, -1.453904, -1.445104, -0.003671, -2.024354, -1.607681, 0.0
3560.0, -1.453904, -1.445104, -0.003671, -2.024354, -1.607681, 0.0
3577.0, -1.453806, -1.457038, -0.003643, -2.024354, -1.607681, 0.0
3577.0, -1.453806, -1.457038, -0.003643, -2.024354, -1.607681, 0.0
3592.0, -1.4541, -1.468899, -0.003668, -2.024354, -1.607681, 0.0
3611.0, -1.454669, -1.480851, -0.003778, -2.024354, -1.607681, 0.0
3611.0, -1.454669, -1.480851, -0.003778, -2.024354, -1.607681, 0.0
3626.0, -1.455379, -1.492654, -0.003987, -2.024354, -1.607681, 0.0
3626.0, -1.455379, -1.492654, -0.003987, -2.024354, -1.607681, 0.0
3645.0, -1.456124, -1.504452, -0.004295, -2.258879, -1.521649, 0.0
3645.0, -1.456124, -1.504452, -0.004295, -2.258879, -1.521649, 0.0
3659.0, -1.456808, -1.516252, -0.004691, -2.258879, -1.521649, 0.0
3678.0, -1.457351, -1.528062, -0.005158, -2.258879, -1.521649, 0.0
3678.0, -1.457351, -1.528062, -0.005158, -2.258879, -1.521649, 0.0
3693.0, -1.457686, -1.539877, -0.005674, -2.258879, -1.521649, 0.0
3693.0, -1.457686, -1.539877, -0.005674, -2.258879, -1.521649, 0.0
3709.0, -1.457758, -1.55171, -0.006218, -2.258879, -1.521649, 0.0
3728.0, -1.457519, -1.563746, -0.00678, -2.258879, -1.521649, 0.0
3728.0, -1.457519, -1.563746, -0.00678, -2.258879, -1.521649, 0.0
3742.0, -1.456935, -1.575634, -0.007327, -2.258879, -1.521649, 0.0
3742.0, -1.456935, -1.575634, -0.007327, -2.258879, -1.521649, 0.0
3760.0, -1.455977, -1.587557, -0.007855, -2.258879, -1.521649, 0.0
3776.0, -1.454621, -1.599518, -0.008353, -2.258879, -1.521649, 0.0
3776.0, -1.454621, -1.599518, -0.008353, -2.258879, -1.521649, 0.0
3792.0, -1.45285, -1.611509, -0.008814, -2.258879, -1.521649, 0.0
3792.0, -1.45285, -1.611509, -0.008814, -2.258879, -1.521649, 0.0
3811.0, -1.450587, -1.62387, -0.009246, -2.258879, -1.521649, 0.0
3832.0, -1.447933, -1.635944, -0.009634, -2.258879, -1.521649, 0.0
3832.0, -1.447933, -1.635944, -0.009634, -2.258879, -1.521649, 0.0
3859.0, -1.442246, -1.658087, -0.010181, -2.258879, -1.521649, 0.0
3859.0, -1.442246, -1.658087, -0.010181, -2.258879, -1.521649, 0.0
3859.0, -1.442246, -1.658087, -0.010181, -2.258879, -1.521649, 0.0
3875.0, -1.438364, -1.670241, -0.010663, -2.258879, -1.521649, 0.0
3875.0, -1.438364, -1.670241, -0.010663, -2.258879, -1.521649, 0.0
3890.0, -1.43378, -1.682738, -0.011121, -2.492074, -1.436105, 0.0
3907.0, -1.428635, -1.695371, -0.011543, -2.492074, -1.436105, 0.0
3907.0, -1.428635, -1.695371, -0.011543, -2.492074, -1.436105, 0.0
3924.0, -1.422998, -1.708039, -0.011855, -2.492074, -1.436105, 0.0
3924.0, -1.422998, -1.708039, -0.011855, -2.492074, -1.436105, 0.0
3940.0, -1.416887, -1.720723, -0.012069, -2.492074, -1.436105, 0.0
3958.0, -1.410306, -1.73342, -0.012211, -2.492074, -1.436105, 0.0
3958.0, -1.410306, -1.73342, -0.012211, -2.492074, -1.436105, 0.0
3975.0, -1.403256, -1.746132, -0.012303, -2.492074, -1.436105, 0.0
3975.0, -1.403256, -1.746132, -0.012303, -2.492074, -1.436105, 0.0
3994.0, -1.395826, -1.758715, -0.012329, -2.492074, -1.436105, 0.0
4007.0, -1.387951, -1.771282, -0.012342, -2.492074, -1.436105, 0.0
4007.0, -1.387951, -1.771282, -0.012342, -2.492074, -1.436105, 0.0
4024.0, -1.379601, -1.783881, -0.012363, -2.492074, -1.436105, 0.0
4024.0, -1.379601, -1.783881, -0.012363, -2.492074, -1.436105, 0.0
4046.0, -1.369521, -1.798312, -0.012399, -2.492074, -1.436105, 0.0
4046.0, -1.369521, -1.798312, -0.012399, -2.492074, -1.436105, 0.0
4060.0, -1.360146, -1.811018, -0.012485, -2.492074, -1.436105, 0.0
4079.0, -1.350242, -1.823798, -0.012585, -2.492074, -1.436105, 0.0
4079.0, -1.350242, -1.823798, -0.012585, -2.492074, -1.436105, 0.0
4093.0, -1.33999, -1.83644, -0.012631, -2.492074, -1.436105, 0.0
4093.0, -1.33999, -1.83644, -0.012631, -2.492074, -1.436105, 0.0
4110.0, -1.329288, -1.84908, -0.012686, -2.492074, -1.436105, 0.0
4131.0, -1.317398, -1.862556, -0.012772, -2.492074, -1.436105, 0.0
4131.0, -1.317398, -1.862556, -0.012772, -2.492074, -1.436105, 0.0
4157.0, -1.298458, -1.883162, -0.012952, -2.730015, -1.34882, 0.0
4157.0, -1.298458, -1.883162, -0.012952, -2.730015, -1.34882, 0.0
4157.0, -1.298458, -1.883162, -0.012952, -2.730015, -1.34882, 0.0
4179.0, -1.28598, -1.895993, -0.013253, -2.730015, -1.34882, 0.0
4188.0, -1.272259, -1.909605, -0.013762, -2.730015, -1.34882, 0.0
4188.0, -1.272259, -1.909605, -0.013762, -2.730015, -1.34882, 0.0
4217.0, -1.257995, -1.923471, -0.014153, -2.730015, -1.34882, 0.0
4217.0, -1.257995, -1.923471, -0.014153, -2.730015, -1.34882, 0.0
4252.0, -1.229535, -1.950869, -0.01432, -2.730015, -1.34882, 0.0
4252.0, -1.229535, -1.950869, -0.01432, -2.730015, -1.34882, 0.0
4252.0, -1.229535, -1.950869, -0.01432, -2.730015, -1.34882, 0.0
4252.0, -1.229535, -1.950869, -0.01432, -2.730015, -1.34882, 0.0
4291.0, -1.20092, -1.978804, -0.014237, -2.730015, -1.34882, 0.0
4291.0, -1.20092, -1.978804, -0.014237, -2.730015, -1.34882, 0.0
4291.0, -1.20092, -1.978804, -0.014237, -2.730015, -1.34882, 0.0
4291.0, -1.20092, -1.978804, -0.014237, -2.730015, -1.34882, 0.0
4305.0, -1.187955, -1.992011, -0.013574, -2.730015, -1.34882, 0.0
4305.0, -1.187955, -1.992011, -0.013574, -2.730015, -1.34882, 0.0
4326.0, -1.175659, -2.004957, -0.012727, -2.730015, -1.34882, 0.0
4339.0, -1.163034, -2.018672, -0.011903, -2.730015, -1.34882, 0.0
4339.0, -1.163034, -2.018672, -0.011903, -2.730015, -1.34882, 0.0
4356.0, -1.151543, -2.031574, -0.01121, -2.730015, -1.34882, 0.0
4356.0, -1.151543, -2.031574, -0.01121, -2.730015, -1.34882, 0.0
4380.0, -1.140389, -2.044526, -0.0106, -2.730015, -1.34882, 0.0
4380.0, -1.140389, -2.044526, -0.0106, -2.730015, -1.34882, 0.0
4389.0, -1.126981, -2.060764, -0.0111, -2.960327, -1.264334, 0.0
4407.0, -1.113346, -2.077885, -0.011465, -2.960327, -1.264334, 0.0
4407.0, -1.113346, -2.077885, -0.011465, -2.960327, -1.264334, 0.0
4423.0, -1.100325, -2.094884, -0.011356, -2.960327, -1.264334, 0.0
4423.0, -1.100325, -2.094884, -0.011356, -2.960327, -1.264334, 0.0
4444.0, -1.087414, -2.112515, -0.010751, -2.960327, -1.264334, 0.0
4458.0, -1.076361, -2.128458, -0.009853, -2.960327, -1.264334, 0.0
4458.0, -1.076361, -2.128458, -0.009853, -2.960327, -1.264334, 0.0
4475.0, -1.066283, -2.143894, -0.008789, -2.960327, -1.264334, 0.0
4475.0, -1.066283, -2.143894, -0.008789, -2.960327, -1.264334, 0.0
4492.0, -1.057846, -2.157604, -0.007313, -2.960327, -1.264334, 0.0
4508.0, -1.050521, -2.170399, -0.006008, -2.960327, -1.264334, 0.0
4508.0, -1.050521, -2.170399, -0.006008, -2.960327, -1.264334, 0.0
4525.0, -1.043893, -2.182918, -0.005012, -2.960327, -1.264334, 0.0
4525.0, -1.043893, -2.182918, -0.005012, -2.960327, -1.264334, 0.0
4541.0, -1.037762, -2.19547, -0.004326, -2.960327, -1.264334, 0.0
4558.0, -1.032066, -2.208136, -0.003908, -2.960327, -1.264334, 0.0
4558.0, -1.032066, -2.208136, -0.003908, -2.960327, -1.264334, 0.0
4588.0, -1.026738, -2.221055, -0.003697, -2.960327, -1.264334, 0.0
4588.0, -1.026738, -2.221055, -0.003697, -2.960327, -1.264334, 0.0
4606.0, -1.017995, -2.24429, -0.003517, -2.960327, -1.264334, 0.0
4606.0, -1.017995, -2.24429, -0.003517, -2.960327, -1.264334, 0.0
4606.0, -1.017995, -2.24429, -0.003517, -2.960327, -1.264334, 0.0
4626.0, -1.013849, -2.257376, -0.003515, -2.960327, -1.264334, 0.0
4638.0, -1.010214, -2.270668, -0.003536, -3.193862, -1.178665, 0.0
4638.0, -1.010214, -2.270668, -0.003536, -3.193862, -1.178665, 0.0
4658.0, -1.007058, -2.284063, -0.003715, -3.193862, -1.178665, 0.0
4658.0, -1.007058, -2.284063, -0.003715, -3.193862, -1.178665, 0.0
4676.0, -1.004367, -2.297504, -0.003904, -3.193862, -1.178665, 0.0
4698.0, -1.000777, -2.319227, -0.004183, -3.193862, -1.178665, 0.0
4698.0, -1.000777, -2.319227, -0.004183, -3.193862, -1.178665, 0.0
4698.0, -1.000777, -2.319227, -0.004183, -3.193862, -1.178665, 0.0
4718.0, -0.999193, -2.333084, -0.004314, -3.193862, -1.178665, 0.0
4718.0, -0.999193, -2.333084, -0.004314, -3.193862, -1.178665, 0.0
4730.0, -0.998165, -2.34702, -0.004358, -3.193862, -1.178665, 0.0
4749.0, -0.997604, -2.362455, -0.004516, -3.193862, -1.178665, 0.0
4749.0, -0.997604, -2.362455, -0.004516, -3.193862, -1.178665, 0.0
4768.0, -0.997644, -2.376309, -0.004617, -3.193862, -1.178665, 0.0
4768.0, -0.997644, -2.376309, -0.004617, -3.193862, -1.178665, 0.0
4783.0, -0.998101, -2.390306, -0.004726, -3.193862, -1.178665, 0.0
4783.0, -0.998101, -2.390306, -0.004726, -3.193862, -1.178665, 0.0
4800.0, -0.998829, -2.404314, -0.004894, -3.193862, -1.178665, 0.0
4816.0, -0.999694, -2.418286, -0.005144, -3.193862, -1.178665, 0.0
4816.0, -0.999694, -2.418286, -0.005144, -3.193862, -1.178665, 0.0
4834.0, -1.000578, -2.432211, -0.005481, -3.193862, -1.178665, 0.0
4834.0, -1.000578, -2.432211, -0.005481, -3.193862, -1.178665, 0.0
4851.0, -1.00138, -2.446091, -0.005896, -3.193862, -1.178665, 0.0
4877.0, -1.002019, -2.459937, -0.006371, -3.193862, -1.178665, 0.0
4877.0, -1.002019, -2.459937, -0.006371, -3.193862, -1.178665, 0.0
4902.0, -1.002761, -2.48503, -0.007288, -3.423916, -1.094274, 0.0
4902.0, -1.002761, -2.48503, -0.007288, -3.423916, -1.094274, 0.0
4902.0, -1.002761, -2.48503, -0.007288, -3.423916, -1.094274, 0.0
4928.0, -1.00263, -2.498252, -0.007954, -3.423916, -1.094274, 0.0
4928.0, -1.00263, -2.498252, -0.007954, -3.423916, -1.094274, 0.0
4975.0, -1.001519, -2.524449, -0.009027, -3.423916, -1.094274, 0.0
4975.0, -1.001519, -2.524449, -0.009027, -3.423916, -1.094274, 0.0
4975.0, -1.001519, -2.524449, -0.009027, -3.423916, -1.094274, 0.0
4976.0, -1.001519, -2.524449, -0.009027, -3.423916, -1.094274, 0.0
4991.0, -0.998673, -2.551736, -0.010484, -3.423916, -1.094274, 0.0
4991.0, -0.998673, -2.551736, -0.010484, -3.423916, -1.094274, 0.0
4991.0, -0.998673, -2.551736, -0.010484, -3.423916, -1.094274, 0.0
5006.0, -0.996552, -2.564371, -0.011281, -3.423916, -1.094274, 0.0
5006.0, -0.996552, -2.564371, -0.011281, -3.423916, -1.094274, 0.0
5030.0, -0.993903, -2.576778, -0.011931, -3.423916, -1.094274, 0.0
5030.0, -0.993903, -2.576778, -0.011931, -3.423916, -1.094274, 0.0
5054.0, -0.988635, -2.597929, -0.012912, -3.423916, -1.094274, 0.0
5054.0, -0.988635, -2.597929, -0.012912, -3.423916, -1.094274, 0.0
5054.0, -0.988635, -2.597929, -0.012912, -3.423916, -1.094274, 0.0
5078.0, -0.984405, -2.612258, -0.013585, -3.423916, -1.094274, 0.0
5089.0, -0.978474, -2.629774, -0.014605, -3.423916, -1.094274, 0.0
5089.0, -0.978474, -2.629774, -0.014605, -3.423916, -1.094274, 0.0
5105.0, -0.971511, -2.648677, -0.015469, -3.423916, -1.094274, 0.0
5105.0, -0.971511, -2.648677, -0.015469, -3.423916, -1.094274, 0.0
5121.0, -0.964009, -2.667536, -0.015858, -3.423916, -1.094274, 0.0
5138.0, -0.956175, -2.685809, -0.015904, -3.663242, -1.00648, 0.0
5138.0, -0.956175, -2.685809, -0.015904, -3.663242, -1.00648, 0.0
5155.0, -0.948063, -2.703387, -0.015576, -3.663242, -1.00648, 0.0
5155.0, -0.948063, -2.703387, -0.015576, -3.663242, -1.00648, 0.0
5173.0, -0.939677, -2.720312, -0.015102, -3.663242, -1.00648, 0.0
5189.0, -0.932057, -2.73474, -0.014127, -3.663242, -1.00648, 0.0
5189.0, -0.932057, -2.73474, -0.014127, -3.663242, -1.00648, 0.0
5210.0, -0.924441, -2.748246, -0.013281, -3.663242, -1.00648, 0.0
5210.0, -0.924441, -2.748246, -0.013281, -3.663242, -1.00648, 0.0
5239.0, -0.9088, -2.774361, -0.011861, -3.663242, -1.00648, 0.0
5239.0, -0.9088, -2.774361, -0.011861, -3.663242, -1.00648, 0.0
5239.0, -0.9088, -2.774361, -0.011861, -3.663242, -1.00648, 0.0
5262.0, -0.899919, -2.787822, -0.011874, -3.663242, -1.00648, 0.0
5262.0, -0.899919, -2.787822, -0.011874, -3.663242, -1.00648, 0.0
5291.0, -0.880883, -2.814938, -0.01222, -3.663242, -1.00648, 0.0
5291.0, -0.880883, -2.814938, -0.01222, -3.663242, -1.00648, 0.0
5291.0, -0.880883, -2.814938, -0.01222, -3.663242, -1.00648, 0.0
5306.0, -0.87156, -2.827642, -0.012347, -3.663242, -1.00648, 0.0
5306.0, -0.87156, -2.827642, -0.012347, -3.663242, -1.00648, 0.0
5323.0, -0.86213, -2.840222, -0.012342, -3.663242, -1.00648, 0.0
5323.0, -0.86213, -2.840222, -0.012342, -3.663242, -1.00648, 0.0
5342.0, -0.852564, -2.852921, -0.012333, -3.663242, -1.00648, 0.0
5363.0, -0.84291, -2.865822, -0.012299, -3.663242, -1.00648, 0.0
5363.0, -0.84291, -2.865822, -0.012299, -3.663242, -1.00648, 0.0
5376.0, -0.833043, -2.8792, -0.012226, -3.663242, -1.00648, 0.0
5376.0, -0.833043, -2.8792, -0.012226, -3.663242, -1.00648, 0.0
5399.0, -0.813847, -2.905899, -0.013526, -3.899099, -0.91996, 0.0
5399.0, -0.813847, -2.905899, -0.013526, -3.899099, -0.91996, 0.0
5416.0, -0.801586, -2.923671, -0.013996, -3.899099, -0.91996, 0.0
5416.0, -0.801586, -2.923671, -0.013996, -3.899099, -0.91996, 0.0
5432.0, -0.789704, -2.941548, -0.013868, -3.899099, -0.91996, 0.0
5432.0, -0.789704, -2.941548, -0.013868, -3.899099, -0.91996, 0.0
5451.0, -0.778593, -2.958974, -0.013299, -3.899099, -0.91996, 0.0
5467.0, -0.768292, -2.975917, -0.012353, -3.899099, -0.91996, 0.0
5467.0, -0.768292, -2.975917, -0.012353, -3.899099, -0.91996, 0.0
5482.0, -0.759383, -2.99133, -0.010982, -3.899099, -0.91996, 0.0
5482.0, -0.759383, -2.99133, -0.010982, -3.899099, -0.91996, 0.0
5500.0, -0.750683, -3.007321, -0.009486, -3.899099, -0.91996, 0.0
5518.0, -0.743336, -3.021822, -0.008268, -3.899099, -0.91996, 0.0
5518.0, -0.743336, -3.021822, -0.008268, -3.899099, -0.91996, 0.0
5536.0, -0.736544, -3.036254, -0.007262, -3.899099, -0.91996, 0.0
5536.0, -0.736544, -3.036254, -0.007262, -3.899099, -0.91996, 0.0
5552.0, -0.730254, -3.050686, -0.006473, -3.899099, -0.91996, 0.0
5578.0, -0.721577, -3.072273, -0.005541, -3.899099, -0.91996, 0.0
5578.0, -0.721577, -3.072273, -0.005541, -3.899099, -0.91996, 0.0
5578.0, -0.721577, -3.072273, -0.005541, -3.899099, -0.91996, 0.0
5596.0, -0.716882, -3.085357, -0.004885, -3.899099, -0.91996, 0.0
5596.0, -0.716882, -3.085357, -0.004885, -3.899099, -0.91996, 0.0
5609.0, -0.712804, -3.098093, -0.004382, -3.899099, -0.91996, 0.0
5626.0, -0.709157, -3.110885, -0.004093, -3.899099, -0.91996, 0.0
5626.0, -0.709157, -3.110885, -0.004093, -3.899099, -0.91996, 0.0
5648.0, -0.70546, -3.125523, -0.003969, -4.136859, -0.832741, 0.0
5648.0, -0.70546, -3.125523, -0.003969, -4.136859, -0.832741, 0.0
5661.0, -0.702573, -3.138745, -0.004005, -4.136859, -0.832741, 0.0
5684.0, -0.700056, -3.152203, -0.004133, -4.136859, -0.832741, 0.0
5684.0, -0.700056, -3.152203, -0.004133, -4.136859, -0.832741, 0.0
5695.0, -0.697828, -3.166519, -0.004377, -4.136859, -0.832741, 0.0
5695.0, -0.697828, -3.166519, -0.004377, -4.136859, -0.832741, 0.0
5711.0, -0.695985, -3.181186, -0.004649, -4.136859, -0.832741, 0.0
5727.0, -0.694573, -3.195976, -0.004907, -4.136859, -0.832741, 0.0
5727.0, -0.694573, -3.195976, -0.004907, -4.136859, -0.832741, 0.0
5745.0, -0.693617, -3.21079, -0.005132, -4.136859, -0.832741, 0.0
5745.0, -0.693617, -3.21079, -0.005132, -4.136859, -0.832741, 0.0
5765.0, -0.693129, -3.225587, -0.005318, -4.136859, -0.832741, 0.0
5796.0, -0.693102, -3.251809, -0.005526, -4.136859, -0.832741, 0.0
5796.0, -0.693102, -3.251809, -0.005526, -4.136859, -0.832741, 0.0
5796.0, -0.693102, -3.251809, -0.005526, -4.136859, -0.832741, 0.0
5808.0, -0.693522, -3.265542, -0.00569, -4.136859, -0.832741, 0.0
5808.0, -0.693522, -3.265542, -0.00569, -4.136859, -0.832741, 0.0
5825.0, -0.694173, -3.279086, -0.005824, -4.136859, -0.832741, 0.0
5825.0, -0.694173, -3.279086, -0.005824, -4.136859, -0.832741, 0.0
5841.0, -0.694921, -3.292653, -0.006165, -4.136859, -0.832741, 0.0
5862.0, -0.695661, -3.306318, -0.006568, -4.136859, -0.832741, 0.0
5862.0, -0.695661, -3.306318, -0.006568, -4.136859, -0.832741, 0.0
5876.0, -0.696305, -3.320113, -0.007031, -4.136859, -0.832741, 0.0
5876.0, -0.696305, -3.320113, -0.007031, -4.136859, -0.832741, 0.0
5891.0, -0.696871, -3.3373, -0.007551, -4.370502, -0.747033, 0.0
5909.0, -0.697183, -3.355464, -0.008141, -4.370502, -0.747033, 0.0
5909.0, -0.697183, -3.355464, -0.008141, -4.370502, -0.747033, 0.0
5927.0, -0.697148, -3.373615, -0.008761, -4.370502, -0.747033, 0.0
5927.0, -0.697148, -3.373615, -0.008761, -4.370502, -0.747033, 0.0
5942.0, -0.69671, -3.391317, -0.009363, -4.370502, -0.747033, 0.0
5975.0, -0.695025, -3.424406, -0.010338, -4.370502, -0.747033, 0.0
5975.0, -0.695025, -3.424406, -0.010338, -4.370502, -0.747033, 0.0
5975.0, -0.695025, -3.424406, -0.010338, -4.370502, -0.747033, 0.0
5975.0, -0.695025, -3.424406, -0.010338, -4.370502, -0.747033, 0.0
5990.0, -0.693554, -3.439176, -0.010908, -4.370502, -0.747033, 0.0
6007.0, -0.691563, -3.453204, -0.01134, -4.370502, -0.747033, 0.0
6007.0, -0.691563, -3.453204, -0.01134, -4.370502, -0.747033, 0.0
6024.0, -0.689091, -3.467059, -0.011775, -4.370502, -0.747033, 0.0
6024.0, -0.689091, -3.467059, -0.011775, -4.370502, -0.747033, 0.0
6040.0, -0.686154, -3.480973, -0.012103, -4.370502, -0.747033, 0.0
6059.0, -0.682752, -3.495041, -0.012344, -4.370502, -0.747033, 0.0
6059.0, -0.682752, -3.495041, -0.012344, -4.370502, -0.747033, 0.0
6077.0, -0.678795, -3.509618, -0.012525, -4.370502, -0.747033, 0.0
6077.0, -0.678795, -3.509618, -0.012525, -4.370502, -0.747033, 0.0
6091.0, -0.674484, -3.52394, -0.012654, -4.370502, -0.747033, 0.0
6108.0, -0.66971, -3.538398, -0.012759, -4.370502, -0.747033, 0.0
6108.0, -0.66971, -3.538398, -0.012759, -4.370502, -0.747033, 0.0
6125.0, -0.664463, -3.553007, -0.012854, -4.370502, -0.747033, 0.0
6125.0, -0.664463, -3.553007, -0.012854, -4.370502, -0.747033, 0.0
6143.0, -0.658519, -3.56832, -0.012949, -4.604852, -0.661066, 0.0
6158.0, -0.652297, -3.583208, -0.013053, -4.604852, -0.661066, 0.0
6158.0, -0.652297, -3.583208, -0.013053, -4.604852, -0.661066, 0.0
6177.0, -0.645581, -3.598222, -0.013162, -4.604852, -0.661066, 0.0
6177.0, -0.645581, -3.598222, -0.013162, -4.604852, -0.661066, 0.0
6193.0, -0.637492, -3.615199, -0.013276, -4.604852, -0.661066, 0.0
6193.0, -0.637492, -3.615199, -0.013276, -4.604852, -0.661066, 0.0
6210.0, -0.629769, -3.630389, -0.013415, -4.604852, -0.661066, 0.0
6228.0, -0.621529, -3.645681, -0.013557, -4.604852, -0.661066, 0.0
6229.0, -0.621529, -3.645681, -0.013557, -4.604852, -0.661066, 0.0
6243.0, -0.612786, -3.661058, -0.013697, -4.604852, -0.661066, 0.0
6243.0, -0.612786, -3.661058, -0.013697, -4.604852, -0.661066, 0.0
6261.0, -0.603545, -3.676512, -0.013833, -4.604852, -0.661066, 0.0
6278.0, -0.593806, -3.692035, -0.013963, -4.604852, -0.661066, 0.0
6278.0, -0.593806, -3.692035, -0.013963, -4.604852, -0.661066, 0.0
6304.0, -0.583667, -3.707478, -0.014054, -4.604852, -0.661066, 0.0
6304.0, -0.583667, -3.707478, -0.014054, -4.604852, -0.661066, 0.0
6344.0, -0.562756, -3.73796, -0.01416, -4.604852, -0.661066, 0.0
6344.0, -0.562756, -3.73796, -0.01416, -4.604852, -0.661066, 0.0
6344.0, -0.562756, -3.73796, -0.01416, -4.604852, -0.661066, 0.0
6382.0, -0.539293, -3.769421, -0.015148, -4.604852, -0.661066, 0.0
6382.0, -0.539293, -3.769421, -0.015148, -4.604852, -0.661066, 0.0
6383.0, -0.539293, -3.769421, -0.015148, -4.604852, -0.661066, 0.0
6383.0, -0.539293, -3.769421, -0.015148, -4.604852, -0.661066, 0.0
6419.0, -0.511566, -3.804643, -0.017268, -4.83328, -0.57727, 0.0
6419.0, -0.511566, -3.804643, -0.017268, -4.83328, -0.57727, 0.0
6419.0, -0.511566, -3.804643, -0.017268, -4.83328, -0.57727, 0.0
6419.0, -0.511566, -3.804643, -0.017268, -4.83328, -0.57727, 0.0
6450.0, -0.481829, -3.841953, -0.019016, -4.83328, -0.57727, 0.0
6450.0, -0.481829, -3.841953, -0.019016, -4.83328, -0.57727, 0.0
6450.0, -0.481829, -3.841953, -0.019016, -4.83328, -0.57727, 0.0
6450.0, -0.481829, -3.841953, -0.019016, -4.83328, -0.57727, 0.0
6475.0, -0.466843, -3.861189, -0.019296, -4.83328, -0.57727, 0.0
6475.0, -0.466843, -3.861189, -0.019296, -4.83328, -0.57727, 0.0
6484.0, -0.450147, -3.883079, -0.018541, -4.83328, -0.57727, 0.0
6484.0, -0.450147, -3.883079, -0.018541, -4.83328, -0.57727, 0.0
6506.0, -0.436404, -3.901674, -0.017409, -4.83328, -0.57727, 0.0
6517.0, -0.423991, -3.919086, -0.016077, -4.83328, -0.57727, 0.0
6517.0, -0.423991, -3.919086, -0.016077, -4.83328, -0.57727, 0.0
6534.0, -0.412253, -3.936202, -0.014629, -4.83328, -0.57727, 0.0
6534.0, -0.412253, -3.936202, -0.014629, -4.83328, -0.57727, 0.0
6552.0, -0.401158, -3.953082, -0.013199, -4.83328, -0.57727, 0.0
6569.0, -0.390665, -3.969791, -0.011864, -4.83328, -0.57727, 0.0
6569.0, -0.390665, -3.969791, -0.011864, -4.83328, -0.57727, 0.0
6584.0, -0.381091, -3.985759, -0.01047, -4.83328, -0.57727, 0.0
6584.0, -0.381091, -3.985759, -0.01047, -4.83328, -0.57727, 0.0
6601.0, -0.372311, -4.00119, -0.009294, -4.83328, -0.57727, 0.0
6621.0, -0.364035, -4.016563, -0.00837, -4.83328, -0.57727, 0.0
6621.0, -0.364035, -4.016563, -0.00837, -4.83328, -0.57727, 0.0
6635.0, -0.356198, -4.031983, -0.007688, -5.0679, -0.491204, 0.0
6635.0, -0.356198, -4.031983, -0.007688, -5.0679, -0.491204, 0.0
6651.0, -0.348781, -4.047484, -0.007211, -5.0679, -0.491204, 0.0
6670.0, -0.341778, -4.063071, -0.006895, -5.0679, -0.491204, 0.0
6670.0, -0.341778, -4.063071, -0.006895, -5.0679, -0.491204, 0.0
6698.0, -0.335049, -4.079106, -0.006766, -5.0679, -0.491204, 0.0
6698.0, -0.335049, -4.079106, -0.006766, -5.0679, -0.491204, 0.0
6726.0, -0.322574, -4.111025, -0.006552, -5.0679, -0.491204, 0.0
6726.0, -0.322574, -4.111025, -0.006552, -5.0679, -0.491204, 0.0
6726.0, -0.322574, -4.111025, -0.006552, -5.0679, -0.491204, 0.0
6751.0, -0.312719, -4.140387, -0.006245, -5.0679, -0.491204, 0.0
6751.0, -0.312719, -4.140387, -0.006245, -5.0679, -0.491204, 0.0
6751.0, -0.312719, -4.140387, -0.006245, -5.0679, -0.491204, 0.0
6769.0, -0.308186, -4.156788, -0.006049, -5.0679, -0.491204, 0.0
6769.0, -0.308186, -4.156788, -0.006049, -5.0679, -0.491204, 0.0
6784.0, -0.304262, -4.173445, -0.005881, -5.0679, -0.491204, 0.0
6784.0, -0.304262, -4.173445, -0.005881, -5.0679, -0.491204, 0.0
6799.0, -0.300881, -4.190161, -0.00588, -5.0679, -0.491204, 0.0
6819.0, -0.298016, -4.206821, -0.00591, -5.0679, -0.491204, 0.0
6819.0, -0.298016, -4.206821, -0.00591, -5.0679, -0.491204, 0.0
6833.0, -0.295648, -4.2234, -0.00596, -5.0679, -0.491204, 0.0
6833.0, -0.295648, -4.2234, -0.00596, -5.0679, -0.491204, 0.0
6855.0, -0.293613, -4.241277, -0.006017, -5.0679, -0.491204, 0.0
6868.0, -0.292256, -4.257686, -0.006069, -5.0679, -0.491204, 0.0
6868.0, -0.292256, -4.257686, -0.006069, -5.0679, -0.491204, 0.0
6888.0, -0.291361, -4.273717, -0.006122, -5.302371, -0.405192, 0.0
6888.0, -0.291361, -4.273717, -0.006122, -5.302371, -0.405192, 0.0
6904.0, -0.29072, -4.293268, -0.006218, -5.302371, -0.405192, 0.0
6904.0, -0.29072, -4.293268, -0.006218, -5.302371, -0.405192, 0.0
6921.0, -0.290545, -4.309161, -0.006352, -5.302371, -0.405192, 0.0
6940.0, -0.290631, -4.325039, -0.006525, -5.302371, -0.405192, 0.0
6940.0, -0.290631, -4.325039, -0.006525, -5.302371, -0.405192, 0.0
6954.0, -0.290919, -4.340948, -0.006747, -5.302371, -0.405192, 0.0
6954.0, -0.290919, -4.340948, -0.006747, -5.302371, -0.405192, 0.0
6972.0, -0.291368, -4.356884, -0.007009, -5.302371, -0.405192, 0.0
6994.0, -0.291935, -4.374076, -0.007342, -5.302371, -0.405192, 0.0
6994.0, -0.291935, -4.374076, -0.007342, -5.302371, -0.405192, 0.0
7005.0, -0.292434, -4.389747, -0.007708, -5.302371, -0.405192, 0.0
7005.0, -0.292434, -4.389747, -0.007708, -5.302371, -0.405192, 0.0
7022.0, -0.292838, -4.40546, -0.008119, -5.302371, -0.405192, 0.0
7022.0, -0.292838, -4.40546, -0.008119, -5.302371, -0.405192, 0.0
7044.0, -0.293081, -4.42136, -0.008575, -5.302371, -0.405192, 0.0
7065.0, -0.293101, -4.443951, -0.00924, -5.302371, -0.405192, 0.0
7065.0, -0.293101, -4.443951, -0.00924, -5.302371, -0.405192, 0.0
7065.0, -0.293101, -4.443951, -0.00924, -5.302371, -0.405192, 0.0
7083.0, -0.292685, -4.461148, -0.009823, -5.302371, -0.405192, 0.0
7102.0, -0.291862, -4.478796, -0.010394, -5.302371, -0.405192, 0.0
7102.0, -0.291862, -4.478796, -0.010394, -5.302371, -0.405192, 0.0
7120.0, -0.290144, -4.503468, -0.011116, -5.302371, -0.405192, 0.0
7120.0, -0.290144, -4.503468, -0.011116, -5.302371, -0.405192, 0.0
7136.0, -0.288367, -4.520923, -0.011657, -5.539944, -0.318042, 0.0
7136.0, -0.288367, -4.520923, -0.011657, -5.539944, -0.318042, 0.0
7153.0, -0.2861, -4.538236, -0.012114, -5.539944, -0.318042, 0.0
7153.0, -0.2861, -4.538236, -0.012114, -5.539944, -0.318042, 0.0
7170.0, -0.283366, -4.555403, -0.012484, -5.539944, -0.318042, 0.0
7188.0, -0.280473, -4.57098, -0.012677, -5.539944, -0.318042, 0.0
7188.0, -0.280473, -4.57098, -0.012677, -5.539944, -0.318042, 0.0
7221.0, -0.274116, -4.600616, -0.012839, -5.539944, -0.318042, 0.0
7221.0, -0.274116, -4.600616, -0.012839, -5.539944, -0.318042, 0.0
7221.0, -0.274116, -4.600616, -0.012839, -5.539944, -0.318042, 0.0
7240.0, -0.270091, -4.615777, -0.0132, -5.539944, -0.318042, 0.0
7240.0, -0.270091, -4.615777, -0.0132, -5.539944, -0.318042, 0.0
7253.0, -0.265412, -4.631267, -0.013521, -5.539944, -0.318042, 0.0
7253.0, -0.265412, -4.631267, -0.013521, -5.539944, -0.318042, 0.0
7272.0, -0.260191, -4.646987, -0.013906, -5.539944, -0.318042, 0.0
7291.0, -0.254229, -4.663541, -0.014316, -5.539944, -0.318042, 0.0
7291.0, -0.254229, -4.663541, -0.014316, -5.539944, -0.318042, 0.0
7326.0, -0.241351, -4.696837, -0.014863, -5.539944, -0.318042, 0.0
7326.0, -0.241351, -4.696837, -0.014863, -5.539944, -0.318042, 0.0
7326.0, -0.241351, -4.696837, -0.014863, -5.539944, -0.318042, 0.0
7326.0, -0.241351, -4.696837, -0.014863, -5.539944, -0.318042, 0.0
7340.0, -0.233774, -4.714109, -0.015406, -5.539944, -0.318042, 0.0
7360.0, -0.225236, -4.73209, -0.015785, -5.539944, -0.318042, 0.0
7360.0, -0.225236, -4.73209, -0.015785, -5.539944, -0.318042, 0.0
7382.0, -0.216367, -4.749643, -0.016076, -5.539944, -0.318042, 0.0
7382.0, -0.216367, -4.749643, -0.016076, -5.539944, -0.318042, 0.0
7391.0, -0.206842, -4.767525, -0.016167, -5.77811, -0.230674, 0.0
7408.0, -0.197304, -4.784549, -0.016163, -5.77811, -0.230674, 0.0
7408.0, -0.197304, -4.784549, -0.016163, -5.77811, -0.230674, 0.0
7425.0, -0.187334, -4.801532, -0.016115, -5.77811, -0.230674, 0.0
7425.0, -0.187334, -4.801532, -0.016115, -5.77811, -0.230674, 0.0
7441.0, -0.176914, -4.818516, -0.01605, -5.77811, -0.230674, 0.0
7459.0, -0.166031, -4.835522, -0.015988, -5.77811, -0.230674, 0.0
7459.0, -0.166031, -4.835522, -0.015988, -5.77811, -0.230674, 0.0
7476.0, -0.154678, -4.852557, -0.015937, -5.77811, -0.230674, 0.0
7476.0, -0.154678, -4.852557, -0.015937, -5.77811, -0.230674, 0.0
7491.0, -0.142749, -4.869907, -0.015934, -5.77811, -0.230674, 0.0
7509.0, -0.130504, -4.887361, -0.01586, -5.77811, -0.230674, 0.0
7509.0, -0.130504, -4.887361, -0.01586, -5.77811, -0.230674, 0.0
7525.0, -0.118122, -4.904828, -0.015668, -5.77811, -0.230674, 0.0
7525.0, -0.118122, -4.904828, -0.015668, -5.77811, -0.230674, 0.0
7542.0, -0.105737, -4.922275, -0.015353, -5.77811, -0.230674, 0.0
7559.0, -0.09345, -4.939689, -0.014928, -5.77811, -0.230674, 0.0
7559.0, -0.09345, -4.939689, -0.014928, -5.77811, -0.230674, 0.0
7575.0, -0.081341, -4.957069, -0.014415, -5.77811, -0.230674, 0.0
7575.0, -0.081341, -4.957069, -0.014415, -5.77811, -0.230674, 0.0
7590.0, -0.069423, -4.974502, -0.013863, -5.77811, -0.230674, 0.0
7608.0, -0.057785, -4.99193, -0.013273, -5.77811, -0.230674, 0.0
7608.0, -0.057785, -4.99193, -0.013273, -5.77811, -0.230674, 0.0
7625.0, -0.046486, -5.009336, -0.012661, -5.77811, -0.230674, 0.0
7625.0, -0.046486, -5.009336, -0.012661, -5.77811, -0.230674, 0.0
7640.0, -0.035563, -5.026713, -0.012049, -6.013468, -0.144337, 0.0
7658.0, -0.025046, -5.044063, -0.011453, -6.013468, -0.144337, 0.0
7658.0, -0.025046, -5.044063, -0.011453, -6.013468, -0.144337, 0.0
7676.0, -0.014952, -5.061388, -0.010888, -6.013468, -0.144337, 0.0
7676.0, -0.014952, -5.061388, -0.010888, -6.013468, -0.144337, 0.0
7691.0, -0.005302, -5.078684, -0.010362, -6.013468, -0.144337, 0.0
7708.0, 0.003898, -5.095962, -0.009884, -6.013468, -0.144337, 0.0
7708.0, 0.003898, -5.095962, -0.009884, -6.013468, -0.144337, 0.0
7725.0, 0.012639, -5.113224, -0.009456, -6.013468, -0.144337, 0.0
7725.0, 0.012639, -5.113224, -0.009456, -6.013468, -0.144337, 0.0
7743.0, 0.020915, -5.130476, -0.009078, -6.013468, -0.144337, 0.0
7759.0, 0.028721, -5.147718, -0.008749, -6.013468, -0.144337, 0.0
7759.0, 0.028721, -5.147718, -0.008749, -6.013468, -0.144337, 0.0
7776.0, 0.036053, -5.164954, -0.008465, -6.013468, -0.144337, 0.0
7776.0, 0.036053, -5.164954, -0.008465, -6.013468, -0.144337, 0.0
7791.0, 0.04291, -5.18219, -0.008222, -6.013468, -0.144337, 0.0
7808.0, 0.049287, -5.199424, -0.008015, -6.013468, -0.144337, 0.0
7808.0, 0.049287, -5.199424, -0.008015, -6.013468, -0.144337, 0.0
7825.0, 0.055182, -5.216655, -0.00784, -6.013468, -0.144337, 0.0
7825.0, 0.055182, -5.216655, -0.00784, -6.013468, -0.144337, 0.0
7841.0, 0.060592, -5.233881, -0.007691, -6.013468, -0.144337, 0.0
7858.0, 0.065514, -5.251103, -0.007565, -6.013468, -0.144337, 0.0
7858.0, 0.065514, -5.251103, -0.007565, -6.013468, -0.144337, 0.0
7876.0, 0.069948, -5.268322, -0.007459, -6.013468, -0.144337, 0.0
7876.0, 0.069948, -5.268322, -0.007459, -6.013468, -0.144337, 0.0
7891.0, 0.073892, -5.285531, -0.007368, -6.248177, -0.058237, 0.0
7909.0, 0.077344, -5.302734, -0.007292, -6.248177, -0.058237, 0.0
7909.0, 0.077344, -5.302734, -0.007292, -6.248177, -0.058237, 0.0
7925.0, 0.080304, -5.319934, -0.007227, -6.248177, -0.058237, 0.0
7925.0, 0.080304, -5.319934, -0.007227, -6.248177, -0.058237, 0.0
7941.0, 0.082773, -5.337131, -0.007173, -6.248177, -0.058237, 0.0
7959.0, 0.084748, -5.354323, -0.007128, -6.248177, -0.058237, 0.0
7959.0, 0.084748, -5.354323, -0.007128, -6.248177, -0.058237, 0.0
7976.0, 0.086229, -5.371512, -0.00709, -6.248177, -0.058237, 0.0
7976.0, 0.086229, -5.371512, -0.00709, -6.248177, -0.058237, 0.0
7991.0, 0.087266, -5.388704, -0.00708, -6.248177, -0.058237, 0.0
8008.0, 0.087922, -5.405894, -0.007115, -6.248177, -0.058237, 0.0
8008.0, 0.087922, -5.405894, -0.007115, -6.248177, -0.058237, 0.0
8025.0, 0.088256, -5.423081, -0.007202, -6.248177, -0.058237, 0.0
8025.0, 0.088256, -5.423081, -0.007202, -6.248177, -0.058237, 0.0
8041.0, 0.088327, -5.440264, -0.007342, -6.248177, -0.058237, 0.0
8058.0, 0.088181, -5.457443, -0.007531, -6.248177, -0.058237, 0.0
8058.0, 0.088181, -5.457443, -0.007531, -6.248177, -0.058237, 0.0
8076.0, 0.087859, -5.474618, -0.007758, -6.248177, -0.058237, 0.0
8076.0, 0.087859, -5.474618, -0.007758, -6.248177, -0.058237, 0.0
8092.0, 0.087446, -5.491786, -0.008033, -6.248177, -0.058237, 0.0
8108.0, 0.087031, -5.508955, -0.008362, -6.248177, -0.058237, 0.0
8108.0, 0.087031, -5.508955, -0.008362, -6.248177, -0.058237, 0.0
8125.0, 0.0867, -5.526131, -0.008745, -6.248177, -0.058237, 0.0
8125.0, 0.0867, -5.526131, -0.008745, -6.248177, -0.058237, 0.0
8142.0, 0.086527, -5.543316, -0.009174, -6.482886, 0.027862, 0.0
8158.0, 0.086574, -5.560515, -0.009636, -6.482886, 0.027862, 0.0
8158.0, 0.086574, -5.560515, -0.009636, -6.482886, 0.027862, 0.0
8176.0, 0.086895, -5.57773, -0.010117, -6.482886, 0.027862, 0.0
8176.0, 0.086895, -5.57773, -0.010117, -6.482886, 0.027862, 0.0
8191.0, 0.087532, -5.594969, -0.010604, -6.482886, 0.027862, 0.0
8208.0, 0.08852, -5.612232, -0.011085, -6.482886, 0.027862, 0.0
8208.0, 0.08852, -5.612232, -0.011085, -6.482886, 0.027862, 0.0
8225.0, 0.089888, -5.629517, -0.011548, -6.482886, 0.027862, 0.0
8225.0, 0.089888, -5.629517, -0.011548, -6.482886, 0.027862, 0.0
8241.0, 0.091659, -5.646827, -0.011985, -6.482886, 0.027862, 0.0
8258.0, 0.09385, -5.664162, -0.01239, -6.482886, 0.027862, 0.0
8258.0, 0.09385, -5.664162, -0.01239, -6.482886, 0.027862, 0.0
8276.0, 0.096476, -5.681525, -0.012761, -6.482886, 0.027862, 0.0
8276.0, 0.096476, -5.681525, -0.012761, -6.482886, 0.027862, 0.0
8291.0, 0.099548, -5.698916, -0.013096, -6.482886, 0.027862, 0.0
8309.0, 0.103078, -5.716339, -0.013395, -6.482886, 0.027862, 0.0
8309.0, 0.103078, -5.716339, -0.013395, -6.482886, 0.027862, 0.0
8325.0, 0.107071, -5.733794, -0.013661, -6.482886, 0.027862, 0.0
8325.0, 0.107071, -5.733794, -0.013661, -6.482886, 0.027862, 0.0
8341.0, 0.111533, -5.751283, -0.013895, -6.482886, 0.027862, 0.0
8359.0, 0.116471, -5.768806, -0.014102, -6.482886, 0.027862, 0.0
8359.0, 0.116471, -5.768806, -0.014102, -6.482886, 0.027862, 0.0
8376.0, 0.121887, -5.786365, -0.014284, -6.482886, 0.027862, 0.0
8376.0, 0.121887, -5.786365, -0.014284, -6.482886, 0.027862, 0.0
8392.0, 0.127783, -5.803952, -0.014445, -6.717594, 0.113961, 0.0
8407.0, 0.134164, -5.821574, -0.014588, -6.717594, 0.113961, 0.0
8407.0, 0.134164, -5.821574, -0.014588, -6.717594, 0.113961, 0.0
8424.0, 0.141031, -5.839233, -0.014718, -6.717594, 0.113961, 0.0
8424.0, 0.141031, -5.839233, -0.014718, -6.717594, 0.113961, 0.0
8441.0, 0.148388, -5.856931, -0.014836, -6.717594, 0.113961, 0.0
8457.0, 0.156237, -5.874666, -0.014946, -6.717594, 0.113961, 0.0
8457.0, 0.156237, -5.874666, -0.014946, -6.717594, 0.113961, 0.0
8475.0, 0.164578, -5.892439, -0.01505, -6.717594, 0.113961, 0.0
8475.0, 0.164578, -5.892439, -0.01505, -6.717594, 0.113961, 0.0
8491.0, 0.173366, -5.910254, -0.015128, -6.717594, 0.113961, 0.0
8508.0, 0.182537, -5.928102, -0.015163, -6.717594, 0.113961, 0.0
8508.0, 0.182537, -5.928102, -0.015163, -6.717594, 0.113961, 0.0
8525.0, 0.192026, -5.945975, -0.015142, -6.717594, 0.113961, 0.0
8525.0, 0.192026, -5.945975, -0.015142, -6.717594, 0.113961, 0.0
8540.0, 0.201777, -5.96387, -0.015066, -6.717594, 0.113961, 0.0
8559.0, 0.211741, -5.981782, -0.014938, -6.717594, 0.113961, 0.0
8559.0, 0.211741, -5.981782, -0.014938, -6.717594, 0.113961, 0.0
8577.0, 0.221878, -5.999709, -0.014766, -6.717594, 0.113961, 0.0
8577.0, 0.221878, -5.999709, -0.014766, -6.717594, 0.113961, 0.0
8591.0, 0.2321, -6.017642, -0.014539, -6.717594, 0.113961, 0.0
8609.0, 0.242317, -6.03558, -0.014251, -6.717594, 0.113961, 0.0
8609.0, 0.242317, -6.03558, -0.014251, -6.717594, 0.113961, 0.0
8625.0, 0.252447, -6.053523, -0.013903, -6.717594, 0.113961, 0.0
8625.0, 0.252447, -6.053523, -0.013903, -6.717594, 0.113961, 0.0
8642.0, 0.262414, -6.071468, -0.0135, -6.952302, 0.20006, 0.0
8657.0, 0.272156, -6.089414, -0.013055, -6.952302, 0.20006, 0.0
8657.0, 0.272156, -6.089414, -0.013055, -6.952302, 0.20006, 0.0
8676.0, 0.281621, -6.107357, -0.012582, -6.952302, 0.20006, 0.0
8676.0, 0.281621, -6.107357, -0.012582, -6.952302, 0.20006, 0.0
8691.0, 0.290768, -6.125301, -0.012096, -6.952302, 0.20006, 0.0
8708.0, 0.299561, -6.143242, -0.011609, -6.952302, 0.20006, 0.0
8708.0, 0.299561, -6.143242, -0.011609, -6.952302, 0.20006, 0.0
8725.0, 0.307971, -6.161177, -0.011133, -6.952302, 0.20006, 0.0
8725.0, 0.307971, -6.161177, -0.011133, -6.952302, 0.20006, 0.0
8741.0, 0.315975, -6.179101, -0.010678, -6.952302, 0.20006, 0.0
8758.0, 0.323555, -6.197016, -0.01025, -6.952302, 0.20006, 0.0
8758.0, 0.323555, -6.197016, -0.01025, -6.952302, 0.20006, 0.0
8776.0, 0.330698, -6.214919, -0.009854, -6.952302, 0.20006, 0.0
8776.0, 0.330698, -6.214919, -0.009854, -6.952302, 0.20006, 0.0
8791.0, 0.337391, -6.232811, -0.009493, -6.952302, 0.20006, 0.0
8808.0, 0.343627, -6.25069, -0.009169, -6.952302, 0.20006, 0.0
8808.0, 0.343627, -6.25069, -0.009169, -6.952302, 0.20006, 0.0
8825.0, 0.349398, -6.268558, -0.00888, -6.952302, 0.20006, 0.0
8825.0, 0.349398, -6.268558, -0.00888, -6.952302, 0.20006, 0.0
8842.0, 0.354698, -6.286412, -0.008626, -6.952302, 0.20006, 0.0
8858.0, 0.359524, -6.304255, -0.008405, -6.952302, 0.20006, 0.0
8858.0, 0.359524, -6.304255, -0.008405, -6.952302, 0.20006, 0.0
8875.0, 0.363871, -6.322084, -0.008213, -6.952302, 0.20006, 0.0
8875.0, 0.363871, -6.322084, -0.008213, -6.952302, 0.20006, 0.0
8891.0, 0.367736, -6.339893, -0.008048, -7.187011, 0.286159, 0.0
8909.0, 0.371117, -6.357687, -0.007908, -7.187011, 0.286159, 0.0
8909.0, 0.371117, -6.357687, -0.007908, -7.187011, 0.286159, 0.0
8925.0, 0.374012, -6.375467, -0.007789, -7.187011, 0.286159, 0.0
8925.0, 0.374012, -6.375467, -0.007789, -7.187011, 0.286159, 0.0
8941.0, 0.376419, -6.393235, -0.00769, -7.187011, 0.286159, 0.0
8958.0, 0.378339, -6.410989, -0.007607, -7.187011, 0.286159, 0.0
8958.0, 0.378339, -6.410989, -0.007607, -7.187011, 0.286159, 0.0
8976.0, 0.379768, -6.428729, -0.007539, -7.187011, 0.286159, 0.0
8976.0, 0.379768, -6.428729, -0.007539, -7.187011, 0.286159, 0.0
8991.0, 0.380756, -6.446464, -0.007503, -7.187011, 0.286159, 0.0
9009.0, 0.381365, -6.46419, -0.007517, -7.187011, 0.286159, 0.0
9009.0, 0.381365, -6.46419, -0.007517, -7.187011, 0.286159, 0.0
9025.0, 0.381657, -6.481906, -0.007588, -7.187011, 0.286159, 0.0
9025.0, 0.381657, -6.481906, -0.007588, -7.187011, 0.286159, 0.0
9041.0, 0.381687, -6.499619, -0.007715, -7.187011, 0.286159, 0.0
9058.0, 0.381502, -6.517318, -0.007893, -7.187011, 0.286159, 0.0
9058.0, 0.381502, -6.517318, -0.007893, -7.187011, 0.286159, 0.0
9075.0, 0.381144, -6.53501, -0.008111, -7.187011, 0.286159, 0.0
9075.0, 0.381144, -6.53501, -0.008111, -7.187011, 0.286159, 0.0
9091.0, 0.380696, -6.552691, -0.00838, -7.187011, 0.286159, 0.0
9108.0, 0.380248, -6.57037, -0.008704, -7.187011, 0.286159, 0.0
9108.0, 0.380248, -6.57037, -0.008704, -7.187011, 0.286159, 0.0
9124.0, 0.379885, -6.588054, -0.009082, -7.187011, 0.286159, 0.0
9124.0, 0.379885, -6.588054, -0.009082, -7.187011, 0.286159, 0.0
9141.0, 0.379682, -6.605745, -0.009507, -7.421726, 0.372261, 0.0
9157.0, 0.3797, -6.623449, -0.009966, -7.421726, 0.372261, 0.0
9157.0, 0.3797, -6.623449, -0.009966, -7.421726, 0.372261, 0.0
9175.0, 0.379993, -6.641167, -0.010446, -7.421726, 0.372261, 0.0
9175.0, 0.379993, -6.641167, -0.010446, -7.421726, 0.372261, 0.0
9190.0, 0.380603, -6.658908, -0.010931, -7.421726, 0.372261, 0.0
9208.0, 0.381565, -6.676672, -0.01141, -7.421726, 0.372261, 0.0
9208.0, 0.381565, -6.676672, -0.01141, -7.421726, 0.372261, 0.0
9224.0, 0.382907, -6.694456, -0.011871, -7.421726, 0.372261, 0.0
9224.0, 0.382907, -6.694456, -0.011871, -7.421726, 0.372261, 0.0
9241.0, 0.384653, -6.712263, -0.012306, -7.421726, 0.372261, 0.0
9258.0, 0.38682, -6.730093, -0.01271, -7.421726, 0.372261, 0.0
9258.0, 0.38682, -6.730093, -0.01271, -7.421726, 0.372261, 0.0
9275.0, 0.389422, -6.74795, -0.013079, -7.421726, 0.372261, 0.0
9275.0, 0.389422, -6.74795, -0.013079, -7.421726, 0.372261, 0.0
9291.0, 0.39247, -6.765827, -0.013411, -7.421726, 0.372261, 0.0
9308.0, 0.395974, -6.783731, -0.013708, -7.421726, 0.372261, 0.0
9308.0, 0.395974, -6.783731, -0.013708, -7.421726, 0.372261, 0.0
9324.0, 0.399942, -6.801665, -0.013971, -7.421726, 0.372261, 0.0
9324.0, 0.399942, -6.801665, -0.013971, -7.421726, 0.372261, 0.0
9341.0, 0.40438, -6.819633, -0.014203, -7.421726, 0.372261, 0.0
9357.0, 0.409293, -6.837634, -0.014407, -7.421726, 0.372261, 0.0
9357.0, 0.409293, -6.837634, -0.014407, -7.421726, 0.372261, 0.0
9375.0, 0.414685, -6.85567, -0.014587, -7.421726, 0.372261, 0.0
9375.0, 0.414685, -6.85567, -0.014587, -7.421726, 0.372261, 0.0
9390.0, 0.420562, -6.873749, -0.014747, -7.656434, 0.45836, 0.0
9409.0, 0.426924, -6.891866, -0.014889, -7.656434, 0.45836, 0.0
9409.0, 0.426924, -6.891866, -0.014889, -7.656434, 0.45836, 0.0
9425.0, 0.433774, -6.910019, -0.015016, -7.656434, 0.45836, 0.0
9425.0, 0.433774, -6.910019, -0.015016, -7.656434, 0.45836, 0.0
9441.0, 0.441113, -6.928207, -0.015132, -7.656434, 0.45836, 0.0
9459.0, 0.448943, -6.946432, -0.015238, -7.656434, 0.45836, 0.0
9459.0, 0.448943, -6.946432, -0.015238, -7.656434, 0.45836, 0.0
9476.0, 0.457266, -6.964692, -0.015337, -7.656434, 0.45836, 0.0
9476.0, 0.457266, -6.964692, -0.015337, -7.656434, 0.45836, 0.0
9492.0, 0.466082, -6.982988, -0.015431, -7.656434, 0.45836, 0.0
9508.0, 0.475393, -7.00132, -0.015521, -7.656434, 0.45836, 0.0
9508.0, 0.475393, -7.00132, -0.015521, -7.656434, 0.45836, 0.0
9526.0, 0.485199, -7.019686, -0.015609, -7.656434, 0.45836, 0.0
9526.0, 0.485199, -7.019686, -0.015609, -7.656434, 0.45836, 0.0
9541.0, 0.495501, -7.038087, -0.015695, -7.656434, 0.45836, 0.0
9558.0, 0.506301, -7.056522, -0.01578, -7.656434, 0.45836, 0.0
9558.0, 0.506301, -7.056522, -0.01578, -7.656434, 0.45836, 0.0
9575.0, 0.517599, -7.074991, -0.015865, -7.656434, 0.45836, 0.0
9575.0, 0.517599, -7.074991, -0.015865, -7.656434, 0.45836, 0.0
9590.0, 0.529289, -7.093482, -0.015905, -7.656434, 0.45836, 0.0
9608.0, 0.541247, -7.111993, -0.015864, -7.656434, 0.45836, 0.0
9608.0, 0.541247, -7.111993, -0.015864, -7.656434, 0.45836, 0.0
9625.0, 0.553348, -7.130521, -0.015721, -7.656434, 0.45836, 0.0
9625.0, 0.553348, -7.130521, -0.015721, -7.656434, 0.45836, 0.0
9641.0, 0.565478, -7.149061, -0.01547, -7.891143, 0.544459, 0.0
9659.0, 0.57754, -7.167609, -0.015121, -7.891143, 0.544459, 0.0
9659.0, 0.57754, -7.167609, -0.015121, -7.891143, 0.544459, 0.0
9675.0, 0.589452, -7.186161, -0.014689, -7.891143, 0.544459, 0.0
9675.0, 0.589452, -7.186161, -0.014689, -7.891143, 0.544459, 0.0
9692.0, 0.601149, -7.20472, -0.014196, -7.891143, 0.544459, 0.0
9709.0, 0.612574, -7.223282, -0.013663, -7.891143, 0.544459, 0.0
9709.0, 0.612574, -7.223282, -0.013663, -7.891143, 0.544459, 0.0
9725.0, 0.623681, -7.24184, -0.01311, -7.891143, 0.544459, 0.0
9725.0, 0.623681, -7.24184, -0.01311, -7.891143, 0.544459, 0.0
9741.0, 0.634432, -7.260393, -0.012554, -7.891143, 0.544459, 0.0
9759.0, 0.644799, -7.278938, -0.012013, -7.891143, 0.544459, 0.0
9759.0, 0.644799, -7.278938, -0.012013, -7.891143, 0.544459, 0.0
9775.0, 0.654759, -7.297473, -0.011497, -7.891143, 0.544459, 0.0
9775.0, 0.654759, -7.297473, -0.011497, -7.891143, 0.544459, 0.0
9791.0, 0.664292, -7.315991, -0.011013, -7.891143, 0.544459, 0.0
9808.0, 0.673386, -7.334495, -0.010569, -7.891143, 0.544459, 0.0
9808.0, 0.673386, -7.334495, -0.010569, -7.891143, 0.544459, 0.0
9825.0, 0.682031, -7.352987, -0.010168, -7.891143, 0.544459, 0.0
9825.0, 0.682031, -7.352987, -0.010168, -7.891143, 0.544459, 0.0
9841.0, 0.690219, -7.371468, -0.009811, -7.891143, 0.544459, 0.0
9859.0, 0.697944, -7.389936, -0.009496, -7.891143, 0.544459, 0.0
9859.0, 0.697944, -7.389936, -0.009496, -7.891143, 0.544459, 0.0
9875.0, 0.705199, -7.408393, -0.00922, -7.891143, 0.544459, 0.0
9875.0, 0.705199, -7.408393, -0.00922, -7.891143, 0.544459, 0.0
9891.0, 0.711982, -7.426845, -0.008982, -8.125852, 0.630558, 0.0
9909.0, 0.718289, -7.445287, -0.008777, -8.125852, 0.630558, 0.0
9909.0, 0.718289, -7.445287, -0.008777, -8.125852, 0.630558, 0.0
9925.0, 0.724116, -7.463716, -0.0086, -8.125852, 0.630558, 0.0
9925.0, 0.724116, -7.463716, -0.0086, -8.125852, 0.630558, 0.0
9941.0, 0.729459, -7.482131, -0.008448, -8.125852, 0.630558, 0.0
9959.0, 0.734317, -7.500532, -0.008318, -8.125852, 0.630558, 0.0
9959.0, 0.734317, -7.500532, -0.008318, -8.125852, 0.630558, 0.0
9976.0, 0.738687, -7.51892, -0.008206, -8.125852, 0.630558, 0.0
9976.0, 0.738687, -7.51892, -0.008206, -8.125852, 0.630558, 0.0
9991.0, 0.742567, -7.537287, -0.00811, -8.125852, 0.630558, 0.0
