1.0, 0.0, 0.0, 0.002231, 0.382773, -0.923842, 0.0
1.0, 0.0, 0.0, 0.002231, 0.382773, -0.923842, 0.0
15.0, -0.000051, -0.000257, -0.004076, 0.382773, -0.923842, 0.0
32.0, -0.000001, -0.000387, -0.009542, 0.382773, -0.923842, 0.0
32.0, -0.000001, -0.000387, -0.009542, 0.382773, -0.923842, 0.0
50.0, 0.000248, -0.000323, -0.01236, 0.382773, -0.923842, 0.0
50.0, 0.000248, -0.000323, -0.01236, 0.382773, -0.923842, 0.0
65.0, 0.000769, -0.000153, -0.013629, 0.382773, -0.923842, 0.0
82.0, 0.001618, -0.000001, -0.013785, 0.382773, -0.923842, 0.0
82.0, 0.001618, -0.000001, -0.013785, 0.382773, -0.923842, 0.0
99.0, 0.002833, 0.000007, -0.013182, 0.382773, -0.923842, 0.0
99.0, 0.002833, 0.000007, -0.013182, 0.382773, -0.923842, 0.0
116.0, 0.004446, -0.000245, -0.012099, 0.382773, -0.923842, 0.0
133.0, 0.006229, -0.000762, -0.012836, 0.382773, -0.923842, 0.0
133.0, 0.006229, -0.000762, -0.012836, 0.382773, -0.923842, 0.0
151.0, 0.008406, -0.001402, -0.014309, 0.382773, -0.923842, 0.0
151.0, 0.008406, -0.001402, -0.014309, 0.382773, -0.923842, 0.0
165.0, 0.011049, -0.002155, -0.015273, 0.382773, -0.923842, 0.0
182.0, 0.014129, -0.002988, -0.015701, 0.382773, -0.923842, 0.0
182.0, 0.014129, -0.002988, -0.015701, 0.382773, -0.923842, 0.0
199.0, 0.017697, -0.003867, -0.015808, 0.382773, -0.923842, 0.0
199.0, 0.017697, -0.003867, -0.015808, 0.382773, -0.923842, 0.0
216.0, 0.021166, -0.004632, -0.013223, 0.382773, -0.923842, 0.0
232.0, 0.025467, -0.005231, -0.011696, 0.382773, -0.923842, 0.0
232.0, 0.025467, -0.005231, -0.011696, 0.382773, -0.923842, 0.0
250.0, 0.030373, -0.005861, -0.010426, 0.382773, -0.923842, 0.0
250.0, 0.030373, -0.005861, -0.010426, 0.382773, -0.923842, 0.0
266.0, 0.035763, -0.006548, -0.009409, 0.382972, -0.673841, 0.0
282.0, 0.041661, -0.007331, -0.008686, 0.382972, -0.673841, 0.0
282.0, 0.041661, -0.007331, -0.008686, 0.382972, -0.673841, 0.0
300.0, 0.048027, -0.008215, -0.008112, 0.382972, -0.673841, 0.0
300.0, 0.048027, -0.008215, -0.008112, 0.382972, -0.673841, 0.0
315.0, 0.054875, -0.009202, -0.007667, 0.382972, -0.673841, 0.0
332.0, 0.062212, -0.010292, -0.007337, 0.382972, -0.673841, 0.0
332.0, 0.062212, -0.010292, -0.007337, 0.382972, -0.673841, 0.0
350.0, 0.070041, -0.011487, -0.007104, 0.382972, -0.673841, 0.0
350.0, 0.070041, -0.011487, -0.007104, 0.382972, -0.673841, 0.0
365.0, 0.078316, -0.012776, -0.006931, 0.382972, -0.673841, 0.0
384.0, 0.086973, -0.014145, -0.006783, 0.382972, -0.673841, 0.0
384.0, 0.086973, -0.014145, -0.006783, 0.382972, -0.673841, 0.0
398.0, 0.095948, -0.015582, -0.006636, 0.382972, -0.673841, 0.0
398.0, 0.095948, -0.015582, -0.006636, 0.382972, -0.673841, 0.0
415.0, 0.105185, -0.017075, -0.006477, 0.382972, -0.673841, 0.0
432.0, 0.114636, -0.018615, -0.006299, 0.382972, -0.673841, 0.0
432.0, 0.114636, -0.018615, -0.006299, 0.382972, -0.673841, 0.0
450.0, 0.12426, -0.020193, -0.006104, 0.382972, -0.673841, 0.0
450.0, 0.12426, -0.020193, -0.006104, 0.382972, -0.673841, 0.0
466.0, 0.134025, -0.021803, -0.005895, 0.382972, -0.673841, 0.0
482.0, 0.143903, -0.023439, -0.005677, 0.382972, -0.673841, 0.0
482.0, 0.143903, -0.023439, -0.005677, 0.382972, -0.673841, 0.0
499.0, 0.153872, -0.025097, -0.005456, 0.382972, -0.673841, 0.0
499.0, 0.153872, -0.025097, -0.005456, 0.382972, -0.673841, 0.0
516.0, 0.163915, -0.026773, -0.005239, 0.383171, -0.423839, 0.0
532.0, 0.174017, -0.028463, -0.005029, 0.383171, -0.423839, 0.0
532.0, 0.174017, -0.028463, -0.005029, 0.383171, -0.423839, 0.0
550.0, 0.184166, -0.030166, -0.004832, 0.383171, -0.423839, 0.0
550.0, 0.184166, -0.030166, -0.004832, 0.383171, -0.423839, 0.0
566.0, 0.194349, -0.031877, -0.004647, 0.383171, -0.423839, 0.0
582.0, 0.204562, -0.033597, -0.004479, 0.383171, -0.423839, 0.0
582.0, 0.204562, -0.033597, -0.004479, 0.383171, -0.423839, 0.0
599.0, 0.2148, -0.035322, -0.004329, 0.383171, -0.423839, 0.0
600.0, 0.2148, -0.035322, -0.004329, 0.383171, -0.423839, 0.0
615.0, 0.225058, -0.037053, -0.004197, 0.383171, -0.423839, 0.0
633.0, 0.235333, -0.038788, -0.004083, 0.383171, -0.423839, 0.0
633.0, 0.235333, -0.038788, -0.004083, 0.383171, -0.423839, 0.0
649.0, 0.245622, -0.040526, -0.003985, 0.383171, -0.423839, 0.0
649.0, 0.245622, -0.040526, -0.003985, 0.383171, -0.423839, 0.0
665.0, 0.255925, -0.042267, -0.003904, 0.383171, -0.423839, 0.0
681.0, 0.266239, -0.04401, -0.003836, 0.383171, -0.423839, 0.0
681.0, 0.266239, -0.04401, -0.003836, 0.383171, -0.423839, 0.0
698.0, 0.276561, -0.045754, -0.003779, 0.383171, -0.423839, 0.0
698.0, 0.276561, -0.045754, -0.003779, 0.383171, -0.423839, 0.0
715.0, 0.286888, -0.0475, -0.003732, 0.383171, -0.423839, 0.0
732.0, 0.297219, -0.049245, -0.003693, 0.383171, -0.423839, 0.0
732.0, 0.297219, -0.049245, -0.003693, 0.383171, -0.423839, 0.0
749.0, 0.307554, -0.050992, -0.003662, 0.383171, -0.423839, 0.0
750.0, 0.307554, -0.050992, -0.003662, 0.383171, -0.423839, 0.0
765.0, 0.317888, -0.052737, -0.003635, 0.383371, -0.173836, 0.0
782.0, 0.328223, -0.054483, -0.003613, 0.383371, -0.173836, 0.0
782.0, 0.328223, -0.054483, -0.003613, 0.383371, -0.173836, 0.0
800.0, 0.33856, -0.056228, -0.003597, 0.383371, -0.173836, 0.0
800.0, 0.33856, -0.056228, -0.003597, 0.383371, -0.173836, 0.0
815.0, 0.3489, -0.057974, -0.003585, 0.383371, -0.173836, 0.0
832.0, 0.359241, -0.059719, -0.003576, 0.383371, -0.173836, 0.0
832.0, 0.359241, -0.059719, -0.003576, 0.383371, -0.173836, 0.0
850.0, 0.369584, -0.061465, -0.00357, 0.383371, -0.173836, 0.0
850.0, 0.369584, -0.061465, -0.00357, 0.383371, -0.173836, 0.0
865.0, 0.379933, -0.063211, -0.003567, 0.383371, -0.173836, 0.0
882.0, 0.390284, -0.064957, -0.003567, 0.383371, -0.173836, 0.0
882.0, 0.390284, -0.064957, -0.003567, 0.383371, -0.173836, 0.0
899.0, 0.400636, -0.066703, -0.003564, 0.383371, -0.173836, 0.0
899.0, 0.400636, -0.066703, -0.003564, 0.383371, -0.173836, 0.0
914.0, 0.410989, -0.068449, -0.003564, 0.383371, -0.173836, 0.0
931.0, 0.421341, -0.070195, -0.003561, 0.383371, -0.173836, 0.0
931.0, 0.421341, -0.070195, -0.003561, 0.383371, -0.173836, 0.0
949.0, 0.431694, -0.071941, -0.003561, 0.383371, -0.173836, 0.0
949.0, 0.431694, -0.071941, -0.003561, 0.383371, -0.173836, 0.0
965.0, 0.442046, -0.073686, -0.003558, 0.383371, -0.173836, 0.0
982.0, 0.452399, -0.075432, -0.003558, 0.383371, -0.173836, 0.0
982.0, 0.452399, -0.075432, -0.003558, 0.383371, -0.173836, 0.0
998.0, 0.462751, -0.077177, -0.003556, 0.383371, -0.173836, 0.0
998.0, 0.462751, -0.077177, -0.003556, 0.383371, -0.173836, 0.0
1015.0, 0.473104, -0.078922, -0.003556, 0.38357, 0.076166, 0.0
1032.0, 0.483456, -0.080668, -0.003553, 0.38357, 0.076166, 0.0
1032.0, 0.483456, -0.080668, -0.003553, 0.38357, 0.076166, 0.0
1050.0, 0.493808, -0.082413, -0.003553, 0.38357, 0.076166, 0.0
1050.0, 0.493808, -0.082413, -0.003553, 0.38357, 0.076166, 0.0
1065.0, 0.504156, -0.084157, -0.00355, 0.38357, 0.076166, 0.0
1082.0, 0.514503, -0.085901, -0.003548, 0.38357, 0.076166, 0.0
1082.0, 0.514503, -0.085901, -0.003548, 0.38357, 0.076166, 0.0
1099.0, 0.52485, -0.087645, -0.003548, 0.38357, 0.076166, 0.0
1099.0, 0.52485, -0.087645, -0.003548, 0.38357, 0.076166, 0.0
1115.0, 0.535198, -0.08939, -0.003548, 0.38357, 0.076166, 0.0
1132.0, 0.545546, -0.091134, -0.003548, 0.38357, 0.076166, 0.0
1132.0, 0.545546, -0.091134, -0.003548, 0.38357, 0.076166, 0.0
1150.0, 0.555895, -0.092878, -0.003548, 0.38357, 0.076166, 0.0
1150.0, 0.555895, -0.092878, -0.003548, 0.38357, 0.076166, 0.0
1164.0, 0.566248, -0.094624, -0.003548, 0.38357, 0.076166, 0.0
1181.0, 0.576604, -0.096369, -0.003552, 0.38357, 0.076166, 0.0
1181.0, 0.576604, -0.096369, -0.003552, 0.38357, 0.076166, 0.0
1197.0, 0.586959, -0.098114, -0.003552, 0.38357, 0.076166, 0.0
1197.0, 0.586959, -0.098114, -0.003552, 0.38357, 0.076166, 0.0
1215.0, 0.597314, -0.09986, -0.003554, 0.38357, 0.076166, 0.0
1231.0, 0.607669, -0.101605, -0.003554, 0.38357, 0.076166, 0.0
1231.0, 0.607669, -0.101605, -0.003554, 0.38357, 0.076166, 0.0
1248.0, 0.618024, -0.10335, -0.003554, 0.38357, 0.076166, 0.0
1248.0, 0.618024, -0.10335, -0.003554, 0.38357, 0.076166, 0.0
1265.0, 0.628373, -0.105095, -0.003552, 0.383769, 0.326168, 0.0
1282.0, 0.638722, -0.106839, -0.00355, 0.383769, 0.326168, 0.0
1282.0, 0.638722, -0.106839, -0.00355, 0.383769, 0.326168, 0.0
1298.0, 0.64907, -0.108583, -0.00355, 0.383769, 0.326168, 0.0
1298.0, 0.64907, -0.108583, -0.00355, 0.383769, 0.326168, 0.0
1314.0, 0.659419, -0.110327, -0.003548, 0.383769, 0.326168, 0.0
1332.0, 0.669768, -0.112072, -0.003548, 0.383769, 0.326168, 0.0
1332.0, 0.669768, -0.112072, -0.003548, 0.383769, 0.326168, 0.0
1351.0, 0.680118, -0.113816, -0.003548, 0.383769, 0.326168, 0.0
1351.0, 0.680118, -0.113816, -0.003548, 0.383769, 0.326168, 0.0
1364.0, 0.690472, -0.115561, -0.00355, 0.383769, 0.326168, 0.0
1382.0, 0.700827, -0.117307, -0.003551, 0.383769, 0.326168, 0.0
1382.0, 0.700827, -0.117307, -0.003551, 0.383769, 0.326168, 0.0
1399.0, 0.711183, -0.119052, -0.003551, 0.383769, 0.326168, 0.0
1399.0, 0.711183, -0.119052, -0.003551, 0.383769, 0.326168, 0.0
1415.0, 0.721539, -0.120798, -0.003551, 0.383769, 0.326168, 0.0
1431.0, 0.731894, -0.122543, -0.003553, 0.383769, 0.326168, 0.0
1431.0, 0.731894, -0.122543, -0.003553, 0.383769, 0.326168, 0.0
1448.0, 0.742248, -0.124288, -0.003553, 0.383769, 0.326168, 0.0
1448.0, 0.742248, -0.124288, -0.003553, 0.383769, 0.326168, 0.0
1465.0, 0.752601, -0.126033, -0.003551, 0.383769, 0.326168, 0.0
1481.0, 0.762949, -0.127777, -0.003549, 0.383769, 0.326168, 0.0
1481.0, 0.762949, -0.127777, -0.003549, 0.383769, 0.326168, 0.0
1498.0, 0.773298, -0.129521, -0.003549, 0.383769, 0.326168, 0.0
1498.0, 0.773298, -0.129521, -0.003549, 0.383769, 0.326168, 0.0
1515.0, 0.783647, -0.131266, -0.003546, 0.383968, 0.576174, 0.0
1532.0, 0.793996, -0.13301, -0.003546, 0.383968, 0.576174, 0.0
1532.0, 0.793996, -0.13301, -0.003546, 0.383968, 0.576174, 0.0
1550.0, 0.804345, -0.134754, -0.003546, 0.383968, 0.576174, 0.0
1550.0, 0.804345, -0.134754, -0.003546, 0.383968, 0.576174, 0.0
1564.0, 0.814699, -0.136499, -0.003549, 0.383968, 0.576174, 0.0
1582.0, 0.825055, -0.138245, -0.003551, 0.383968, 0.576174, 0.0
1582.0, 0.825055, -0.138245, -0.003551, 0.383968, 0.576174, 0.0
1599.0, 0.835411, -0.13999, -0.003551, 0.383968, 0.576174, 0.0
1599.0, 0.835411, -0.13999, -0.003551, 0.383968, 0.576174, 0.0
1615.0, 0.845766, -0.141736, -0.003553, 0.383968, 0.576174, 0.0
1632.0, 0.856121, -0.143481, -0.003553, 0.383968, 0.576174, 0.0
1632.0, 0.856121, -0.143481, -0.003553, 0.383968, 0.576174, 0.0
1649.0, 0.866476, -0.145226, -0.003553, 0.383968, 0.576174, 0.0
1649.0, 0.866476, -0.145226, -0.003553, 0.383968, 0.576174, 0.0
1664.0, 0.87683, -0.146971, -0.003553, 0.383968, 0.576174, 0.0
1682.0, 0.887184, -0.148716, -0.003551, 0.383968, 0.576174, 0.0
1682.0, 0.887184, -0.148716, -0.003551, 0.383968, 0.576174, 0.0
1698.0, 0.897538, -0.150462, -0.003551, 0.383968, 0.576174, 0.0
1699.0, 0.897538, -0.150462, -0.003551, 0.383968, 0.576174, 0.0
1714.0, 0.907891, -0.152207, -0.003551, 0.383968, 0.576174, 0.0
1732.0, 0.918244, -0.153952, -0.003548, 0.383968, 0.576174, 0.0
1732.0, 0.918244, -0.153952, -0.003548, 0.383968, 0.576174, 0.0
1749.0, 0.928597, -0.155696, -0.003548, 0.383968, 0.576174, 0.0
1749.0, 0.928597, -0.155696, -0.003548, 0.383968, 0.576174, 0.0
1764.0, 0.938945, -0.157441, -0.003546, 0.384167, 0.826176, 0.0
1782.0, 0.949293, -0.159185, -0.003546, 0.384167, 0.826176, 0.0
1783.0, 0.949293, -0.159185, -0.003546, 0.384167, 0.826176, 0.0
1798.0, 0.95964, -0.160929, -0.003543, 0.384167, 0.826176, 0.0
1798.0, 0.95964, -0.160929, -0.003543, 0.384167, 0.826176, 0.0
1815.0, 0.969988, -0.162673, -0.003543, 0.384167, 0.826176, 0.0
1831.0, 0.980336, -0.164417, -0.003543, 0.384167, 0.826176, 0.0
1831.0, 0.980336, -0.164417, -0.003543, 0.384167, 0.826176, 0.0
1848.0, 0.990685, -0.166162, -0.003543, 0.384167, 0.826176, 0.0
1848.0, 0.990685, -0.166162, -0.003543, 0.384167, 0.826176, 0.0
1865.0, 1.001039, -0.167907, -0.003547, 0.384167, 0.826176, 0.0
1882.0, 1.011394, -0.169652, -0.00355, 0.384167, 0.826176, 0.0
1882.0, 1.011394, -0.169652, -0.00355, 0.384167, 0.826176, 0.0
1898.0, 1.02175, -0.171397, -0.00355, 0.384167, 0.826176, 0.0
1898.0, 1.02175, -0.171397, -0.00355, 0.384167, 0.826176, 0.0
1915.0, 1.032105, -0.173143, -0.003553, 0.384167, 0.826176, 0.0
1932.0, 1.04246, -0.174888, -0.003553, 0.384167, 0.826176, 0.0
1932.0, 1.04246, -0.174888, -0.003553, 0.384167, 0.826176, 0.0
1950.0, 1.052814, -0.176633, -0.003553, 0.384167, 0.826176, 0.0
1950.0, 1.052814, -0.176633, -0.003553, 0.384167, 0.826176, 0.0
1965.0, 1.063164, -0.178378, -0.00355, 0.384167, 0.826176, 0.0
1981.0, 1.073513, -0.180122, -0.003548, 0.384167, 0.826176, 0.0
1981.0, 1.073513, -0.180122, -0.003548, 0.384167, 0.826176, 0.0
1999.0, 1.083861, -0.181866, -0.003548, 0.384167, 0.826176, 0.0
1999.0, 1.083861, -0.181866, -0.003548, 0.384167, 0.826176, 0.0
2016.0, 1.09421, -0.18361, -0.003546, 0.384366, 1.076177, 0.0
2032.0, 1.104559, -0.185354, -0.003546, 0.384366, 1.076177, 0.0
2032.0, 1.104559, -0.185354, -0.003546, 0.384366, 1.076177, 0.0
2048.0, 1.114909, -0.187099, -0.003546, 0.384366, 1.076177, 0.0
2048.0, 1.114909, -0.187099, -0.003546, 0.384366, 1.076177, 0.0
2065.0, 1.125263, -0.188844, -0.003549, 0.384366, 1.076177, 0.0
2081.0, 1.135618, -0.190589, -0.003551, 0.384366, 1.076177, 0.0
2081.0, 1.135618, -0.190589, -0.003551, 0.384366, 1.076177, 0.0
2098.0, 1.145974, -0.192335, -0.003551, 0.384366, 1.076177, 0.0
2098.0, 1.145974, -0.192335, -0.003551, 0.384366, 1.076177, 0.0
2115.0, 1.15633, -0.19408, -0.003552, 0.384366, 1.076177, 0.0
2132.0, 1.166685, -0.195826, -0.003552, 0.384366, 1.076177, 0.0
2132.0, 1.166685, -0.195826, -0.003552, 0.384366, 1.076177, 0.0
2150.0, 1.177039, -0.197571, -0.003552, 0.384366, 1.076177, 0.0
2150.0, 1.177039, -0.197571, -0.003552, 0.384366, 1.076177, 0.0
2165.0, 1.187394, -0.199316, -0.003552, 0.384366, 1.076177, 0.0
2182.0, 1.197747, -0.201061, -0.003551, 0.384366, 1.076177, 0.0
2182.0, 1.197747, -0.201061, -0.003551, 0.384366, 1.076177, 0.0
2198.0, 1.208101, -0.202806, -0.003551, 0.384366, 1.076177, 0.0
2198.0, 1.208101, -0.202806, -0.003551, 0.384366, 1.076177, 0.0
2215.0, 1.218454, -0.204551, -0.003551, 0.384366, 1.076177, 0.0
2232.0, 1.228807, -0.206296, -0.003548, 0.384366, 1.076177, 0.0
2232.0, 1.228807, -0.206296, -0.003548, 0.384366, 1.076177, 0.0
2249.0, 1.23916, -0.208041, -0.003548, 0.384366, 1.076177, 0.0
2249.0, 1.23916, -0.208041, -0.003548, 0.384366, 1.076177, 0.0
2265.0, 1.249509, -0.209785, -0.003546, 0.384565, 1.326179, 0.0
2282.0, 1.259856, -0.211529, -0.003546, 0.384565, 1.326179, 0.0
2282.0, 1.259856, -0.211529, -0.003546, 0.384565, 1.326179, 0.0
2298.0, 1.270203, -0.213273, -0.003543, 0.384565, 1.326179, 0.0
2298.0, 1.270203, -0.213273, -0.003543, 0.384565, 1.326179, 0.0
2315.0, 1.280551, -0.215017, -0.003543, 0.384565, 1.326179, 0.0
2332.0, 1.290899, -0.216762, -0.003543, 0.384565, 1.326179, 0.0
2332.0, 1.290899, -0.216762, -0.003543, 0.384565, 1.326179, 0.0
2350.0, 1.301249, -0.218506, -0.003543, 0.384565, 1.326179, 0.0
2350.0, 1.301249, -0.218506, -0.003543, 0.384565, 1.326179, 0.0
2365.0, 1.311602, -0.220251, -0.003547, 0.384565, 1.326179, 0.0
2382.0, 1.321957, -0.221996, -0.00355, 0.384565, 1.326179, 0.0
2382.0, 1.321957, -0.221996, -0.00355, 0.384565, 1.326179, 0.0
2400.0, 1.332313, -0.223742, -0.00355, 0.384565, 1.326179, 0.0
2400.0, 1.332313, -0.223742, -0.00355, 0.384565, 1.326179, 0.0
2415.0, 1.342668, -0.225487, -0.003552, 0.384565, 1.326179, 0.0
2433.0, 1.353023, -0.227232, -0.003552, 0.384565, 1.326179, 0.0
2433.0, 1.353023, -0.227232, -0.003552, 0.384565, 1.326179, 0.0
2448.0, 1.363378, -0.228978, -0.003552, 0.384565, 1.326179, 0.0
2448.0, 1.363378, -0.228978, -0.003552, 0.384565, 1.326179, 0.0
2465.0, 1.373728, -0.230722, -0.00355, 0.384565, 1.326179, 0.0
2481.0, 1.384076, -0.232466, -0.003548, 0.384565, 1.326179, 0.0
2481.0, 1.384076, -0.232466, -0.003548, 0.384565, 1.326179, 0.0
2498.0, 1.394425, -0.23421, -0.003548, 0.384565, 1.326179, 0.0
2498.0, 1.394425, -0.23421, -0.003548, 0.384565, 1.326179, 0.0
2514.0, 1.404773, -0.235955, -0.003546, 0.384764, 1.576181, 0.0
2531.0, 1.415122, -0.237699, -0.003546, 0.384764, 1.576181, 0.0
2531.0, 1.415122, -0.237699, -0.003546, 0.384764, 1.576181, 0.0
2549.0, 1.425472, -0.239443, -0.003546, 0.384764, 1.576181, 0.0
2549.0, 1.425472, -0.239443, -0.003546, 0.384764, 1.576181, 0.0
2564.0, 1.435826, -0.241188, -0.003549, 0.384764, 1.576181, 0.0
2581.0, 1.446182, -0.242934, -0.003551, 0.384764, 1.576181, 0.0
2581.0, 1.446182, -0.242934, -0.003551, 0.384764, 1.576181, 0.0
2598.0, 1.456537, -0.244679, -0.003551, 0.384764, 1.576181, 0.0
2598.0, 1.456537, -0.244679, -0.003551, 0.384764, 1.576181, 0.0
2615.0, 1.466893, -0.246425, -0.003552, 0.384764, 1.576181, 0.0
2631.0, 1.477248, -0.24817, -0.003552, 0.384764, 1.576181, 0.0
2631.0, 1.477248, -0.24817, -0.003552, 0.384764, 1.576181, 0.0
2649.0, 1.487603, -0.249915, -0.003552, 0.384764, 1.576181, 0.0
2649.0, 1.487603, -0.249915, -0.003552, 0.384764, 1.576181, 0.0
2665.0, 1.498004, -0.251664, -0.003571, 0.384764, 1.576181, 0.0
2681.0, 1.508519, -0.253421, -0.003628, 0.384764, 1.576181, 0.0
2681.0, 1.508519, -0.253421, -0.003628, 0.384764, 1.576181, 0.0
2698.0, 1.519212, -0.255194, -0.003735, 0.384764, 1.576181, 0.0
2698.0, 1.519212, -0.255194, -0.003735, 0.384764, 1.576181, 0.0
2715.0, 1.530142, -0.256984, -0.003893, 0.384764, 1.576181, 0.0
2731.0, 1.541356, -0.258798, -0.004097, 0.384764, 1.576181, 0.0
2731.0, 1.541356, -0.258798, -0.004097, 0.384764, 1.576181, 0.0
2749.0, 1.552896, -0.260636, -0.004337, 0.384764, 1.576181, 0.0
2749.0, 1.552896, -0.260636, -0.004337, 0.384764, 1.576181, 0.0
2765.0, 1.564799, -0.262502, -0.004605, 0.384963, 1.826183, 0.0
2781.0, 1.577089, -0.264398, -0.004889, 0.384963, 1.826183, 0.0
2781.0, 1.577089, -0.264398, -0.004889, 0.384963, 1.826183, 0.0
2799.0, 1.589788, -0.266324, -0.005178, 0.384963, 1.826183, 0.0
2799.0, 1.589788, -0.266324, -0.005178, 0.384963, 1.826183, 0.0
2814.0, 1.602912, -0.268283, -0.005463, 0.384963, 1.826183, 0.0
2832.0, 1.616476, -0.270274, -0.005737, 0.384963, 1.826183, 0.0
2832.0, 1.616476, -0.270274, -0.005737, 0.384963, 1.826183, 0.0
2849.0, 1.630491, -0.272299, -0.005996, 0.384963, 1.826183, 0.0
2849.0, 1.630491, -0.272299, -0.005996, 0.384963, 1.826183, 0.0
2864.0, 1.644915, -0.274356, -0.006215, 0.384963, 1.826183, 0.0
2882.0, 1.659692, -0.27644, -0.006373, 0.384963, 1.826183, 0.0
2882.0, 1.659692, -0.27644, -0.006373, 0.384963, 1.826183, 0.0
2899.0, 1.674764, -0.278548, -0.00646, 0.384963, 1.826183, 0.0
2899.0, 1.674764, -0.278548, -0.00646, 0.384963, 1.826183, 0.0
2915.0, 1.690078, -0.280677, -0.006475, 0.384963, 1.826183, 0.0
2931.0, 1.70559, -0.282824, -0.006424, 0.384963, 1.826183, 0.0
2931.0, 1.70559, -0.282824, -0.006424, 0.384963, 1.826183, 0.0
2948.0, 1.721262, -0.284987, -0.006316, 0.384963, 1.826183, 0.0
2948.0, 1.721262, -0.284987, -0.006316, 0.384963, 1.826183, 0.0
2965.0, 1.73706, -0.287164, -0.006161, 0.384963, 1.826183, 0.0
2982.0, 1.752958, -0.289353, -0.005975, 0.384963, 1.826183, 0.0
2982.0, 1.752958, -0.289353, -0.005975, 0.384963, 1.826183, 0.0
2998.0, 1.768938, -0.291553, -0.005771, 0.384963, 1.826183, 0.0
2998.0, 1.768938, -0.291553, -0.005771, 0.384963, 1.826183, 0.0
3015.0, 1.784986, -0.293763, -0.00556, 0.385162, 2.07619, 0.0
3032.0, 1.801088, -0.295982, -0.005349, 0.385162, 2.07619, 0.0
3032.0, 1.801088, -0.295982, -0.005349, 0.385162, 2.07619, 0.0
3050.0, 1.817234, -0.298208, -0.005146, 0.385162, 2.07619, 0.0
3050.0, 1.817234, -0.298208, -0.005146, 0.385162, 2.07619, 0.0
3065.0, 1.83342, -0.30044, -0.004958, 0.385162, 2.07619, 0.0
3082.0, 1.849637, -0.302678, -0.004785, 0.385162, 2.07619, 0.0
3082.0, 1.849637, -0.302678, -0.004785, 0.385162, 2.07619, 0.0
3100.0, 1.865876, -0.304919, -0.004628, 0.385162, 2.07619, 0.0
3100.0, 1.865876, -0.304919, -0.004628, 0.385162, 2.07619, 0.0
3115.0, 1.882132, -0.307163, -0.004488, 0.385162, 2.07619, 0.0
3132.0, 1.898401, -0.309408, -0.004366, 0.385162, 2.07619, 0.0
3132.0, 1.898401, -0.309408, -0.004366, 0.385162, 2.07619, 0.0
3149.0, 1.914682, -0.311655, -0.004261, 0.385162, 2.07619, 0.0
3149.0, 1.914682, -0.311655, -0.004261, 0.385162, 2.07619, 0.0
3165.0, 1.930965, -0.313902, -0.004169, 0.385162, 2.07619, 0.0
3182.0, 1.947253, -0.316148, -0.004092, 0.385162, 2.07619, 0.0
3182.0, 1.947253, -0.316148, -0.004092, 0.385162, 2.07619, 0.0
3198.0, 1.963548, -0.318395, -0.00403, 0.385162, 2.07619, 0.0
3198.0, 1.963548, -0.318395, -0.00403, 0.385162, 2.07619, 0.0
3215.0, 1.979848, -0.320642, -0.003981, 0.385162, 2.07619, 0.0
3232.0, 1.996153, -0.322888, -0.003942, 0.385162, 2.07619, 0.0
3232.0, 1.996153, -0.322888, -0.003942, 0.385162, 2.07619, 0.0
3250.0, 2.012463, -0.325134, -0.003912, 0.385162, 2.07619, 0.0
3250.0, 2.012463, -0.325134, -0.003912, 0.385162, 2.07619, 0.0
3265.0, 2.028782, -0.32738, -0.003891, 0.385361, 2.326191, 0.0
3282.0, 2.045106, -0.329626, -0.003877, 0.385361, 2.326191, 0.0
3282.0, 2.045106, -0.329626, -0.003877, 0.385361, 2.326191, 0.0
3300.0, 2.061433, -0.331871, -0.003865, 0.385361, 2.326191, 0.0
3300.0, 2.061433, -0.331871, -0.003865, 0.385361, 2.326191, 0.0
3315.0, 2.077762, -0.334116, -0.003856, 0.385361, 2.326191, 0.0
3332.0, 2.09409, -0.33636, -0.003849, 0.385361, 2.326191, 0.0
3332.0, 2.09409, -0.33636, -0.003849, 0.385361, 2.326191, 0.0
3350.0, 2.11042, -0.338603, -0.003844, 0.385361, 2.326191, 0.0
3350.0, 2.11042, -0.338603, -0.003844, 0.385361, 2.326191, 0.0
3365.0, 2.12675, -0.340846, -0.00384, 0.385361, 2.326191, 0.0
3382.0, 2.14308, -0.343089, -0.003836, 0.385361, 2.326191, 0.0
3382.0, 2.14308, -0.343089, -0.003836, 0.385361, 2.326191, 0.0
3398.0, 2.15941, -0.34533, -0.003834, 0.385361, 2.326191, 0.0
3398.0, 2.15941, -0.34533, -0.003834, 0.385361, 2.326191, 0.0
3415.0, 2.175741, -0.347572, -0.003832, 0.385361, 2.326191, 0.0
3431.0, 2.192072, -0.349813, -0.003832, 0.385361, 2.326191, 0.0
3431.0, 2.192072, -0.349813, -0.003832, 0.385361, 2.326191, 0.0
3449.0, 2.208403, -0.352054, -0.003829, 0.385361, 2.326191, 0.0
3449.0, 2.208403, -0.352054, -0.003829, 0.385361, 2.326191, 0.0
3465.0, 2.224728, -0.354294, -0.003826, 0.385361, 2.326191, 0.0
3481.0, 2.241051, -0.356534, -0.003823, 0.385361, 2.326191, 0.0
3481.0, 2.241051, -0.356534, -0.003823, 0.385361, 2.326191, 0.0
3498.0, 2.257374, -0.358773, -0.003823, 0.385361, 2.326191, 0.0
3498.0, 2.257374, -0.358773, -0.003823, 0.385361, 2.326191, 0.0
3515.0, 2.273699, -0.361012, -0.003823, 0.38556, 2.576193, 0.0
3532.0, 2.290024, -0.363252, -0.003823, 0.38556, 2.576193, 0.0
3532.0, 2.290024, -0.363252, -0.003823, 0.38556, 2.576193, 0.0
3550.0, 2.30635, -0.365491, -0.003823, 0.38556, 2.576193, 0.0
3550.0, 2.30635, -0.365491, -0.003823, 0.38556, 2.576193, 0.0
3565.0, 2.322684, -0.367732, -0.003827, 0.38556, 2.576193, 0.0
3582.0, 2.33902, -0.369972, -0.00383, 0.38556, 2.576193, 0.0
3582.0, 2.33902, -0.369972, -0.00383, 0.38556, 2.576193, 0.0
3599.0, 2.355357, -0.372213, -0.003833, 0.38556, 2.576193, 0.0
3599.0, 2.355357, -0.372213, -0.003833, 0.38556, 2.576193, 0.0
3615.0, 2.371694, -0.374453, -0.003833, 0.38556, 2.576193, 0.0
3631.0, 2.38803, -0.376693, -0.003833, 0.38556, 2.576193, 0.0
3631.0, 2.38803, -0.376693, -0.003833, 0.38556, 2.576193, 0.0
3649.0, 2.404365, -0.378934, -0.003833, 0.38556, 2.576193, 0.0
3649.0, 2.404365, -0.378934, -0.003833, 0.38556, 2.576193, 0.0
3664.0, 2.420694, -0.381173, -0.003831, 0.38556, 2.576193, 0.0
3682.0, 2.43702, -0.383412, -0.003828, 0.38556, 2.576193, 0.0
3682.0, 2.43702, -0.383412, -0.003828, 0.38556, 2.576193, 0.0
3699.0, 2.453346, -0.385651, -0.003825, 0.38556, 2.576193, 0.0
3699.0, 2.453346, -0.385651, -0.003825, 0.38556, 2.576193, 0.0
3715.0, 2.469672, -0.38789, -0.003825, 0.38556, 2.576193, 0.0
3732.0, 2.485999, -0.390129, -0.003825, 0.38556, 2.576193, 0.0
3732.0, 2.485999, -0.390129, -0.003825, 0.38556, 2.576193, 0.0
3750.0, 2.502327, -0.392368, -0.003825, 0.38556, 2.576193, 0.0
3750.0, 2.502327, -0.392368, -0.003825, 0.38556, 2.576193, 0.0
3765.0, 2.518662, -0.394608, -0.003827, 0.38576, 2.826195, 0.0
3782.0, 2.534999, -0.396849, -0.00383, 0.38576, 2.826195, 0.0
3782.0, 2.534999, -0.396849, -0.00383, 0.38576, 2.826195, 0.0
3799.0, 2.551336, -0.399089, -0.003832, 0.38576, 2.826195, 0.0
3799.0, 2.551336, -0.399089, -0.003832, 0.38576, 2.826195, 0.0
3815.0, 2.567673, -0.40133, -0.003832, 0.38576, 2.826195, 0.0
3832.0, 2.58401, -0.40357, -0.003832, 0.38576, 2.826195, 0.0
3832.0, 2.58401, -0.40357, -0.003832, 0.38576, 2.826195, 0.0
3849.0, 2.600346, -0.40581, -0.003832, 0.38576, 2.826195, 0.0
3849.0, 2.600346, -0.40581, -0.003832, 0.38576, 2.826195, 0.0
3865.0, 2.616674, -0.40805, -0.003829, 0.38576, 2.826195, 0.0
3882.0, 2.633001, -0.410289, -0.003826, 0.38576, 2.826195, 0.0
3882.0, 2.633001, -0.410289, -0.003826, 0.38576, 2.826195, 0.0
3898.0, 2.649327, -0.412527, -0.003824, 0.38576, 2.826195, 0.0
3898.0, 2.649327, -0.412527, -0.003824, 0.38576, 2.826195, 0.0
3915.0, 2.665653, -0.414766, -0.003824, 0.38576, 2.826195, 0.0
3932.0, 2.68198, -0.417006, -0.003824, 0.38576, 2.826195, 0.0
3932.0, 2.68198, -0.417006, -0.003824, 0.38576, 2.826195, 0.0
3950.0, 2.698308, -0.419245, -0.003824, 0.38576, 2.826195, 0.0
3950.0, 2.698308, -0.419245, -0.003824, 0.38576, 2.826195, 0.0
3965.0, 2.714643, -0.421485, -0.003826, 0.38576, 2.826195, 0.0
3982.0, 2.730981, -0.423726, -0.003829, 0.38576, 2.826195, 0.0
3982.0, 2.730981, -0.423726, -0.003829, 0.38576, 2.826195, 0.0
3999.0, 2.747318, -0.425966, -0.003832, 0.38576, 2.826195, 0.0
3999.0, 2.747318, -0.425966, -0.003832, 0.38576, 2.826195, 0.0
4015.0, 2.763655, -0.428206, -0.003832, 0.385959, 3.076198, 0.0
4032.0, 2.779991, -0.430447, -0.003832, 0.385959, 3.076198, 0.0
4032.0, 2.779991, -0.430447, -0.003832, 0.385959, 3.076198, 0.0
4050.0, 2.796327, -0.432687, -0.003832, 0.385959, 3.076198, 0.0
4050.0, 2.796327, -0.432687, -0.003832, 0.385959, 3.076198, 0.0
4065.0, 2.812662, -0.434927, -0.003832, 0.385959, 3.076198, 0.0
4081.0, 2.828996, -0.437167, -0.003832, 0.385959, 3.076198, 0.0
4081.0, 2.828996, -0.437167, -0.003832, 0.385959, 3.076198, 0.0
4098.0, 2.84533, -0.439407, -0.00383, 0.385959, 3.076198, 0.0
4098.0, 2.84533, -0.439407, -0.00383, 0.385959, 3.076198, 0.0
4114.0, 2.861664, -0.441647, -0.00383, 0.385959, 3.076198, 0.0
4131.0, 2.877997, -0.443887, -0.003828, 0.385959, 3.076198, 0.0
4131.0, 2.877997, -0.443887, -0.003828, 0.385959, 3.076198, 0.0
4149.0, 2.89433, -0.446127, -0.003828, 0.385959, 3.076198, 0.0
4149.0, 2.89433, -0.446127, -0.003828, 0.385959, 3.076198, 0.0
4165.0, 2.910656, -0.448366, -0.003823, 0.385959, 3.076198, 0.0
4182.0, 2.926981, -0.450604, -0.003821, 0.385959, 3.076198, 0.0
4182.0, 2.926981, -0.450604, -0.003821, 0.385959, 3.076198, 0.0
4199.0, 2.943305, -0.452843, -0.003821, 0.385959, 3.076198, 0.0
4199.0, 2.943305, -0.452843, -0.003821, 0.385959, 3.076198, 0.0
4215.0, 2.95963, -0.455082, -0.003821, 0.385959, 3.076198, 0.0
4232.0, 2.975956, -0.457321, -0.003821, 0.385959, 3.076198, 0.0
4232.0, 2.975956, -0.457321, -0.003821, 0.385959, 3.076198, 0.0
4250.0, 2.992284, -0.45956, -0.003821, 0.385959, 3.076198, 0.0
4250.0, 2.992284, -0.45956, -0.003821, 0.385959, 3.076198, 0.0
4265.0, 3.008618, -0.4618, -0.003825, 0.386158, 3.326199, 0.0
4282.0, 3.024954, -0.464041, -0.003829, 0.386158, 3.326199, 0.0
4282.0, 3.024954, -0.464041, -0.003829, 0.386158, 3.326199, 0.0
4299.0, 3.041291, -0.466281, -0.003832, 0.386158, 3.326199, 0.0
4299.0, 3.041291, -0.466281, -0.003832, 0.386158, 3.326199, 0.0
4314.0, 3.057628, -0.468521, -0.003832, 0.386158, 3.326199, 0.0
4331.0, 3.073964, -0.470762, -0.003834, 0.386158, 3.326199, 0.0
4331.0, 3.073964, -0.470762, -0.003834, 0.386158, 3.326199, 0.0
4348.0, 3.0903, -0.473002, -0.003834, 0.386158, 3.326199, 0.0
4348.0, 3.0903, -0.473002, -0.003834, 0.386158, 3.326199, 0.0
4365.0, 3.106628, -0.475241, -0.00383, 0.386158, 3.326199, 0.0
4382.0, 3.122955, -0.47748, -0.003827, 0.386158, 3.326199, 0.0
4382.0, 3.122955, -0.47748, -0.003827, 0.386158, 3.326199, 0.0
4398.0, 3.139281, -0.479719, -0.003824, 0.386158, 3.326199, 0.0
4398.0, 3.139281, -0.479719, -0.003824, 0.386158, 3.326199, 0.0
4415.0, 3.155607, -0.481957, -0.003824, 0.386158, 3.326199, 0.0
4432.0, 3.171934, -0.484197, -0.003824, 0.386158, 3.326199, 0.0
4432.0, 3.171934, -0.484197, -0.003824, 0.386158, 3.326199, 0.0
4450.0, 3.188262, -0.486436, -0.003824, 0.386158, 3.326199, 0.0
4450.0, 3.188262, -0.486436, -0.003824, 0.386158, 3.326199, 0.0
4465.0, 3.204597, -0.488676, -0.003827, 0.386158, 3.326199, 0.0
4482.0, 3.220934, -0.490916, -0.00383, 0.386158, 3.326199, 0.0
4482.0, 3.220934, -0.490916, -0.00383, 0.386158, 3.326199, 0.0
4499.0, 3.237271, -0.493157, -0.003832, 0.386158, 3.326199, 0.0
4499.0, 3.237271, -0.493157, -0.003832, 0.386158, 3.326199, 0.0
4515.0, 3.253608, -0.495397, -0.003832, 0.386357, 3.576201, 0.0
4532.0, 3.269945, -0.497638, -0.003832, 0.386357, 3.576201, 0.0
4532.0, 3.269945, -0.497638, -0.003832, 0.386357, 3.576201, 0.0
4550.0, 3.28628, -0.499878, -0.003832, 0.386357, 3.576201, 0.0
4550.0, 3.28628, -0.499878, -0.003832, 0.386357, 3.576201, 0.0
4564.0, 3.302616, -0.502118, -0.003832, 0.386357, 3.576201, 0.0
4581.0, 3.31895, -0.504358, -0.003832, 0.386357, 3.576201, 0.0
4581.0, 3.31895, -0.504358, -0.003832, 0.386357, 3.576201, 0.0
4598.0, 3.335284, -0.506598, -0.00383, 0.386357, 3.576201, 0.0
4598.0, 3.335284, -0.506598, -0.00383, 0.386357, 3.576201, 0.0
4614.0, 3.351618, -0.508838, -0.00383, 0.386357, 3.576201, 0.0
4631.0, 3.367951, -0.511078, -0.003828, 0.386357, 3.576201, 0.0
4631.0, 3.367951, -0.511078, -0.003828, 0.386357, 3.576201, 0.0
4649.0, 3.384284, -0.513318, -0.003828, 0.386357, 3.576201, 0.0
4649.0, 3.384284, -0.513318, -0.003828, 0.386357, 3.576201, 0.0
4664.0, 3.40061, -0.515557, -0.003823, 0.386357, 3.576201, 0.0
4682.0, 3.416934, -0.517795, -0.003821, 0.386357, 3.576201, 0.0
4682.0, 3.416934, -0.517795, -0.003821, 0.386357, 3.576201, 0.0
4698.0, 3.433259, -0.520034, -0.003821, 0.386357, 3.576201, 0.0
4698.0, 3.433259, -0.520034, -0.003821, 0.386357, 3.576201, 0.0
4715.0, 3.449584, -0.522273, -0.003821, 0.386357, 3.576201, 0.0
4732.0, 3.46591, -0.524512, -0.003821, 0.386357, 3.576201, 0.0
4732.0, 3.46591, -0.524512, -0.003821, 0.386357, 3.576201, 0.0
4750.0, 3.482237, -0.526751, -0.003821, 0.386357, 3.576201, 0.0
4750.0, 3.482237, -0.526751, -0.003821, 0.386357, 3.576201, 0.0
4765.0, 3.498571, -0.528991, -0.003825, 0.386556, 3.826203, 0.0
4782.0, 3.514908, -0.531232, -0.003829, 0.386556, 3.826203, 0.0
4782.0, 3.514908, -0.531232, -0.003829, 0.386556, 3.826203, 0.0
4799.0, 3.531245, -0.533472, -0.003832, 0.386556, 3.826203, 0.0
4799.0, 3.531245, -0.533472, -0.003832, 0.386556, 3.826203, 0.0
4814.0, 3.547582, -0.535712, -0.003832, 0.386556, 3.826203, 0.0
4831.0, 3.563918, -0.537952, -0.003834, 0.386556, 3.826203, 0.0
4831.0, 3.563918, -0.537952, -0.003834, 0.386556, 3.826203, 0.0
4849.0, 3.580254, -0.540193, -0.003834, 0.386556, 3.826203, 0.0
4849.0, 3.580254, -0.540193, -0.003834, 0.386556, 3.826203, 0.0
4864.0, 3.596582, -0.542432, -0.00383, 0.386556, 3.826203, 0.0
4881.0, 3.612908, -0.544671, -0.003827, 0.386556, 3.826203, 0.0
4881.0, 3.612908, -0.544671, -0.003827, 0.386556, 3.826203, 0.0
4898.0, 3.629234, -0.546909, -0.003824, 0.386556, 3.826203, 0.0
4898.0, 3.629234, -0.546909, -0.003824, 0.386556, 3.826203, 0.0
4915.0, 3.645561, -0.549148, -0.003824, 0.386556, 3.826203, 0.0
4932.0, 3.661888, -0.551388, -0.003824, 0.386556, 3.826203, 0.0
4932.0, 3.661888, -0.551388, -0.003824, 0.386556, 3.826203, 0.0
4950.0, 3.678216, -0.553627, -0.003824, 0.386556, 3.826203, 0.0
4950.0, 3.678216, -0.553627, -0.003824, 0.386556, 3.826203, 0.0
4965.0, 3.694551, -0.555867, -0.003827, 0.386556, 3.826203, 0.0
4982.0, 3.710888, -0.558107, -0.00383, 0.386556, 3.826203, 0.0
4982.0, 3.710888, -0.558107, -0.00383, 0.386556, 3.826203, 0.0
4999.0, 3.727225, -0.560348, -0.003832, 0.386556, 3.826203, 0.0
4999.0, 3.727225, -0.560348, -0.003832, 0.386556, 3.826203, 0.0
5015.0, 3.743562, -0.562588, -0.003832, 0.386755, 4.076205, 0.0
5032.0, 3.759898, -0.564828, -0.003832, 0.386755, 4.076205, 0.0
5032.0, 3.759898, -0.564828, -0.003832, 0.386755, 4.076205, 0.0
5050.0, 3.776234, -0.567069, -0.003832, 0.386755, 4.076205, 0.0
5050.0, 3.776234, -0.567069, -0.003832, 0.386755, 4.076205, 0.0
5064.0, 3.792563, -0.569308, -0.003829, 0.386755, 4.076205, 0.0
5082.0, 3.808889, -0.571547, -0.003826, 0.386755, 4.076205, 0.0
5082.0, 3.808889, -0.571547, -0.003826, 0.386755, 4.076205, 0.0
5099.0, 3.825215, -0.573786, -0.003824, 0.386755, 4.076205, 0.0
5099.0, 3.825215, -0.573786, -0.003824, 0.386755, 4.076205, 0.0
5114.0, 3.841542, -0.576025, -0.003824, 0.386755, 4.076205, 0.0
5132.0, 3.857869, -0.578264, -0.003824, 0.386755, 4.076205, 0.0
5132.0, 3.857869, -0.578264, -0.003824, 0.386755, 4.076205, 0.0
5150.0, 3.874197, -0.580503, -0.003824, 0.386755, 4.076205, 0.0
5150.0, 3.874197, -0.580503, -0.003824, 0.386755, 4.076205, 0.0
5164.0, 3.890532, -0.582743, -0.003826, 0.386755, 4.076205, 0.0
5182.0, 3.906869, -0.584984, -0.00383, 0.386755, 4.076205, 0.0
5182.0, 3.906869, -0.584984, -0.00383, 0.386755, 4.076205, 0.0
5198.0, 3.923207, -0.587224, -0.003832, 0.386755, 4.076205, 0.0
5198.0, 3.923207, -0.587224, -0.003832, 0.386755, 4.076205, 0.0
5215.0, 3.939544, -0.589465, -0.003832, 0.386755, 4.076205, 0.0
5232.0, 3.95588, -0.591705, -0.003832, 0.386755, 4.076205, 0.0
5232.0, 3.95588, -0.591705, -0.003832, 0.386755, 4.076205, 0.0
5249.0, 3.972216, -0.593945, -0.003832, 0.386755, 4.076205, 0.0
5249.0, 3.972216, -0.593945, -0.003832, 0.386755, 4.076205, 0.0
5264.0, 3.988551, -0.596185, -0.003832, 0.386954, 4.326208, 0.0
5282.0, 4.004885, -0.598425, -0.003832, 0.386954, 4.326208, 0.0
5282.0, 4.004885, -0.598425, -0.003832, 0.386954, 4.326208, 0.0
5298.0, 4.021219, -0.600665, -0.00383, 0.386954, 4.326208, 0.0
5298.0, 4.021219, -0.600665, -0.00383, 0.386954, 4.326208, 0.0
5314.0, 4.037553, -0.602905, -0.00383, 0.386954, 4.326208, 0.0
5332.0, 4.053886, -0.605145, -0.003828, 0.386954, 4.326208, 0.0
5332.0, 4.053886, -0.605145, -0.003828, 0.386954, 4.326208, 0.0
5349.0, 4.070219, -0.607385, -0.003828, 0.386954, 4.326208, 0.0
5349.0, 4.070219, -0.607385, -0.003828, 0.386954, 4.326208, 0.0
5365.0, 4.086545, -0.609624, -0.003823, 0.386954, 4.326208, 0.0
5382.0, 4.10287, -0.611863, -0.003821, 0.386954, 4.326208, 0.0
5382.0, 4.10287, -0.611863, -0.003821, 0.386954, 4.326208, 0.0
5399.0, 4.119194, -0.614101, -0.003821, 0.386954, 4.326208, 0.0
5399.0, 4.119194, -0.614101, -0.003821, 0.386954, 4.326208, 0.0
5415.0, 4.13552, -0.61634, -0.003821, 0.386954, 4.326208, 0.0
5432.0, 4.151845, -0.618579, -0.003821, 0.386954, 4.326208, 0.0
5432.0, 4.151845, -0.618579, -0.003821, 0.386954, 4.326208, 0.0
5450.0, 4.168172, -0.620818, -0.003821, 0.386954, 4.326208, 0.0
5450.0, 4.168172, -0.620818, -0.003821, 0.386954, 4.326208, 0.0
5465.0, 4.184507, -0.623058, -0.003825, 0.386954, 4.326208, 0.0
5482.0, 4.200843, -0.625299, -0.003829, 0.386954, 4.326208, 0.0
5482.0, 4.200843, -0.625299, -0.003829, 0.386954, 4.326208, 0.0
5498.0, 4.21718, -0.627539, -0.003832, 0.386954, 4.326208, 0.0
5498.0, 4.21718, -0.627539, -0.003832, 0.386954, 4.326208, 0.0
5515.0, 4.233517, -0.62978, -0.003832, 0.387153, 4.576209, 0.0
5532.0, 4.249853, -0.63202, -0.003834, 0.387153, 4.576209, 0.0
5532.0, 4.249853, -0.63202, -0.003834, 0.387153, 4.576209, 0.0
5549.0, 4.266189, -0.63426, -0.003834, 0.387153, 4.576209, 0.0
5549.0, 4.266189, -0.63426, -0.003834, 0.387153, 4.576209, 0.0
5564.0, 4.282517, -0.636499, -0.00383, 0.387153, 4.576209, 0.0
5582.0, 4.298843, -0.638738, -0.003827, 0.387153, 4.576209, 0.0
5582.0, 4.298843, -0.638738, -0.003827, 0.387153, 4.576209, 0.0
5599.0, 4.315169, -0.640977, -0.003824, 0.387153, 4.576209, 0.0
5599.0, 4.315169, -0.640977, -0.003824, 0.387153, 4.576209, 0.0
5615.0, 4.331496, -0.643216, -0.003824, 0.387153, 4.576209, 0.0
5633.0, 4.347823, -0.645455, -0.003824, 0.387153, 4.576209, 0.0
5633.0, 4.347823, -0.645455, -0.003824, 0.387153, 4.576209, 0.0
5650.0, 4.364151, -0.647694, -0.003824, 0.387153, 4.576209, 0.0
5650.0, 4.364151, -0.647694, -0.003824, 0.387153, 4.576209, 0.0
5665.0, 4.380486, -0.649934, -0.003827, 0.387153, 4.576209, 0.0
5682.0, 4.396823, -0.652175, -0.00383, 0.387153, 4.576209, 0.0
5682.0, 4.396823, -0.652175, -0.00383, 0.387153, 4.576209, 0.0
5699.0, 4.413161, -0.654415, -0.003832, 0.387153, 4.576209, 0.0
5699.0, 4.413161, -0.654415, -0.003832, 0.387153, 4.576209, 0.0
5715.0, 4.429498, -0.656656, -0.003832, 0.387153, 4.576209, 0.0
5731.0, 4.445834, -0.658896, -0.003832, 0.387153, 4.576209, 0.0
5731.0, 4.445834, -0.658896, -0.003832, 0.387153, 4.576209, 0.0
5748.0, 4.46217, -0.661136, -0.003832, 0.387153, 4.576209, 0.0
5748.0, 4.46217, -0.661136, -0.003832, 0.387153, 4.576209, 0.0
5765.0, 4.478513, -0.663377, -0.003832, 0.387352, 4.826212, 0.0
5781.0, 4.494847, -0.665617, -0.003832, 0.387352, 4.826212, 0.0
5781.0, 4.494847, -0.665617, -0.003832, 0.387352, 4.826212, 0.0
5798.0, 4.511181, -0.667857, -0.00383, 0.387352, 4.826212, 0.0
5798.0, 4.511181, -0.667857, -0.00383, 0.387352, 4.826212, 0.0
5815.0, 4.527514, -0.670097, -0.00383, 0.387352, 4.826212, 0.0
5832.0, 4.543848, -0.672337, -0.003828, 0.387352, 4.826212, 0.0
5832.0, 4.543848, -0.672337, -0.003828, 0.387352, 4.826212, 0.0
5850.0, 4.560181, -0.674577, -0.003828, 0.387352, 4.826212, 0.0
5850.0, 4.560181, -0.674577, -0.003828, 0.387352, 4.826212, 0.0
5865.0, 4.576507, -0.676816, -0.003823, 0.387352, 4.826212, 0.0
5882.0, 4.592832, -0.679055, -0.003821, 0.387352, 4.826212, 0.0
5882.0, 4.592832, -0.679055, -0.003821, 0.387352, 4.826212, 0.0
5899.0, 4.609156, -0.681293, -0.003821, 0.387352, 4.826212, 0.0
5899.0, 4.609156, -0.681293, -0.003821, 0.387352, 4.826212, 0.0
5915.0, 4.625482, -0.683532, -0.003821, 0.387352, 4.826212, 0.0
5932.0, 4.641808, -0.685771, -0.003821, 0.387352, 4.826212, 0.0
5932.0, 4.641808, -0.685771, -0.003821, 0.387352, 4.826212, 0.0
5950.0, 4.658135, -0.68801, -0.003821, 0.387352, 4.826212, 0.0
5950.0, 4.658135, -0.68801, -0.003821, 0.387352, 4.826212, 0.0
5965.0, 4.674469, -0.690251, -0.003825, 0.387352, 4.826212, 0.0
5981.0, 4.690806, -0.692491, -0.003829, 0.387352, 4.826212, 0.0
5981.0, 4.690806, -0.692491, -0.003829, 0.387352, 4.826212, 0.0
5998.0, 4.707143, -0.694731, -0.003832, 0.387352, 4.826212, 0.0
5998.0, 4.707143, -0.694731, -0.003832, 0.387352, 4.826212, 0.0
6015.0, 4.723479, -0.696972, -0.003832, 0.387551, 5.076222, 0.0
6032.0, 4.739816, -0.699212, -0.003834, 0.387551, 5.076222, 0.0
6032.0, 4.739816, -0.699212, -0.003834, 0.387551, 5.076222, 0.0
6051.0, 4.756151, -0.701452, -0.003834, 0.387551, 5.076222, 0.0
6051.0, 4.756151, -0.701452, -0.003834, 0.387551, 5.076222, 0.0
6066.0, 4.77248, -0.703691, -0.00383, 0.387551, 5.076222, 0.0
6082.0, 4.788806, -0.70593, -0.003827, 0.387551, 5.076222, 0.0
6082.0, 4.788806, -0.70593, -0.003827, 0.387551, 5.076222, 0.0
6099.0, 4.805132, -0.708169, -0.003824, 0.387551, 5.076222, 0.0
6099.0, 4.805132, -0.708169, -0.003824, 0.387551, 5.076222, 0.0
6115.0, 4.821458, -0.710408, -0.003824, 0.387551, 5.076222, 0.0
6132.0, 4.837785, -0.712647, -0.003824, 0.387551, 5.076222, 0.0
6133.0, 4.837785, -0.712647, -0.003824, 0.387551, 5.076222, 0.0
6149.0, 4.854113, -0.714886, -0.003824, 0.387551, 5.076222, 0.0
6149.0, 4.854113, -0.714886, -0.003824, 0.387551, 5.076222, 0.0
6164.0, 4.870448, -0.717126, -0.003827, 0.387551, 5.076222, 0.0
6183.0, 4.886785, -0.719367, -0.00383, 0.387551, 5.076222, 0.0
6183.0, 4.886785, -0.719367, -0.00383, 0.387551, 5.076222, 0.0
6199.0, 4.903122, -0.721607, -0.003832, 0.387551, 5.076222, 0.0
6199.0, 4.903122, -0.721607, -0.003832, 0.387551, 5.076222, 0.0
6215.0, 4.919459, -0.723848, -0.003832, 0.387551, 5.076222, 0.0
6232.0, 4.935796, -0.726088, -0.003832, 0.387551, 5.076222, 0.0
6232.0, 4.935796, -0.726088, -0.003832, 0.387551, 5.076222, 0.0
6250.0, 4.952132, -0.728328, -0.003832, 0.387551, 5.076222, 0.0
6250.0, 4.952132, -0.728328, -0.003832, 0.387551, 5.076222, 0.0
6264.0, 4.968461, -0.730567, -0.003829, 0.38775, 5.326224, 0.0
6281.0, 4.984787, -0.732806, -0.003826, 0.38775, 5.326224, 0.0
6281.0, 4.984787, -0.732806, -0.003826, 0.38775, 5.326224, 0.0
6297.0, 5.001113, -0.735045, -0.003824, 0.38775, 5.326224, 0.0
6297.0, 5.001113, -0.735045, -0.003824, 0.38775, 5.326224, 0.0
6314.0, 5.017439, -0.737284, -0.003824, 0.38775, 5.326224, 0.0
6331.0, 5.033766, -0.739523, -0.003824, 0.38775, 5.326224, 0.0
6331.0, 5.033766, -0.739523, -0.003824, 0.38775, 5.326224, 0.0
6350.0, 5.050094, -0.741762, -0.003824, 0.38775, 5.326224, 0.0
6350.0, 5.050094, -0.741762, -0.003824, 0.38775, 5.326224, 0.0
6365.0, 5.066429, -0.744003, -0.003826, 0.38775, 5.326224, 0.0
6381.0, 5.082766, -0.746243, -0.00383, 0.38775, 5.326224, 0.0
6381.0, 5.082766, -0.746243, -0.00383, 0.38775, 5.326224, 0.0
6398.0, 5.099104, -0.748484, -0.003832, 0.38775, 5.326224, 0.0
6398.0, 5.099104, -0.748484, -0.003832, 0.38775, 5.326224, 0.0
6415.0, 5.115441, -0.750724, -0.003832, 0.38775, 5.326224, 0.0
6432.0, 5.131777, -0.752964, -0.003832, 0.38775, 5.326224, 0.0
6432.0, 5.131777, -0.752964, -0.003832, 0.38775, 5.326224, 0.0
6450.0, 5.148113, -0.755204, -0.003832, 0.38775, 5.326224, 0.0
6450.0, 5.148113, -0.755204, -0.003832, 0.38775, 5.326224, 0.0
6465.0, 5.164448, -0.757445, -0.003832, 0.38775, 5.326224, 0.0
6482.0, 5.180782, -0.759685, -0.003832, 0.38775, 5.326224, 0.0
6482.0, 5.180782, -0.759685, -0.003832, 0.38775, 5.326224, 0.0
6498.0, 5.197116, -0.761925, -0.00383, 0.38775, 5.326224, 0.0
6498.0, 5.197116, -0.761925, -0.00383, 0.38775, 5.326224, 0.0
6514.0, 5.21345, -0.764164, -0.00383, 0.387949, 5.576226, 0.0
6531.0, 5.229783, -0.766404, -0.003828, 0.387949, 5.576226, 0.0
6531.0, 5.229783, -0.766404, -0.003828, 0.387949, 5.576226, 0.0
6549.0, 5.246116, -0.768644, -0.003828, 0.387949, 5.576226, 0.0
6549.0, 5.246116, -0.768644, -0.003828, 0.387949, 5.576226, 0.0
6564.0, 5.262443, -0.770883, -0.003823, 0.387949, 5.576226, 0.0
6582.0, 5.278767, -0.773122, -0.003821, 0.387949, 5.576226, 0.0
6582.0, 5.278767, -0.773122, -0.003821, 0.387949, 5.576226, 0.0
6599.0, 5.295091, -0.775361, -0.003821, 0.387949, 5.576226, 0.0
6599.0, 5.295091, -0.775361, -0.003821, 0.387949, 5.576226, 0.0
6614.0, 5.311417, -0.7776, -0.003821, 0.387949, 5.576226, 0.0
6632.0, 5.327743, -0.779839, -0.003821, 0.387949, 5.576226, 0.0
6632.0, 5.327743, -0.779839, -0.003821, 0.387949, 5.576226, 0.0
6649.0, 5.34407, -0.782078, -0.003821, 0.387949, 5.576226, 0.0
6649.0, 5.34407, -0.782078, -0.003821, 0.387949, 5.576226, 0.0
6665.0, 5.360404, -0.784318, -0.003825, 0.387949, 5.576226, 0.0
6683.0, 5.37674, -0.786558, -0.003829, 0.387949, 5.576226, 0.0
6683.0, 5.37674, -0.786558, -0.003829, 0.387949, 5.576226, 0.0
6699.0, 5.393077, -0.788799, -0.003832, 0.387949, 5.576226, 0.0
6699.0, 5.393077, -0.788799, -0.003832, 0.387949, 5.576226, 0.0
6714.0, 5.409414, -0.791039, -0.003832, 0.387949, 5.576226, 0.0
6731.0, 5.42575, -0.793279, -0.003834, 0.387949, 5.576226, 0.0
6731.0, 5.42575, -0.793279, -0.003834, 0.387949, 5.576226, 0.0
6748.0, 5.442086, -0.795519, -0.003834, 0.387949, 5.576226, 0.0
6748.0, 5.442086, -0.795519, -0.003834, 0.387949, 5.576226, 0.0
6765.0, 5.458415, -0.797758, -0.00383, 0.388149, 5.826228, 0.0
6782.0, 5.474741, -0.799997, -0.003827, 0.388149, 5.826228, 0.0
6782.0, 5.474741, -0.799997, -0.003827, 0.388149, 5.826228, 0.0
6799.0, 5.491067, -0.802236, -0.003824, 0.388149, 5.826228, 0.0
6799.0, 5.491067, -0.802236, -0.003824, 0.388149, 5.826228, 0.0
6815.0, 5.507393, -0.804475, -0.003824, 0.388149, 5.826228, 0.0
6832.0, 5.52372, -0.806714, -0.003824, 0.388149, 5.826228, 0.0
6832.0, 5.52372, -0.806714, -0.003824, 0.388149, 5.826228, 0.0
6850.0, 5.540048, -0.808953, -0.003824, 0.388149, 5.826228, 0.0
6850.0, 5.540048, -0.808953, -0.003824, 0.388149, 5.826228, 0.0
6865.0, 5.556383, -0.811194, -0.003827, 0.388149, 5.826228, 0.0
6883.0, 5.57272, -0.813434, -0.00383, 0.388149, 5.826228, 0.0
6883.0, 5.57272, -0.813434, -0.00383, 0.388149, 5.826228, 0.0
6899.0, 5.589057, -0.815675, -0.003832, 0.388149, 5.826228, 0.0
6899.0, 5.589057, -0.815675, -0.003832, 0.388149, 5.826228, 0.0
6915.0, 5.605395, -0.817915, -0.003832, 0.388149, 5.826228, 0.0
6932.0, 5.621731, -0.820155, -0.003832, 0.388149, 5.826228, 0.0
6932.0, 5.621731, -0.820155, -0.003832, 0.388149, 5.826228, 0.0
6949.0, 5.638067, -0.822395, -0.003832, 0.388149, 5.826228, 0.0
6949.0, 5.638067, -0.822395, -0.003832, 0.388149, 5.826228, 0.0
6965.0, 5.654396, -0.824635, -0.003829, 0.388149, 5.826228, 0.0
6981.0, 5.670722, -0.826874, -0.003826, 0.388149, 5.826228, 0.0
6981.0, 5.670722, -0.826874, -0.003826, 0.388149, 5.826228, 0.0
6998.0, 5.687048, -0.829112, -0.003824, 0.388149, 5.826228, 0.0
6999.0, 5.687048, -0.829112, -0.003824, 0.388149, 5.826228, 0.0
7015.0, 5.703374, -0.831351, -0.003824, 0.388348, 6.07623, 0.0
7032.0, 5.719701, -0.833591, -0.003824, 0.388348, 6.07623, 0.0
7032.0, 5.719701, -0.833591, -0.003824, 0.388348, 6.07623, 0.0
7050.0, 5.736029, -0.83583, -0.003824, 0.388348, 6.07623, 0.0
7050.0, 5.736029, -0.83583, -0.003824, 0.388348, 6.07623, 0.0
7065.0, 5.752364, -0.83807, -0.003826, 0.388348, 6.07623, 0.0
7082.0, 5.768701, -0.84031, -0.00383, 0.388348, 6.07623, 0.0
7082.0, 5.768701, -0.84031, -0.00383, 0.388348, 6.07623, 0.0
7099.0, 5.785038, -0.842551, -0.003832, 0.388348, 6.07623, 0.0
7099.0, 5.785038, -0.842551, -0.003832, 0.388348, 6.07623, 0.0
7115.0, 5.801376, -0.844791, -0.003832, 0.388348, 6.07623, 0.0
7132.0, 5.817712, -0.847032, -0.003832, 0.388348, 6.07623, 0.0
7132.0, 5.817712, -0.847032, -0.003832, 0.388348, 6.07623, 0.0
7148.0, 5.834048, -0.849272, -0.003832, 0.388348, 6.07623, 0.0
7148.0, 5.834048, -0.849272, -0.003832, 0.388348, 6.07623, 0.0
7164.0, 5.850383, -0.851512, -0.003832, 0.388348, 6.07623, 0.0
7182.0, 5.866717, -0.853752, -0.003832, 0.388348, 6.07623, 0.0
7182.0, 5.866717, -0.853752, -0.003832, 0.388348, 6.07623, 0.0
7198.0, 5.883051, -0.855992, -0.00383, 0.388348, 6.07623, 0.0
7198.0, 5.883051, -0.855992, -0.00383, 0.388348, 6.07623, 0.0
7215.0, 5.899384, -0.858232, -0.00383, 0.388348, 6.07623, 0.0
7231.0, 5.915718, -0.860472, -0.003828, 0.388348, 6.07623, 0.0
7231.0, 5.915718, -0.860472, -0.003828, 0.388348, 6.07623, 0.0
7250.0, 5.932051, -0.862711, -0.003828, 0.388348, 6.07623, 0.0
7250.0, 5.932051, -0.862711, -0.003828, 0.388348, 6.07623, 0.0
7265.0, 5.948377, -0.86495, -0.003823, 0.388547, 6.326231, 0.0
7281.0, 5.964702, -0.867189, -0.003821, 0.388547, 6.326231, 0.0
7281.0, 5.964702, -0.867189, -0.003821, 0.388547, 6.326231, 0.0
7299.0, 5.981026, -0.869428, -0.003821, 0.388547, 6.326231, 0.0
7299.0, 5.981026, -0.869428, -0.003821, 0.388547, 6.326231, 0.0
7315.0, 5.997351, -0.871667, -0.003821, 0.388547, 6.326231, 0.0
7332.0, 6.013677, -0.873906, -0.003821, 0.388547, 6.326231, 0.0
7332.0, 6.013677, -0.873906, -0.003821, 0.388547, 6.326231, 0.0
7350.0, 6.030005, -0.876145, -0.003821, 0.388547, 6.326231, 0.0
7350.0, 6.030005, -0.876145, -0.003821, 0.388547, 6.326231, 0.0
7365.0, 6.046339, -0.878385, -0.003825, 0.388547, 6.326231, 0.0
7383.0, 6.062675, -0.880625, -0.003829, 0.388547, 6.326231, 0.0
7383.0, 6.062675, -0.880625, -0.003829, 0.388547, 6.326231, 0.0
7397.0, 6.079012, -0.882866, -0.003832, 0.388547, 6.326231, 0.0
7397.0, 6.079012, -0.882866, -0.003832, 0.388547, 6.326231, 0.0
7414.0, 6.095349, -0.885106, -0.003832, 0.388547, 6.326231, 0.0
7431.0, 6.111685, -0.887346, -0.003834, 0.388547, 6.326231, 0.0
7431.0, 6.111685, -0.887346, -0.003834, 0.388547, 6.326231, 0.0
7449.0, 6.12802, -0.889587, -0.003834, 0.388547, 6.326231, 0.0
7449.0, 6.12802, -0.889587, -0.003834, 0.388547, 6.326231, 0.0
7464.0, 6.144349, -0.891826, -0.00383, 0.388547, 6.326231, 0.0
7481.0, 6.160675, -0.894064, -0.003827, 0.388547, 6.326231, 0.0
7482.0, 6.160675, -0.894064, -0.003827, 0.388547, 6.326231, 0.0
7499.0, 6.177001, -0.896303, -0.003824, 0.388547, 6.326231, 0.0
7499.0, 6.177001, -0.896303, -0.003824, 0.388547, 6.326231, 0.0
7514.0, 6.193327, -0.898542, -0.003824, 0.388746, 6.576233, 0.0
7532.0, 6.209655, -0.900781, -0.003824, 0.388746, 6.576233, 0.0
7532.0, 6.209655, -0.900781, -0.003824, 0.388746, 6.576233, 0.0
7551.0, 6.225983, -0.903021, -0.003824, 0.388746, 6.576233, 0.0
7551.0, 6.225983, -0.903021, -0.003824, 0.388746, 6.576233, 0.0
7565.0, 6.242317, -0.905261, -0.003827, 0.388746, 6.576233, 0.0
7582.0, 6.258655, -0.907501, -0.00383, 0.388746, 6.576233, 0.0
7582.0, 6.258655, -0.907501, -0.00383, 0.388746, 6.576233, 0.0
7598.0, 6.274992, -0.909742, -0.003832, 0.388746, 6.576233, 0.0
7598.0, 6.274992, -0.909742, -0.003832, 0.388746, 6.576233, 0.0
7615.0, 6.291331, -0.911982, -0.003832, 0.388746, 6.576233, 0.0
7632.0, 6.307667, -0.914223, -0.003832, 0.388746, 6.576233, 0.0
7632.0, 6.307667, -0.914223, -0.003832, 0.388746, 6.576233, 0.0
7650.0, 6.324003, -0.916463, -0.003832, 0.388746, 6.576233, 0.0
7650.0, 6.324003, -0.916463, -0.003832, 0.388746, 6.576233, 0.0
7664.0, 6.340338, -0.918703, -0.003832, 0.388746, 6.576233, 0.0
7681.0, 6.356672, -0.920943, -0.003832, 0.388746, 6.576233, 0.0
7681.0, 6.356672, -0.920943, -0.003832, 0.388746, 6.576233, 0.0
7698.0, 6.373006, -0.923183, -0.00383, 0.388746, 6.576233, 0.0
7698.0, 6.373006, -0.923183, -0.00383, 0.388746, 6.576233, 0.0
7714.0, 6.38934, -0.925423, -0.00383, 0.388746, 6.576233, 0.0
7731.0, 6.405673, -0.927663, -0.003828, 0.388746, 6.576233, 0.0
7731.0, 6.405673, -0.927663, -0.003828, 0.388746, 6.576233, 0.0
7749.0, 6.422006, -0.929903, -0.003828, 0.388746, 6.576233, 0.0
7749.0, 6.422006, -0.929903, -0.003828, 0.388746, 6.576233, 0.0
7764.0, 6.438333, -0.932142, -0.003823, 0.388945, 6.826237, 0.0
7782.0, 6.454657, -0.93438, -0.003821, 0.388945, 6.826237, 0.0
7782.0, 6.454657, -0.93438, -0.003821, 0.388945, 6.826237, 0.0
7799.0, 6.470981, -0.936619, -0.003821, 0.388945, 6.826237, 0.0
7799.0, 6.470981, -0.936619, -0.003821, 0.388945, 6.826237, 0.0
7815.0, 6.487307, -0.938858, -0.003821, 0.388945, 6.826237, 0.0
7832.0, 6.503633, -0.941097, -0.003821, 0.388945, 6.826237, 0.0
7832.0, 6.503633, -0.941097, -0.003821, 0.388945, 6.826237, 0.0
7850.0, 6.519959, -0.943336, -0.003821, 0.388945, 6.826237, 0.0
7850.0, 6.519959, -0.943336, -0.003821, 0.388945, 6.826237, 0.0
7864.0, 6.536294, -0.945576, -0.003825, 0.388945, 6.826237, 0.0
7882.0, 6.55263, -0.947817, -0.003829, 0.388945, 6.826237, 0.0
7882.0, 6.55263, -0.947817, -0.003829, 0.388945, 6.826237, 0.0
7898.0, 6.568967, -0.950057, -0.003832, 0.388945, 6.826237, 0.0
7898.0, 6.568967, -0.950057, -0.003832, 0.388945, 6.826237, 0.0
7915.0, 6.585304, -0.952297, -0.003832, 0.388945, 6.826237, 0.0
7932.0, 6.601641, -0.954538, -0.003834, 0.388945, 6.826237, 0.0
7932.0, 6.601641, -0.954538, -0.003834, 0.388945, 6.826237, 0.0
7949.0, 6.617976, -0.956778, -0.003834, 0.388945, 6.826237, 0.0
7949.0, 6.617976, -0.956778, -0.003834, 0.388945, 6.826237, 0.0
7964.0, 6.634305, -0.959017, -0.00383, 0.388945, 6.826237, 0.0
7982.0, 6.650631, -0.961256, -0.003827, 0.388945, 6.826237, 0.0
7982.0, 6.650631, -0.961256, -0.003827, 0.388945, 6.826237, 0.0
7999.0, 6.666957, -0.963495, -0.003824, 0.388945, 6.826237, 0.0
7999.0, 6.666957, -0.963495, -0.003824, 0.388945, 6.826237, 0.0
8015.0, 6.683283, -0.965734, -0.003824, 0.389144, 7.076239, 0.0
8032.0, 6.699611, -0.967973, -0.003824, 0.389144, 7.076239, 0.0
8032.0, 6.699611, -0.967973, -0.003824, 0.389144, 7.076239, 0.0
8049.0, 6.715939, -0.970212, -0.003824, 0.389144, 7.076239, 0.0
8049.0, 6.715939, -0.970212, -0.003824, 0.389144, 7.076239, 0.0
8064.0, 6.732274, -0.972452, -0.003827, 0.389144, 7.076239, 0.0
8081.0, 6.74861, -0.974693, -0.00383, 0.389144, 7.076239, 0.0
8081.0, 6.74861, -0.974693, -0.00383, 0.389144, 7.076239, 0.0
8098.0, 6.764948, -0.976933, -0.003832, 0.389144, 7.076239, 0.0
8098.0, 6.764948, -0.976933, -0.003832, 0.389144, 7.076239, 0.0
8115.0, 6.781285, -0.979173, -0.003832, 0.389144, 7.076239, 0.0
8131.0, 6.797622, -0.981414, -0.003832, 0.389144, 7.076239, 0.0
8131.0, 6.797622, -0.981414, -0.003832, 0.389144, 7.076239, 0.0
8149.0, 6.813957, -0.983654, -0.003832, 0.389144, 7.076239, 0.0
8149.0, 6.813957, -0.983654, -0.003832, 0.389144, 7.076239, 0.0
8165.0, 6.830286, -0.985893, -0.003829, 0.389144, 7.076239, 0.0
8181.0, 6.846612, -0.988132, -0.003826, 0.389144, 7.076239, 0.0
8181.0, 6.846612, -0.988132, -0.003826, 0.389144, 7.076239, 0.0
8199.0, 6.862938, -0.990371, -0.003824, 0.389144, 7.076239, 0.0
8199.0, 6.862938, -0.990371, -0.003824, 0.389144, 7.076239, 0.0
8214.0, 6.879265, -0.99261, -0.003824, 0.389144, 7.076239, 0.0
8231.0, 6.895592, -0.994849, -0.003824, 0.389144, 7.076239, 0.0
8231.0, 6.895592, -0.994849, -0.003824, 0.389144, 7.076239, 0.0
8250.0, 6.91192, -0.997088, -0.003824, 0.389144, 7.076239, 0.0
8250.0, 6.91192, -0.997088, -0.003824, 0.389144, 7.076239, 0.0
8265.0, 6.928255, -0.999328, -0.003826, 0.389343, 7.326241, 0.0
8282.0, 6.944592, -1.001569, -0.00383, 0.389343, 7.326241, 0.0
8282.0, 6.944592, -1.001569, -0.00383, 0.389343, 7.326241, 0.0
8298.0, 6.96093, -1.003809, -0.003832, 0.389343, 7.326241, 0.0
8298.0, 6.96093, -1.003809, -0.003832, 0.389343, 7.326241, 0.0
8315.0, 6.977267, -1.00605, -0.003832, 0.389343, 7.326241, 0.0
8331.0, 6.993603, -1.00829, -0.003832, 0.389343, 7.326241, 0.0
8331.0, 6.993603, -1.00829, -0.003832, 0.389343, 7.326241, 0.0
8349.0, 7.009956, -1.010533, -0.003832, 0.389343, 7.326241, 0.0
8349.0, 7.009956, -1.010533, -0.003832, 0.389343, 7.326241, 0.0
8365.0, 7.026285, -1.012772, -0.003829, 0.389343, 7.326241, 0.0
8382.0, 7.042612, -1.015011, -0.003826, 0.389343, 7.326241, 0.0
8382.0, 7.042612, -1.015011, -0.003826, 0.389343, 7.326241, 0.0
8398.0, 7.058938, -1.01725, -0.003824, 0.389343, 7.326241, 0.0
8398.0, 7.058938, -1.01725, -0.003824, 0.389343, 7.326241, 0.0
8415.0, 7.075264, -1.019489, -0.003824, 0.389343, 7.326241, 0.0
8432.0, 7.091591, -1.021728, -0.003824, 0.389343, 7.326241, 0.0
8432.0, 7.091591, -1.021728, -0.003824, 0.389343, 7.326241, 0.0
8450.0, 7.107919, -1.023967, -0.003824, 0.389343, 7.326241, 0.0
8450.0, 7.107919, -1.023967, -0.003824, 0.389343, 7.326241, 0.0
8465.0, 7.124254, -1.026207, -0.003827, 0.389343, 7.326241, 0.0
8483.0, 7.140592, -1.028448, -0.00383, 0.389343, 7.326241, 0.0
8483.0, 7.140592, -1.028448, -0.00383, 0.389343, 7.326241, 0.0
8498.0, 7.156929, -1.030688, -0.003832, 0.389343, 7.326241, 0.0
8498.0, 7.156929, -1.030688, -0.003832, 0.389343, 7.326241, 0.0
8515.0, 7.173266, -1.032929, -0.003832, 0.389542, 7.576262, 0.0
8532.0, 7.189603, -1.035169, -0.003832, 0.389542, 7.576262, 0.0
8532.0, 7.189603, -1.035169, -0.003832, 0.389542, 7.576262, 0.0
8550.0, 7.205938, -1.037409, -0.003832, 0.389542, 7.576262, 0.0
8550.0, 7.205938, -1.037409, -0.003832, 0.389542, 7.576262, 0.0
8565.0, 7.222273, -1.039649, -0.003832, 0.389542, 7.576262, 0.0
8582.0, 7.238608, -1.041889, -0.003832, 0.389542, 7.576262, 0.0
8582.0, 7.238608, -1.041889, -0.003832, 0.389542, 7.576262, 0.0
8599.0, 7.254942, -1.044129, -0.00383, 0.389542, 7.576262, 0.0
8599.0, 7.254942, -1.044129, -0.00383, 0.389542, 7.576262, 0.0
8615.0, 7.271276, -1.046369, -0.00383, 0.389542, 7.576262, 0.0
8631.0, 7.287609, -1.048609, -0.003828, 0.389542, 7.576262, 0.0
8631.0, 7.287609, -1.048609, -0.003828, 0.389542, 7.576262, 0.0
8650.0, 7.303942, -1.050849, -0.003828, 0.389542, 7.576262, 0.0
8650.0, 7.303942, -1.050849, -0.003828, 0.389542, 7.576262, 0.0
8665.0, 7.320268, -1.053088, -0.003823, 0.389542, 7.576262, 0.0
8682.0, 7.336593, -1.055327, -0.003821, 0.389542, 7.576262, 0.0
8682.0, 7.336593, -1.055327, -0.003821, 0.389542, 7.576262, 0.0
8697.0, 7.352917, -1.057565, -0.003821, 0.389542, 7.576262, 0.0
8697.0, 7.352917, -1.057565, -0.003821, 0.389542, 7.576262, 0.0
8715.0, 7.369242, -1.059804, -0.003821, 0.389542, 7.576262, 0.0
8731.0, 7.385568, -1.062043, -0.003821, 0.389542, 7.576262, 0.0
8731.0, 7.385568, -1.062043, -0.003821, 0.389542, 7.576262, 0.0
8749.0, 7.401896, -1.064282, -0.003821, 0.389542, 7.576262, 0.0
8749.0, 7.401896, -1.064282, -0.003821, 0.389542, 7.576262, 0.0
8765.0, 7.41823, -1.066523, -0.003825, 0.389741, 7.826264, 0.0
8781.0, 7.434566, -1.068763, -0.003829, 0.389741, 7.826264, 0.0
8781.0, 7.434566, -1.068763, -0.003829, 0.389741, 7.826264, 0.0
8797.0, 7.450903, -1.071003, -0.003832, 0.389741, 7.826264, 0.0
8797.0, 7.450903, -1.071003, -0.003832, 0.389741, 7.826264, 0.0
8815.0, 7.46724, -1.073244, -0.003832, 0.389741, 7.826264, 0.0
8831.0, 7.483576, -1.075484, -0.003834, 0.389741, 7.826264, 0.0
8831.0, 7.483576, -1.075484, -0.003834, 0.389741, 7.826264, 0.0
8848.0, 7.499911, -1.077724, -0.003834, 0.389741, 7.826264, 0.0
8848.0, 7.499911, -1.077724, -0.003834, 0.389741, 7.826264, 0.0
8865.0, 7.51624, -1.079963, -0.00383, 0.389741, 7.826264, 0.0
8882.0, 7.532567, -1.082202, -0.003827, 0.389741, 7.826264, 0.0
8882.0, 7.532567, -1.082202, -0.003827, 0.389741, 7.826264, 0.0
8898.0, 7.548892, -1.084441, -0.003824, 0.389741, 7.826264, 0.0
8898.0, 7.548892, -1.084441, -0.003824, 0.389741, 7.826264, 0.0
8915.0, 7.565219, -1.08668, -0.003824, 0.389741, 7.826264, 0.0
8931.0, 7.581546, -1.088919, -0.003824, 0.389741, 7.826264, 0.0
8931.0, 7.581546, -1.088919, -0.003824, 0.389741, 7.826264, 0.0
8949.0, 7.597874, -1.091158, -0.003824, 0.389741, 7.826264, 0.0
8949.0, 7.597874, -1.091158, -0.003824, 0.389741, 7.826264, 0.0
8965.0, 7.614209, -1.093398, -0.003827, 0.389741, 7.826264, 0.0
8981.0, 7.630546, -1.095639, -0.00383, 0.389741, 7.826264, 0.0
8981.0, 7.630546, -1.095639, -0.00383, 0.389741, 7.826264, 0.0
8998.0, 7.646883, -1.097879, -0.003832, 0.389741, 7.826264, 0.0
8998.0, 7.646883, -1.097879, -0.003832, 0.389741, 7.826264, 0.0
9014.0, 7.66322, -1.10012, -0.003832, 0.38994, 8.076266, 0.0
9031.0, 7.679556, -1.10236, -0.003832, 0.38994, 8.076266, 0.0
9031.0, 7.679556, -1.10236, -0.003832, 0.38994, 8.076266, 0.0
9050.0, 7.695892, -1.1046, -0.003832, 0.38994, 8.076266, 0.0
9050.0, 7.695892, -1.1046, -0.003832, 0.38994, 8.076266, 0.0
9064.0, 7.712221, -1.106839, -0.003829, 0.38994, 8.076266, 0.0
9081.0, 7.728547, -1.109078, -0.003826, 0.38994, 8.076266, 0.0
9081.0, 7.728547, -1.109078, -0.003826, 0.38994, 8.076266, 0.0
9100.0, 7.744873, -1.111317, -0.003824, 0.38994, 8.076266, 0.0
9100.0, 7.744873, -1.111317, -0.003824, 0.38994, 8.076266, 0.0
9115.0, 7.761199, -1.113556, -0.003824, 0.38994, 8.076266, 0.0
9132.0, 7.777526, -1.115795, -0.003824, 0.38994, 8.076266, 0.0
9132.0, 7.777526, -1.115795, -0.003824, 0.38994, 8.076266, 0.0
9149.0, 7.793854, -1.118034, -0.003824, 0.38994, 8.076266, 0.0
9149.0, 7.793854, -1.118034, -0.003824, 0.38994, 8.076266, 0.0
9164.0, 7.810189, -1.120275, -0.003826, 0.38994, 8.076266, 0.0
9181.0, 7.826527, -1.122515, -0.00383, 0.38994, 8.076266, 0.0
9181.0, 7.826527, -1.122515, -0.00383, 0.38994, 8.076266, 0.0
9198.0, 7.842864, -1.124756, -0.003832, 0.38994, 8.076266, 0.0
9198.0, 7.842864, -1.124756, -0.003832, 0.38994, 8.076266, 0.0
9214.0, 7.859201, -1.126996, -0.003832, 0.38994, 8.076266, 0.0
9231.0, 7.875538, -1.129236, -0.003832, 0.38994, 8.076266, 0.0
9231.0, 7.875538, -1.129236, -0.003832, 0.38994, 8.076266, 0.0
9249.0, 7.891873, -1.131476, -0.003832, 0.38994, 8.076266, 0.0
9249.0, 7.891873, -1.131476, -0.003832, 0.38994, 8.076266, 0.0
9264.0, 7.908208, -1.133716, -0.003832, 0.390139, 8.326267, 0.0
9282.0, 7.924543, -1.135957, -0.003832, 0.390139, 8.326267, 0.0
9282.0, 7.924543, -1.135957, -0.003832, 0.390139, 8.326267, 0.0
9299.0, 7.940877, -1.138196, -0.00383, 0.390139, 8.326267, 0.0
9299.0, 7.940877, -1.138196, -0.00383, 0.390139, 8.326267, 0.0
9315.0, 7.95721, -1.140436, -0.00383, 0.390139, 8.326267, 0.0
9331.0, 7.973543, -1.142676, -0.003828, 0.390139, 8.326267, 0.0
9331.0, 7.973543, -1.142676, -0.003828, 0.390139, 8.326267, 0.0
9350.0, 7.989876, -1.144916, -0.003828, 0.390139, 8.326267, 0.0
9350.0, 7.989876, -1.144916, -0.003828, 0.390139, 8.326267, 0.0
9365.0, 8.006203, -1.147155, -0.003823, 0.390139, 8.326267, 0.0
9381.0, 8.022527, -1.149394, -0.003821, 0.390139, 8.326267, 0.0
9381.0, 8.022527, -1.149394, -0.003821, 0.390139, 8.326267, 0.0
9398.0, 8.038855, -1.151633, -0.003821, 0.390139, 8.326267, 0.0
9398.0, 8.038855, -1.151633, -0.003821, 0.390139, 8.326267, 0.0
9414.0, 8.05518, -1.153872, -0.003821, 0.390139, 8.326267, 0.0
9432.0, 8.071506, -1.156111, -0.003821, 0.390139, 8.326267, 0.0
9432.0, 8.071506, -1.156111, -0.003821, 0.390139, 8.326267, 0.0
9449.0, 8.087832, -1.15835, -0.003821, 0.390139, 8.326267, 0.0
9449.0, 8.087832, -1.15835, -0.003821, 0.390139, 8.326267, 0.0
9465.0, 8.104167, -1.16059, -0.003825, 0.390139, 8.326267, 0.0
9482.0, 8.120503, -1.162831, -0.003829, 0.390139, 8.326267, 0.0
9482.0, 8.120503, -1.162831, -0.003829, 0.390139, 8.326267, 0.0
9498.0, 8.136841, -1.165071, -0.003832, 0.390139, 8.326267, 0.0
9498.0, 8.136841, -1.165071, -0.003832, 0.390139, 8.326267, 0.0
9515.0, 8.153177, -1.167311, -0.003832, 0.390338, 8.576272, 0.0
9533.0, 8.169514, -1.169551, -0.003834, 0.390338, 8.576272, 0.0
9533.0, 8.169514, -1.169551, -0.003834, 0.390338, 8.576272, 0.0
9550.0, 8.185849, -1.171792, -0.003834, 0.390338, 8.576272, 0.0
9550.0, 8.185849, -1.171792, -0.003834, 0.390338, 8.576272, 0.0
9565.0, 8.202178, -1.174031, -0.00383, 0.390338, 8.576272, 0.0
9582.0, 8.218504, -1.17627, -0.003827, 0.390338, 8.576272, 0.0
9582.0, 8.218504, -1.17627, -0.003827, 0.390338, 8.576272, 0.0
9599.0, 8.23483, -1.178509, -0.003824, 0.390338, 8.576272, 0.0
9599.0, 8.23483, -1.178509, -0.003824, 0.390338, 8.576272, 0.0
9614.0, 8.251157, -1.180748, -0.003824, 0.390338, 8.576272, 0.0
9631.0, 8.267484, -1.182987, -0.003824, 0.390338, 8.576272, 0.0
9631.0, 8.267484, -1.182987, -0.003824, 0.390338, 8.576272, 0.0
9649.0, 8.283816, -1.185226, -0.003824, 0.390338, 8.576272, 0.0
9649.0, 8.283816, -1.185226, -0.003824, 0.390338, 8.576272, 0.0
9664.0, 8.300151, -1.187467, -0.003827, 0.390338, 8.576272, 0.0
9681.0, 8.316488, -1.189707, -0.00383, 0.390338, 8.576272, 0.0
9681.0, 8.316488, -1.189707, -0.00383, 0.390338, 8.576272, 0.0
9698.0, 8.332826, -1.191947, -0.003832, 0.390338, 8.576272, 0.0
9698.0, 8.332826, -1.191947, -0.003832, 0.390338, 8.576272, 0.0
9715.0, 8.349163, -1.194188, -0.003832, 0.390338, 8.576272, 0.0
9731.0, 8.365499, -1.196428, -0.003832, 0.390338, 8.576272, 0.0
9731.0, 8.365499, -1.196428, -0.003832, 0.390338, 8.576272, 0.0
9750.0, 8.381835, -1.198668, -0.003832, 0.390338, 8.576272, 0.0
9750.0, 8.381835, -1.198668, -0.003832, 0.390338, 8.576272, 0.0
9765.0, 8.398164, -1.200908, -0.003829, 0.390538, 8.82628, 0.0
9782.0, 8.41449, -1.203146, -0.003826, 0.390538, 8.82628, 0.0
9782.0, 8.41449, -1.203146, -0.003826, 0.390538, 8.82628, 0.0
9798.0, 8.430816, -1.205385, -0.003824, 0.390538, 8.82628, 0.0
9798.0, 8.430816, -1.205385, -0.003824, 0.390538, 8.82628, 0.0
9815.0, 8.447143, -1.207624, -0.003824, 0.390538, 8.82628, 0.0
9832.0, 8.46347, -1.209864, -0.003824, 0.390538, 8.82628, 0.0
9832.0, 8.46347, -1.209864, -0.003824, 0.390538, 8.82628, 0.0
9851.0, 8.479798, -1.212103, -0.003824, 0.390538, 8.82628, 0.0
9851.0, 8.479798, -1.212103, -0.003824, 0.390538, 8.82628, 0.0
9865.0, 8.496133, -1.214343, -0.003826, 0.390538, 8.82628, 0.0
9881.0, 8.512469, -1.216583, -0.00383, 0.390538, 8.82628, 0.0
9881.0, 8.512469, -1.216583, -0.00383, 0.390538, 8.82628, 0.0
9898.0, 8.528808, -1.218824, -0.003832, 0.390538, 8.82628, 0.0
9898.0, 8.528808, -1.218824, -0.003832, 0.390538, 8.82628, 0.0
9915.0, 8.545144, -1.221064, -0.003832, 0.390538, 8.82628, 0.0
9931.0, 8.561481, -1.223305, -0.003832, 0.390538, 8.82628, 0.0
9931.0, 8.561481, -1.223305, -0.003832, 0.390538, 8.82628, 0.0
9949.0, 8.577816, -1.225545, -0.003832, 0.390538, 8.82628, 0.0
9949.0, 8.577816, -1.225545, -0.003832, 0.390538, 8.82628, 0.0
9965.0, 8.594151, -1.227785, -0.003832, 0.390538, 8.82628, 0.0
9982.0, 8.610486, -1.230025, -0.003832, 0.390538, 8.82628, 0.0
9982.0, 8.610486, -1.230025, -0.003832, 0.390538, 8.82628, 0.0
9998.0, 8.62682, -1.232265, -0.00383, 0.390538, 8.82628, 0.0
9998.0, 8.62682, -1.232265, -0.00383, 0.390538, 8.82628, 0.0
