1.0, 0.0, 0.0, 0.002231, 1.14832, -2.771527, 0.0
1.0, 0.0, 0.0, 0.002231, 1.14832, -2.771527, 0.0
14.0, -0.000085, -0.000251, -0.004071, 1.14832, -2.771527, 0.0
30.0, -0.000196, -0.000351, -0.009505, 1.14832, -2.771527, 0.0
30.0, -0.000196, -0.000351, -0.009505, 1.14832, -2.771527, 0.0
47.0, -0.000289, -0.000225, -0.012217, 1.14832, -2.771527, 0.0
47.0, -0.000289, -0.000225, -0.012217, 1.14832, -2.771527, 0.0
64.0, -0.000343, 0.000047, -0.01332, 1.14832, -2.771527, 0.0
80.0, -0.000352, 0.000344, -0.013257, 1.14832, -2.771527, 0.0
80.0, -0.000352, 0.000344, -0.013257, 1.14832, -2.771527, 0.0
98.0, -0.000316, 0.000544, -0.012391, 1.14832, -2.771527, 0.0
98.0, -0.000316, 0.000544, -0.012391, 1.14832, -2.771527, 0.0
112.0, -0.000287, 0.000547, -0.010988, 1.14832, -2.771527, 0.0
129.0, -0.000424, 0.000335, -0.01044, 1.14832, -2.771527, 0.0
129.0, -0.000424, 0.000335, -0.01044, 1.14832, -2.771527, 0.0
146.0, -0.000636, 0.000048, -0.009781, 1.14832, -2.771527, 0.0
146.0, -0.000636, 0.000048, -0.009781, 1.14832, -2.771527, 0.0
162.0, -0.001056, -0.0002, -0.008334, 1.14832, -2.771527, 0.0
179.0, -0.001776, -0.000417, -0.006213, 1.14832, -2.771527, 0.0
179.0, -0.001776, -0.000417, -0.006213, 1.14832, -2.771527, 0.0
197.0, -0.002837, -0.000495, -0.003897, 1.14832, -2.771527, 0.0
197.0, -0.002837, -0.000495, -0.003897, 1.14832, -2.771527, 0.0
212.0, -0.003772, -0.000681, -0.003972, 1.148479, -2.571526, 0.0
230.0, -0.005343, -0.000223, -0.003075, 1.148479, -2.571526, 0.0
230.0, -0.005343, -0.000223, -0.003075, 1.148479, -2.571526, 0.0
246.0, -0.007385, 0.000442, -0.00205, 1.148479, -2.571526, 0.0
246.0, -0.007385, 0.000442, -0.00205, 1.148479, -2.571526, 0.0
262.0, -0.009844, 0.001297, -0.001016, 1.148479, -2.571526, 0.0
279.0, -0.012746, 0.002299, 0.000015, 1.148479, -2.571526, 0.0
279.0, -0.012746, 0.002299, 0.000015, 1.148479, -2.571526, 0.0
297.0, -0.016109, 0.003433, 0.001018, 1.148479, -2.571526, 0.0
297.0, -0.016109, 0.003433, 0.001018, 1.148479, -2.571526, 0.0
313.0, -0.019943, 0.004691, 0.001968, 1.148479, -2.571526, 0.0
330.0, -0.024251, 0.006074, 0.002849, 1.148479, -2.571526, 0.0
330.0, -0.024251, 0.006074, 0.002849, 1.148479, -2.571526, 0.0
347.0, -0.029036, 0.007582, 0.003648, 1.148479, -2.571526, 0.0
347.0, -0.029036, 0.007582, 0.003648, 1.148479, -2.571526, 0.0
362.0, -0.0343, 0.009216, 0.004361, 1.148479, -2.571526, 0.0
379.0, -0.040042, 0.01098, 0.004987, 1.148479, -2.571526, 0.0
379.0, -0.040042, 0.01098, 0.004987, 1.148479, -2.571526, 0.0
397.0, -0.046264, 0.012875, 0.00553, 1.148479, -2.571526, 0.0
397.0, -0.046264, 0.012875, 0.00553, 1.148479, -2.571526, 0.0
413.0, -0.052965, 0.014903, 0.005996, 1.148479, -2.571526, 0.0
429.0, -0.060146, 0.017065, 0.006392, 1.148479, -2.571526, 0.0
429.0, -0.060146, 0.017065, 0.006392, 1.148479, -2.571526, 0.0
446.0, -0.067806, 0.01936, 0.006727, 1.148479, -2.571526, 0.0
446.0, -0.067806, 0.01936, 0.006727, 1.148479, -2.571526, 0.0
463.0, -0.075944, 0.021791, 0.007008, 1.148678, -2.321524, 0.0
479.0, -0.084563, 0.024357, 0.007243, 1.148678, -2.321524, 0.0
479.0, -0.084563, 0.024357, 0.007243, 1.148678, -2.321524, 0.0
497.0, -0.09366, 0.027058, 0.00744, 1.148678, -2.321524, 0.0
497.0, -0.09366, 0.027058, 0.00744, 1.148678, -2.321524, 0.0
512.0, -0.103233, 0.029893, 0.007606, 1.148678, -2.321524, 0.0
530.0, -0.113284, 0.032862, 0.007747, 1.148678, -2.321524, 0.0
530.0, -0.113284, 0.032862, 0.007747, 1.148678, -2.321524, 0.0
547.0, -0.123814, 0.035964, 0.007869, 1.148678, -2.321524, 0.0
547.0, -0.123814, 0.035964, 0.007869, 1.148678, -2.321524, 0.0
562.0, -0.134825, 0.0392, 0.007977, 1.148678, -2.321524, 0.0
579.0, -0.146317, 0.042569, 0.008074, 1.148678, -2.321524, 0.0
579.0, -0.146317, 0.042569, 0.008074, 1.148678, -2.321524, 0.0
597.0, -0.15829, 0.04607, 0.008163, 1.148678, -2.321524, 0.0
597.0, -0.15829, 0.04607, 0.008163, 1.148678, -2.321524, 0.0
612.0, -0.170749, 0.049705, 0.008249, 1.148678, -2.321524, 0.0
629.0, -0.183691, 0.053471, 0.008331, 1.148678, -2.321524, 0.0
629.0, -0.183691, 0.053471, 0.008331, 1.148678, -2.321524, 0.0
645.0, -0.197116, 0.057368, 0.008409, 1.148678, -2.321524, 0.0
645.0, -0.197116, 0.057368, 0.008409, 1.148678, -2.321524, 0.0
662.0, -0.211022, 0.061394, 0.008485, 1.148678, -2.321524, 0.0
680.0, -0.22541, 0.065549, 0.008559, 1.148678, -2.321524, 0.0
680.0, -0.22541, 0.065549, 0.008559, 1.148678, -2.321524, 0.0
697.0, -0.24028, 0.069832, 0.008633, 1.148678, -2.321524, 0.0
697.0, -0.24028, 0.069832, 0.008633, 1.148678, -2.321524, 0.0
713.0, -0.255626, 0.074243, 0.008704, 1.148877, -2.071522, 0.0
730.0, -0.271452, 0.078782, 0.008776, 1.148877, -2.071522, 0.0
730.0, -0.271452, 0.078782, 0.008776, 1.148877, -2.071522, 0.0
745.0, -0.287761, 0.08345, 0.008849, 1.148877, -2.071522, 0.0
745.0, -0.287761, 0.08345, 0.008849, 1.148877, -2.071522, 0.0
763.0, -0.304553, 0.088248, 0.008924, 1.148877, -2.071522, 0.0
778.0, -0.321827, 0.093176, 0.009, 1.148877, -2.071522, 0.0
778.0, -0.321827, 0.093176, 0.009, 1.148877, -2.071522, 0.0
796.0, -0.339585, 0.098234, 0.009077, 1.148877, -2.071522, 0.0
796.0, -0.339585, 0.098234, 0.009077, 1.148877, -2.071522, 0.0
812.0, -0.357833, 0.103426, 0.009158, 1.148877, -2.071522, 0.0
829.0, -0.376565, 0.108753, 0.009238, 1.148877, -2.071522, 0.0
829.0, -0.376565, 0.108753, 0.009238, 1.148877, -2.071522, 0.0
847.0, -0.395779, 0.114214, 0.009318, 1.148877, -2.071522, 0.0
847.0, -0.395779, 0.114214, 0.009318, 1.148877, -2.071522, 0.0
862.0, -0.415473, 0.119812, 0.009397, 1.148877, -2.071522, 0.0
879.0, -0.435647, 0.125547, 0.009475, 1.148877, -2.071522, 0.0
879.0, -0.435647, 0.125547, 0.009475, 1.148877, -2.071522, 0.0
897.0, -0.4563, 0.131422, 0.009553, 1.148877, -2.071522, 0.0
897.0, -0.4563, 0.131422, 0.009553, 1.148877, -2.071522, 0.0
912.0, -0.477433, 0.137435, 0.009631, 1.148877, -2.071522, 0.0
930.0, -0.499045, 0.143589, 0.009709, 1.148877, -2.071522, 0.0
930.0, -0.499045, 0.143589, 0.009709, 1.148877, -2.071522, 0.0
947.0, -0.521136, 0.149882, 0.009788, 1.148877, -2.071522, 0.0
947.0, -0.521136, 0.149882, 0.009788, 1.148877, -2.071522, 0.0
962.0, -0.543707, 0.156317, 0.009868, 1.149076, -1.821519, 0.0
979.0, -0.566757, 0.162892, 0.009949, 1.149076, -1.821519, 0.0
979.0, -0.566757, 0.162892, 0.009949, 1.149076, -1.821519, 0.0
996.0, -0.590286, 0.169609, 0.01003, 1.149076, -1.821519, 0.0
996.0, -0.590286, 0.169609, 0.01003, 1.149076, -1.821519, 0.0
1012.0, -0.614237, 0.176449, 0.010088, 1.149076, -1.821519, 0.0
1029.0, -0.638553, 0.183395, 0.010107, 1.149076, -1.821519, 0.0
1029.0, -0.638553, 0.183395, 0.010107, 1.149076, -1.821519, 0.0
1045.0, -0.663177, 0.190429, 0.010078, 1.149076, -1.821519, 0.0
1045.0, -0.663177, 0.190429, 0.010078, 1.149076, -1.821519, 0.0
1062.0, -0.688057, 0.197534, 0.009999, 1.149076, -1.821519, 0.0
1079.0, -0.713144, 0.204696, 0.009873, 1.149076, -1.821519, 0.0
1079.0, -0.713144, 0.204696, 0.009873, 1.149076, -1.821519, 0.0
1097.0, -0.738403, 0.211901, 0.009709, 1.149076, -1.821519, 0.0
1097.0, -0.738403, 0.211901, 0.009709, 1.149076, -1.821519, 0.0
1112.0, -0.763809, 0.219144, 0.009518, 1.149076, -1.821519, 0.0
1129.0, -0.789329, 0.226413, 0.009307, 1.149076, -1.821519, 0.0
1129.0, -0.789329, 0.226413, 0.009307, 1.149076, -1.821519, 0.0
1146.0, -0.814938, 0.233702, 0.009085, 1.149076, -1.821519, 0.0
1146.0, -0.814938, 0.233702, 0.009085, 1.149076, -1.821519, 0.0
1162.0, -0.84062, 0.241006, 0.008861, 1.149076, -1.821519, 0.0
1180.0, -0.866358, 0.248322, 0.00864, 1.149076, -1.821519, 0.0
1180.0, -0.866358, 0.248322, 0.00864, 1.149076, -1.821519, 0.0
1196.0, -0.892142, 0.255647, 0.008431, 1.149076, -1.821519, 0.0
1196.0, -0.892142, 0.255647, 0.008431, 1.149076, -1.821519, 0.0
1211.0, -0.917902, 0.262965, 0.008211, 1.149275, -1.571517, 0.0
1229.0, -0.943576, 0.270264, 0.00797, 1.149275, -1.571517, 0.0
1229.0, -0.943576, 0.270264, 0.00797, 1.149275, -1.571517, 0.0
1246.0, -0.969097, 0.277527, 0.007699, 1.149275, -1.571517, 0.0
1246.0, -0.969097, 0.277527, 0.007699, 1.149275, -1.571517, 0.0
1263.0, -0.994409, 0.284744, 0.007398, 1.149275, -1.571517, 0.0
1280.0, -1.019459, 0.291901, 0.007069, 1.149275, -1.571517, 0.0
1280.0, -1.019459, 0.291901, 0.007069, 1.149275, -1.571517, 0.0
1297.0, -1.044204, 0.29899, 0.006721, 1.149275, -1.571517, 0.0
1297.0, -1.044204, 0.29899, 0.006721, 1.149275, -1.571517, 0.0
1313.0, -1.068621, 0.306007, 0.006365, 1.149275, -1.571517, 0.0
1329.0, -1.092692, 0.312953, 0.006005, 1.149275, -1.571517, 0.0
1329.0, -1.092692, 0.312953, 0.006005, 1.149275, -1.571517, 0.0
1346.0, -1.116349, 0.31981, 0.005649, 1.149275, -1.571517, 0.0
1346.0, -1.116349, 0.31981, 0.005649, 1.149275, -1.571517, 0.0
1362.0, -1.139593, 0.326583, 0.005304, 1.149275, -1.571517, 0.0
1380.0, -1.162407, 0.333271, 0.004976, 1.149275, -1.571517, 0.0
1380.0, -1.162407, 0.333271, 0.004976, 1.149275, -1.571517, 0.0
1396.0, -1.18478, 0.339873, 0.004668, 1.149275, -1.571517, 0.0
1396.0, -1.18478, 0.339873, 0.004668, 1.149275, -1.571517, 0.0
1412.0, -1.206693, 0.346386, 0.004381, 1.149275, -1.571517, 0.0
1429.0, -1.228143, 0.352814, 0.004119, 1.149275, -1.571517, 0.0
1429.0, -1.228143, 0.352814, 0.004119, 1.149275, -1.571517, 0.0
1445.0, -1.249127, 0.359159, 0.003885, 1.149275, -1.571517, 0.0
1445.0, -1.249127, 0.359159, 0.003885, 1.149275, -1.571517, 0.0
1462.0, -1.26964, 0.365422, 0.003676, 1.149475, -1.3215, 0.0
1479.0, -1.289679, 0.371603, 0.003493, 1.149475, -1.3215, 0.0
1479.0, -1.289679, 0.371603, 0.003493, 1.149475, -1.3215, 0.0
1496.0, -1.309239, 0.377704, 0.003331, 1.149475, -1.3215, 0.0
1496.0, -1.309239, 0.377704, 0.003331, 1.149475, -1.3215, 0.0
1512.0, -1.328325, 0.383728, 0.003193, 1.149475, -1.3215, 0.0
1529.0, -1.34693, 0.389675, 0.003072, 1.149475, -1.3215, 0.0
1529.0, -1.34693, 0.389675, 0.003072, 1.149475, -1.3215, 0.0
1545.0, -1.365048, 0.395545, 0.002964, 1.149475, -1.3215, 0.0
1545.0, -1.365048, 0.395545, 0.002964, 1.149475, -1.3215, 0.0
1562.0, -1.382678, 0.401339, 0.002868, 1.149475, -1.3215, 0.0
1579.0, -1.399817, 0.407058, 0.002782, 1.149475, -1.3215, 0.0
1579.0, -1.399817, 0.407058, 0.002782, 1.149475, -1.3215, 0.0
1597.0, -1.416466, 0.412701, 0.002704, 1.149475, -1.3215, 0.0
1597.0, -1.416466, 0.412701, 0.002704, 1.149475, -1.3215, 0.0
1612.0, -1.432616, 0.418269, 0.002631, 1.149475, -1.3215, 0.0
1629.0, -1.448273, 0.423764, 0.002564, 1.149475, -1.3215, 0.0
1629.0, -1.448273, 0.423764, 0.002564, 1.149475, -1.3215, 0.0
1645.0, -1.463436, 0.429188, 0.002503, 1.149475, -1.3215, 0.0
1645.0, -1.463436, 0.429188, 0.002503, 1.149475, -1.3215, 0.0
1662.0, -1.478107, 0.434541, 0.002447, 1.149475, -1.3215, 0.0
1679.0, -1.492286, 0.439826, 0.002395, 1.149475, -1.3215, 0.0
1679.0, -1.492286, 0.439826, 0.002395, 1.149475, -1.3215, 0.0
1697.0, -1.505972, 0.445041, 0.002346, 1.149475, -1.3215, 0.0
1697.0, -1.505972, 0.445041, 0.002346, 1.149475, -1.3215, 0.0
1712.0, -1.51917, 0.450191, 0.002301, 1.149674, -1.071498, 0.0
1729.0, -1.531875, 0.455275, 0.002257, 1.149674, -1.071498, 0.0
1729.0, -1.531875, 0.455275, 0.002257, 1.149674, -1.071498, 0.0
1746.0, -1.544086, 0.460293, 0.002214, 1.149674, -1.071498, 0.0
1746.0, -1.544086, 0.460293, 0.002214, 1.149674, -1.071498, 0.0
1762.0, -1.555802, 0.465246, 0.002169, 1.149674, -1.071498, 0.0
1779.0, -1.567022, 0.470135, 0.002124, 1.149674, -1.071498, 0.0
1779.0, -1.567022, 0.470135, 0.002124, 1.149674, -1.071498, 0.0
1797.0, -1.577747, 0.47496, 0.002078, 1.149674, -1.071498, 0.0
1797.0, -1.577747, 0.47496, 0.002078, 1.149674, -1.071498, 0.0
1813.0, -1.587976, 0.479722, 0.002032, 1.149674, -1.071498, 0.0
1829.0, -1.59771, 0.484421, 0.001984, 1.149674, -1.071498, 0.0
1829.0, -1.59771, 0.484421, 0.001984, 1.149674, -1.071498, 0.0
1846.0, -1.606948, 0.48906, 0.001936, 1.149674, -1.071498, 0.0
1846.0, -1.606948, 0.48906, 0.001936, 1.149674, -1.071498, 0.0
1863.0, -1.615692, 0.493638, 0.001886, 1.149674, -1.071498, 0.0
1878.0, -1.62394, 0.498155, 0.001834, 1.149674, -1.071498, 0.0
1878.0, -1.62394, 0.498155, 0.001834, 1.149674, -1.071498, 0.0
1896.0, -1.631693, 0.502613, 0.00178, 1.149674, -1.071498, 0.0
1896.0, -1.631693, 0.502613, 0.00178, 1.149674, -1.071498, 0.0
1912.0, -1.63895, 0.50701, 0.001722, 1.149674, -1.071498, 0.0
1929.0, -1.645711, 0.511349, 0.00166, 1.149674, -1.071498, 0.0
1929.0, -1.645711, 0.511349, 0.00166, 1.149674, -1.071498, 0.0
1946.0, -1.65198, 0.515629, 0.001593, 1.149674, -1.071498, 0.0
1946.0, -1.65198, 0.515629, 0.001593, 1.149674, -1.071498, 0.0
1962.0, -1.657756, 0.519851, 0.001522, 1.149873, -0.821496, 0.0
1979.0, -1.663041, 0.524016, 0.001442, 1.149873, -0.821496, 0.0
1979.0, -1.663041, 0.524016, 0.001442, 1.149873, -0.821496, 0.0
1997.0, -1.667836, 0.528124, 0.001355, 1.149873, -0.821496, 0.0
1997.0, -1.667836, 0.528124, 0.001355, 1.149873, -0.821496, 0.0
2013.0, -1.672143, 0.532176, 0.001257, 1.149873, -0.821496, 0.0
2029.0, -1.675962, 0.536171, 0.001145, 1.149873, -0.821496, 0.0
2029.0, -1.675962, 0.536171, 0.001145, 1.149873, -0.821496, 0.0
2046.0, -1.679296, 0.54011, 0.001018, 1.149873, -0.821496, 0.0
2046.0, -1.679296, 0.54011, 0.001018, 1.149873, -0.821496, 0.0
2062.0, -1.682145, 0.543992, 0.000874, 1.149873, -0.821496, 0.0
2079.0, -1.684514, 0.547818, 0.000712, 1.149873, -0.821496, 0.0
2079.0, -1.684514, 0.547818, 0.000712, 1.149873, -0.821496, 0.0
2097.0, -1.686404, 0.55159, 0.000532, 1.149873, -0.821496, 0.0
2097.0, -1.686404, 0.55159, 0.000532, 1.149873, -0.821496, 0.0
2112.0, -1.687819, 0.555308, 0.000337, 1.149873, -0.821496, 0.0
2129.0, -1.688761, 0.558978, 0.000135, 1.149873, -0.821496, 0.0
2129.0, -1.688761, 0.558978, 0.000135, 1.149873, -0.821496, 0.0
2146.0, -1.689233, 0.562605, -0.000065, 1.149873, -0.821496, 0.0
2146.0, -1.689233, 0.562605, -0.000065, 1.149873, -0.821496, 0.0
2162.0, -1.689233, 0.566196, -0.000254, 1.149873, -0.821496, 0.0
2180.0, -1.688758, 0.569757, -0.000421, 1.149873, -0.821496, 0.0
2180.0, -1.688758, 0.569757, -0.000421, 1.149873, -0.821496, 0.0
2197.0, -1.687803, 0.573293, -0.000564, 1.149873, -0.821496, 0.0
2197.0, -1.687803, 0.573293, -0.000564, 1.149873, -0.821496, 0.0
2213.0, -1.686359, 0.576809, -0.000681, 1.150072, -0.571493, 0.0
2229.0, -1.684418, 0.580304, -0.000779, 1.150072, -0.571493, 0.0
2229.0, -1.684418, 0.580304, -0.000779, 1.150072, -0.571493, 0.0
2246.0, -1.681974, 0.583776, -0.000864, 1.150072, -0.571493, 0.0
2246.0, -1.681974, 0.583776, -0.000864, 1.150072, -0.571493, 0.0
2263.0, -1.679021, 0.587221, -0.000945, 1.150072, -0.571493, 0.0
2280.0, -1.675554, 0.590635, -0.001028, 1.150072, -0.571493, 0.0
2280.0, -1.675554, 0.590635, -0.001028, 1.150072, -0.571493, 0.0
2297.0, -1.671571, 0.594014, -0.001119, 1.150072, -0.571493, 0.0
2297.0, -1.671571, 0.594014, -0.001119, 1.150072, -0.571493, 0.0
2312.0, -1.66707, 0.597354, -0.001221, 1.150072, -0.571493, 0.0
2328.0, -1.662052, 0.60065, -0.001334, 1.150072, -0.571493, 0.0
2328.0, -1.662052, 0.60065, -0.001334, 1.150072, -0.571493, 0.0
2346.0, -1.656517, 0.603901, -0.001459, 1.150072, -0.571493, 0.0
2346.0, -1.656517, 0.603901, -0.001459, 1.150072, -0.571493, 0.0
2362.0, -1.650466, 0.607102, -0.001595, 1.150072, -0.571493, 0.0
2379.0, -1.6439, 0.610253, -0.001738, 1.150072, -0.571493, 0.0
2379.0, -1.6439, 0.610253, -0.001738, 1.150072, -0.571493, 0.0
2396.0, -1.636821, 0.613351, -0.001887, 1.150072, -0.571493, 0.0
2396.0, -1.636821, 0.613351, -0.001887, 1.150072, -0.571493, 0.0
2412.0, -1.629233, 0.616396, -0.002038, 1.150072, -0.571493, 0.0
2429.0, -1.621136, 0.619385, -0.00219, 1.150072, -0.571493, 0.0
2429.0, -1.621136, 0.619385, -0.00219, 1.150072, -0.571493, 0.0
2446.0, -1.61253, 0.622321, -0.002341, 1.150072, -0.571493, 0.0
2446.0, -1.61253, 0.622321, -0.002341, 1.150072, -0.571493, 0.0
2462.0, -1.603417, 0.625201, -0.002489, 1.150271, -0.321491, 0.0
2479.0, -1.593797, 0.628027, -0.002634, 1.150271, -0.321491, 0.0
2479.0, -1.593797, 0.628027, -0.002634, 1.150271, -0.321491, 0.0
2496.0, -1.583672, 0.630799, -0.002773, 1.150271, -0.321491, 0.0
2496.0, -1.583672, 0.630799, -0.002773, 1.150271, -0.321491, 0.0
2512.0, -1.573038, 0.633516, -0.002908, 1.150271, -0.321491, 0.0
2530.0, -1.5619, 0.636178, -0.003036, 1.150271, -0.321491, 0.0
2530.0, -1.5619, 0.636178, -0.003036, 1.150271, -0.321491, 0.0
2546.0, -1.550258, 0.638784, -0.003157, 1.150271, -0.321491, 0.0
2546.0, -1.550258, 0.638784, -0.003157, 1.150271, -0.321491, 0.0
2563.0, -1.538112, 0.641336, -0.00327, 1.150271, -0.321491, 0.0
2578.0, -1.525468, 0.643831, -0.003377, 1.150271, -0.321491, 0.0
2578.0, -1.525468, 0.643831, -0.003377, 1.150271, -0.321491, 0.0
2596.0, -1.512324, 0.64627, -0.003476, 1.150271, -0.321491, 0.0
2596.0, -1.512324, 0.64627, -0.003476, 1.150271, -0.321491, 0.0
2611.0, -1.498687, 0.648652, -0.003568, 1.150271, -0.321491, 0.0
2629.0, -1.484551, 0.650978, -0.003655, 1.150271, -0.321491, 0.0
2629.0, -1.484551, 0.650978, -0.003655, 1.150271, -0.321491, 0.0
2646.0, -1.469917, 0.653246, -0.003739, 1.150271, -0.321491, 0.0
2646.0, -1.469917, 0.653246, -0.003739, 1.150271, -0.321491, 0.0
2662.0, -1.454785, 0.655457, -0.003818, 1.150271, -0.321491, 0.0
2680.0, -1.439153, 0.657612, -0.003895, 1.150271, -0.321491, 0.0
2680.0, -1.439153, 0.657612, -0.003895, 1.150271, -0.321491, 0.0
2697.0, -1.423022, 0.659708, -0.003969, 1.150271, -0.321491, 0.0
2697.0, -1.423022, 0.659708, -0.003969, 1.150271, -0.321491, 0.0
2712.0, -1.406387, 0.661748, -0.004042, 1.15047, -0.071483, 0.0
2730.0, -1.389252, 0.663729, -0.004114, 1.15047, -0.071483, 0.0
2730.0, -1.389252, 0.663729, -0.004114, 1.15047, -0.071483, 0.0
2746.0, -1.371619, 0.66565, -0.004181, 1.15047, -0.071483, 0.0
2746.0, -1.371619, 0.66565, -0.004181, 1.15047, -0.071483, 0.0
2763.0, -1.353488, 0.667512, -0.004246, 1.15047, -0.071483, 0.0
2779.0, -1.334862, 0.669313, -0.004308, 1.15047, -0.071483, 0.0
2779.0, -1.334862, 0.669313, -0.004308, 1.15047, -0.071483, 0.0
2797.0, -1.315739, 0.671053, -0.004368, 1.15047, -0.071483, 0.0
2797.0, -1.315739, 0.671053, -0.004368, 1.15047, -0.071483, 0.0
2812.0, -1.296128, 0.672731, -0.004424, 1.15047, -0.071483, 0.0
2829.0, -1.276023, 0.674346, -0.004479, 1.15047, -0.071483, 0.0
2829.0, -1.276023, 0.674346, -0.004479, 1.15047, -0.071483, 0.0
2846.0, -1.255422, 0.675897, -0.004534, 1.15047, -0.071483, 0.0
2846.0, -1.255422, 0.675897, -0.004534, 1.15047, -0.071483, 0.0
2862.0, -1.234325, 0.677384, -0.00459, 1.15047, -0.071483, 0.0
2879.0, -1.21273, 0.678807, -0.004647, 1.15047, -0.071483, 0.0
2879.0, -1.21273, 0.678807, -0.004647, 1.15047, -0.071483, 0.0
2898.0, -1.190639, 0.680164, -0.004704, 1.15047, -0.071483, 0.0
2898.0, -1.190639, 0.680164, -0.004704, 1.15047, -0.071483, 0.0
2912.0, -1.168042, 0.681456, -0.004765, 1.15047, -0.071483, 0.0
2930.0, -1.144947, 0.68268, -0.004825, 1.15047, -0.071483, 0.0
2930.0, -1.144947, 0.68268, -0.004825, 1.15047, -0.071483, 0.0
2946.0, -1.121356, 0.683836, -0.004884, 1.15047, -0.071483, 0.0
2946.0, -1.121356, 0.683836, -0.004884, 1.15047, -0.071483, 0.0
2962.0, -1.097269, 0.684923, -0.004941, 1.150669, 0.178519, 0.0
2979.0, -1.072688, 0.685939, -0.004997, 1.150669, 0.178519, 0.0
2979.0, -1.072688, 0.685939, -0.004997, 1.150669, 0.178519, 0.0
2997.0, -1.047613, 0.686884, -0.005052, 1.150669, 0.178519, 0.0
2997.0, -1.047613, 0.686884, -0.005052, 1.150669, 0.178519, 0.0
3013.0, -1.022044, 0.687757, -0.005106, 1.150669, 0.178519, 0.0
3028.0, -0.995981, 0.688556, -0.005161, 1.150669, 0.178519, 0.0
3028.0, -0.995981, 0.688556, -0.005161, 1.150669, 0.178519, 0.0
3045.0, -0.969424, 0.689281, -0.005215, 1.150669, 0.178519, 0.0
3045.0, -0.969424, 0.689281, -0.005215, 1.150669, 0.178519, 0.0
3061.0, -0.942374, 0.68993, -0.00527, 1.150669, 0.178519, 0.0
3078.0, -0.914829, 0.690502, -0.005326, 1.150669, 0.178519, 0.0
3078.0, -0.914829, 0.690502, -0.005326, 1.150669, 0.178519, 0.0
3097.0, -0.886791, 0.690996, -0.005382, 1.150669, 0.178519, 0.0
3097.0, -0.886791, 0.690996, -0.005382, 1.150669, 0.178519, 0.0
3111.0, -0.85827, 0.691411, -0.005434, 1.150669, 0.178519, 0.0
3129.0, -0.829259, 0.691745, -0.005487, 1.150669, 0.178519, 0.0
3129.0, -0.829259, 0.691745, -0.005487, 1.150669, 0.178519, 0.0
3146.0, -0.799756, 0.691997, -0.005543, 1.150669, 0.178519, 0.0
3146.0, -0.799756, 0.691997, -0.005543, 1.150669, 0.178519, 0.0
3162.0, -0.769757, 0.692166, -0.005602, 1.150669, 0.178519, 0.0
3179.0, -0.739265, 0.69225, -0.005662, 1.150669, 0.178519, 0.0
3179.0, -0.739265, 0.69225, -0.005662, 1.150669, 0.178519, 0.0
3197.0, -0.708279, 0.69225, -0.005724, 1.150669, 0.178519, 0.0
3197.0, -0.708279, 0.69225, -0.005724, 1.150669, 0.178519, 0.0
3212.0, -0.676786, 0.692162, -0.005792, 1.150868, 0.428521, 0.0
3230.0, -0.644797, 0.691985, -0.005859, 1.150868, 0.428521, 0.0
3230.0, -0.644797, 0.691985, -0.005859, 1.150868, 0.428521, 0.0
3247.0, -0.612315, 0.691719, -0.005925, 1.150868, 0.428521, 0.0
3247.0, -0.612315, 0.691719, -0.005925, 1.150868, 0.428521, 0.0
3263.0, -0.579342, 0.69136, -0.00599, 1.150868, 0.428521, 0.0
3279.0, -0.545879, 0.690908, -0.006053, 1.150868, 0.428521, 0.0
3279.0, -0.545879, 0.690908, -0.006053, 1.150868, 0.428521, 0.0
3296.0, -0.511927, 0.690361, -0.006116, 1.150868, 0.428521, 0.0
3296.0, -0.511927, 0.690361, -0.006116, 1.150868, 0.428521, 0.0
3312.0, -0.477497, 0.689719, -0.006173, 1.150868, 0.428521, 0.0
3328.0, -0.442583, 0.688978, -0.006231, 1.150868, 0.428521, 0.0
3328.0, -0.442583, 0.688978, -0.006231, 1.150868, 0.428521, 0.0
3345.0, -0.407179, 0.688136, -0.006293, 1.150868, 0.428521, 0.0
3345.0, -0.407179, 0.688136, -0.006293, 1.150868, 0.428521, 0.0
3362.0, -0.371285, 0.687192, -0.006357, 1.150868, 0.428521, 0.0
3379.0, -0.334901, 0.686146, -0.006424, 1.150868, 0.428521, 0.0
3379.0, -0.334901, 0.686146, -0.006424, 1.150868, 0.428521, 0.0
3397.0, -0.298025, 0.684994, -0.006493, 1.150868, 0.428521, 0.0
3397.0, -0.298025, 0.684994, -0.006493, 1.150868, 0.428521, 0.0
3412.0, -0.260696, 0.683748, -0.006549, 1.150868, 0.428521, 0.0
3430.0, -0.222986, 0.682419, -0.006565, 1.150868, 0.428521, 0.0
3430.0, -0.222986, 0.682419, -0.006565, 1.150868, 0.428521, 0.0
3446.0, -0.184962, 0.68102, -0.006529, 1.150868, 0.428521, 0.0
3446.0, -0.184962, 0.68102, -0.006529, 1.150868, 0.428521, 0.0
3462.0, -0.146681, 0.679562, -0.006439, 1.151067, 0.678523, 0.0
3480.0, -0.108193, 0.678052, -0.006298, 1.151067, 0.678523, 0.0
3480.0, -0.108193, 0.678052, -0.006298, 1.151067, 0.678523, 0.0
3497.0, -0.069536, 0.676498, -0.006117, 1.151067, 0.678523, 0.0
3497.0, -0.069536, 0.676498, -0.006117, 1.151067, 0.678523, 0.0
3512.0, -0.030758, 0.674906, -0.005899, 1.151067, 0.678523, 0.0
3529.0, 0.008125, 0.673281, -0.005664, 1.151067, 0.678523, 0.0
3529.0, 0.008125, 0.673281, -0.005664, 1.151067, 0.678523, 0.0
3545.0, 0.047095, 0.671627, -0.005423, 1.151067, 0.678523, 0.0
3545.0, 0.047095, 0.671627, -0.005423, 1.151067, 0.678523, 0.0
3562.0, 0.086168, 0.669949, -0.005184, 1.151067, 0.678523, 0.0
3579.0, 0.125268, 0.668251, -0.004956, 1.151067, 0.678523, 0.0
3579.0, 0.125268, 0.668251, -0.004956, 1.151067, 0.678523, 0.0
3597.0, 0.164417, 0.666538, -0.004741, 1.151067, 0.678523, 0.0
3597.0, 0.164417, 0.666538, -0.004741, 1.151067, 0.678523, 0.0
3612.0, 0.203618, 0.664811, -0.00455, 1.151067, 0.678523, 0.0
3629.0, 0.242854, 0.663075, -0.004378, 1.151067, 0.678523, 0.0
3629.0, 0.242854, 0.663075, -0.004378, 1.151067, 0.678523, 0.0
3646.0, 0.282114, 0.661331, -0.004223, 1.151067, 0.678523, 0.0
3646.0, 0.282114, 0.661331, -0.004223, 1.151067, 0.678523, 0.0
3662.0, 0.321392, 0.659582, -0.004085, 1.151067, 0.678523, 0.0
3680.0, 0.360684, 0.65783, -0.003964, 1.151067, 0.678523, 0.0
3680.0, 0.360684, 0.65783, -0.003964, 1.151067, 0.678523, 0.0
3696.0, 0.399986, 0.656076, -0.00386, 1.151067, 0.678523, 0.0
3696.0, 0.399986, 0.656076, -0.00386, 1.151067, 0.678523, 0.0
3712.0, 0.439283, 0.654322, -0.003766, 1.151266, 0.928538, 0.0
3729.0, 0.478582, 0.652568, -0.003687, 1.151266, 0.928538, 0.0
3729.0, 0.478582, 0.652568, -0.003687, 1.151266, 0.928538, 0.0
3747.0, 0.517887, 0.650814, -0.003623, 1.151266, 0.928538, 0.0
3747.0, 0.517887, 0.650814, -0.003623, 1.151266, 0.928538, 0.0
3762.0, 0.557199, 0.649062, -0.003574, 1.151266, 0.928538, 0.0
3779.0, 0.596517, 0.647311, -0.003536, 1.151266, 0.928538, 0.0
3779.0, 0.596517, 0.647311, -0.003536, 1.151266, 0.928538, 0.0
3796.0, 0.635841, 0.645561, -0.003508, 1.151266, 0.928538, 0.0
3796.0, 0.635841, 0.645561, -0.003508, 1.151266, 0.928538, 0.0
3812.0, 0.675185, 0.643813, -0.003493, 1.151266, 0.928538, 0.0
3829.0, 0.714536, 0.642067, -0.003483, 1.151266, 0.928538, 0.0
3829.0, 0.714536, 0.642067, -0.003483, 1.151266, 0.928538, 0.0
3846.0, 0.753891, 0.640322, -0.003475, 1.151266, 0.928538, 0.0
3846.0, 0.753891, 0.640322, -0.003475, 1.151266, 0.928538, 0.0
3862.0, 0.793247, 0.63858, -0.003468, 1.151266, 0.928538, 0.0
3879.0, 0.832602, 0.636839, -0.003461, 1.151266, 0.928538, 0.0
3879.0, 0.832602, 0.636839, -0.003461, 1.151266, 0.928538, 0.0
3897.0, 0.871957, 0.6351, -0.003454, 1.151266, 0.928538, 0.0
3897.0, 0.871957, 0.6351, -0.003454, 1.151266, 0.928538, 0.0
3912.0, 0.911264, 0.633379, -0.003427, 1.151266, 0.928538, 0.0
3930.0, 0.950461, 0.631697, -0.003362, 1.151266, 0.928538, 0.0
3930.0, 0.950461, 0.631697, -0.003362, 1.151266, 0.928538, 0.0
3946.0, 0.989488, 0.630073, -0.003246, 1.151266, 0.928538, 0.0
3947.0, 0.989488, 0.630073, -0.003246, 1.151266, 0.928538, 0.0
3962.0, 1.028292, 0.628527, -0.003079, 1.151465, 1.17854, 0.0
3979.0, 1.066826, 0.62707, -0.002862, 1.151465, 1.17854, 0.0
3979.0, 1.066826, 0.62707, -0.002862, 1.151465, 1.17854, 0.0
3997.0, 1.105054, 0.625717, -0.002605, 1.151465, 1.17854, 0.0
3997.0, 1.105054, 0.625717, -0.002605, 1.151465, 1.17854, 0.0
4012.0, 1.142927, 0.624479, -0.00231, 1.151465, 1.17854, 0.0
4029.0, 1.180434, 0.623363, -0.001996, 1.151465, 1.17854, 0.0
4029.0, 1.180434, 0.623363, -0.001996, 1.151465, 1.17854, 0.0
4046.0, 1.217556, 0.622379, -0.001672, 1.151465, 1.17854, 0.0
4046.0, 1.217556, 0.622379, -0.001672, 1.151465, 1.17854, 0.0
4062.0, 1.254278, 0.621534, -0.001348, 1.151465, 1.17854, 0.0
4079.0, 1.290588, 0.620834, -0.00103, 1.151465, 1.17854, 0.0
4079.0, 1.290588, 0.620834, -0.00103, 1.151465, 1.17854, 0.0
4098.0, 1.326476, 0.620284, -0.000722, 1.151465, 1.17854, 0.0
4098.0, 1.326476, 0.620284, -0.000722, 1.151465, 1.17854, 0.0
4113.0, 1.361945, 0.61989, -0.000434, 1.151465, 1.17854, 0.0
4129.0, 1.396979, 0.619656, -0.00016, 1.151465, 1.17854, 0.0
4129.0, 1.396979, 0.619656, -0.00016, 1.151465, 1.17854, 0.0
4146.0, 1.431569, 0.619586, 0.000099, 1.151465, 1.17854, 0.0
4146.0, 1.431569, 0.619586, 0.000099, 1.151465, 1.17854, 0.0
4162.0, 1.465707, 0.619682, 0.000344, 1.151465, 1.17854, 0.0
4181.0, 1.499391, 0.619948, 0.000575, 1.151465, 1.17854, 0.0
4181.0, 1.499391, 0.619948, 0.000575, 1.151465, 1.17854, 0.0
4196.0, 1.532617, 0.620384, 0.000792, 1.151465, 1.17854, 0.0
4196.0, 1.532617, 0.620384, 0.000792, 1.151465, 1.17854, 0.0
4211.0, 1.565372, 0.620993, 0.001, 1.151664, 1.428542, 0.0
4229.0, 1.597661, 0.621775, 0.001196, 1.151664, 1.428542, 0.0
4229.0, 1.597661, 0.621775, 0.001196, 1.151664, 1.428542, 0.0
4245.0, 1.629489, 0.622732, 0.001378, 1.151664, 1.428542, 0.0
4245.0, 1.629489, 0.622732, 0.001378, 1.151664, 1.428542, 0.0
4262.0, 1.660855, 0.623863, 0.001549, 1.151664, 1.428542, 0.0
4279.0, 1.691758, 0.62517, 0.00171, 1.151664, 1.428542, 0.0
4279.0, 1.691758, 0.62517, 0.00171, 1.151664, 1.428542, 0.0
4297.0, 1.722199, 0.626653, 0.001863, 1.151664, 1.428542, 0.0
4297.0, 1.722199, 0.626653, 0.001863, 1.151664, 1.428542, 0.0
4313.0, 1.752187, 0.628311, 0.002005, 1.151664, 1.428542, 0.0
4329.0, 1.781714, 0.630146, 0.002144, 1.151664, 1.428542, 0.0
4329.0, 1.781714, 0.630146, 0.002144, 1.151664, 1.428542, 0.0
4347.0, 1.810774, 0.632155, 0.002281, 1.151664, 1.428542, 0.0
4347.0, 1.810774, 0.632155, 0.002281, 1.151664, 1.428542, 0.0
4363.0, 1.839367, 0.634339, 0.002417, 1.151664, 1.428542, 0.0
4379.0, 1.867491, 0.636697, 0.002554, 1.151664, 1.428542, 0.0
4379.0, 1.867491, 0.636697, 0.002554, 1.151664, 1.428542, 0.0
4397.0, 1.895147, 0.639229, 0.002691, 1.151664, 1.428542, 0.0
4397.0, 1.895147, 0.639229, 0.002691, 1.151664, 1.428542, 0.0
4412.0, 1.922322, 0.641932, 0.002832, 1.151664, 1.428542, 0.0
4429.0, 1.949026, 0.644807, 0.002972, 1.151664, 1.428542, 0.0
4429.0, 1.949026, 0.644807, 0.002972, 1.151664, 1.428542, 0.0
4446.0, 1.97526, 0.647853, 0.003111, 1.151664, 1.428542, 0.0
4446.0, 1.97526, 0.647853, 0.003111, 1.151664, 1.428542, 0.0
4462.0, 2.001025, 0.65107, 0.003248, 1.151864, 1.678544, 0.0
4479.0, 2.026323, 0.654456, 0.003384, 1.151864, 1.678544, 0.0
4479.0, 2.026323, 0.654456, 0.003384, 1.151864, 1.678544, 0.0
4496.0, 2.051152, 0.658012, 0.003519, 1.151864, 1.678544, 0.0
4496.0, 2.051152, 0.658012, 0.003519, 1.151864, 1.678544, 0.0
4513.0, 2.075522, 0.661739, 0.00365, 1.151864, 1.678544, 0.0
4529.0, 2.099425, 0.665633, 0.003782, 1.151864, 1.678544, 0.0
4529.0, 2.099425, 0.665633, 0.003782, 1.151864, 1.678544, 0.0
4547.0, 2.122857, 0.669695, 0.003917, 1.151864, 1.678544, 0.0
4547.0, 2.122857, 0.669695, 0.003917, 1.151864, 1.678544, 0.0
4562.0, 2.145818, 0.673923, 0.004053, 1.151864, 1.678544, 0.0
4580.0, 2.168307, 0.678316, 0.004192, 1.151864, 1.678544, 0.0
4580.0, 2.168307, 0.678316, 0.004192, 1.151864, 1.678544, 0.0
4598.0, 2.190323, 0.682874, 0.004333, 1.151864, 1.678544, 0.0
4598.0, 2.190323, 0.682874, 0.004333, 1.151864, 1.678544, 0.0
4613.0, 2.211867, 0.687595, 0.004475, 1.151864, 1.678544, 0.0
4630.0, 2.232938, 0.69248, 0.004619, 1.151864, 1.678544, 0.0
4630.0, 2.232938, 0.69248, 0.004619, 1.151864, 1.678544, 0.0
4647.0, 2.253536, 0.697527, 0.004763, 1.151864, 1.678544, 0.0
4647.0, 2.253536, 0.697527, 0.004763, 1.151864, 1.678544, 0.0
4662.0, 2.273662, 0.702736, 0.004908, 1.151864, 1.678544, 0.0
4679.0, 2.293315, 0.708106, 0.005054, 1.151864, 1.678544, 0.0
4679.0, 2.293315, 0.708106, 0.005054, 1.151864, 1.678544, 0.0
4696.0, 2.312495, 0.713636, 0.005201, 1.151864, 1.678544, 0.0
4696.0, 2.312495, 0.713636, 0.005201, 1.151864, 1.678544, 0.0
4712.0, 2.331195, 0.719324, 0.005352, 1.152063, 1.928547, 0.0
4729.0, 2.349421, 0.725171, 0.005504, 1.152063, 1.928547, 0.0
4729.0, 2.349421, 0.725171, 0.005504, 1.152063, 1.928547, 0.0
4745.0, 2.367173, 0.731176, 0.005655, 1.152063, 1.928547, 0.0
4745.0, 2.367173, 0.731176, 0.005655, 1.152063, 1.928547, 0.0
4762.0, 2.384454, 0.73734, 0.005806, 1.152063, 1.928547, 0.0
4779.0, 2.401263, 0.743662, 0.005958, 1.152063, 1.928547, 0.0
4779.0, 2.401263, 0.743662, 0.005958, 1.152063, 1.928547, 0.0
4797.0, 2.4176, 0.750141, 0.006111, 1.152063, 1.928547, 0.0
4797.0, 2.4176, 0.750141, 0.006111, 1.152063, 1.928547, 0.0
4812.0, 2.433471, 0.75678, 0.006262, 1.152063, 1.928547, 0.0
4830.0, 2.448872, 0.763577, 0.006415, 1.152063, 1.928547, 0.0
4830.0, 2.448872, 0.763577, 0.006415, 1.152063, 1.928547, 0.0
4847.0, 2.463799, 0.77053, 0.006571, 1.152063, 1.928547, 0.0
4847.0, 2.463799, 0.77053, 0.006571, 1.152063, 1.928547, 0.0
4862.0, 2.478254, 0.777639, 0.00673, 1.152063, 1.928547, 0.0
4880.0, 2.492234, 0.784904, 0.006892, 1.152063, 1.928547, 0.0
4880.0, 2.492234, 0.784904, 0.006892, 1.152063, 1.928547, 0.0
4897.0, 2.505742, 0.792323, 0.007056, 1.152063, 1.928547, 0.0
4897.0, 2.505742, 0.792323, 0.007056, 1.152063, 1.928547, 0.0
4912.0, 2.51877, 0.799895, 0.007224, 1.152063, 1.928547, 0.0
4929.0, 2.531325, 0.80762, 0.007393, 1.152063, 1.928547, 0.0
4930.0, 2.531325, 0.80762, 0.007393, 1.152063, 1.928547, 0.0
4946.0, 2.543406, 0.815499, 0.007562, 1.152063, 1.928547, 0.0
4946.0, 2.543406, 0.815499, 0.007562, 1.152063, 1.928547, 0.0
4962.0, 2.555015, 0.823534, 0.007732, 1.152262, 2.178549, 0.0
4979.0, 2.566153, 0.831723, 0.007902, 1.152262, 2.178549, 0.0
4979.0, 2.566153, 0.831723, 0.007902, 1.152262, 2.178549, 0.0
4996.0, 2.576819, 0.840067, 0.008073, 1.152262, 2.178549, 0.0
4996.0, 2.576819, 0.840067, 0.008073, 1.152262, 2.178549, 0.0
5013.0, 2.587066, 0.848554, 0.008221, 1.152262, 2.178549, 0.0
5029.0, 2.596949, 0.857162, 0.008329, 1.152262, 2.178549, 0.0
5029.0, 2.596949, 0.857162, 0.008329, 1.152262, 2.178549, 0.0
5046.0, 2.606528, 0.865872, 0.008388, 1.152262, 2.178549, 0.0
5046.0, 2.606528, 0.865872, 0.008388, 1.152262, 2.178549, 0.0
5063.0, 2.615853, 0.874666, 0.008393, 1.152262, 2.178549, 0.0
5080.0, 2.624969, 0.883531, 0.008348, 1.152262, 2.178549, 0.0
5080.0, 2.624969, 0.883531, 0.008348, 1.152262, 2.178549, 0.0
5098.0, 2.633916, 0.892454, 0.008258, 1.152262, 2.178549, 0.0
5098.0, 2.633916, 0.892454, 0.008258, 1.152262, 2.178549, 0.0
5112.0, 2.642723, 0.901425, 0.008135, 1.152262, 2.178549, 0.0
5130.0, 2.651416, 0.910436, 0.007985, 1.152262, 2.178549, 0.0
5130.0, 2.651416, 0.910436, 0.007985, 1.152262, 2.178549, 0.0
5147.0, 2.660018, 0.919479, 0.00782, 1.152262, 2.178549, 0.0
5147.0, 2.660018, 0.919479, 0.00782, 1.152262, 2.178549, 0.0
5162.0, 2.668545, 0.92855, 0.007647, 1.152262, 2.178549, 0.0
5180.0, 2.677012, 0.937643, 0.007473, 1.152262, 2.178549, 0.0
5180.0, 2.677012, 0.937643, 0.007473, 1.152262, 2.178549, 0.0
5197.0, 2.685429, 0.946753, 0.007304, 1.152262, 2.178549, 0.0
5197.0, 2.685429, 0.946753, 0.007304, 1.152262, 2.178549, 0.0
5212.0, 2.693803, 0.955875, 0.007145, 1.152461, 2.428553, 0.0
5228.0, 2.702144, 0.965007, 0.006997, 1.152461, 2.428553, 0.0
5228.0, 2.702144, 0.965007, 0.006997, 1.152461, 2.428553, 0.0
5245.0, 2.71046, 0.97415, 0.006863, 1.152461, 2.428553, 0.0
5245.0, 2.71046, 0.97415, 0.006863, 1.152461, 2.428553, 0.0
5262.0, 2.718755, 0.983301, 0.006743, 1.152461, 2.428553, 0.0
5279.0, 2.727035, 0.992458, 0.006637, 1.152461, 2.428553, 0.0
5279.0, 2.727035, 0.992458, 0.006637, 1.152461, 2.428553, 0.0
5297.0, 2.735301, 1.001622, 0.006545, 1.152461, 2.428553, 0.0
5297.0, 2.735301, 1.001622, 0.006545, 1.152461, 2.428553, 0.0
