2.0, 0.0, 0.0, 0.002231, 4.244329, -4.240951, 0.0
2.0, 0.0, 0.0, 0.002231, 4.244329, -4.240951, 0.0
14.0, -0.000117, -0.000235, -0.00407, 4.244329, -4.240951, 0.0
14.0, -0.000117, -0.000235, -0.00407, 4.244329, -4.240951, 0.0
30.0, -0.000373, -0.000261, -0.009481, 4.244329, -4.240951, 0.0
48.0, -0.000776, 0.000024, -0.012094, 4.244329, -4.240951, 0.0
48.0, -0.000776, 0.000024, -0.012094, 4.244329, -4.240951, 0.0
64.0, -0.001352, 0.000562, -0.013037, 4.244329, -4.240951, 0.0
64.0, -0.001352, 0.000562, -0.013037, 4.244329, -4.240951, 0.0
80.0, -0.002137, 0.001253, -0.012759, 4.244329, -4.240951, 0.0
99.0, -0.003167, 0.001992, -0.01163, 4.244329, -4.240951, 0.0
99.0, -0.003167, 0.001992, -0.01163, 4.244329, -4.240951, 0.0
114.0, -0.00446, 0.002695, -0.009954, 4.244329, -4.240951, 0.0
114.0, -0.00446, 0.002695, -0.009954, 4.244329, -4.240951, 0.0
132.0, -0.005881, 0.003181, -0.00803, 4.244329, -4.240951, 0.0
146.0, -0.007609, 0.003951, -0.006038, 4.244329, -4.240951, 0.0
146.0, -0.007609, 0.003951, -0.006038, 4.244329, -4.240951, 0.0
163.0, -0.009721, 0.005035, -0.003726, 4.244329, -4.240951, 0.0
163.0, -0.009721, 0.005035, -0.003726, 4.244329, -4.240951, 0.0
180.0, -0.012204, 0.006399, -0.001036, 4.244329, -4.240951, 0.0
198.0, -0.015056, 0.008138, 0.001587, 4.244329, -4.240951, 0.0
198.0, -0.015056, 0.008138, 0.001587, 4.244329, -4.240951, 0.0
214.0, -0.017701, 0.009973, 0.001274, 4.244329, -4.240951, 0.0
214.0, -0.017701, 0.009973, 0.001274, 4.244329, -4.240951, 0.0
230.0, -0.021069, 0.012618, 0.001933, 4.244329, -4.240951, 0.0
246.0, -0.024842, 0.015725, 0.002756, 4.244329, -4.240951, 0.0
246.0, -0.024842, 0.015725, 0.002756, 4.244329, -4.240951, 0.0
263.0, -0.028951, 0.019229, 0.003501, 4.244329, -4.240951, 0.0
263.0, -0.028951, 0.019229, 0.003501, 4.244329, -4.240951, 0.0
281.0, -0.033405, 0.023117, 0.004215, 4.244329, -4.240951, 0.0
298.0, -0.038186, 0.027364, 0.00484, 4.244329, -4.240951, 0.0
298.0, -0.038186, 0.027364, 0.00484, 4.244329, -4.240951, 0.0
314.0, -0.043298, 0.031972, 0.005389, 4.244329, -4.240951, 0.0
314.0, -0.043298, 0.031972, 0.005389, 4.244329, -4.240951, 0.0
330.0, -0.04874, 0.036942, 0.005873, 4.244329, -4.240951, 0.0
346.0, -0.054512, 0.042275, 0.0063, 4.244329, -4.240951, 0.0
346.0, -0.054512, 0.042275, 0.0063, 4.244329, -4.240951, 0.0
363.0, -0.060625, 0.047988, 0.006679, 4.244329, -4.240951, 0.0
363.0, -0.060625, 0.047988, 0.006679, 4.244329, -4.240951, 0.0
382.0, -0.067088, 0.05409, 0.007019, 4.244329, -4.240951, 0.0
399.0, -0.073845, 0.060532, 0.007325, 4.244329, -4.240951, 0.0
399.0, -0.073845, 0.060532, 0.007325, 4.244329, -4.240951, 0.0
413.0, -0.080924, 0.067342, 0.007603, 4.244329, -4.240951, 0.0
413.0, -0.080924, 0.067342, 0.007603, 4.244329, -4.240951, 0.0
430.0, -0.088328, 0.074523, 0.00786, 4.244329, -4.240951, 0.0
447.0, -0.096058, 0.082078, 0.008104, 4.244329, -4.240951, 0.0
447.0, -0.096058, 0.082078, 0.008104, 4.244329, -4.240951, 0.0
463.0, -0.104115, 0.090008, 0.008337, 4.244329, -4.240951, 0.0
463.0, -0.104115, 0.090008, 0.008337, 4.244329, -4.240951, 0.0
480.0, -0.1125, 0.098313, 0.008563, 4.244329, -4.240951, 0.0
498.0, -0.121212, 0.106995, 0.008785, 4.244329, -4.240951, 0.0
498.0, -0.121212, 0.106995, 0.008785, 4.244329, -4.240951, 0.0
514.0, -0.130259, 0.116059, 0.009007, 4.244329, -4.240951, 0.0
514.0, -0.130259, 0.116059, 0.009007, 4.244329, -4.240951, 0.0
530.0, -0.139636, 0.125502, 0.009227, 4.244329, -4.240951, 0.0
547.0, -0.149343, 0.13532, 0.009446, 4.244329, -4.240951, 0.0
547.0, -0.149343, 0.13532, 0.009446, 4.244329, -4.240951, 0.0
564.0, -0.159378, 0.145512, 0.009665, 4.244329, -4.240951, 0.0
565.0, -0.159378, 0.145512, 0.009665, 4.244329, -4.240951, 0.0
581.0, -0.169743, 0.156079, 0.009883, 4.244329, -4.240951, 0.0
599.0, -0.180436, 0.16702, 0.010103, 4.244329, -4.240951, 0.0
599.0, -0.180436, 0.16702, 0.010103, 4.244329, -4.240951, 0.0
614.0, -0.191462, 0.178337, 0.010324, 4.244329, -4.240951, 0.0
614.0, -0.191462, 0.178337, 0.010324, 4.244329, -4.240951, 0.0
631.0, -0.202819, 0.190028, 0.010547, 4.244329, -4.240951, 0.0
647.0, -0.214509, 0.202091, 0.01077, 4.244329, -4.240951, 0.0
647.0, -0.214509, 0.202091, 0.01077, 4.244329, -4.240951, 0.0
663.0, -0.22653, 0.214526, 0.010995, 4.244329, -4.240951, 0.0
663.0, -0.22653, 0.214526, 0.010995, 4.244329, -4.240951, 0.0
680.0, -0.238885, 0.227333, 0.011221, 4.244329, -4.240951, 0.0
698.0, -0.251573, 0.240511, 0.011448, 4.244329, -4.240951, 0.0
698.0, -0.251573, 0.240511, 0.011448, 4.244329, -4.240951, 0.0
714.0, -0.264593, 0.254057, 0.011675, 4.244329, -4.240951, 0.0
714.0, -0.264593, 0.254057, 0.011675, 4.244329, -4.240951, 0.0
730.0, -0.277948, 0.267972, 0.011903, 4.244329, -4.240951, 0.0
747.0, -0.291639, 0.282255, 0.012132, 4.244329, -4.240951, 0.0
747.0, -0.291639, 0.282255, 0.012132, 4.244329, -4.240951, 0.0
764.0, -0.305669, 0.296908, 0.012363, 4.244329, -4.240951, 0.0
764.0, -0.305669, 0.296908, 0.012363, 4.244329, -4.240951, 0.0
780.0, -0.320036, 0.311929, 0.012594, 4.244329, -4.240951, 0.0
799.0, -0.334743, 0.327317, 0.012826, 4.244329, -4.240951, 0.0
799.0, -0.334743, 0.327317, 0.012826, 4.244329, -4.240951, 0.0
814.0, -0.349791, 0.343072, 0.013058, 4.244329, -4.240951, 0.0
814.0, -0.349791, 0.343072, 0.013058, 4.244329, -4.240951, 0.0
830.0, -0.365179, 0.359193, 0.01329, 4.244329, -4.240951, 0.0
846.0, -0.380911, 0.375678, 0.013522, 4.244329, -4.240951, 0.0
846.0, -0.380911, 0.375678, 0.013522, 4.244329, -4.240951, 0.0
864.0, -0.396989, 0.39253, 0.013755, 4.244329, -4.240951, 0.0
864.0, -0.396989, 0.39253, 0.013755, 4.244329, -4.240951, 0.0
880.0, -0.413408, 0.409742, 0.013987, 4.244329, -4.240951, 0.0
898.0, -0.430172, 0.427316, 0.014218, 4.244329, -4.240951, 0.0
898.0, -0.430172, 0.427316, 0.014218, 4.244329, -4.240951, 0.0
914.0, -0.447282, 0.445251, 0.01445, 4.244329, -4.240951, 0.0
914.0, -0.447282, 0.445251, 0.01445, 4.244329, -4.240951, 0.0
930.0, -0.46474, 0.463545, 0.014681, 4.244329, -4.240951, 0.0
948.0, -0.482547, 0.482197, 0.014912, 4.244329, -4.240951, 0.0
948.0, -0.482547, 0.482197, 0.014912, 4.244329, -4.240951, 0.0
964.0, -0.500705, 0.501207, 0.015142, 4.244329, -4.240951, 0.0
964.0, -0.500705, 0.501207, 0.015142, 4.244329, -4.240951, 0.0
981.0, -0.519213, 0.520573, 0.015372, 4.244329, -4.240951, 0.0
998.0, -0.538073, 0.540293, 0.015602, 4.244329, -4.240951, 0.0
998.0, -0.538073, 0.540293, 0.015602, 4.244329, -4.240951, 0.0
1014.0, -0.557287, 0.560368, 0.015831, 4.244329, -4.240951, 0.0
1014.0, -0.557287, 0.560368, 0.015831, 4.244329, -4.240951, 0.0
1031.0, -0.576856, 0.580795, 0.016059, 4.244329, -4.240951, 0.0
1047.0, -0.596782, 0.601572, 0.016287, 4.244329, -4.240951, 0.0
1047.0, -0.596782, 0.601572, 0.016287, 4.244329, -4.240951, 0.0
1063.0, -0.617066, 0.622698, 0.016515, 4.244329, -4.240951, 0.0
1063.0, -0.617066, 0.622698, 0.016515, 4.244329, -4.240951, 0.0
1080.0, -0.63775, 0.644214, 0.016743, 4.244329, -4.240951, 0.0
1098.0, -0.658754, 0.666035, 0.01697, 4.244329, -4.240951, 0.0
1098.0, -0.658754, 0.666035, 0.01697, 4.244329, -4.240951, 0.0
1114.0, -0.680116, 0.688197, 0.017194, 4.244329, -4.240951, 0.0
1114.0, -0.680116, 0.688197, 0.017194, 4.244329, -4.240951, 0.0
1130.0, -0.701842, 0.7107, 0.017419, 4.244329, -4.240951, 0.0
1147.0, -0.723934, 0.733544, 0.017644, 4.244329, -4.240951, 0.0
1147.0, -0.723934, 0.733544, 0.017644, 4.244329, -4.240951, 0.0
1164.0, -0.746394, 0.756727, 0.017868, 4.244329, -4.240951, 0.0
1164.0, -0.746394, 0.756727, 0.017868, 4.244329, -4.240951, 0.0
1180.0, -0.769224, 0.780247, 0.018093, 4.244329, -4.240951, 0.0
1198.0, -0.792425, 0.804105, 0.018317, 4.244329, -4.240951, 0.0
1198.0, -0.792425, 0.804105, 0.018317, 4.244329, -4.240951, 0.0
1215.0, -0.816004, 0.8283, 0.018542, 4.244329, -4.240951, 0.0
1215.0, -0.816004, 0.8283, 0.018542, 4.244329, -4.240951, 0.0
1230.0, -0.83996, 0.852828, 0.018767, 4.244329, -4.240951, 0.0
1247.0, -0.864294, 0.877683, 0.01899, 4.244329, -4.240951, 0.0
1247.0, -0.864294, 0.877683, 0.01899, 4.244329, -4.240951, 0.0
1264.0, -0.889008, 0.902864, 0.019211, 4.244329, -4.240951, 0.0
1264.0, -0.889008, 0.902864, 0.019211, 4.244329, -4.240951, 0.0
1280.0, -0.914103, 0.928367, 0.019431, 4.244329, -4.240951, 0.0
1299.0, -0.939581, 0.954191, 0.019649, 4.244329, -4.240951, 0.0
1299.0, -0.939581, 0.954191, 0.019649, 4.244329, -4.240951, 0.0
1313.0, -0.96545, 0.980337, 0.019868, 4.244329, -4.240951, 0.0
1313.0, -0.96545, 0.980337, 0.019868, 4.244329, -4.240951, 0.0
1330.0, -0.991709, 1.006798, 0.020086, 4.244329, -4.240951, 0.0
1347.0, -1.018405, 1.033613, 0.020302, 4.244329, -4.240951, 0.0
1347.0, -1.018405, 1.033613, 0.020302, 4.244329, -4.240951, 0.0
1363.0, -1.045451, 1.06069, 0.020516, 4.244329, -4.240951, 0.0
1363.0, -1.045451, 1.06069, 0.020516, 4.244329, -4.240951, 0.0
1380.0, -1.072893, 1.088069, 0.020729, 4.244329, -4.240951, 0.0
1398.0, -1.10076, 1.115776, 0.02094, 4.244329, -4.240951, 0.0
1398.0, -1.10076, 1.115776, 0.02094, 4.244329, -4.240951, 0.0
1413.0, -1.128987, 1.143735, 0.021142, 4.244329, -4.240951, 0.0
1413.0, -1.128987, 1.143735, 0.021142, 4.244329, -4.240951, 0.0
1430.0, -1.157616, 1.171979, 0.021345, 4.244329, -4.240951, 0.0
1448.0, -1.186654, 1.200507, 0.021549, 4.244329, -4.240951, 0.0
1448.0, -1.186654, 1.200507, 0.021549, 4.244329, -4.240951, 0.0
1464.0, -1.216108, 1.229317, 0.021755, 4.244329, -4.240951, 0.0
1464.0, -1.216108, 1.229317, 0.021755, 4.244329, -4.240951, 0.0
1480.0, -1.245981, 1.258406, 0.021962, 4.244329, -4.240951, 0.0
1498.0, -1.276275, 1.287769, 0.022168, 4.244329, -4.240951, 0.0
1498.0, -1.276275, 1.287769, 0.022168, 4.244329, -4.240951, 0.0
1513.0, -1.307012, 1.317416, 0.02238, 4.244329, -4.240951, 0.0
1513.0, -1.307012, 1.317416, 0.02238, 4.244329, -4.240951, 0.0
1530.0, -1.338183, 1.347327, 0.02259, 4.244329, -4.240951, 0.0
1547.0, -1.369789, 1.377487, 0.022795, 4.244329, -4.240951, 0.0
1547.0, -1.369789, 1.377487, 0.022795, 4.244329, -4.240951, 0.0
1564.0, -1.401831, 1.407888, 0.022993, 4.244329, -4.240951, 0.0
1564.0, -1.401831, 1.407888, 0.022993, 4.244329, -4.240951, 0.0
1580.0, -1.434311, 1.438523, 0.023186, 4.244329, -4.240951, 0.0
1598.0, -1.467233, 1.469386, 0.023374, 4.244329, -4.240951, 0.0
1598.0, -1.467233, 1.469386, 0.023374, 4.244329, -4.240951, 0.0
1614.0, -1.500595, 1.500461, 0.023554, 4.244329, -4.240951, 0.0
1614.0, -1.500595, 1.500461, 0.023554, 4.244329, -4.240951, 0.0
1631.0, -1.534408, 1.531739, 0.02373, 4.244329, -4.240951, 0.0
1647.0, -1.568679, 1.563209, 0.023904, 4.244329, -4.240951, 0.0
1647.0, -1.568679, 1.563209, 0.023904, 4.244329, -4.240951, 0.0
1664.0, -1.603503, 1.594944, 0.024075, 4.244329, -4.240951, 0.0
1664.0, -1.603503, 1.594944, 0.024075, 4.244329, -4.240951, 0.0
1681.0, -1.638706, 1.626772, 0.024242, 4.244329, -4.240951, 0.0
1699.0, -1.674379, 1.658767, 0.024405, 4.244329, -4.240951, 0.0
1699.0, -1.674379, 1.658767, 0.024405, 4.244329, -4.240951, 0.0
1716.0, -1.710513, 1.690901, 0.024557, 4.244329, -4.240951, 0.0
1716.0, -1.710513, 1.690901, 0.024557, 4.244329, -4.240951, 0.0
1730.0, -1.747123, 1.723162, 0.024703, 4.244329, -4.240951, 0.0
1747.0, -1.784224, 1.755545, 0.024845, 4.244329, -4.240951, 0.0
1747.0, -1.784224, 1.755545, 0.024845, 4.244329, -4.240951, 0.0
1764.0, -1.821843, 1.788055, 0.024981, 4.244329, -4.240951, 0.0
1764.0, -1.821843, 1.788055, 0.024981, 4.244329, -4.240951, 0.0
1780.0, -1.859917, 1.820621, 0.025111, 4.244329, -4.240951, 0.0
1797.0, -1.898485, 1.853265, 0.025233, 4.244329, -4.240951, 0.0
1797.0, -1.898485, 1.853265, 0.025233, 4.244329, -4.240951, 0.0
1814.0, -1.937564, 1.885979, 0.025351, 4.244329, -4.240951, 0.0
1814.0, -1.937564, 1.885979, 0.025351, 4.244329, -4.240951, 0.0
1830.0, -1.977142, 1.91873, 0.025457, 4.244329, -4.240951, 0.0
1847.0, -2.017253, 1.951523, 0.025547, 4.244329, -4.240951, 0.0
1847.0, -2.017253, 1.951523, 0.025547, 4.244329, -4.240951, 0.0
1864.0, -2.057823, 1.984278, 0.025621, 4.244329, -4.240951, 0.0
1864.0, -2.057823, 1.984278, 0.025621, 4.244329, -4.240951, 0.0
1880.0, -2.098886, 2.017009, 0.025679, 4.244329, -4.240951, 0.0
1898.0, -2.140445, 2.049702, 0.025723, 4.244329, -4.240951, 0.0
1898.0, -2.140445, 2.049702, 0.025723, 4.244329, -4.240951, 0.0
1914.0, -2.182496, 2.08234, 0.025751, 4.244329, -4.240951, 0.0
1914.0, -2.182496, 2.08234, 0.025751, 4.244329, -4.240951, 0.0
1930.0, -2.225038, 2.114901, 0.025764, 4.244329, -4.240951, 0.0
1948.0, -2.268066, 2.147366, 0.025761, 4.244329, -4.240951, 0.0
1948.0, -2.268066, 2.147366, 0.025761, 4.244329, -4.240951, 0.0
1964.0, -2.311606, 2.179742, 0.025744, 4.244329, -4.240951, 0.0
1964.0, -2.311606, 2.179742, 0.025744, 4.244329, -4.240951, 0.0
1980.0, -2.355601, 2.211972, 0.025713, 4.244329, -4.240951, 0.0
1998.0, -2.400077, 2.24407, 0.025669, 4.244329, -4.240951, 0.0
1999.0, -2.400077, 2.24407, 0.025669, 4.244329, -4.240951, 0.0
2014.0, -2.445025, 2.276028, 0.025613, 4.244329, -4.240951, 0.0
2014.0, -2.445025, 2.276028, 0.025613, 4.244329, -4.240951, 0.0
2030.0, -2.490453, 2.307861, 0.02555, 4.244329, -4.240951, 0.0
2047.0, -2.536367, 2.339579, 0.025486, 4.244329, -4.240951, 0.0
2047.0, -2.536367, 2.339579, 0.025486, 4.244329, -4.240951, 0.0
2064.0, -2.58277, 2.37119, 0.025423, 4.244329, -4.240951, 0.0
2064.0, -2.58277, 2.37119, 0.025423, 4.244329, -4.240951, 0.0
2080.0, -2.629661, 2.402702, 0.025361, 4.244329, -4.240951, 0.0
2098.0, -2.677043, 2.434122, 0.025302, 4.244329, -4.240951, 0.0
2098.0, -2.677043, 2.434122, 0.025302, 4.244329, -4.240951, 0.0
2115.0, -2.724838, 2.46545, 0.025213, 4.244329, -4.240951, 0.0
2115.0, -2.724838, 2.46545, 0.025213, 4.244329, -4.240951, 0.0
2130.0, -2.772911, 2.49666, 0.025048, 4.244329, -4.240951, 0.0
2147.0, -2.821138, 2.52773, 0.024785, 4.244329, -4.240951, 0.0
2147.0, -2.821138, 2.52773, 0.024785, 4.244329, -4.240951, 0.0
2163.0, -2.869412, 2.558641, 0.024422, 4.244329, -4.240951, 0.0
2163.0, -2.869412, 2.558641, 0.024422, 4.244329, -4.240951, 0.0
2179.0, -2.91764, 2.589376, 0.023969, 4.244329, -4.240951, 0.0
2197.0, -2.965749, 2.619924, 0.023442, 4.244329, -4.240951, 0.0
2197.0, -2.965749, 2.619924, 0.023442, 4.244329, -4.240951, 0.0
2215.0, -3.013671, 2.650263, 0.02286, 4.244329, -4.240951, 0.0
2215.0, -3.013671, 2.650263, 0.02286, 4.244329, -4.240951, 0.0
2230.0, -3.061364, 2.680383, 0.022251, 4.244329, -4.240951, 0.0
2247.0, -3.108795, 2.710275, 0.021633, 4.244329, -4.240951, 0.0
2247.0, -3.108795, 2.710275, 0.021633, 4.244329, -4.240951, 0.0
2264.0, -3.15609, 2.740029, 0.021023, 4.244329, -4.240951, 0.0
2264.0, -3.15609, 2.740029, 0.021023, 4.244329, -4.240951, 0.0
2279.0, -3.202908, 2.769442, 0.020435, 4.244329, -4.240951, 0.0
2297.0, -3.249385, 2.798608, 0.019877, 4.244329, -4.240951, 0.0
2297.0, -3.249385, 2.798608, 0.019877, 4.244329, -4.240951, 0.0
2314.0, -3.295566, 2.827565, 0.019347, 4.244329, -4.240951, 0.0
2314.0, -3.295566, 2.827565, 0.019347, 4.244329, -4.240951, 0.0
2329.0, -3.341289, 2.856224, 0.018857, 4.244329, -4.240951, 0.0
2346.0, -3.386627, 2.884637, 0.018409, 4.244329, -4.240951, 0.0
2346.0, -3.386627, 2.884637, 0.018409, 4.244329, -4.240951, 0.0
2363.0, -3.43157, 2.912809, 0.018003, 4.244329, -4.240951, 0.0
2363.0, -3.43157, 2.912809, 0.018003, 4.244329, -4.240951, 0.0
2380.0, -3.476111, 2.940739, 0.017636, 4.244329, -4.240951, 0.0
2398.0, -3.520262, 2.968442, 0.017305, 4.244329, -4.240951, 0.0
2398.0, -3.520262, 2.968442, 0.017305, 4.244329, -4.240951, 0.0
2413.0, -3.563987, 2.995901, 0.01701, 4.244329, -4.240951, 0.0
2413.0, -3.563987, 2.995901, 0.01701, 4.244329, -4.240951, 0.0
2430.0, -3.607291, 3.023128, 0.016741, 4.244329, -4.240951, 0.0
2447.0, -3.650167, 3.050124, 0.016495, 4.244329, -4.240951, 0.0
2447.0, -3.650167, 3.050124, 0.016495, 4.244329, -4.240951, 0.0
2463.0, -3.69261, 3.076891, 0.016268, 4.244329, -4.240951, 0.0
2463.0, -3.69261, 3.076891, 0.016268, 4.244329, -4.240951, 0.0
2480.0, -3.734616, 3.103429, 0.016058, 4.244329, -4.240951, 0.0
2498.0, -3.776184, 3.129741, 0.015862, 4.244329, -4.240951, 0.0
2498.0, -3.776184, 3.129741, 0.015862, 4.244329, -4.240951, 0.0
2514.0, -3.817318, 3.155834, 0.01568, 4.244329, -4.240951, 0.0
2514.0, -3.817318, 3.155834, 0.01568, 4.244329, -4.240951, 0.0
2530.0, -3.858009, 3.181708, 0.015508, 4.244329, -4.240951, 0.0
2547.0, -3.898254, 3.207364, 0.015343, 4.244329, -4.240951, 0.0
2547.0, -3.898254, 3.207364, 0.015343, 4.244329, -4.240951, 0.0
2564.0, -3.938048, 3.232803, 0.015183, 4.244329, -4.240951, 0.0
2564.0, -3.938048, 3.232803, 0.015183, 4.244329, -4.240951, 0.0
2580.0, -3.977392, 3.258027, 0.015028, 4.244329, -4.240951, 0.0
2599.0, -4.016284, 3.283039, 0.014877, 4.244329, -4.240951, 0.0
2599.0, -4.016284, 3.283039, 0.014877, 4.244329, -4.240951, 0.0
2614.0, -4.054995, 3.308016, 0.014729, 4.244329, -4.240951, 0.0
2614.0, -4.054995, 3.308016, 0.014729, 4.244329, -4.240951, 0.0
2630.0, -4.092976, 3.332607, 0.014584, 4.244329, -4.240951, 0.0
2646.0, -4.1305, 3.356993, 0.014443, 4.244329, -4.240951, 0.0
2646.0, -4.1305, 3.356993, 0.014443, 4.244329, -4.240951, 0.0
2664.0, -4.16758, 3.381186, 0.014303, 4.244329, -4.240951, 0.0
2664.0, -4.16758, 3.381186, 0.014303, 4.244329, -4.240951, 0.0
2680.0, -4.204311, 3.405247, 0.014166, 4.244329, -4.240951, 0.0
2698.0, -4.24046, 3.429028, 0.014031, 4.244329, -4.240951, 0.0
2698.0, -4.24046, 3.429028, 0.014031, 4.244329, -4.240951, 0.0
2713.0, -4.276116, 3.452589, 0.013884, 4.244329, -4.240951, 0.0
2713.0, -4.276116, 3.452589, 0.013884, 4.244329, -4.240951, 0.0
2730.0, -4.311303, 3.475947, 0.013741, 4.244329, -4.240951, 0.0
2748.0, -4.34603, 3.499113, 0.013605, 4.244329, -4.240951, 0.0
2748.0, -4.34603, 3.499113, 0.013605, 4.244329, -4.240951, 0.0
2764.0, -4.380301, 3.522089, 0.013477, 4.244329, -4.240951, 0.0
2764.0, -4.380301, 3.522089, 0.013477, 4.244329, -4.240951, 0.0
2781.0, -4.414115, 3.54488, 0.013354, 4.244329, -4.240951, 0.0
2798.0, -4.447473, 3.567484, 0.013236, 4.244329, -4.240951, 0.0
2798.0, -4.447473, 3.567484, 0.013236, 4.244329, -4.240951, 0.0
2815.0, -4.480402, 3.589926, 0.013133, 4.244329, -4.240951, 0.0
2815.0, -4.480402, 3.589926, 0.013133, 4.244329, -4.240951, 0.0
2831.0, -4.51288, 3.612189, 0.013029, 4.244329, -4.240951, 0.0
2847.0, -4.544896, 3.634269, 0.01292, 4.244329, -4.240951, 0.0
2847.0, -4.544896, 3.634269, 0.01292, 4.244329, -4.240951, 0.0
2864.0, -4.576445, 3.656164, 0.012805, 4.244329, -4.240951, 0.0
2864.0, -4.576445, 3.656164, 0.012805, 4.244329, -4.240951, 0.0
2880.0, -4.607526, 3.677873, 0.012685, 4.244329, -4.240951, 0.0
2899.0, -4.638139, 3.699396, 0.012561, 4.244329, -4.240951, 0.0
2899.0, -4.638139, 3.699396, 0.012561, 4.244329, -4.240951, 0.0
2914.0, -4.668283, 3.720735, 0.012436, 4.244329, -4.240951, 0.0
2914.0, -4.668283, 3.720735, 0.012436, 4.244329, -4.240951, 0.0
2931.0, -4.697958, 3.74189, 0.012311, 4.244329, -4.240951, 0.0
2947.0, -4.727166, 3.762863, 0.012185, 4.244329, -4.240951, 0.0
2947.0, -4.727166, 3.762863, 0.012185, 4.244329, -4.240951, 0.0
2964.0, -4.755905, 3.783654, 0.01206, 4.244329, -4.240951, 0.0
2964.0, -4.755905, 3.783654, 0.01206, 4.244329, -4.240951, 0.0
2981.0, -4.784176, 3.804264, 0.011936, 4.244329, -4.240951, 0.0
3000.0, -4.811979, 3.824694, 0.011813, 4.244329, -4.240951, 0.0
3000.0, -4.811979, 3.824694, 0.011813, 4.244329, -4.240951, 0.0
3015.0, -4.839315, 3.844943, 0.011691, 4.244329, -4.240951, 0.0
3015.0, -4.839315, 3.844943, 0.011691, 4.244329, -4.240951, 0.0
3031.0, -4.866183, 3.865014, 0.01157, 4.244329, -4.240951, 0.0
3047.0, -4.892583, 3.884905, 0.01145, 4.244329, -4.240951, 0.0
3047.0, -4.892583, 3.884905, 0.01145, 4.244329, -4.240951, 0.0
3065.0, -4.918516, 3.904617, 0.011331, 4.244329, -4.240951, 0.0
3065.0, -4.918516, 3.904617, 0.011331, 4.244329, -4.240951, 0.0
3081.0, -4.943982, 3.92415, 0.011212, 4.244329, -4.240951, 0.0
3098.0, -4.96898, 3.943506, 0.011094, 4.244329, -4.240951, 0.0
3098.0, -4.96898, 3.943506, 0.011094, 4.244329, -4.240951, 0.0
3115.0, -4.99351, 3.962682, 0.010976, 4.244329, -4.240951, 0.0
3115.0, -4.99351, 3.962682, 0.010976, 4.244329, -4.240951, 0.0
3130.0, -5.017573, 3.98168, 0.010858, 4.244329, -4.240951, 0.0
3148.0, -5.04117, 4.000498, 0.010739, 4.244329, -4.240951, 0.0
3148.0, -5.04117, 4.000498, 0.010739, 4.244329, -4.240951, 0.0
3165.0, -5.0643, 4.019138, 0.010621, 4.244329, -4.240951, 0.0
3165.0, -5.0643, 4.019138, 0.010621, 4.244329, -4.240951, 0.0
3180.0, -5.086962, 4.037599, 0.010503, 4.244329, -4.240951, 0.0
3199.0, -5.109158, 4.055881, 0.010384, 4.244329, -4.240951, 0.0
3199.0, -5.109158, 4.055881, 0.010384, 4.244329, -4.240951, 0.0
3215.0, -5.130892, 4.073986, 0.010266, 4.244329, -4.240951, 0.0
3215.0, -5.130892, 4.073986, 0.010266, 4.244329, -4.240951, 0.0
3230.0, -5.152161, 4.091912, 0.010148, 4.244329, -4.240951, 0.0
3247.0, -5.172963, 4.109657, 0.010028, 4.244329, -4.240951, 0.0
3247.0, -5.172963, 4.109657, 0.010028, 4.244329, -4.240951, 0.0
3264.0, -5.193298, 4.127221, 0.009906, 4.244329, -4.240951, 0.0
3264.0, -5.193298, 4.127221, 0.009906, 4.244329, -4.240951, 0.0
3281.0, -5.21318, 4.144613, 0.009783, 4.244329, -4.240951, 0.0
3298.0, -5.232583, 4.161812, 0.009659, 4.244329, -4.240951, 0.0
3298.0, -5.232583, 4.161812, 0.009659, 4.244329, -4.240951, 0.0
3314.0, -5.251513, 4.178822, 0.009531, 4.244329, -4.240951, 0.0
3314.0, -5.251513, 4.178822, 0.009531, 4.244329, -4.240951, 0.0
3330.0, -5.269975, 4.195646, 0.009403, 4.244329, -4.240951, 0.0
3348.0, -5.287973, 4.212286, 0.009274, 4.244329, -4.240951, 0.0
3348.0, -5.287973, 4.212286, 0.009274, 4.244329, -4.240951, 0.0
3365.0, -5.305508, 4.228742, 0.009146, 4.244329, -4.240951, 0.0
3365.0, -5.305508, 4.228742, 0.009146, 4.244329, -4.240951, 0.0
3381.0, -5.322579, 4.245014, 0.009018, 4.244329, -4.240951, 0.0
3399.0, -5.339188, 4.261102, 0.00889, 4.244329, -4.240951, 0.0
3399.0, -5.339188, 4.261102, 0.00889, 4.244329, -4.240951, 0.0
3414.0, -5.35534, 4.27701, 0.008763, 4.244329, -4.240951, 0.0
3414.0, -5.35534, 4.27701, 0.008763, 4.244329, -4.240951, 0.0
3430.0, -5.371031, 4.292733, 0.008635, 4.244329, -4.240951, 0.0
3448.0, -5.386261, 4.308269, 0.008504, 4.244329, -4.240951, 0.0
3448.0, -5.386261, 4.308269, 0.008504, 4.244329, -4.240951, 0.0
3465.0, -5.401026, 4.323615, 0.008371, 4.244329, -4.240951, 0.0
3465.0, -5.401026, 4.323615, 0.008371, 4.244329, -4.240951, 0.0
3480.0, -5.415329, 4.33877, 0.008234, 4.244329, -4.240951, 0.0
3498.0, -5.42917, 4.353735, 0.008096, 4.244329, -4.240951, 0.0
3498.0, -5.42917, 4.353735, 0.008096, 4.244329, -4.240951, 0.0
3513.0, -5.442547, 4.368505, 0.007954, 4.244329, -4.240951, 0.0
3513.0, -5.442547, 4.368505, 0.007954, 4.244329, -4.240951, 0.0
3531.0, -5.455472, 4.383093, 0.00781, 4.244329, -4.240951, 0.0
3547.0, -5.467926, 4.397476, 0.007665, 4.244329, -4.240951, 0.0
3547.0, -5.467926, 4.397476, 0.007665, 4.244329, -4.240951, 0.0
3563.0, -5.47992, 4.411663, 0.007518, 4.244329, -4.240951, 0.0
3563.0, -5.47992, 4.411663, 0.007518, 4.244329, -4.240951, 0.0
3580.0, -5.491488, 4.425696, 0.00737, 4.244329, -4.240951, 0.0
3598.0, -5.502571, 4.439503, 0.007219, 4.244329, -4.240951, 0.0
3598.0, -5.502571, 4.439503, 0.007219, 4.244329, -4.240951, 0.0
3614.0, -5.51318, 4.453094, 0.007064, 4.244329, -4.240951, 0.0
3614.0, -5.51318, 4.453094, 0.007064, 4.244329, -4.240951, 0.0
3630.0, -5.523331, 4.466486, 0.006908, 4.244329, -4.240951, 0.0
3648.0, -5.533025, 4.479678, 0.006751, 4.244329, -4.240951, 0.0
3648.0, -5.533025, 4.479678, 0.006751, 4.244329, -4.240951, 0.0
3665.0, -5.542264, 4.492671, 0.006592, 4.244329, -4.240951, 0.0
3665.0, -5.542264, 4.492671, 0.006592, 4.244329, -4.240951, 0.0
3680.0, -5.551048, 4.505465, 0.006432, 4.244329, -4.240951, 0.0
3699.0, -5.559378, 4.518057, 0.006269, 4.244329, -4.240951, 0.0
3699.0, -5.559378, 4.518057, 0.006269, 4.244329, -4.240951, 0.0
3715.0, -5.567259, 4.530457, 0.006107, 4.244329, -4.240951, 0.0
3715.0, -5.567259, 4.530457, 0.006107, 4.244329, -4.240951, 0.0
3730.0, -5.574689, 4.542656, 0.005942, 4.244329, -4.240951, 0.0
3747.0, -5.581668, 4.554655, 0.005773, 4.244329, -4.240951, 0.0
3747.0, -5.581668, 4.554655, 0.005773, 4.244329, -4.240951, 0.0
3764.0, -5.588191, 4.56644, 0.005599, 4.244329, -4.240951, 0.0
3764.0, -5.588191, 4.56644, 0.005599, 4.244329, -4.240951, 0.0
3780.0, -5.594261, 4.578016, 0.005422, 4.244329, -4.240951, 0.0
3800.0, -5.599879, 4.589382, 0.005242, 4.244329, -4.240951, 0.0
3800.0, -5.599879, 4.589382, 0.005242, 4.244329, -4.240951, 0.0
3814.0, -5.605044, 4.600534, 0.005058, 4.244329, -4.240951, 0.0
3814.0, -5.605044, 4.600534, 0.005058, 4.244329, -4.240951, 0.0
3830.0, -5.609759, 4.611474, 0.004872, 4.244329, -4.240951, 0.0
3847.0, -5.614025, 4.6222, 0.004685, 4.244329, -4.240951, 0.0
3847.0, -5.614025, 4.6222, 0.004685, 4.244329, -4.240951, 0.0
3865.0, -5.617843, 4.632711, 0.004496, 4.244329, -4.240951, 0.0
3865.0, -5.617843, 4.632711, 0.004496, 4.244329, -4.240951, 0.0
3881.0, -5.621213, 4.643008, 0.004307, 4.244329, -4.240951, 0.0
3899.0, -5.624137, 4.653089, 0.004118, 4.244329, -4.240951, 0.0
3899.0, -5.624137, 4.653089, 0.004118, 4.244329, -4.240951, 0.0
3915.0, -5.626616, 4.662953, 0.00393, 4.244329, -4.240951, 0.0
3915.0, -5.626616, 4.662953, 0.00393, 4.244329, -4.240951, 0.0
3930.0, -5.62865, 4.6726, 0.003745, 4.244329, -4.240951, 0.0
3947.0, -5.630241, 4.682028, 0.003562, 4.244329, -4.240951, 0.0
3947.0, -5.630241, 4.682028, 0.003562, 4.244329, -4.240951, 0.0
3964.0, -5.63139, 4.691236, 0.003384, 4.244329, -4.240951, 0.0
3964.0, -5.63139, 4.691236, 0.003384, 4.244329, -4.240951, 0.0
3980.0, -5.632097, 4.700224, 0.003211, 4.244329, -4.240951, 0.0
3998.0, -5.632363, 4.708992, 0.003046, 4.244329, -4.240951, 0.0
3998.0, -5.632363, 4.708992, 0.003046, 4.244329, -4.240951, 0.0
4015.0, -5.632188, 4.717538, 0.002888, 4.244329, -4.240951, 0.0
4015.0, -5.632188, 4.717538, 0.002888, 4.244329, -4.240951, 0.0
4030.0, -5.631574, 4.725863, 0.00274, 4.244329, -4.240951, 0.0
4048.0, -5.630521, 4.733964, 0.002602, 4.244329, -4.240951, 0.0
4048.0, -5.630521, 4.733964, 0.002602, 4.244329, -4.240951, 0.0
4066.0, -5.629029, 4.741842, 0.002474, 4.244329, -4.240951, 0.0
4066.0, -5.629029, 4.741842, 0.002474, 4.244329, -4.240951, 0.0
4081.0, -5.627099, 4.749496, 0.002355, 4.244329, -4.240951, 0.0
4100.0, -5.624729, 4.756927, 0.002243, 4.244329, -4.240951, 0.0
4100.0, -5.624729, 4.756927, 0.002243, 4.244329, -4.240951, 0.0
4115.0, -5.62192, 4.764132, 0.002139, 4.244329, -4.240951, 0.0
4115.0, -5.62192, 4.764132, 0.002139, 4.244329, -4.240951, 0.0
4130.0, -5.618672, 4.771111, 0.002037, 4.244329, -4.240951, 0.0
4147.0, -5.614985, 4.777863, 0.001936, 4.244329, -4.240951, 0.0
4147.0, -5.614985, 4.777863, 0.001936, 4.244329, -4.240951, 0.0
4164.0, -5.610858, 4.784385, 0.001831, 4.244329, -4.240951, 0.0
4164.0, -5.610858, 4.784385, 0.001831, 4.244329, -4.240951, 0.0
4180.0, -5.606283, 4.790688, 0.001719, 4.244329, -4.240951, 0.0
4198.0, -5.601274, 4.796748, 0.001597, 4.244329, -4.240951, 0.0
4198.0, -5.601274, 4.796748, 0.001597, 4.244329, -4.240951, 0.0
4214.0, -5.595824, 4.802573, 0.00146, 4.244329, -4.240951, 0.0
4214.0, -5.595824, 4.802573, 0.00146, 4.244329, -4.240951, 0.0
4230.0, -5.589934, 4.808161, 0.001308, 4.244329, -4.240951, 0.0
4247.0, -5.583602, 4.813511, 0.001139, 4.244329, -4.240951, 0.0
4247.0, -5.583602, 4.813511, 0.001139, 4.244329, -4.240951, 0.0
4263.0, -5.576829, 4.818621, 0.000951, 4.244329, -4.240951, 0.0
4263.0, -5.576829, 4.818621, 0.000951, 4.244329, -4.240951, 0.0
4280.0, -5.569615, 4.823489, 0.000744, 4.244329, -4.240951, 0.0
4299.0, -5.56196, 4.828113, 0.00052, 4.244329, -4.240951, 0.0
4299.0, -5.56196, 4.828113, 0.00052, 4.244329, -4.240951, 0.0
4314.0, -5.553862, 4.832491, 0.000279, 4.244329, -4.240951, 0.0
4314.0, -5.553862, 4.832491, 0.000279, 4.244329, -4.240951, 0.0
4330.0, -5.545324, 4.836621, 0.000023, 4.244329, -4.240951, 0.0
4347.0, -5.536346, 4.8405, -0.000244, 4.244329, -4.240951, 0.0
4347.0, -5.536346, 4.8405, -0.000244, 4.244329, -4.240951, 0.0
4364.0, -5.526929, 4.844127, -0.000522, 4.244329, -4.240951, 0.0
4364.0, -5.526929, 4.844127, -0.000522, 4.244329, -4.240951, 0.0
4380.0, -5.517075, 4.8475, -0.000806, 4.244329, -4.240951, 0.0
4398.0, -5.506783, 4.850617, -0.001096, 4.244329, -4.240951, 0.0
4398.0, -5.506783, 4.850617, -0.001096, 4.244329, -4.240951, 0.0
4414.0, -5.496053, 4.853479, -0.001389, 4.244329, -4.240951, 0.0
4414.0, -5.496053, 4.853479, -0.001389, 4.244329, -4.240951, 0.0
4430.0, -5.484886, 4.856083, -0.001683, 4.244329, -4.240951, 0.0
4447.0, -5.473284, 4.858428, -0.001975, 4.244329, -4.240951, 0.0
4447.0, -5.473284, 4.858428, -0.001975, 4.244329, -4.240951, 0.0
4464.0, -5.461247, 4.860514, -0.002264, 4.244329, -4.240951, 0.0
4464.0, -5.461247, 4.860514, -0.002264, 4.244329, -4.240951, 0.0
4480.0, -5.448778, 4.862339, -0.002549, 4.244329, -4.240951, 0.0
4498.0, -5.435876, 4.863903, -0.002829, 4.244329, -4.240951, 0.0
4498.0, -5.435876, 4.863903, -0.002829, 4.244329, -4.240951, 0.0
4514.0, -5.422544, 4.865207, -0.003102, 4.244329, -4.240951, 0.0
4514.0, -5.422544, 4.865207, -0.003102, 4.244329, -4.240951, 0.0
4531.0, -5.408779, 4.866251, -0.003369, 4.244329, -4.240951, 0.0
4547.0, -5.394581, 4.867037, -0.00363, 4.244329, -4.240951, 0.0
4547.0, -5.394581, 4.867037, -0.00363, 4.244329, -4.240951, 0.0
4565.0, -5.379949, 4.867565, -0.003886, 4.244329, -4.240951, 0.0
4565.0, -5.379949, 4.867565, -0.003886, 4.244329, -4.240951, 0.0
4582.0, -5.364883, 4.867837, -0.004135, 4.244329, -4.240951, 0.0
4598.0, -5.349383, 4.867853, -0.004377, 4.244329, -4.240951, 0.0
4598.0, -5.349383, 4.867853, -0.004377, 4.244329, -4.240951, 0.0
4615.0, -5.333447, 4.867618, -0.004614, 4.244329, -4.240951, 0.0
4615.0, -5.333447, 4.867618, -0.004614, 4.244329, -4.240951, 0.0
4630.0, -5.317071, 4.867137, -0.004845, 4.244329, -4.240951, 0.0
4647.0, -5.300254, 4.866418, -0.005071, 4.244329, -4.240951, 0.0
4647.0, -5.300254, 4.866418, -0.005071, 4.244329, -4.240951, 0.0
4664.0, -5.282992, 4.865464, -0.005292, 4.244329, -4.240951, 0.0
4664.0, -5.282992, 4.865464, -0.005292, 4.244329, -4.240951, 0.0
4680.0, -5.265285, 4.86428, -0.005508, 4.244329, -4.240951, 0.0
4699.0, -5.247129, 4.86287, -0.005717, 4.244329, -4.240951, 0.0
4699.0, -5.247129, 4.86287, -0.005717, 4.244329, -4.240951, 0.0
4714.0, -5.228521, 4.861247, -0.005922, 4.244329, -4.240951, 0.0
4714.0, -5.228521, 4.861247, -0.005922, 4.244329, -4.240951, 0.0
4730.0, -5.209456, 4.859424, -0.006122, 4.244329, -4.240951, 0.0
4747.0, -5.189928, 4.857417, -0.006316, 4.244329, -4.240951, 0.0
4747.0, -5.189928, 4.857417, -0.006316, 4.244329, -4.240951, 0.0
4764.0, -5.169933, 4.855237, -0.006505, 4.244329, -4.240951, 0.0
4764.0, -5.169933, 4.855237, -0.006505, 4.244329, -4.240951, 0.0
4780.0, -5.149468, 4.852894, -0.006687, 4.244329, -4.240951, 0.0
4799.0, -5.12853, 4.850398, -0.006862, 4.244329, -4.240951, 0.0
4799.0, -5.12853, 4.850398, -0.006862, 4.244329, -4.240951, 0.0
4814.0, -5.107165, 4.847767, -0.007008, 4.244329, -4.240951, 0.0
4814.0, -5.107165, 4.847767, -0.007008, 4.244329, -4.240951, 0.0
4830.0, -5.085435, 4.845021, -0.007107, 4.244329, -4.240951, 0.0
4848.0, -5.063402, 4.842178, -0.007146, 4.244329, -4.240951, 0.0
4848.0, -5.063402, 4.842178, -0.007146, 4.244329, -4.240951, 0.0
4864.0, -5.041117, 4.839254, -0.007125, 4.244329, -4.240951, 0.0
4864.0, -5.041117, 4.839254, -0.007125, 4.244329, -4.240951, 0.0
4881.0, -5.018629, 4.836262, -0.007047, 4.244329, -4.240951, 0.0
4899.0, -4.995976, 4.833213, -0.006922, 4.244329, -4.240951, 0.0
4899.0, -4.995976, 4.833213, -0.006922, 4.244329, -4.240951, 0.0
4914.0, -4.97324, 4.830131, -0.00674, 4.244329, -4.240951, 0.0
4914.0, -4.97324, 4.830131, -0.00674, 4.244329, -4.240951, 0.0
4930.0, -4.950508, 4.827039, -0.006492, 4.244329, -4.240951, 0.0
4949.0, -4.927863, 4.823963, -0.00618, 4.244329, -4.240951, 0.0
4949.0, -4.927863, 4.823963, -0.00618, 4.244329, -4.240951, 0.0
4964.0, -4.905377, 4.820922, -0.005809, 4.244329, -4.240951, 0.0
4964.0, -4.905377, 4.820922, -0.005809, 4.244329, -4.240951, 0.0
4980.0, -4.883111, 4.817934, -0.005393, 4.244329, -4.240951, 0.0
4998.0, -4.861114, 4.815014, -0.004945, 4.244329, -4.240951, 0.0
4998.0, -4.861114, 4.815014, -0.004945, 4.244329, -4.240951, 0.0
5015.0, -4.839424, 4.812173, -0.00448, 4.244329, -4.240951, 0.0
5015.0, -4.839424, 4.812173, -0.00448, 4.244329, -4.240951, 0.0
5030.0, -4.818077, 4.80942, -0.004011, 4.244329, -4.240951, 0.0
5047.0, -4.797102, 4.806761, -0.003549, 4.244329, -4.240951, 0.0
5047.0, -4.797102, 4.806761, -0.003549, 4.244329, -4.240951, 0.0
5064.0, -4.776522, 4.804203, -0.003102, 4.244329, -4.240951, 0.0
5064.0, -4.776522, 4.804203, -0.003102, 4.244329, -4.240951, 0.0
5080.0, -4.756354, 4.801751, -0.002679, 4.244329, -4.240951, 0.0
5099.0, -4.736613, 4.799409, -0.002283, 4.244329, -4.240951, 0.0
5099.0, -4.736613, 4.799409, -0.002283, 4.244329, -4.240951, 0.0
5116.0, -4.71683, 4.797123, -0.001907, 4.244329, -4.240951, 0.0
5116.0, -4.71683, 4.797123, -0.001907, 4.244329, -4.240951, 0.0
5133.0, -4.697973, 4.795002, -0.001571, 4.244329, -4.240951, 0.0
5149.0, -4.679589, 4.792989, -0.001268, 4.244329, -4.240951, 0.0
5149.0, -4.679589, 4.792989, -0.001268, 4.244329, -4.240951, 0.0
5165.0, -4.661671, 4.791083, -0.000997, 4.244329, -4.240951, 0.0
5165.0, -4.661671, 4.791083, -0.000997, 4.244329, -4.240951, 0.0
5181.0, -4.644219, 4.78928, -0.000755, 4.244329, -4.240951, 0.0
5199.0, -4.62724, 4.78758, -0.000541, 4.244329, -4.240951, 0.0
5199.0, -4.62724, 4.78758, -0.000541, 4.244329, -4.240951, 0.0
5215.0, -4.61078, 4.78598, -0.000333, 4.244329, -4.240951, 0.0
5215.0, -4.61078, 4.78598, -0.000333, 4.244329, -4.240951, 0.0
5232.0, -4.59481, 4.784472, -0.00015, 4.244329, -4.240951, 0.0
5247.0, -4.579321, 4.78305, 0.000006, 4.244329, -4.240951, 0.0
5247.0, -4.579321, 4.78305, 0.000006, 4.244329, -4.240951, 0.0
5265.0, -4.564309, 4.781706, 0.000138, 4.244329, -4.240951, 0.0
5265.0, -4.564309, 4.781706, 0.000138, 4.244329, -4.240951, 0.0
5281.0, -4.549775, 4.780437, 0.00025, 4.244329, -4.240951, 0.0
5299.0, -4.535722, 4.779241, 0.000346, 4.244329, -4.240951, 0.0
5299.0, -4.535722, 4.779241, 0.000346, 4.244329, -4.240951, 0.0
5314.0, -4.522116, 4.778106, 0.000414, 4.244329, -4.240951, 0.0
5314.0, -4.522116, 4.778106, 0.000414, 4.244329, -4.240951, 0.0
5331.0, -4.508987, 4.777029, 0.000476, 4.244329, -4.240951, 0.0
5348.0, -4.49635, 4.776005, 0.000535, 4.244329, -4.240951, 0.0
5348.0, -4.49635, 4.776005, 0.000535, 4.244329, -4.240951, 0.0
5366.0, -4.484209, 4.775028, 0.000595, 4.244329, -4.240951, 0.0
5366.0, -4.484209, 4.775028, 0.000595, 4.244329, -4.240951, 0.0
5382.0, -4.472566, 4.774095, 0.000653, 4.244329, -4.240951, 0.0
5400.0, -4.461424, 4.7732, 0.000709, 4.244329, -4.240951, 0.0
5400.0, -4.461424, 4.7732, 0.000709, 4.244329, -4.240951, 0.0
5415.0, -4.450782, 4.772338, 0.000762, 4.244329, -4.240951, 0.0
5415.0, -4.450782, 4.772338, 0.000762, 4.244329, -4.240951, 0.0
5430.0, -4.440641, 4.771503, 0.000811, 4.244329, -4.240951, 0.0
5449.0, -4.431, 4.770689, 0.000853, 4.244329, -4.240951, 0.0
5449.0, -4.431, 4.770689, 0.000853, 4.244329, -4.240951, 0.0
5465.0, -4.42186, 4.769891, 0.000891, 4.244329, -4.240951, 0.0
5465.0, -4.42186, 4.769891, 0.000891, 4.244329, -4.240951, 0.0
5480.0, -4.41322, 4.769105, 0.000922, 4.244329, -4.240951, 0.0
5499.0, -4.405081, 4.768329, 0.000946, 4.244329, -4.240951, 0.0
5499.0, -4.405081, 4.768329, 0.000946, 4.244329, -4.240951, 0.0
5514.0, -4.397441, 4.767555, 0.000965, 4.244329, -4.240951, 0.0
5514.0, -4.397441, 4.767555, 0.000965, 4.244329, -4.240951, 0.0
5530.0, -4.390301, 4.766781, 0.000978, 4.244329, -4.240951, 0.0
5547.0, -4.383661, 4.766, 0.000984, 4.244329, -4.240951, 0.0
5547.0, -4.383661, 4.766, 0.000984, 4.244329, -4.240951, 0.0
5565.0, -4.377519, 4.765211, 0.000985, 4.244329, -4.240951, 0.0
5565.0, -4.377519, 4.765211, 0.000985, 4.244329, -4.240951, 0.0
5581.0, -4.371877, 4.764408, 0.000979, 4.244329, -4.240951, 0.0
5599.0, -4.366733, 4.763591, 0.000968, 4.244329, -4.240951, 0.0
5599.0, -4.366733, 4.763591, 0.000968, 4.244329, -4.240951, 0.0
5615.0, -4.362087, 4.762756, 0.000952, 4.244329, -4.240951, 0.0
5615.0, -4.362087, 4.762756, 0.000952, 4.244329, -4.240951, 0.0
5632.0, -4.357938, 4.7619, 0.000931, 4.244329, -4.240951, 0.0
5648.0, -4.354286, 4.761022, 0.000905, 4.244329, -4.240951, 0.0
5648.0, -4.354286, 4.761022, 0.000905, 4.244329, -4.240951, 0.0
5665.0, -4.351128, 4.760121, 0.000876, 4.244329, -4.240951, 0.0
5665.0, -4.351128, 4.760121, 0.000876, 4.244329, -4.240951, 0.0
5681.0, -4.348462, 4.759198, 0.000847, 4.244329, -4.240951, 0.0
5699.0, -4.346285, 4.758255, 0.000823, 4.244329, -4.240951, 0.0
5699.0, -4.346285, 4.758255, 0.000823, 4.244329, -4.240951, 0.0
5716.0, -4.344589, 4.757296, 0.000814, 4.244329, -4.240951, 0.0
5716.0, -4.344589, 4.757296, 0.000814, 4.244329, -4.240951, 0.0
5731.0, -4.34336, 4.756327, 0.000835, 4.244329, -4.240951, 0.0
5747.0, -4.342579, 4.755352, 0.000904, 4.244329, -4.240951, 0.0
5748.0, -4.342579, 4.755352, 0.000904, 4.244329, -4.240951, 0.0
5765.0, -4.342213, 4.754364, 0.001029, 4.244329, -4.240951, 0.0
5765.0, -4.342213, 4.754364, 0.001029, 4.244329, -4.240951, 0.0
5781.0, -4.34224, 4.753331, 0.001189, 4.244329, -4.240951, 0.0
5799.0, -4.342673, 4.752212, 0.001358, 4.244329, -4.240951, 0.0
5799.0, -4.342673, 4.752212, 0.001358, 4.244329, -4.240951, 0.0
5814.0, -4.343551, 4.75098, 0.001531, 4.244329, -4.240951, 0.0
5814.0, -4.343551, 4.75098, 0.001531, 4.244329, -4.240951, 0.0
5830.0, -4.344916, 4.749638, 0.001714, 4.244329, -4.240951, 0.0
5848.0, -4.346802, 4.748199, 0.001913, 4.244329, -4.240951, 0.0
5848.0, -4.346802, 4.748199, 0.001913, 4.244329, -4.240951, 0.0
5864.0, -4.349226, 4.746682, 0.002128, 4.244329, -4.240951, 0.0
5865.0, -4.349226, 4.746682, 0.002128, 4.244329, -4.240951, 0.0
5882.0, -4.352196, 4.745106, 0.002354, 4.244329, -4.240951, 0.0
5899.0, -4.355713, 4.743484, 0.002584, 4.244329, -4.240951, 0.0
5899.0, -4.355713, 4.743484, 0.002584, 4.244329, -4.240951, 0.0
5915.0, -4.359725, 4.741828, 0.00279, 4.244329, -4.240951, 0.0
5915.0, -4.359725, 4.741828, 0.00279, 4.244329, -4.240951, 0.0
5930.0, -4.364162, 4.740153, 0.002947, 4.244329, -4.240951, 0.0
5948.0, -4.368956, 4.738464, 0.003039, 4.244329, -4.240951, 0.0
5948.0, -4.368956, 4.738464, 0.003039, 4.244329, -4.240951, 0.0
5965.0, -4.374046, 4.736768, 0.003062, 4.244329, -4.240951, 0.0
5965.0, -4.374046, 4.736768, 0.003062, 4.244329, -4.240951, 0.0
5980.0, -4.379378, 4.735068, 0.003019, 4.244329, -4.240951, 0.0
5998.0, -4.384906, 4.733366, 0.002918, 4.244329, -4.240951, 0.0
5998.0, -4.384906, 4.733366, 0.002918, 4.244329, -4.240951, 0.0
6015.0, -4.390547, 4.731647, 0.002749, 4.244329, -4.240951, 0.0
6015.0, -4.390547, 4.731647, 0.002749, 4.244329, -4.240951, 0.0
6031.0, -4.396209, 4.72989, 0.002505, 4.244329, -4.240951, 0.0
6048.0, -4.401809, 4.728076, 0.002185, 4.244329, -4.240951, 0.0
6048.0, -4.401809, 4.728076, 0.002185, 4.244329, -4.240951, 0.0
6065.0, -4.407273, 4.726187, 0.001796, 4.244329, -4.240951, 0.0
6065.0, -4.407273, 4.726187, 0.001796, 4.244329, -4.240951, 0.0
6081.0, -4.41254, 4.724209, 0.001347, 4.244329, -4.240951, 0.0
6099.0, -4.41756, 4.722127, 0.000852, 4.244329, -4.240951, 0.0
6099.0, -4.41756, 4.722127, 0.000852, 4.244329, -4.240951, 0.0
6115.0, -4.422293, 4.71993, 0.000322, 4.244329, -4.240951, 0.0
6115.0, -4.422293, 4.71993, 0.000322, 4.244329, -4.240951, 0.0
6130.0, -4.426708, 4.717602, -0.000229, 4.244329, -4.240951, 0.0
6148.0, -4.430781, 4.715135, -0.000792, 4.244329, -4.240951, 0.0
6148.0, -4.430781, 4.715135, -0.000792, 4.244329, -4.240951, 0.0
6164.0, -4.434494, 4.712518, -0.001359, 4.244329, -4.240951, 0.0
6164.0, -4.434494, 4.712518, -0.001359, 4.244329, -4.240951, 0.0
6180.0, -4.437831, 4.709744, -0.001921, 4.244329, -4.240951, 0.0
6198.0, -4.440784, 4.706806, -0.002471, 4.244329, -4.240951, 0.0
6198.0, -4.440784, 4.706806, -0.002471, 4.244329, -4.240951, 0.0
6214.0, -4.443341, 4.703698, -0.003003, 4.244329, -4.240951, 0.0
6214.0, -4.443341, 4.703698, -0.003003, 4.244329, -4.240951, 0.0
6230.0, -4.445511, 4.700397, -0.00351, 4.244329, -4.240951, 0.0
6247.0, -4.447255, 4.696943, -0.003979, 4.244329, -4.240951, 0.0
6247.0, -4.447255, 4.696943, -0.003979, 4.244329, -4.240951, 0.0
6264.0, -4.448581, 4.693308, -0.004402, 4.244329, -4.240951, 0.0
6264.0, -4.448581, 4.693308, -0.004402, 4.244329, -4.240951, 0.0
6281.0, -4.449486, 4.68949, -0.004777, 4.244329, -4.240951, 0.0
6298.0, -4.44996, 4.685483, -0.005101, 4.244329, -4.240951, 0.0
6298.0, -4.44996, 4.685483, -0.005101, 4.244329, -4.240951, 0.0
6314.0, -4.449996, 4.681294, -0.005381, 4.244329, -4.240951, 0.0
6314.0, -4.449996, 4.681294, -0.005381, 4.244329, -4.240951, 0.0
6330.0, -4.449582, 4.676927, -0.005626, 4.244329, -4.240951, 0.0
6347.0, -4.448709, 4.672384, -0.005846, 4.244329, -4.240951, 0.0
6347.0, -4.448709, 4.672384, -0.005846, 4.244329, -4.240951, 0.0
6364.0, -4.447369, 4.667676, -0.006052, 4.244329, -4.240951, 0.0
6364.0, -4.447369, 4.667676, -0.006052, 4.244329, -4.240951, 0.0
6380.0, -4.445552, 4.66281, -0.006255, 4.244329, -4.240951, 0.0
6399.0, -4.443254, 4.657793, -0.00646, 4.244329, -4.240951, 0.0
6399.0, -4.443254, 4.657793, -0.00646, 4.244329, -4.240951, 0.0
6416.0, -4.440463, 4.652635, -0.006673, 4.244329, -4.240951, 0.0
6416.0, -4.440463, 4.652635, -0.006673, 4.244329, -4.240951, 0.0
6430.0, -4.437177, 4.647358, -0.006894, 4.244329, -4.240951, 0.0
6448.0, -4.433393, 4.64198, -0.007122, 4.244329, -4.240951, 0.0
6448.0, -4.433393, 4.64198, -0.007122, 4.244329, -4.240951, 0.0
6464.0, -4.429109, 4.636518, -0.007356, 4.244329, -4.240951, 0.0
6464.0, -4.429109, 4.636518, -0.007356, 4.244329, -4.240951, 0.0
6481.0, -4.424321, 4.630982, -0.007591, 4.244329, -4.240951, 0.0
6499.0, -4.419028, 4.625385, -0.007825, 4.244329, -4.240951, 0.0
6499.0, -4.419028, 4.625385, -0.007825, 4.244329, -4.240951, 0.0
6515.0, -4.413278, 4.619737, -0.008034, 4.244329, -4.240951, 0.0
6515.0, -4.413278, 4.619737, -0.008034, 4.244329, -4.240951, 0.0
6531.0, -4.407135, 4.614048, -0.008194, 4.244329, -4.240951, 0.0
6548.0, -4.400662, 4.608327, -0.008293, 4.244329, -4.240951, 0.0
6548.0, -4.400662, 4.608327, -0.008293, 4.244329, -4.240951, 0.0
6566.0, -4.393917, 4.602583, -0.008326, 4.244329, -4.240951, 0.0
6566.0, -4.393917, 4.602583, -0.008326, 4.244329, -4.240951, 0.0
6582.0, -4.386948, 4.596821, -0.008295, 4.244329, -4.240951, 0.0
6599.0, -4.379797, 4.591043, -0.008209, 4.244329, -4.240951, 0.0
6599.0, -4.379797, 4.591043, -0.008209, 4.244329, -4.240951, 0.0
6615.0, -4.372499, 4.585254, -0.008077, 4.244329, -4.240951, 0.0
6615.0, -4.372499, 4.585254, -0.008077, 4.244329, -4.240951, 0.0
6632.0, -4.365082, 4.579456, -0.007912, 4.244329, -4.240951, 0.0
6648.0, -4.357571, 4.573651, -0.007724, 4.244329, -4.240951, 0.0
6648.0, -4.357571, 4.573651, -0.007724, 4.244329, -4.240951, 0.0
6665.0, -4.34998, 4.567838, -0.007525, 4.244329, -4.240951, 0.0
6665.0, -4.34998, 4.567838, -0.007525, 4.244329, -4.240951, 0.0
6682.0, -4.342329, 4.562021, -0.007322, 4.244329, -4.240951, 0.0
6701.0, -4.334628, 4.5562, -0.007123, 4.244329, -4.240951, 0.0
6701.0, -4.334628, 4.5562, -0.007123, 4.244329, -4.240951, 0.0
6715.0, -4.326886, 4.550374, -0.006934, 4.244329, -4.240951, 0.0
6715.0, -4.326886, 4.550374, -0.006934, 4.244329, -4.240951, 0.0
6731.0, -4.319112, 4.544547, -0.006757, 4.244329, -4.240951, 0.0
6748.0, -4.311313, 4.538717, -0.006596, 4.244329, -4.240951, 0.0
6748.0, -4.311313, 4.538717, -0.006596, 4.244329, -4.240951, 0.0
6765.0, -4.303492, 4.532886, -0.006452, 4.244329, -4.240951, 0.0
6765.0, -4.303492, 4.532886, -0.006452, 4.244329, -4.240951, 0.0
6782.0, -4.295654, 4.527053, -0.006325, 4.244329, -4.240951, 0.0
6799.0, -4.287798, 4.521217, -0.006214, 4.244329, -4.240951, 0.0
6799.0, -4.287798, 4.521217, -0.006214, 4.244329, -4.240951, 0.0
6815.0, -4.279978, 4.515411, -0.006101, 4.244329, -4.240951, 0.0
6815.0, -4.279978, 4.515411, -0.006101, 4.244329, -4.240951, 0.0
6832.0, -4.272247, 4.509666, -0.005966, 4.244329, -4.240951, 0.0
6848.0, -4.264661, 4.504017, -0.005798, 4.244329, -4.240951, 0.0
6848.0, -4.264661, 4.504017, -0.005798, 4.244329, -4.240951, 0.0
6865.0, -4.257268, 4.498494, -0.005592, 4.244329, -4.240951, 0.0
6865.0, -4.257268, 4.498494, -0.005592, 4.244329, -4.240951, 0.0
