2.0, 0.0, 0.0, 0.002231, 0.765547, -1.847685, 0.0
2.0, 0.0, 0.0, 0.002231, 0.765547, -1.847685, 0.0
14.0, -0.00011, -0.000274, -0.004061, 0.765547, -1.847685, 0.0
32.0, -0.000343, -0.00048, -0.009451, 0.765547, -1.847685, 0.0
32.0, -0.000343, -0.00048, -0.009451, 0.765547, -1.847685, 0.0
47.0, -0.000709, -0.000534, -0.012081, 0.765547, -1.847685, 0.0
47.0, -0.000709, -0.000534, -0.012081, 0.765547, -1.847685, 0.0
63.0, -0.00124, -0.000487, -0.01306, 0.765547, -1.847685, 0.0
79.0, -0.001976, -0.00043, -0.012829, 0.765547, -1.847685, 0.0
79.0, -0.001976, -0.00043, -0.012829, 0.765547, -1.847685, 0.0
96.0, -0.00296, -0.000455, -0.011755, 0.765547, -1.847685, 0.0
96.0, -0.00296, -0.000455, -0.011755, 0.765547, -1.847685, 0.0
113.0, -0.00423, -0.000649, -0.010132, 0.765547, -1.847685, 0.0
131.0, -0.005651, -0.001032, -0.007776, 0.765547, -1.847685, 0.0
131.0, -0.005651, -0.001032, -0.007776, 0.765547, -1.847685, 0.0
146.0, -0.00742, -0.001362, -0.005267, 0.765547, -1.847685, 0.0
146.0, -0.00742, -0.001362, -0.005267, 0.765547, -1.847685, 0.0
163.0, -0.009613, -0.001698, -0.002383, 0.765547, -1.847685, 0.0
180.0, -0.012324, -0.001899, 0.000622, 0.765547, -1.847685, 0.0
180.0, -0.012324, -0.001899, 0.000622, 0.765547, -1.847685, 0.0
196.0, -0.015514, -0.001949, 0.003621, 0.765547, -1.847685, 0.0
196.0, -0.015514, -0.001949, 0.003621, 0.765547, -1.847685, 0.0
214.0, -0.01858, -0.001845, 0.003145, 0.765547, -1.847685, 0.0
232.0, -0.022529, -0.00126, 0.003457, 0.765547, -1.847685, 0.0
232.0, -0.022529, -0.00126, 0.003457, 0.765547, -1.847685, 0.0
247.0, -0.027028, -0.000456, 0.003796, 0.765918, -1.38101, 0.0
247.0, -0.027028, -0.000456, 0.003796, 0.765918, -1.38101, 0.0
263.0, -0.032006, 0.000522, 0.004152, 0.765918, -1.38101, 0.0
280.0, -0.037462, 0.001644, 0.004522, 0.765918, -1.38101, 0.0
280.0, -0.037462, 0.001644, 0.004522, 0.765918, -1.38101, 0.0
297.0, -0.043397, 0.002899, 0.00489, 0.765918, -1.38101, 0.0
297.0, -0.043397, 0.002899, 0.00489, 0.765918, -1.38101, 0.0
313.0, -0.049809, 0.004287, 0.005245, 0.765918, -1.38101, 0.0
330.0, -0.056699, 0.005808, 0.005579, 0.765918, -1.38101, 0.0
330.0, -0.056699, 0.005808, 0.005579, 0.765918, -1.38101, 0.0
347.0, -0.064021, 0.00745, 0.005868, 0.765918, -1.38101, 0.0
347.0, -0.064021, 0.00745, 0.005868, 0.765918, -1.38101, 0.0
362.0, -0.071711, 0.009195, 0.00609, 0.765918, -1.38101, 0.0
380.0, -0.079708, 0.011026, 0.006236, 0.765918, -1.38101, 0.0
380.0, -0.079708, 0.011026, 0.006236, 0.765918, -1.38101, 0.0
397.0, -0.087956, 0.012926, 0.006305, 0.765918, -1.38101, 0.0
397.0, -0.087956, 0.012926, 0.006305, 0.765918, -1.38101, 0.0
413.0, -0.09641, 0.014883, 0.006302, 0.765918, -1.38101, 0.0
431.0, -0.10503, 0.016884, 0.006238, 0.765918, -1.38101, 0.0
431.0, -0.10503, 0.016884, 0.006238, 0.765918, -1.38101, 0.0
447.0, -0.113782, 0.01892, 0.006124, 0.765918, -1.38101, 0.0
447.0, -0.113782, 0.01892, 0.006124, 0.765918, -1.38101, 0.0
463.0, -0.122641, 0.020984, 0.005974, 0.765918, -1.38101, 0.0
480.0, -0.131587, 0.02307, 0.005801, 0.765918, -1.38101, 0.0
480.0, -0.131587, 0.02307, 0.005801, 0.765918, -1.38101, 0.0
497.0, -0.140603, 0.025172, 0.005615, 0.766316, -0.881006, 0.0
497.0, -0.140603, 0.025172, 0.005615, 0.766316, -0.881006, 0.0
513.0, -0.149676, 0.027289, 0.005426, 0.766316, -0.881006, 0.0
530.0, -0.158795, 0.029416, 0.00524, 0.766316, -0.881006, 0.0
530.0, -0.158795, 0.029416, 0.00524, 0.766316, -0.881006, 0.0
546.0, -0.167954, 0.031553, 0.005064, 0.766316, -0.881006, 0.0
546.0, -0.167954, 0.031553, 0.005064, 0.766316, -0.881006, 0.0
562.0, -0.177143, 0.033697, 0.004901, 0.766316, -0.881006, 0.0
579.0, -0.186355, 0.035847, 0.004751, 0.766316, -0.881006, 0.0
579.0, -0.186355, 0.035847, 0.004751, 0.766316, -0.881006, 0.0
596.0, -0.195586, 0.038002, 0.004617, 0.766316, -0.881006, 0.0
596.0, -0.195586, 0.038002, 0.004617, 0.766316, -0.881006, 0.0
613.0, -0.204831, 0.04016, 0.004499, 0.766316, -0.881006, 0.0
631.0, -0.214088, 0.042321, 0.004396, 0.766316, -0.881006, 0.0
631.0, -0.214088, 0.042321, 0.004396, 0.766316, -0.881006, 0.0
646.0, -0.22335, 0.044485, 0.004306, 0.766316, -0.881006, 0.0
646.0, -0.22335, 0.044485, 0.004306, 0.766316, -0.881006, 0.0
663.0, -0.232619, 0.046651, 0.004231, 0.766316, -0.881006, 0.0
680.0, -0.241894, 0.048819, 0.004169, 0.766316, -0.881006, 0.0
680.0, -0.241894, 0.048819, 0.004169, 0.766316, -0.881006, 0.0
697.0, -0.251175, 0.050988, 0.004119, 0.766316, -0.881006, 0.0
697.0, -0.251175, 0.050988, 0.004119, 0.766316, -0.881006, 0.0
712.0, -0.26046, 0.05316, 0.00408, 0.766316, -0.881006, 0.0
732.0, -0.269749, 0.055334, 0.004048, 0.766316, -0.881006, 0.0
732.0, -0.269749, 0.055334, 0.004048, 0.766316, -0.881006, 0.0
748.0, -0.279044, 0.057509, 0.004026, 0.766715, -0.381002, 0.0
748.0, -0.279044, 0.057509, 0.004026, 0.766715, -0.381002, 0.0
763.0, -0.288346, 0.059687, 0.004009, 0.766715, -0.381002, 0.0
779.0, -0.297647, 0.061865, 0.003996, 0.766715, -0.381002, 0.0
779.0, -0.297647, 0.061865, 0.003996, 0.766715, -0.381002, 0.0
796.0, -0.30695, 0.064045, 0.003986, 0.766715, -0.381002, 0.0
796.0, -0.30695, 0.064045, 0.003986, 0.766715, -0.381002, 0.0
813.0, -0.316253, 0.066225, 0.003979, 0.766715, -0.381002, 0.0
831.0, -0.325557, 0.068405, 0.003974, 0.766715, -0.381002, 0.0
831.0, -0.325557, 0.068405, 0.003974, 0.766715, -0.381002, 0.0
846.0, -0.334862, 0.070586, 0.00397, 0.766715, -0.381002, 0.0
846.0, -0.334862, 0.070586, 0.00397, 0.766715, -0.381002, 0.0
863.0, -0.344167, 0.072768, 0.003967, 0.766715, -0.381002, 0.0
880.0, -0.353473, 0.07495, 0.003965, 0.766715, -0.381002, 0.0
880.0, -0.353473, 0.07495, 0.003965, 0.766715, -0.381002, 0.0
896.0, -0.362779, 0.077132, 0.003965, 0.766715, -0.381002, 0.0
897.0, -0.362779, 0.077132, 0.003965, 0.766715, -0.381002, 0.0
913.0, -0.372085, 0.079315, 0.003964, 0.766715, -0.381002, 0.0
931.0, -0.381391, 0.081498, 0.003964, 0.766715, -0.381002, 0.0
931.0, -0.381391, 0.081498, 0.003964, 0.766715, -0.381002, 0.0
947.0, -0.390693, 0.08368, 0.003962, 0.766715, -0.381002, 0.0
947.0, -0.390693, 0.08368, 0.003962, 0.766715, -0.381002, 0.0
963.0, -0.399995, 0.085862, 0.003962, 0.766715, -0.381002, 0.0
979.0, -0.409297, 0.088044, 0.003962, 0.766715, -0.381002, 0.0
979.0, -0.409297, 0.088044, 0.003962, 0.766715, -0.381002, 0.0
996.0, -0.4186, 0.090227, 0.003962, 0.767113, 0.119009, 0.0
996.0, -0.4186, 0.090227, 0.003962, 0.767113, 0.119009, 0.0
1012.0, -0.427903, 0.092409, 0.003962, 0.767113, 0.119009, 0.0
1031.0, -0.437207, 0.094592, 0.003962, 0.767113, 0.119009, 0.0
1031.0, -0.437207, 0.094592, 0.003962, 0.767113, 0.119009, 0.0
1047.0, -0.446515, 0.096776, 0.003965, 0.767113, 0.119009, 0.0
1047.0, -0.446515, 0.096776, 0.003965, 0.767113, 0.119009, 0.0
1063.0, -0.455825, 0.09896, 0.003967, 0.767113, 0.119009, 0.0
1080.0, -0.465135, 0.101145, 0.003967, 0.767113, 0.119009, 0.0
1080.0, -0.465135, 0.101145, 0.003967, 0.767113, 0.119009, 0.0
1097.0, -0.474445, 0.103329, 0.003969, 0.767113, 0.119009, 0.0
1097.0, -0.474445, 0.103329, 0.003969, 0.767113, 0.119009, 0.0
1112.0, -0.483754, 0.105514, 0.003969, 0.767113, 0.119009, 0.0
1131.0, -0.493063, 0.107698, 0.003969, 0.767113, 0.119009, 0.0
1131.0, -0.493063, 0.107698, 0.003969, 0.767113, 0.119009, 0.0
1147.0, -0.502368, 0.109882, 0.003967, 0.767113, 0.119009, 0.0
1147.0, -0.502368, 0.109882, 0.003967, 0.767113, 0.119009, 0.0
1163.0, -0.511672, 0.112065, 0.003966, 0.767113, 0.119009, 0.0
1179.0, -0.520976, 0.114248, 0.003966, 0.767113, 0.119009, 0.0
1179.0, -0.520976, 0.114248, 0.003966, 0.767113, 0.119009, 0.0
1195.0, -0.53028, 0.116431, 0.003964, 0.767113, 0.119009, 0.0
1195.0, -0.53028, 0.116431, 0.003964, 0.767113, 0.119009, 0.0
1212.0, -0.539584, 0.118614, 0.003964, 0.767113, 0.119009, 0.0
1230.0, -0.548889, 0.120798, 0.003964, 0.767113, 0.119009, 0.0
1230.0, -0.548889, 0.120798, 0.003964, 0.767113, 0.119009, 0.0
1245.0, -0.558198, 0.122982, 0.003966, 0.767511, 0.619013, 0.0
1245.0, -0.558198, 0.122982, 0.003966, 0.767511, 0.619013, 0.0
1262.0, -0.567508, 0.125166, 0.003966, 0.767511, 0.619013, 0.0
1279.0, -0.576818, 0.127351, 0.003968, 0.767511, 0.619013, 0.0
1279.0, -0.576818, 0.127351, 0.003968, 0.767511, 0.619013, 0.0
1296.0, -0.586128, 0.129536, 0.003968, 0.767511, 0.619013, 0.0
1296.0, -0.586128, 0.129536, 0.003968, 0.767511, 0.619013, 0.0
1312.0, -0.595438, 0.13172, 0.003968, 0.767511, 0.619013, 0.0
1330.0, -0.604747, 0.133905, 0.003968, 0.767511, 0.619013, 0.0
1330.0, -0.604747, 0.133905, 0.003968, 0.767511, 0.619013, 0.0
1346.0, -0.614052, 0.136088, 0.003966, 0.767511, 0.619013, 0.0
1346.0, -0.614052, 0.136088, 0.003966, 0.767511, 0.619013, 0.0
1362.0, -0.623356, 0.138271, 0.003964, 0.767511, 0.619013, 0.0
1379.0, -0.63266, 0.140455, 0.003964, 0.767511, 0.619013, 0.0
1379.0, -0.63266, 0.140455, 0.003964, 0.767511, 0.619013, 0.0
1396.0, -0.641964, 0.142638, 0.003963, 0.767511, 0.619013, 0.0
1396.0, -0.641964, 0.142638, 0.003963, 0.767511, 0.619013, 0.0
1412.0, -0.651269, 0.144821, 0.003963, 0.767511, 0.619013, 0.0
1430.0, -0.660573, 0.147004, 0.003963, 0.767511, 0.619013, 0.0
1430.0, -0.660573, 0.147004, 0.003963, 0.767511, 0.619013, 0.0
1445.0, -0.669882, 0.149189, 0.003965, 0.767511, 0.619013, 0.0
1445.0, -0.669882, 0.149189, 0.003965, 0.767511, 0.619013, 0.0
1462.0, -0.679192, 0.151373, 0.003967, 0.767511, 0.619013, 0.0
1479.0, -0.688503, 0.153558, 0.003967, 0.767511, 0.619013, 0.0
1479.0, -0.688503, 0.153558, 0.003967, 0.767511, 0.619013, 0.0
1496.0, -0.697813, 0.155743, 0.003967, 0.767909, 1.119016, 0.0
1496.0, -0.697813, 0.155743, 0.003967, 0.767909, 1.119016, 0.0
1512.0, -0.707123, 0.157927, 0.003968, 0.767909, 1.119016, 0.0
1531.0, -0.716432, 0.160112, 0.003968, 0.767909, 1.119016, 0.0
1531.0, -0.716432, 0.160112, 0.003968, 0.767909, 1.119016, 0.0
1546.0, -0.725741, 0.162296, 0.003968, 0.767909, 1.119016, 0.0
1547.0, -0.725741, 0.162296, 0.003968, 0.767909, 1.119016, 0.0
1562.0, -0.73505, 0.16448, 0.003968, 0.767909, 1.119016, 0.0
1580.0, -0.744358, 0.166665, 0.003966, 0.767909, 1.119016, 0.0
1580.0, -0.744358, 0.166665, 0.003966, 0.767909, 1.119016, 0.0
1597.0, -0.753666, 0.168849, 0.003966, 0.767909, 1.119016, 0.0
1597.0, -0.753666, 0.168849, 0.003966, 0.767909, 1.119016, 0.0
1612.0, -0.762974, 0.171033, 0.003966, 0.767909, 1.119016, 0.0
1631.0, -0.772282, 0.173217, 0.003964, 0.767909, 1.119016, 0.0
1631.0, -0.772282, 0.173217, 0.003964, 0.767909, 1.119016, 0.0
1647.0, -0.781535, 0.175393, 0.003941, 0.767909, 1.119016, 0.0
1647.0, -0.781535, 0.175393, 0.003941, 0.767909, 1.119016, 0.0
1663.0, -0.790673, 0.177552, 0.00388, 0.767909, 1.119016, 0.0
1679.0, -0.799633, 0.179684, 0.003771, 0.767909, 1.119016, 0.0
1679.0, -0.799633, 0.179684, 0.003771, 0.767909, 1.119016, 0.0
1696.0, -0.808361, 0.181781, 0.003613, 0.767909, 1.119016, 0.0
1696.0, -0.808361, 0.181781, 0.003613, 0.767909, 1.119016, 0.0
1712.0, -0.816806, 0.183837, 0.00341, 0.767909, 1.119016, 0.0
1730.0, -0.824931, 0.185845, 0.003171, 0.767909, 1.119016, 0.0
1730.0, -0.824931, 0.185845, 0.003171, 0.767909, 1.119016, 0.0
1747.0, -0.832704, 0.187801, 0.002908, 0.768307, 1.61902, 0.0
1747.0, -0.832704, 0.187801, 0.002908, 0.768307, 1.61902, 0.0
1763.0, -0.840095, 0.189703, 0.002629, 0.768307, 1.61902, 0.0
1780.0, -0.847082, 0.191548, 0.002344, 0.768307, 1.61902, 0.0
1780.0, -0.847082, 0.191548, 0.002344, 0.768307, 1.61902, 0.0
1796.0, -0.853647, 0.193334, 0.002061, 0.768307, 1.61902, 0.0
1796.0, -0.853647, 0.193334, 0.002061, 0.768307, 1.61902, 0.0
1813.0, -0.859775, 0.19506, 0.001787, 0.768307, 1.61902, 0.0
1831.0, -0.865454, 0.196725, 0.001528, 0.768307, 1.61902, 0.0
1831.0, -0.865454, 0.196725, 0.001528, 0.768307, 1.61902, 0.0
1846.0, -0.870674, 0.198328, 0.001286, 0.768307, 1.61902, 0.0
1846.0, -0.870674, 0.198328, 0.001286, 0.768307, 1.61902, 0.0
1863.0, -0.875428, 0.199869, 0.001064, 0.768307, 1.61902, 0.0
1880.0, -0.879712, 0.201349, 0.000864, 0.768307, 1.61902, 0.0
1880.0, -0.879712, 0.201349, 0.000864, 0.768307, 1.61902, 0.0
1897.0, -0.883522, 0.202765, 0.000684, 0.768307, 1.61902, 0.0
1897.0, -0.883522, 0.202765, 0.000684, 0.768307, 1.61902, 0.0
1912.0, -0.886854, 0.204118, 0.000524, 0.768307, 1.61902, 0.0
1930.0, -0.889708, 0.205405, 0.00038, 0.768307, 1.61902, 0.0
1930.0, -0.889708, 0.205405, 0.00038, 0.768307, 1.61902, 0.0
1946.0, -0.892084, 0.206625, 0.000248, 0.768307, 1.61902, 0.0
1946.0, -0.892084, 0.206625, 0.000248, 0.768307, 1.61902, 0.0
1963.0, -0.893983, 0.207774, 0.000123, 0.768307, 1.61902, 0.0
1980.0, -0.89541, 0.208847, -0.000004, 0.768307, 1.61902, 0.0
1980.0, -0.89541, 0.208847, -0.000004, 0.768307, 1.61902, 0.0
1997.0, -0.896379, 0.209836, -0.000146, 0.768705, 2.119023, 0.0
1997.0, -0.896379, 0.209836, -0.000146, 0.768705, 2.119023, 0.0
2013.0, -0.896914, 0.210736, -0.000314, 0.768705, 2.119023, 0.0
2031.0, -0.897051, 0.211561, -0.000513, 0.768705, 2.119023, 0.0
2031.0, -0.897051, 0.211561, -0.000513, 0.768705, 2.119023, 0.0
2046.0, -0.896815, 0.21235, -0.000726, 0.768705, 2.119023, 0.0
2047.0, -0.896815, 0.21235, -0.000726, 0.768705, 2.119023, 0.0
2063.0, -0.896178, 0.213154, -0.000948, 0.768705, 2.119023, 0.0
2080.0, -0.895086, 0.21399, -0.001192, 0.768705, 2.119023, 0.0
2080.0, -0.895086, 0.21399, -0.001192, 0.768705, 2.119023, 0.0
2096.0, -0.893489, 0.214847, -0.001472, 0.768705, 2.119023, 0.0
2096.0, -0.893489, 0.214847, -0.001472, 0.768705, 2.119023, 0.0
2112.0, -0.891359, 0.215707, -0.001792, 0.768705, 2.119023, 0.0
2130.0, -0.88868, 0.216548, -0.002147, 0.768705, 2.119023, 0.0
2130.0, -0.88868, 0.216548, -0.002147, 0.768705, 2.119023, 0.0
2146.0, -0.885451, 0.217354, -0.002523, 0.768705, 2.119023, 0.0
2146.0, -0.885451, 0.217354, -0.002523, 0.768705, 2.119023, 0.0
2163.0, -0.881673, 0.218114, -0.002906, 0.768705, 2.119023, 0.0
2180.0, -0.877349, 0.218822, -0.003284, 0.768705, 2.119023, 0.0
2180.0, -0.877349, 0.218822, -0.003284, 0.768705, 2.119023, 0.0
2197.0, -0.872486, 0.219474, -0.003645, 0.768705, 2.119023, 0.0
2197.0, -0.872486, 0.219474, -0.003645, 0.768705, 2.119023, 0.0
2212.0, -0.867088, 0.220068, -0.003982, 0.768705, 2.119023, 0.0
2231.0, -0.861163, 0.220605, -0.004289, 0.768705, 2.119023, 0.0
2231.0, -0.861163, 0.220605, -0.004289, 0.768705, 2.119023, 0.0
2247.0, -0.854711, 0.221084, -0.004564, 0.769104, 2.619027, 0.0
2247.0, -0.854711, 0.221084, -0.004564, 0.769104, 2.619027, 0.0
2262.0, -0.847739, 0.221508, -0.004807, 0.769104, 2.619027, 0.0
2279.0, -0.840251, 0.221877, -0.005018, 0.769104, 2.619027, 0.0
2279.0, -0.840251, 0.221877, -0.005018, 0.769104, 2.619027, 0.0
2296.0, -0.832251, 0.222192, -0.005198, 0.769104, 2.619027, 0.0
2296.0, -0.832251, 0.222192, -0.005198, 0.769104, 2.619027, 0.0
2312.0, -0.823742, 0.222456, -0.00535, 0.769104, 2.619027, 0.0
2331.0, -0.814725, 0.222668, -0.005479, 0.769104, 2.619027, 0.0
2331.0, -0.814725, 0.222668, -0.005479, 0.769104, 2.619027, 0.0
2346.0, -0.805207, 0.222831, -0.005585, 0.769104, 2.619027, 0.0
2346.0, -0.805207, 0.222831, -0.005585, 0.769104, 2.619027, 0.0
2362.0, -0.795187, 0.222946, -0.005673, 0.769104, 2.619027, 0.0
2379.0, -0.784664, 0.223014, -0.005748, 0.769104, 2.619027, 0.0
2379.0, -0.784664, 0.223014, -0.005748, 0.769104, 2.619027, 0.0
2397.0, -0.773639, 0.223035, -0.005811, 0.769104, 2.619027, 0.0
2397.0, -0.773639, 0.223035, -0.005811, 0.769104, 2.619027, 0.0
2413.0, -0.762112, 0.223012, -0.005865, 0.769104, 2.619027, 0.0
2431.0, -0.750085, 0.222945, -0.005912, 0.769104, 2.619027, 0.0
2431.0, -0.750085, 0.222945, -0.005912, 0.769104, 2.619027, 0.0
2446.0, -0.737553, 0.222835, -0.005956, 0.769104, 2.619027, 0.0
2446.0, -0.737553, 0.222835, -0.005956, 0.769104, 2.619027, 0.0
2463.0, -0.724519, 0.222682, -0.005994, 0.769104, 2.619027, 0.0
2480.0, -0.710985, 0.222488, -0.006029, 0.769104, 2.619027, 0.0
2480.0, -0.710985, 0.222488, -0.006029, 0.769104, 2.619027, 0.0
2497.0, -0.696952, 0.222253, -0.006061, 0.769502, 3.119032, 0.0
2497.0, -0.696952, 0.222253, -0.006061, 0.769502, 3.119032, 0.0
2512.0, -0.68242, 0.221979, -0.00609, 0.769502, 3.119032, 0.0
2530.0, -0.66739, 0.221664, -0.006118, 0.769502, 3.119032, 0.0
2530.0, -0.66739, 0.221664, -0.006118, 0.769502, 3.119032, 0.0
2545.0, -0.651862, 0.221311, -0.006146, 0.769502, 3.119032, 0.0
2546.0, -0.651862, 0.221311, -0.006146, 0.769502, 3.119032, 0.0
2563.0, -0.635835, 0.220919, -0.006172, 0.769502, 3.119032, 0.0
2579.0, -0.61931, 0.22049, -0.006199, 0.769502, 3.119032, 0.0
2579.0, -0.61931, 0.22049, -0.006199, 0.769502, 3.119032, 0.0
2596.0, -0.602287, 0.220023, -0.006225, 0.769502, 3.119032, 0.0
2596.0, -0.602287, 0.220023, -0.006225, 0.769502, 3.119032, 0.0
2613.0, -0.584764, 0.21952, -0.006252, 0.769502, 3.119032, 0.0
2631.0, -0.566744, 0.21898, -0.006279, 0.769502, 3.119032, 0.0
2631.0, -0.566744, 0.21898, -0.006279, 0.769502, 3.119032, 0.0
2647.0, -0.548232, 0.218403, -0.006303, 0.769502, 3.119032, 0.0
2647.0, -0.548232, 0.218403, -0.006303, 0.769502, 3.119032, 0.0
2663.0, -0.529223, 0.217791, -0.006328, 0.769502, 3.119032, 0.0
2680.0, -0.509716, 0.217143, -0.006354, 0.769502, 3.119032, 0.0
2680.0, -0.509716, 0.217143, -0.006354, 0.769502, 3.119032, 0.0
2697.0, -0.48971, 0.21646, -0.006381, 0.769502, 3.119032, 0.0
2697.0, -0.48971, 0.21646, -0.006381, 0.769502, 3.119032, 0.0
2713.0, -0.469203, 0.215742, -0.00641, 0.769502, 3.119032, 0.0
2731.0, -0.448197, 0.214989, -0.006439, 0.769502, 3.119032, 0.0
2731.0, -0.448197, 0.214989, -0.006439, 0.769502, 3.119032, 0.0
2747.0, -0.426683, 0.2142, -0.006471, 0.7699, 3.619036, 0.0
2747.0, -0.426683, 0.2142, -0.006471, 0.7699, 3.619036, 0.0
2763.0, -0.404667, 0.213377, -0.006503, 0.7699, 3.619036, 0.0
2779.0, -0.382151, 0.21252, -0.006533, 0.7699, 3.619036, 0.0
2779.0, -0.382151, 0.21252, -0.006533, 0.7699, 3.619036, 0.0
2796.0, -0.359137, 0.211628, -0.006561, 0.7699, 3.619036, 0.0
2796.0, -0.359137, 0.211628, -0.006561, 0.7699, 3.619036, 0.0
2812.0, -0.335625, 0.210702, -0.006588, 0.7699, 3.619036, 0.0
2831.0, -0.311615, 0.209741, -0.006614, 0.7699, 3.619036, 0.0
2831.0, -0.311615, 0.209741, -0.006614, 0.7699, 3.619036, 0.0
2846.0, -0.287167, 0.20875, -0.006614, 0.7699, 3.619036, 0.0
2846.0, -0.287167, 0.20875, -0.006614, 0.7699, 3.619036, 0.0
2863.0, -0.262339, 0.207731, -0.006575, 0.7699, 3.619036, 0.0
2879.0, -0.237193, 0.206687, -0.006488, 0.7699, 3.619036, 0.0
2880.0, -0.237193, 0.206687, -0.006488, 0.7699, 3.619036, 0.0
2897.0, -0.211783, 0.205622, -0.006351, 0.7699, 3.619036, 0.0
2897.0, -0.211783, 0.205622, -0.006351, 0.7699, 3.619036, 0.0
2914.0, -0.186157, 0.204538, -0.006169, 0.7699, 3.619036, 0.0
2932.0, -0.160357, 0.203435, -0.005951, 0.7699, 3.619036, 0.0
2932.0, -0.160357, 0.203435, -0.005951, 0.7699, 3.619036, 0.0
2947.0, -0.134406, 0.202317, -0.005711, 0.7699, 3.619036, 0.0
2947.0, -0.134406, 0.202317, -0.005711, 0.7699, 3.619036, 0.0
2963.0, -0.108339, 0.201184, -0.005455, 0.7699, 3.619036, 0.0
2979.0, -0.082181, 0.200039, -0.005192, 0.7699, 3.619036, 0.0
2979.0, -0.082181, 0.200039, -0.005192, 0.7699, 3.619036, 0.0
2996.0, -0.05595, 0.198884, -0.00493, 0.770298, 4.119041, 0.0
2996.0, -0.05595, 0.198884, -0.00493, 0.770298, 4.119041, 0.0
3013.0, -0.029662, 0.197719, -0.004677, 0.770298, 4.119041, 0.0
3031.0, -0.003329, 0.196548, -0.00444, 0.770298, 4.119041, 0.0
3031.0, -0.003329, 0.196548, -0.00444, 0.770298, 4.119041, 0.0
3047.0, 0.023031, 0.195371, -0.004217, 0.770298, 4.119041, 0.0
3047.0, 0.023031, 0.195371, -0.004217, 0.770298, 4.119041, 0.0
3063.0, 0.049418, 0.19419, -0.004016, 0.770298, 4.119041, 0.0
3081.0, 0.075828, 0.193005, -0.003839, 0.770298, 4.119041, 0.0
3081.0, 0.075828, 0.193005, -0.003839, 0.770298, 4.119041, 0.0
3097.0, 0.102258, 0.191819, -0.003686, 0.770298, 4.119041, 0.0
3097.0, 0.102258, 0.191819, -0.003686, 0.770298, 4.119041, 0.0
3113.0, 0.128705, 0.190632, -0.003556, 0.770298, 4.119041, 0.0
3132.0, 0.155166, 0.189444, -0.003447, 0.770298, 4.119041, 0.0
3132.0, 0.155166, 0.189444, -0.003447, 0.770298, 4.119041, 0.0
3147.0, 0.181649, 0.188257, -0.003361, 0.770298, 4.119041, 0.0
3147.0, 0.181649, 0.188257, -0.003361, 0.770298, 4.119041, 0.0
3162.0, 0.208144, 0.18707, -0.00329, 0.770298, 4.119041, 0.0
3180.0, 0.234647, 0.185884, -0.003232, 0.770298, 4.119041, 0.0
3180.0, 0.234647, 0.185884, -0.003232, 0.770298, 4.119041, 0.0
3196.0, 0.261155, 0.184701, -0.003184, 0.770298, 4.119041, 0.0
3196.0, 0.261155, 0.184701, -0.003184, 0.770298, 4.119041, 0.0
3213.0, 0.287667, 0.183518, -0.003145, 0.770298, 4.119041, 0.0
3231.0, 0.314181, 0.182338, -0.003114, 0.770298, 4.119041, 0.0
3231.0, 0.314181, 0.182338, -0.003114, 0.770298, 4.119041, 0.0
3246.0, 0.340698, 0.181159, -0.003089, 0.770696, 4.619044, 0.0
3246.0, 0.340698, 0.181159, -0.003089, 0.770696, 4.619044, 0.0
3262.0, 0.367216, 0.179982, -0.003069, 0.770696, 4.619044, 0.0
3279.0, 0.393737, 0.178806, -0.003053, 0.770696, 4.619044, 0.0
3280.0, 0.393737, 0.178806, -0.003053, 0.770696, 4.619044, 0.0
3296.0, 0.420258, 0.177631, -0.003042, 0.770696, 4.619044, 0.0
3296.0, 0.420258, 0.177631, -0.003042, 0.770696, 4.619044, 0.0
3313.0, 0.44678, 0.176458, -0.003033, 0.770696, 4.619044, 0.0
3331.0, 0.473304, 0.175285, -0.003026, 0.770696, 4.619044, 0.0
3331.0, 0.473304, 0.175285, -0.003026, 0.770696, 4.619044, 0.0
3346.0, 0.499818, 0.174114, -0.003018, 0.770696, 4.619044, 0.0
3346.0, 0.499818, 0.174114, -0.003018, 0.770696, 4.619044, 0.0
3363.0, 0.52633, 0.172944, -0.003011, 0.770696, 4.619044, 0.0
3379.0, 0.552842, 0.171775, -0.003007, 0.770696, 4.619044, 0.0
3379.0, 0.552842, 0.171775, -0.003007, 0.770696, 4.619044, 0.0
3396.0, 0.579357, 0.170606, -0.003007, 0.770696, 4.619044, 0.0
3396.0, 0.579357, 0.170606, -0.003007, 0.770696, 4.619044, 0.0
3413.0, 0.605873, 0.169438, -0.003007, 0.770696, 4.619044, 0.0
3430.0, 0.632392, 0.16827, -0.003007, 0.770696, 4.619044, 0.0
3430.0, 0.632392, 0.16827, -0.003007, 0.770696, 4.619044, 0.0
3446.0, 0.658922, 0.167102, -0.003013, 0.770696, 4.619044, 0.0
3446.0, 0.658922, 0.167102, -0.003013, 0.770696, 4.619044, 0.0
3462.0, 0.685456, 0.165934, -0.003019, 0.770696, 4.619044, 0.0
3479.0, 0.711992, 0.164766, -0.003022, 0.770696, 4.619044, 0.0
3479.0, 0.711992, 0.164766, -0.003022, 0.770696, 4.619044, 0.0
3495.0, 0.738527, 0.163599, -0.003024, 0.771094, 5.119049, 0.0
3495.0, 0.738527, 0.163599, -0.003024, 0.771094, 5.119049, 0.0
3512.0, 0.765062, 0.162433, -0.003024, 0.771094, 5.119049, 0.0
3530.0, 0.791595, 0.161266, -0.003024, 0.771094, 5.119049, 0.0
3530.0, 0.791595, 0.161266, -0.003024, 0.771094, 5.119049, 0.0
3547.0, 0.818118, 0.1601, -0.003018, 0.771094, 5.119049, 0.0
3547.0, 0.818118, 0.1601, -0.003018, 0.771094, 5.119049, 0.0
3563.0, 0.844636, 0.158934, -0.003012, 0.771094, 5.119049, 0.0
3580.0, 0.871155, 0.157768, -0.003009, 0.771094, 5.119049, 0.0
3580.0, 0.871155, 0.157768, -0.003009, 0.771094, 5.119049, 0.0
3596.0, 0.897674, 0.156602, -0.003007, 0.771094, 5.119049, 0.0
3597.0, 0.897674, 0.156602, -0.003007, 0.771094, 5.119049, 0.0
3613.0, 0.924194, 0.155436, -0.003007, 0.771094, 5.119049, 0.0
3631.0, 0.950716, 0.15427, -0.003007, 0.771094, 5.119049, 0.0
3631.0, 0.950716, 0.15427, -0.003007, 0.771094, 5.119049, 0.0
3647.0, 0.977248, 0.153104, -0.003012, 0.771094, 5.119049, 0.0
3647.0, 0.977248, 0.153104, -0.003012, 0.771094, 5.119049, 0.0
3663.0, 1.003785, 0.151937, -0.003017, 0.771094, 5.119049, 0.0
3679.0, 1.030322, 0.150771, -0.00302, 0.771094, 5.119049, 0.0
3679.0, 1.030322, 0.150771, -0.00302, 0.771094, 5.119049, 0.0
3695.0, 1.056859, 0.149604, -0.00302, 0.771094, 5.119049, 0.0
3695.0, 1.056859, 0.149604, -0.00302, 0.771094, 5.119049, 0.0
3712.0, 1.083394, 0.148438, -0.00302, 0.771094, 5.119049, 0.0
3730.0, 1.109928, 0.147272, -0.00302, 0.771094, 5.119049, 0.0
3730.0, 1.109928, 0.147272, -0.00302, 0.771094, 5.119049, 0.0
3746.0, 1.136512, 0.146105, -0.00304, 0.771492, 5.619053, 0.0
3746.0, 1.136512, 0.146105, -0.00304, 0.771492, 5.619053, 0.0
3762.0, 1.163212, 0.144935, -0.003099, 0.771492, 5.619053, 0.0
3780.0, 1.19009, 0.143761, -0.003207, 0.771492, 5.619053, 0.0
3780.0, 1.19009, 0.143761, -0.003207, 0.771492, 5.619053, 0.0
3797.0, 1.217203, 0.142584, -0.003366, 0.771492, 5.619053, 0.0
3797.0, 1.217203, 0.142584, -0.003366, 0.771492, 5.619053, 0.0
3813.0, 1.244602, 0.141402, -0.00357, 0.771492, 5.619053, 0.0
3831.0, 1.272326, 0.140215, -0.003811, 0.771492, 5.619053, 0.0
3831.0, 1.272326, 0.140215, -0.003811, 0.771492, 5.619053, 0.0
3847.0, 1.300347, 0.139025, -0.004053, 0.771492, 5.619053, 0.0
3847.0, 1.300347, 0.139025, -0.004053, 0.771492, 5.619053, 0.0
3863.0, 1.328636, 0.137833, -0.004271, 0.771492, 5.619053, 0.0
3879.0, 1.357154, 0.136637, -0.004445, 0.771492, 5.619053, 0.0
3879.0, 1.357154, 0.136637, -0.004445, 0.771492, 5.619053, 0.0
3896.0, 1.385864, 0.135438, -0.004567, 0.771492, 5.619053, 0.0
3896.0, 1.385864, 0.135438, -0.004567, 0.771492, 5.619053, 0.0
3912.0, 1.414731, 0.134235, -0.004632, 0.771492, 5.619053, 0.0
3930.0, 1.443727, 0.133026, -0.004646, 0.771492, 5.619053, 0.0
3930.0, 1.443727, 0.133026, -0.004646, 0.771492, 5.619053, 0.0
3946.0, 1.472838, 0.131811, -0.004618, 0.771492, 5.619053, 0.0
3946.0, 1.472838, 0.131811, -0.004618, 0.771492, 5.619053, 0.0
3962.0, 1.502036, 0.130589, -0.004554, 0.771492, 5.619053, 0.0
3980.0, 1.531301, 0.12936, -0.004459, 0.771492, 5.619053, 0.0
3980.0, 1.531301, 0.12936, -0.004459, 0.771492, 5.619053, 0.0
3996.0, 1.560619, 0.128125, -0.004344, 0.771891, 6.119057, 0.0
3996.0, 1.560619, 0.128125, -0.004344, 0.771891, 6.119057, 0.0
4013.0, 1.589979, 0.126883, -0.004217, 0.771891, 6.119057, 0.0
4031.0, 1.619371, 0.125636, -0.004086, 0.771891, 6.119057, 0.0
4031.0, 1.619371, 0.125636, -0.004086, 0.771891, 6.119057, 0.0
4047.0, 1.648778, 0.124384, -0.00395, 0.771891, 6.119057, 0.0
4047.0, 1.648778, 0.124384, -0.00395, 0.771891, 6.119057, 0.0
4063.0, 1.678203, 0.123128, -0.003822, 0.771891, 6.119057, 0.0
4079.0, 1.707644, 0.121868, -0.003703, 0.771891, 6.119057, 0.0
4079.0, 1.707644, 0.121868, -0.003703, 0.771891, 6.119057, 0.0
4096.0, 1.7371, 0.120605, -0.003597, 0.771891, 6.119057, 0.0
4096.0, 1.7371, 0.120605, -0.003597, 0.771891, 6.119057, 0.0
4112.0, 1.766569, 0.11934, -0.003505, 0.771891, 6.119057, 0.0
4131.0, 1.796047, 0.118074, -0.003425, 0.771891, 6.119057, 0.0
4131.0, 1.796047, 0.118074, -0.003425, 0.771891, 6.119057, 0.0
4146.0, 1.825545, 0.116807, -0.003361, 0.771891, 6.119057, 0.0
4146.0, 1.825545, 0.116807, -0.003361, 0.771891, 6.119057, 0.0
4163.0, 1.855054, 0.115539, -0.003308, 0.771891, 6.119057, 0.0
4180.0, 1.884567, 0.114272, -0.003263, 0.771891, 6.119057, 0.0
4180.0, 1.884567, 0.114272, -0.003263, 0.771891, 6.119057, 0.0
4196.0, 1.914084, 0.113005, -0.003225, 0.771891, 6.119057, 0.0
4196.0, 1.914084, 0.113005, -0.003225, 0.771891, 6.119057, 0.0
4212.0, 1.943608, 0.111739, -0.003193, 0.771891, 6.119057, 0.0
4232.0, 1.973129, 0.110474, -0.003166, 0.771891, 6.119057, 0.0
4232.0, 1.973129, 0.110474, -0.003166, 0.771891, 6.119057, 0.0
4247.0, 2.002639, 0.10921, -0.003139, 0.772289, 6.619065, 0.0
4247.0, 2.002639, 0.10921, -0.003139, 0.772289, 6.619065, 0.0
4262.0, 2.032147, 0.107947, -0.003117, 0.772289, 6.619065, 0.0
4279.0, 2.061655, 0.106686, -0.003102, 0.772289, 6.619065, 0.0
4279.0, 2.061655, 0.106686, -0.003102, 0.772289, 6.619065, 0.0
4297.0, 2.091166, 0.105425, -0.003091, 0.772289, 6.619065, 0.0
4297.0, 2.091166, 0.105425, -0.003091, 0.772289, 6.619065, 0.0
4312.0, 2.120679, 0.104164, -0.003084, 0.772289, 6.619065, 0.0
4330.0, 2.150195, 0.102905, -0.00308, 0.772289, 6.619065, 0.0
4330.0, 2.150195, 0.102905, -0.00308, 0.772289, 6.619065, 0.0
4346.0, 2.179723, 0.101645, -0.003082, 0.772289, 6.619065, 0.0
4346.0, 2.179723, 0.101645, -0.003082, 0.772289, 6.619065, 0.0
4363.0, 2.209256, 0.100387, -0.003086, 0.772289, 6.619065, 0.0
4380.0, 2.238791, 0.099129, -0.003089, 0.772289, 6.619065, 0.0
4380.0, 2.238791, 0.099129, -0.003089, 0.772289, 6.619065, 0.0
4397.0, 2.268325, 0.097871, -0.003089, 0.772289, 6.619065, 0.0
4397.0, 2.268325, 0.097871, -0.003089, 0.772289, 6.619065, 0.0
4413.0, 2.297858, 0.096614, -0.003089, 0.772289, 6.619065, 0.0
4431.0, 2.327391, 0.095358, -0.003089, 0.772289, 6.619065, 0.0
4431.0, 2.327391, 0.095358, -0.003089, 0.772289, 6.619065, 0.0
4447.0, 2.356922, 0.094102, -0.003086, 0.772289, 6.619065, 0.0
4447.0, 2.356922, 0.094102, -0.003086, 0.772289, 6.619065, 0.0
4463.0, 2.386453, 0.092846, -0.003084, 0.772289, 6.619065, 0.0
4480.0, 2.415983, 0.09159, -0.003082, 0.772289, 6.619065, 0.0
4480.0, 2.415983, 0.09159, -0.003082, 0.772289, 6.619065, 0.0
4497.0, 2.445512, 0.090335, -0.00308, 0.772687, 7.119071, 0.0
4497.0, 2.445512, 0.090335, -0.00308, 0.772687, 7.119071, 0.0
4512.0, 2.475041, 0.089079, -0.00308, 0.772687, 7.119071, 0.0
4530.0, 2.50457, 0.087824, -0.003076, 0.772687, 7.119071, 0.0
4530.0, 2.50457, 0.087824, -0.003076, 0.772687, 7.119071, 0.0
4546.0, 2.534137, 0.086569, -0.003092, 0.772687, 7.119071, 0.0
4546.0, 2.534137, 0.086569, -0.003092, 0.772687, 7.119071, 0.0
4563.0, 2.563817, 0.085314, -0.003147, 0.772687, 7.119071, 0.0
4580.0, 2.593677, 0.08406, -0.003254, 0.772687, 7.119071, 0.0
4580.0, 2.593677, 0.08406, -0.003254, 0.772687, 7.119071, 0.0
4596.0, 2.623775, 0.082807, -0.003413, 0.772687, 7.119071, 0.0
4596.0, 2.623775, 0.082807, -0.003413, 0.772687, 7.119071, 0.0
4613.0, 2.65416, 0.081557, -0.003619, 0.772687, 7.119071, 0.0
4631.0, 2.684872, 0.080309, -0.003863, 0.772687, 7.119071, 0.0
4631.0, 2.684872, 0.080309, -0.003863, 0.772687, 7.119071, 0.0
4646.0, 2.715906, 0.079065, -0.004115, 0.772687, 7.119071, 0.0
4646.0, 2.715906, 0.079065, -0.004115, 0.772687, 7.119071, 0.0
4663.0, 2.747215, 0.077824, -0.004342, 0.772687, 7.119071, 0.0
4680.0, 2.778755, 0.076586, -0.004521, 0.772687, 7.119071, 0.0
4680.0, 2.778755, 0.076586, -0.004521, 0.772687, 7.119071, 0.0
4697.0, 2.810485, 0.075348, -0.004643, 0.772687, 7.119071, 0.0
4697.0, 2.810485, 0.075348, -0.004643, 0.772687, 7.119071, 0.0
4713.0, 2.84237, 0.07411, -0.004705, 0.772687, 7.119071, 0.0
4731.0, 2.87438, 0.07287, -0.004712, 0.772687, 7.119071, 0.0
4731.0, 2.87438, 0.07287, -0.004712, 0.772687, 7.119071, 0.0
4747.0, 2.906481, 0.071626, -0.004668, 0.773085, 7.619074, 0.0
4747.0, 2.906481, 0.071626, -0.004668, 0.773085, 7.619074, 0.0
4762.0, 2.938659, 0.070376, -0.004587, 0.773085, 7.619074, 0.0
4779.0, 2.970904, 0.06912, -0.004481, 0.773085, 7.619074, 0.0
4779.0, 2.970904, 0.06912, -0.004481, 0.773085, 7.619074, 0.0
4796.0, 3.003202, 0.067859, -0.004359, 0.773085, 7.619074, 0.0
4796.0, 3.003202, 0.067859, -0.004359, 0.773085, 7.619074, 0.0
4812.0, 3.035545, 0.066591, -0.004229, 0.773085, 7.619074, 0.0
4830.0, 3.067923, 0.065317, -0.004097, 0.773085, 7.619074, 0.0
4830.0, 3.067923, 0.065317, -0.004097, 0.773085, 7.619074, 0.0
4846.0, 3.100342, 0.064038, -0.003973, 0.773085, 7.619074, 0.0
4846.0, 3.100342, 0.064038, -0.003973, 0.773085, 7.619074, 0.0
4862.0, 3.132787, 0.062755, -0.003854, 0.773085, 7.619074, 0.0
4880.0, 3.16525, 0.061469, -0.003743, 0.773085, 7.619074, 0.0
4880.0, 3.16525, 0.061469, -0.003743, 0.773085, 7.619074, 0.0
4897.0, 3.197726, 0.06018, -0.00364, 0.773085, 7.619074, 0.0
4897.0, 3.197726, 0.06018, -0.00364, 0.773085, 7.619074, 0.0
4913.0, 3.230211, 0.05889, -0.003547, 0.773085, 7.619074, 0.0
4932.0, 3.262705, 0.057599, -0.003464, 0.773085, 7.619074, 0.0
4932.0, 3.262705, 0.057599, -0.003464, 0.773085, 7.619074, 0.0
4947.0, 3.295204, 0.056307, -0.003393, 0.773085, 7.619074, 0.0
4947.0, 3.295204, 0.056307, -0.003393, 0.773085, 7.619074, 0.0
4962.0, 3.327708, 0.055015, -0.003331, 0.773085, 7.619074, 0.0
4980.0, 3.360216, 0.053724, -0.00328, 0.773085, 7.619074, 0.0
4980.0, 3.360216, 0.053724, -0.00328, 0.773085, 7.619074, 0.0
4996.0, 3.392727, 0.052433, -0.003238, 0.773483, 8.11908, 0.0
4996.0, 3.392727, 0.052433, -0.003238, 0.773483, 8.11908, 0.0
5012.0, 3.42524, 0.051143, -0.003203, 0.773483, 8.11908, 0.0
5030.0, 3.457755, 0.049854, -0.003176, 0.773483, 8.11908, 0.0
5030.0, 3.457755, 0.049854, -0.003176, 0.773483, 8.11908, 0.0
5047.0, 3.49026, 0.048566, -0.003149, 0.773483, 8.11908, 0.0
5047.0, 3.49026, 0.048566, -0.003149, 0.773483, 8.11908, 0.0
5063.0, 3.522763, 0.04728, -0.003128, 0.773483, 8.11908, 0.0
5080.0, 3.555268, 0.045995, -0.003113, 0.773483, 8.11908, 0.0
5080.0, 3.555268, 0.045995, -0.003113, 0.773483, 8.11908, 0.0
5096.0, 3.587775, 0.04471, -0.003103, 0.773483, 8.11908, 0.0
5097.0, 3.587775, 0.04471, -0.003103, 0.773483, 8.11908, 0.0
5113.0, 3.620285, 0.043427, -0.003098, 0.773483, 8.11908, 0.0
5131.0, 3.652902, 0.042141, -0.003096, 0.773483, 8.11908, 0.0
5131.0, 3.652902, 0.042141, -0.003096, 0.773483, 8.11908, 0.0
5146.0, 3.685417, 0.040859, -0.003096, 0.773483, 8.11908, 0.0
5146.0, 3.685417, 0.040859, -0.003096, 0.773483, 8.11908, 0.0
5163.0, 3.717934, 0.039578, -0.003096, 0.773483, 8.11908, 0.0
5179.0, 3.750453, 0.038298, -0.003098, 0.773483, 8.11908, 0.0
5179.0, 3.750453, 0.038298, -0.003098, 0.773483, 8.11908, 0.0
5196.0, 3.782974, 0.037019, -0.003098, 0.773483, 8.11908, 0.0
5196.0, 3.782974, 0.037019, -0.003098, 0.773483, 8.11908, 0.0
5213.0, 3.815495, 0.03574, -0.003101, 0.773483, 8.11908, 0.0
5231.0, 3.848018, 0.034461, -0.003101, 0.773483, 8.11908, 0.0
5231.0, 3.848018, 0.034461, -0.003101, 0.773483, 8.11908, 0.0
5246.0, 3.880542, 0.033183, -0.003103, 0.773882, 8.619191, 0.0
5246.0, 3.880542, 0.033183, -0.003103, 0.773882, 8.619191, 0.0
5262.0, 3.913066, 0.031906, -0.003103, 0.773882, 8.619191, 0.0
5280.0, 3.94559, 0.030628, -0.003103, 0.773882, 8.619191, 0.0
5280.0, 3.94559, 0.030628, -0.003103, 0.773882, 8.619191, 0.0
5296.0, 3.978116, 0.029351, -0.003103, 0.773882, 8.619191, 0.0
5296.0, 3.978116, 0.029351, -0.003103, 0.773882, 8.619191, 0.0
5313.0, 4.010641, 0.028073, -0.003103, 0.773882, 8.619191, 0.0
5330.0, 4.043167, 0.026796, -0.003103, 0.773882, 8.619191, 0.0
5330.0, 4.043167, 0.026796, -0.003103, 0.773882, 8.619191, 0.0
5346.0, 4.07574, 0.025517, -0.003108, 0.773882, 8.619191, 0.0
5346.0, 4.07574, 0.025517, -0.003108, 0.773882, 8.619191, 0.0
5362.0, 4.108282, 0.024239, -0.003112, 0.773882, 8.619191, 0.0
5379.0, 4.140823, 0.022962, -0.003112, 0.773882, 8.619191, 0.0
5379.0, 4.140823, 0.022962, -0.003112, 0.773882, 8.619191, 0.0
5396.0, 4.173364, 0.021685, -0.003112, 0.773882, 8.619191, 0.0
5396.0, 4.173364, 0.021685, -0.003112, 0.773882, 8.619191, 0.0
5413.0, 4.205902, 0.020407, -0.003112, 0.773882, 8.619191, 0.0
5430.0, 4.238438, 0.01913, -0.003108, 0.773882, 8.619191, 0.0
5430.0, 4.238438, 0.01913, -0.003108, 0.773882, 8.619191, 0.0
5446.0, 4.270961, 0.017853, -0.0031, 0.773882, 8.619191, 0.0
5446.0, 4.270961, 0.017853, -0.0031, 0.773882, 8.619191, 0.0
5462.0, 4.303478, 0.016577, -0.003092, 0.773882, 8.619191, 0.0
5479.0, 4.335995, 0.0153, -0.003086, 0.773882, 8.619191, 0.0
5479.0, 4.335995, 0.0153, -0.003086, 0.773882, 8.619191, 0.0
5496.0, 4.368512, 0.014023, -0.003084, 0.77428, 9.11923, 0.0
5496.0, 4.368512, 0.014023, -0.003084, 0.77428, 9.11923, 0.0
5513.0, 4.40103, 0.012746, -0.003084, 0.77428, 9.11923, 0.0
5531.0, 4.433549, 0.011469, -0.003084, 0.77428, 9.11923, 0.0
5531.0, 4.433549, 0.011469, -0.003084, 0.77428, 9.11923, 0.0
5546.0, 4.466083, 0.010191, -0.00309, 0.77428, 9.11923, 0.0
5546.0, 4.466083, 0.010191, -0.00309, 0.77428, 9.11923, 0.0
5563.0, 4.498621, 0.008913, -0.003097, 0.77428, 9.11923, 0.0
5580.0, 4.531159, 0.007636, -0.003101, 0.77428, 9.11923, 0.0
5580.0, 4.531159, 0.007636, -0.003101, 0.77428, 9.11923, 0.0
5596.0, 4.563696, 0.006359, -0.003104, 0.77428, 9.11923, 0.0
5596.0, 4.563696, 0.006359, -0.003104, 0.77428, 9.11923, 0.0
5613.0, 4.596232, 0.005082, -0.003104, 0.77428, 9.11923, 0.0
5631.0, 4.628767, 0.003805, -0.003104, 0.77428, 9.11923, 0.0
5631.0, 4.628767, 0.003805, -0.003104, 0.77428, 9.11923, 0.0
5647.0, 4.661287, 0.002529, -0.003097, 0.77428, 9.11923, 0.0
5647.0, 4.661287, 0.002529, -0.003097, 0.77428, 9.11923, 0.0
5663.0, 4.693803, 0.001252, -0.00309, 0.77428, 9.11923, 0.0
5679.0, 4.726319, -0.000024, -0.003086, 0.77428, 9.11923, 0.0
5679.0, 4.726319, -0.000024, -0.003086, 0.77428, 9.11923, 0.0
5696.0, 4.758836, -0.001301, -0.003084, 0.77428, 9.11923, 0.0
5696.0, 4.758836, -0.001301, -0.003084, 0.77428, 9.11923, 0.0
5713.0, 4.791353, -0.002578, -0.003084, 0.77428, 9.11923, 0.0
5730.0, 4.823873, -0.003854, -0.003084, 0.77428, 9.11923, 0.0
5730.0, 4.823873, -0.003854, -0.003084, 0.77428, 9.11923, 0.0
5746.0, 4.856405, -0.005132, -0.003092, 0.774678, 9.619234, 0.0
5746.0, 4.856405, -0.005132, -0.003092, 0.774678, 9.619234, 0.0
5763.0, 4.888943, -0.006409, -0.003099, 0.774678, 9.619234, 0.0
5779.0, 4.921481, -0.007686, -0.003103, 0.774678, 9.619234, 0.0
5779.0, 4.921481, -0.007686, -0.003103, 0.774678, 9.619234, 0.0
5796.0, 4.954018, -0.008963, -0.003105, 0.774678, 9.619234, 0.0
5796.0, 4.954018, -0.008963, -0.003105, 0.774678, 9.619234, 0.0
5812.0, 4.986554, -0.01024, -0.003105, 0.774678, 9.619234, 0.0
5831.0, 5.019088, -0.011517, -0.003105, 0.774678, 9.619234, 0.0
5831.0, 5.019088, -0.011517, -0.003105, 0.774678, 9.619234, 0.0
5846.0, 5.051621, -0.012794, -0.003103, 0.774678, 9.619234, 0.0
5846.0, 5.051621, -0.012794, -0.003103, 0.774678, 9.619234, 0.0
5863.0, 5.084154, -0.014071, -0.003101, 0.774678, 9.619234, 0.0
5880.0, 5.116685, -0.015347, -0.003099, 0.774678, 9.619234, 0.0
5880.0, 5.116685, -0.015347, -0.003099, 0.774678, 9.619234, 0.0
5896.0, 5.149215, -0.016624, -0.003097, 0.774678, 9.619234, 0.0
5896.0, 5.149215, -0.016624, -0.003097, 0.774678, 9.619234, 0.0
5913.0, 5.181744, -0.017901, -0.003097, 0.774678, 9.619234, 0.0
5931.0, 5.214273, -0.019178, -0.003094, 0.774678, 9.619234, 0.0
5931.0, 5.214273, -0.019178, -0.003094, 0.774678, 9.619234, 0.0
5946.0, 5.246789, -0.020455, -0.003087, 0.774678, 9.619234, 0.0
5946.0, 5.246789, -0.020455, -0.003087, 0.774678, 9.619234, 0.0
5963.0, 5.279302, -0.021732, -0.003082, 0.774678, 9.619234, 0.0
5979.0, 5.311814, -0.023008, -0.00308, 0.774678, 9.619234, 0.0
5979.0, 5.311814, -0.023008, -0.00308, 0.774678, 9.619234, 0.0
5996.0, 5.344327, -0.024285, -0.00308, 0.775076, 10.119238, 0.0
5996.0, 5.344327, -0.024285, -0.00308, 0.775076, 10.119238, 0.0
6013.0, 5.376843, -0.025562, -0.00308, 0.775076, 10.119238, 0.0
6031.0, 5.40936, -0.026838, -0.003083, 0.775076, 10.119238, 0.0
6031.0, 5.40936, -0.026838, -0.003083, 0.775076, 10.119238, 0.0
6046.0, 5.441892, -0.028116, -0.003091, 0.775076, 10.119238, 0.0
6046.0, 5.441892, -0.028116, -0.003091, 0.775076, 10.119238, 0.0
6063.0, 5.474428, -0.029393, -0.003099, 0.775076, 10.119238, 0.0
6079.0, 5.506965, -0.03067, -0.003104, 0.775076, 10.119238, 0.0
6079.0, 5.506965, -0.03067, -0.003104, 0.775076, 10.119238, 0.0
6096.0, 5.539502, -0.031947, -0.003106, 0.775076, 10.119238, 0.0
6096.0, 5.539502, -0.031947, -0.003106, 0.775076, 10.119238, 0.0
6113.0, 5.572037, -0.033224, -0.003106, 0.775076, 10.119238, 0.0
6131.0, 5.604571, -0.0345, -0.003106, 0.775076, 10.119238, 0.0
6131.0, 5.604571, -0.0345, -0.003106, 0.775076, 10.119238, 0.0
6146.0, 5.637091, -0.035776, -0.0031, 0.775076, 10.119238, 0.0
6146.0, 5.637091, -0.035776, -0.0031, 0.775076, 10.119238, 0.0
6163.0, 5.669607, -0.037053, -0.003093, 0.775076, 10.119238, 0.0
6179.0, 5.702122, -0.038329, -0.003089, 0.775076, 10.119238, 0.0
6179.0, 5.702122, -0.038329, -0.003089, 0.775076, 10.119238, 0.0
6196.0, 5.734638, -0.039606, -0.003087, 0.775076, 10.119238, 0.0
6196.0, 5.734638, -0.039606, -0.003087, 0.775076, 10.119238, 0.0
6212.0, 5.767156, -0.040882, -0.003087, 0.775076, 10.119238, 0.0
6231.0, 5.799675, -0.042159, -0.003087, 0.775076, 10.119238, 0.0
6231.0, 5.799675, -0.042159, -0.003087, 0.775076, 10.119238, 0.0
6247.0, 5.832208, -0.043436, -0.003094, 0.775474, 10.619241, 0.0
6247.0, 5.832208, -0.043436, -0.003094, 0.775474, 10.619241, 0.0
6263.0, 5.864745, -0.044714, -0.0031, 0.775474, 10.619241, 0.0
6279.0, 5.897283, -0.045991, -0.003104, 0.775474, 10.619241, 0.0
6279.0, 5.897283, -0.045991, -0.003104, 0.775474, 10.619241, 0.0
6296.0, 5.92982, -0.047268, -0.003106, 0.775474, 10.619241, 0.0
6296.0, 5.92982, -0.047268, -0.003106, 0.775474, 10.619241, 0.0
6313.0, 5.962356, -0.048545, -0.003106, 0.775474, 10.619241, 0.0
6331.0, 5.99489, -0.049821, -0.003106, 0.775474, 10.619241, 0.0
6331.0, 5.99489, -0.049821, -0.003106, 0.775474, 10.619241, 0.0
6346.0, 6.027423, -0.051098, -0.003103, 0.775474, 10.619241, 0.0
6346.0, 6.027423, -0.051098, -0.003103, 0.775474, 10.619241, 0.0
6363.0, 6.059955, -0.052375, -0.003101, 0.775474, 10.619241, 0.0
6380.0, 6.092486, -0.053652, -0.003099, 0.775474, 10.619241, 0.0
6380.0, 6.092486, -0.053652, -0.003099, 0.775474, 10.619241, 0.0
6396.0, 6.125016, -0.054929, -0.003097, 0.775474, 10.619241, 0.0
6396.0, 6.125016, -0.054929, -0.003097, 0.775474, 10.619241, 0.0
6413.0, 6.157546, -0.056206, -0.003095, 0.775474, 10.619241, 0.0
6431.0, 6.190074, -0.057483, -0.003095, 0.775474, 10.619241, 0.0
6431.0, 6.190074, -0.057483, -0.003095, 0.775474, 10.619241, 0.0
6446.0, 6.222591, -0.05876, -0.003088, 0.775474, 10.619241, 0.0
6446.0, 6.222591, -0.05876, -0.003088, 0.775474, 10.619241, 0.0
6463.0, 6.255103, -0.060036, -0.003082, 0.775474, 10.619241, 0.0
6481.0, 6.287615, -0.061313, -0.00308, 0.775474, 10.619241, 0.0
6481.0, 6.287615, -0.061313, -0.00308, 0.775474, 10.619241, 0.0
6497.0, 6.320129, -0.06259, -0.00308, 0.775872, 11.119245, 0.0
6497.0, 6.320129, -0.06259, -0.00308, 0.775872, 11.119245, 0.0
6512.0, 6.352644, -0.063866, -0.00308, 0.775872, 11.119245, 0.0
6530.0, 6.385162, -0.065143, -0.003083, 0.775872, 11.119245, 0.0
6530.0, 6.385162, -0.065143, -0.003083, 0.775872, 11.119245, 0.0
6545.0, 6.417693, -0.066421, -0.003091, 0.775872, 11.119245, 0.0
6545.0, 6.417693, -0.066421, -0.003091, 0.775872, 11.119245, 0.0
6562.0, 6.45023, -0.067698, -0.003099, 0.775872, 11.119245, 0.0
6579.0, 6.482767, -0.068975, -0.003104, 0.775872, 11.119245, 0.0
6579.0, 6.482767, -0.068975, -0.003104, 0.775872, 11.119245, 0.0
6596.0, 6.515303, -0.070252, -0.003106, 0.775872, 11.119245, 0.0
6596.0, 6.515303, -0.070252, -0.003106, 0.775872, 11.119245, 0.0
6612.0, 6.547839, -0.071528, -0.003106, 0.775872, 11.119245, 0.0
6631.0, 6.580372, -0.072805, -0.003106, 0.775872, 11.119245, 0.0
6631.0, 6.580372, -0.072805, -0.003106, 0.775872, 11.119245, 0.0
6646.0, 6.612893, -0.074081, -0.0031, 0.775872, 11.119245, 0.0
6646.0, 6.612893, -0.074081, -0.0031, 0.775872, 11.119245, 0.0
6663.0, 6.645408, -0.075357, -0.003093, 0.775872, 11.119245, 0.0
6680.0, 6.677924, -0.076634, -0.003089, 0.775872, 11.119245, 0.0
6680.0, 6.677924, -0.076634, -0.003089, 0.775872, 11.119245, 0.0
6697.0, 6.71044, -0.07791, -0.003087, 0.775872, 11.119245, 0.0
6697.0, 6.71044, -0.07791, -0.003087, 0.775872, 11.119245, 0.0
6713.0, 6.742957, -0.079187, -0.003087, 0.775872, 11.119245, 0.0
6731.0, 6.775476, -0.080464, -0.003087, 0.775872, 11.119245, 0.0
6731.0, 6.775476, -0.080464, -0.003087, 0.775872, 11.119245, 0.0
6747.0, 6.808009, -0.081741, -0.003094, 0.776271, 11.619247, 0.0
6747.0, 6.808009, -0.081741, -0.003094, 0.776271, 11.619247, 0.0
6762.0, 6.840546, -0.083018, -0.0031, 0.776271, 11.619247, 0.0
6779.0, 6.873084, -0.084296, -0.003104, 0.776271, 11.619247, 0.0
6779.0, 6.873084, -0.084296, -0.003104, 0.776271, 11.619247, 0.0
6796.0, 6.905622, -0.085573, -0.003106, 0.776271, 11.619247, 0.0
6796.0, 6.905622, -0.085573, -0.003106, 0.776271, 11.619247, 0.0
6812.0, 6.938157, -0.086849, -0.003106, 0.776271, 11.619247, 0.0
6831.0, 6.970692, -0.088126, -0.003106, 0.776271, 11.619247, 0.0
6831.0, 6.970692, -0.088126, -0.003106, 0.776271, 11.619247, 0.0
6846.0, 7.003225, -0.089403, -0.003103, 0.776271, 11.619247, 0.0
6846.0, 7.003225, -0.089403, -0.003103, 0.776271, 11.619247, 0.0
6862.0, 7.035757, -0.09068, -0.003101, 0.776271, 11.619247, 0.0
6880.0, 7.068288, -0.091957, -0.003099, 0.776271, 11.619247, 0.0
6880.0, 7.068288, -0.091957, -0.003099, 0.776271, 11.619247, 0.0
6897.0, 7.100818, -0.093234, -0.003097, 0.776271, 11.619247, 0.0
6897.0, 7.100818, -0.093234, -0.003097, 0.776271, 11.619247, 0.0
6913.0, 7.133348, -0.094511, -0.003095, 0.776271, 11.619247, 0.0
6931.0, 7.165877, -0.095788, -0.003095, 0.776271, 11.619247, 0.0
6931.0, 7.165877, -0.095788, -0.003095, 0.776271, 11.619247, 0.0
6947.0, 7.198393, -0.097065, -0.003088, 0.776271, 11.619247, 0.0
6947.0, 7.198393, -0.097065, -0.003088, 0.776271, 11.619247, 0.0
6962.0, 7.230905, -0.098341, -0.003082, 0.776271, 11.619247, 0.0
6979.0, 7.263417, -0.099618, -0.00308, 0.776271, 11.619247, 0.0
6979.0, 7.263417, -0.099618, -0.00308, 0.776271, 11.619247, 0.0
6997.0, 7.295931, -0.100895, -0.00308, 0.776669, 12.119251, 0.0
6997.0, 7.295931, -0.100895, -0.00308, 0.776669, 12.119251, 0.0
7012.0, 7.328447, -0.102171, -0.00308, 0.776669, 12.119251, 0.0
7030.0, 7.360964, -0.103448, -0.003083, 0.776669, 12.119251, 0.0
7030.0, 7.360964, -0.103448, -0.003083, 0.776669, 12.119251, 0.0
7047.0, 7.393496, -0.104725, -0.003091, 0.776669, 12.119251, 0.0
7047.0, 7.393496, -0.104725, -0.003091, 0.776669, 12.119251, 0.0
7063.0, 7.426032, -0.106003, -0.003099, 0.776669, 12.119251, 0.0
7080.0, 7.458569, -0.10728, -0.003104, 0.776669, 12.119251, 0.0
7080.0, 7.458569, -0.10728, -0.003104, 0.776669, 12.119251, 0.0
7096.0, 7.491106, -0.108556, -0.003106, 0.776669, 12.119251, 0.0
7097.0, 7.491106, -0.108556, -0.003106, 0.776669, 12.119251, 0.0
7113.0, 7.523641, -0.109833, -0.003106, 0.776669, 12.119251, 0.0
7131.0, 7.556176, -0.11111, -0.003106, 0.776669, 12.119251, 0.0
7132.0, 7.556176, -0.11111, -0.003106, 0.776669, 12.119251, 0.0
7146.0, 7.588696, -0.112386, -0.0031, 0.776669, 12.119251, 0.0
7146.0, 7.588696, -0.112386, -0.0031, 0.776669, 12.119251, 0.0
7162.0, 7.621212, -0.113662, -0.003093, 0.776669, 12.119251, 0.0
7179.0, 7.653727, -0.114939, -0.003089, 0.776669, 12.119251, 0.0
7179.0, 7.653727, -0.114939, -0.003089, 0.776669, 12.119251, 0.0
7195.0, 7.686244, -0.116215, -0.003087, 0.776669, 12.119251, 0.0
7195.0, 7.686244, -0.116215, -0.003087, 0.776669, 12.119251, 0.0
7212.0, 7.718761, -0.117492, -0.003087, 0.776669, 12.119251, 0.0
7230.0, 7.75128, -0.118769, -0.003087, 0.776669, 12.119251, 0.0
7230.0, 7.75128, -0.118769, -0.003087, 0.776669, 12.119251, 0.0
7246.0, 7.783813, -0.120046, -0.003094, 0.777067, 12.619256, 0.0
7246.0, 7.783813, -0.120046, -0.003094, 0.777067, 12.619256, 0.0
7262.0, 7.81635, -0.121323, -0.0031, 0.777067, 12.619256, 0.0
7278.0, 7.848888, -0.122601, -0.003104, 0.777067, 12.619256, 0.0
7280.0, 7.848888, -0.122601, -0.003104, 0.777067, 12.619256, 0.0
7295.0, 7.881425, -0.123878, -0.003106, 0.777067, 12.619256, 0.0
7295.0, 7.881425, -0.123878, -0.003106, 0.777067, 12.619256, 0.0
7313.0, 7.913961, -0.125154, -0.003106, 0.777067, 12.619256, 0.0
7330.0, 7.946496, -0.126431, -0.003106, 0.777067, 12.619256, 0.0
7330.0, 7.946496, -0.126431, -0.003106, 0.777067, 12.619256, 0.0
7346.0, 7.979016, -0.127708, -0.003098, 0.777067, 12.619256, 0.0
7346.0, 7.979016, -0.127708, -0.003098, 0.777067, 12.619256, 0.0
7362.0, 8.011533, -0.128984, -0.003092, 0.777067, 12.619256, 0.0
7379.0, 8.044048, -0.13026, -0.003087, 0.777067, 12.619256, 0.0
7379.0, 8.044048, -0.13026, -0.003087, 0.777067, 12.619256, 0.0
7396.0, 8.076565, -0.131537, -0.003085, 0.777067, 12.619256, 0.0
7396.0, 8.076565, -0.131537, -0.003085, 0.777067, 12.619256, 0.0
7413.0, 8.109082, -0.132814, -0.003085, 0.777067, 12.619256, 0.0
7430.0, 8.141602, -0.134091, -0.003085, 0.777067, 12.619256, 0.0
7430.0, 8.141602, -0.134091, -0.003085, 0.777067, 12.619256, 0.0
7446.0, 8.174134, -0.135368, -0.003093, 0.777067, 12.619256, 0.0
7446.0, 8.174134, -0.135368, -0.003093, 0.777067, 12.619256, 0.0
7463.0, 8.206672, -0.136645, -0.003099, 0.777067, 12.619256, 0.0
7479.0, 8.239209, -0.137923, -0.003103, 0.777067, 12.619256, 0.0
7479.0, 8.239209, -0.137923, -0.003103, 0.777067, 12.619256, 0.0
7496.0, 8.271747, -0.1392, -0.003106, 0.777465, 13.119261, 0.0
7496.0, 8.271747, -0.1392, -0.003106, 0.777465, 13.119261, 0.0
7512.0, 8.304282, -0.140476, -0.003106, 0.777465, 13.119261, 0.0
7531.0, 8.336817, -0.141753, -0.003106, 0.777465, 13.119261, 0.0
7531.0, 8.336817, -0.141753, -0.003106, 0.777465, 13.119261, 0.0
7546.0, 8.369349, -0.14303, -0.003103, 0.777465, 13.119261, 0.0
7546.0, 8.369349, -0.14303, -0.003103, 0.777465, 13.119261, 0.0
7563.0, 8.401882, -0.144307, -0.003101, 0.777465, 13.119261, 0.0
7579.0, 8.434413, -0.145584, -0.003099, 0.777465, 13.119261, 0.0
7579.0, 8.434413, -0.145584, -0.003099, 0.777465, 13.119261, 0.0
7596.0, 8.466943, -0.146861, -0.003097, 0.777465, 13.119261, 0.0
7596.0, 8.466943, -0.146861, -0.003097, 0.777465, 13.119261, 0.0
7613.0, 8.499473, -0.148138, -0.003097, 0.777465, 13.119261, 0.0
7631.0, 8.532001, -0.149415, -0.003094, 0.777465, 13.119261, 0.0
7631.0, 8.532001, -0.149415, -0.003094, 0.777465, 13.119261, 0.0
7647.0, 8.564517, -0.150691, -0.003087, 0.777465, 13.119261, 0.0
7647.0, 8.564517, -0.150691, -0.003087, 0.777465, 13.119261, 0.0
7663.0, 8.59703, -0.151968, -0.003082, 0.777465, 13.119261, 0.0
7679.0, 8.629542, -0.153245, -0.00308, 0.777465, 13.119261, 0.0
7679.0, 8.629542, -0.153245, -0.00308, 0.777465, 13.119261, 0.0
7696.0, 8.662056, -0.154521, -0.00308, 0.777465, 13.119261, 0.0
7696.0, 8.662056, -0.154521, -0.00308, 0.777465, 13.119261, 0.0
7713.0, 8.694571, -0.155798, -0.00308, 0.777465, 13.119261, 0.0
7731.0, 8.727089, -0.157075, -0.003083, 0.777465, 13.119261, 0.0
7731.0, 8.727089, -0.157075, -0.003083, 0.777465, 13.119261, 0.0
7746.0, 8.759621, -0.158352, -0.003091, 0.777863, 13.619265, 0.0
7746.0, 8.759621, -0.158352, -0.003091, 0.777863, 13.619265, 0.0
7763.0, 8.792157, -0.159629, -0.003099, 0.777863, 13.619265, 0.0
7780.0, 8.824695, -0.160906, -0.003104, 0.777863, 13.619265, 0.0
7780.0, 8.824695, -0.160906, -0.003104, 0.777863, 13.619265, 0.0
7796.0, 8.85723, -0.162183, -0.003106, 0.777863, 13.619265, 0.0
7796.0, 8.85723, -0.162183, -0.003106, 0.777863, 13.619265, 0.0
7813.0, 8.889766, -0.16346, -0.003106, 0.777863, 13.619265, 0.0
7831.0, 8.9223, -0.164737, -0.003106, 0.777863, 13.619265, 0.0
7831.0, 8.9223, -0.164737, -0.003106, 0.777863, 13.619265, 0.0
7847.0, 8.954821, -0.166013, -0.0031, 0.777863, 13.619265, 0.0
7847.0, 8.954821, -0.166013, -0.0031, 0.777863, 13.619265, 0.0
7863.0, 8.987337, -0.167289, -0.003093, 0.777863, 13.619265, 0.0
7879.0, 9.019853, -0.168566, -0.003089, 0.777863, 13.619265, 0.0
7879.0, 9.019853, -0.168566, -0.003089, 0.777863, 13.619265, 0.0
7896.0, 9.052368, -0.169842, -0.003087, 0.777863, 13.619265, 0.0
7896.0, 9.052368, -0.169842, -0.003087, 0.777863, 13.619265, 0.0
7913.0, 9.084889, -0.171119, -0.003087, 0.777863, 13.619265, 0.0
7931.0, 9.117408, -0.172396, -0.003087, 0.777863, 13.619265, 0.0
7931.0, 9.117408, -0.172396, -0.003087, 0.777863, 13.619265, 0.0
7946.0, 9.149941, -0.173673, -0.003094, 0.777863, 13.619265, 0.0
7946.0, 9.149941, -0.173673, -0.003094, 0.777863, 13.619265, 0.0
7963.0, 9.182478, -0.17495, -0.0031, 0.777863, 13.619265, 0.0
7980.0, 9.215016, -0.176228, -0.003104, 0.777863, 13.619265, 0.0
7980.0, 9.215016, -0.176228, -0.003104, 0.777863, 13.619265, 0.0
7998.0, 9.247554, -0.177504, -0.003106, 0.778261, 14.119272, 0.0
7998.0, 9.247554, -0.177504, -0.003106, 0.778261, 14.119272, 0.0
8013.0, 9.280089, -0.178781, -0.003106, 0.778261, 14.119272, 0.0
8031.0, 9.312624, -0.180058, -0.003106, 0.778261, 14.119272, 0.0
8031.0, 9.312624, -0.180058, -0.003106, 0.778261, 14.119272, 0.0
8046.0, 9.345157, -0.181335, -0.003103, 0.778261, 14.119272, 0.0
8046.0, 9.345157, -0.181335, -0.003103, 0.778261, 14.119272, 0.0
8063.0, 9.377688, -0.182612, -0.003101, 0.778261, 14.119272, 0.0
8080.0, 9.41022, -0.183889, -0.003099, 0.778261, 14.119272, 0.0
8080.0, 9.41022, -0.183889, -0.003099, 0.778261, 14.119272, 0.0
8096.0, 9.44275, -0.185166, -0.003097, 0.778261, 14.119272, 0.0
8096.0, 9.44275, -0.185166, -0.003097, 0.778261, 14.119272, 0.0
8113.0, 9.47528, -0.186443, -0.003095, 0.778261, 14.119272, 0.0
8131.0, 9.507809, -0.18772, -0.003095, 0.778261, 14.119272, 0.0
8131.0, 9.507809, -0.18772, -0.003095, 0.778261, 14.119272, 0.0
8146.0, 9.540324, -0.188996, -0.003088, 0.778261, 14.119272, 0.0
8146.0, 9.540324, -0.188996, -0.003088, 0.778261, 14.119272, 0.0
8163.0, 9.572837, -0.190273, -0.003082, 0.778261, 14.119272, 0.0
8180.0, 9.60535, -0.19155, -0.00308, 0.778261, 14.119272, 0.0
8180.0, 9.60535, -0.19155, -0.00308, 0.778261, 14.119272, 0.0
8196.0, 9.637863, -0.192826, -0.00308, 0.778261, 14.119272, 0.0
8196.0, 9.637863, -0.192826, -0.00308, 0.778261, 14.119272, 0.0
8213.0, 9.67038, -0.194103, -0.00308, 0.778261, 14.119272, 0.0
8231.0, 9.702896, -0.19538, -0.003083, 0.778261, 14.119272, 0.0
8231.0, 9.702896, -0.19538, -0.003083, 0.778261, 14.119272, 0.0
8246.0, 9.735428, -0.196657, -0.003091, 0.77866, 14.619277, 0.0
8246.0, 9.735428, -0.196657, -0.003091, 0.77866, 14.619277, 0.0
8262.0, 9.767964, -0.197934, -0.003099, 0.77866, 14.619277, 0.0
8279.0, 9.800502, -0.199212, -0.003104, 0.77866, 14.619277, 0.0
8279.0, 9.800502, -0.199212, -0.003104, 0.77866, 14.619277, 0.0
8296.0, 9.833038, -0.200488, -0.003106, 0.77866, 14.619277, 0.0
8296.0, 9.833038, -0.200488, -0.003106, 0.77866, 14.619277, 0.0
8313.0, 9.865574, -0.201765, -0.003106, 0.77866, 14.619277, 0.0
8331.0, 9.898108, -0.203042, -0.003106, 0.77866, 14.619277, 0.0
8331.0, 9.898108, -0.203042, -0.003106, 0.77866, 14.619277, 0.0
8347.0, 9.930629, -0.204318, -0.0031, 0.77866, 14.619277, 0.0
8347.0, 9.930629, -0.204318, -0.0031, 0.77866, 14.619277, 0.0
8363.0, 9.963144, -0.205594, -0.003093, 0.77866, 14.619277, 0.0
8380.0, 9.99566, -0.206871, -0.003089, 0.77866, 14.619277, 0.0
8380.0, 9.99566, -0.206871, -0.003089, 0.77866, 14.619277, 0.0
8397.0, 10.028175, -0.208147, -0.003087, 0.77866, 14.619277, 0.0
8397.0, 10.028175, -0.208147, -0.003087, 0.77866, 14.619277, 0.0
8413.0, 10.060693, -0.209424, -0.003087, 0.77866, 14.619277, 0.0
8431.0, 10.093211, -0.210701, -0.003087, 0.77866, 14.619277, 0.0
8431.0, 10.093211, -0.210701, -0.003087, 0.77866, 14.619277, 0.0
8447.0, 10.125745, -0.211978, -0.003094, 0.77866, 14.619277, 0.0
8447.0, 10.125745, -0.211978, -0.003094, 0.77866, 14.619277, 0.0
8463.0, 10.158281, -0.213255, -0.0031, 0.77866, 14.619277, 0.0
8480.0, 10.19082, -0.214532, -0.003104, 0.77866, 14.619277, 0.0
8480.0, 10.19082, -0.214532, -0.003104, 0.77866, 14.619277, 0.0
8497.0, 10.223356, -0.215809, -0.003106, 0.779058, 15.119281, 0.0
8497.0, 10.223356, -0.215809, -0.003106, 0.779058, 15.119281, 0.0
8512.0, 10.255892, -0.217086, -0.003106, 0.779058, 15.119281, 0.0
8530.0, 10.288427, -0.218363, -0.003106, 0.779058, 15.119281, 0.0
8530.0, 10.288427, -0.218363, -0.003106, 0.779058, 15.119281, 0.0
8545.0, 10.320948, -0.219639, -0.003098, 0.779058, 15.119281, 0.0
8545.0, 10.320948, -0.219639, -0.003098, 0.779058, 15.119281, 0.0
8562.0, 10.353464, -0.220916, -0.003092, 0.779058, 15.119281, 0.0
8579.0, 10.38598, -0.222192, -0.003087, 0.779058, 15.119281, 0.0
8579.0, 10.38598, -0.222192, -0.003087, 0.779058, 15.119281, 0.0
8596.0, 10.418495, -0.223469, -0.003085, 0.779058, 15.119281, 0.0
8596.0, 10.418495, -0.223469, -0.003085, 0.779058, 15.119281, 0.0
8613.0, 10.451013, -0.224746, -0.003085, 0.779058, 15.119281, 0.0
8630.0, 10.483532, -0.226023, -0.003085, 0.779058, 15.119281, 0.0
8630.0, 10.483532, -0.226023, -0.003085, 0.779058, 15.119281, 0.0
8646.0, 10.516065, -0.2273, -0.003093, 0.779058, 15.119281, 0.0
8646.0, 10.516065, -0.2273, -0.003093, 0.779058, 15.119281, 0.0
8663.0, 10.548602, -0.228577, -0.003099, 0.779058, 15.119281, 0.0
8680.0, 10.58114, -0.229854, -0.003103, 0.779058, 15.119281, 0.0
8680.0, 10.58114, -0.229854, -0.003103, 0.779058, 15.119281, 0.0
8697.0, 10.613677, -0.231131, -0.003106, 0.779058, 15.119281, 0.0
8697.0, 10.613677, -0.231131, -0.003106, 0.779058, 15.119281, 0.0
8713.0, 10.646214, -0.232408, -0.003106, 0.779058, 15.119281, 0.0
8731.0, 10.678747, -0.233685, -0.003106, 0.779058, 15.119281, 0.0
8731.0, 10.678747, -0.233685, -0.003106, 0.779058, 15.119281, 0.0
8747.0, 10.711281, -0.234962, -0.003103, 0.779456, 15.619285, 0.0
8747.0, 10.711281, -0.234962, -0.003103, 0.779456, 15.619285, 0.0
8762.0, 10.743818, -0.236239, -0.003101, 0.779456, 15.619285, 0.0
8779.0, 10.776349, -0.237516, -0.003099, 0.779456, 15.619285, 0.0
8779.0, 10.776349, -0.237516, -0.003099, 0.779456, 15.619285, 0.0
8796.0, 10.80888, -0.238793, -0.003097, 0.779456, 15.619285, 0.0
8796.0, 10.80888, -0.238793, -0.003097, 0.779456, 15.619285, 0.0
8813.0, 10.841409, -0.24007, -0.003097, 0.779456, 15.619285, 0.0
8831.0, 10.873938, -0.241347, -0.003094, 0.779456, 15.619285, 0.0
8831.0, 10.873938, -0.241347, -0.003094, 0.779456, 15.619285, 0.0
8846.0, 10.906454, -0.242623, -0.003088, 0.779456, 15.619285, 0.0
8846.0, 10.906454, -0.242623, -0.003088, 0.779456, 15.619285, 0.0
8863.0, 10.938966, -0.2439, -0.003082, 0.779456, 15.619285, 0.0
8879.0, 10.971478, -0.245177, -0.00308, 0.779456, 15.619285, 0.0
8879.0, 10.971478, -0.245177, -0.00308, 0.779456, 15.619285, 0.0
8897.0, 11.003992, -0.246453, -0.00308, 0.779456, 15.619285, 0.0
8897.0, 11.003992, -0.246453, -0.00308, 0.779456, 15.619285, 0.0
8913.0, 11.036508, -0.24773, -0.00308, 0.779456, 15.619285, 0.0
8947.0, 11.069025, -0.249007, -0.003083, 0.779456, 15.619285, 0.0
8947.0, 11.069025, -0.249007, -0.003083, 0.779456, 15.619285, 0.0
8958.0, 11.121431, -0.251065, -0.00309, 0.779456, 15.619285, 0.0
8958.0, 11.121431, -0.251065, -0.00309, 0.779456, 15.619285, 0.0
8958.0, 11.121431, -0.251065, -0.00309, 0.779456, 15.619285, 0.0
8973.0, 11.153922, -0.25234, -0.00316, 0.779456, 15.619285, 0.0
8990.0, 11.186485, -0.253615, -0.003155, 0.779456, 15.619285, 0.0
8990.0, 11.186485, -0.253615, -0.003155, 0.779456, 15.619285, 0.0
9006.0, 11.219069, -0.254892, -0.003178, 0.779871, 16.139936, 0.0
9006.0, 11.219069, -0.254892, -0.003178, 0.779871, 16.139936, 0.0
9023.0, 11.251658, -0.256168, -0.003108, 0.779871, 16.139936, 0.0
9041.0, 11.284241, -0.257447, -0.00308, 0.779871, 16.139936, 0.0
9041.0, 11.284241, -0.257447, -0.00308, 0.779871, 16.139936, 0.0
9057.0, 11.314901, -0.258649, -0.002199, 0.779871, 16.139936, 0.0
9057.0, 11.314901, -0.258649, -0.002199, 0.779871, 16.139936, 0.0
9073.0, 11.345008, -0.259846, -0.001466, 0.779871, 16.139936, 0.0
9091.0, 11.375127, -0.261059, -0.000985, 0.779871, 16.139936, 0.0
9091.0, 11.375127, -0.261059, -0.000985, 0.779871, 16.139936, 0.0
9107.0, 11.405464, -0.262293, -0.00089, 0.779871, 16.139936, 0.0
9107.0, 11.405464, -0.262293, -0.00089, 0.779871, 16.139936, 0.0
9123.0, 11.436084, -0.26354, -0.000975, 0.779871, 16.139936, 0.0
9142.0, 11.46698, -0.264792, -0.001283, 0.779871, 16.139936, 0.0
9142.0, 11.46698, -0.264792, -0.001283, 0.779871, 16.139936, 0.0
9157.0, 11.50022, -0.26612, -0.002464, 0.779871, 16.139936, 0.0
9157.0, 11.50022, -0.26612, -0.002464, 0.779871, 16.139936, 0.0
9172.0, 11.534369, -0.267438, -0.003681, 0.779871, 16.139936, 0.0
9190.0, 11.568858, -0.268709, -0.004519, 0.779871, 16.139936, 0.0
9190.0, 11.568858, -0.268709, -0.004519, 0.779871, 16.139936, 0.0
9206.0, 11.603484, -0.269928, -0.005083, 0.779871, 16.139936, 0.0
9206.0, 11.603484, -0.269928, -0.005083, 0.779871, 16.139936, 0.0
9223.0, 11.638212, -0.271097, -0.00531, 0.779871, 16.139936, 0.0
9240.0, 11.673061, -0.272228, -0.005413, 0.779871, 16.139936, 0.0
9240.0, 11.673061, -0.272228, -0.005413, 0.779871, 16.139936, 0.0
9257.0, 11.708017, -0.273327, -0.005313, 0.780269, 16.63994, 0.0
9257.0, 11.708017, -0.273327, -0.005313, 0.780269, 16.63994, 0.0
9273.0, 11.743072, -0.274409, -0.005186, 0.780269, 16.63994, 0.0
9290.0, 11.778213, -0.275478, -0.004936, 0.780269, 16.63994, 0.0
9290.0, 11.778213, -0.275478, -0.004936, 0.780269, 16.63994, 0.0
9306.0, 11.813424, -0.276542, -0.004715, 0.780269, 16.63994, 0.0
9306.0, 11.813424, -0.276542, -0.004715, 0.780269, 16.63994, 0.0
9323.0, 11.848695, -0.277602, -0.004415, 0.780269, 16.63994, 0.0
9340.0, 11.884011, -0.278662, -0.004178, 0.780269, 16.63994, 0.0
9340.0, 11.884011, -0.278662, -0.004178, 0.780269, 16.63994, 0.0
9356.0, 11.919379, -0.279722, -0.003892, 0.780269, 16.63994, 0.0
9356.0, 11.919379, -0.279722, -0.003892, 0.780269, 16.63994, 0.0
9372.0, 11.954781, -0.280784, -0.003686, 0.780269, 16.63994, 0.0
9390.0, 11.990207, -0.281844, -0.003436, 0.780269, 16.63994, 0.0
9390.0, 11.990207, -0.281844, -0.003436, 0.780269, 16.63994, 0.0
9406.0, 12.025648, -0.282905, -0.003272, 0.780269, 16.63994, 0.0
9406.0, 12.025648, -0.282905, -0.003272, 0.780269, 16.63994, 0.0
9423.0, 12.061105, -0.283964, -0.003066, 0.780269, 16.63994, 0.0
9440.0, 12.09657, -0.285022, -0.002948, 0.780269, 16.63994, 0.0
9440.0, 12.09657, -0.285022, -0.002948, 0.780269, 16.63994, 0.0
9456.0, 12.132046, -0.286076, -0.002788, 0.780269, 16.63994, 0.0
9456.0, 12.132046, -0.286076, -0.002788, 0.780269, 16.63994, 0.0
9472.0, 12.167525, -0.287129, -0.002714, 0.780269, 16.63994, 0.0
9490.0, 12.203012, -0.288177, -0.002595, 0.780269, 16.63994, 0.0
9490.0, 12.203012, -0.288177, -0.002595, 0.780269, 16.63994, 0.0
9507.0, 12.238503, -0.289224, -0.002556, 0.780667, 17.139944, 0.0
9507.0, 12.238503, -0.289224, -0.002556, 0.780667, 17.139944, 0.0
9523.0, 12.273997, -0.290266, -0.002468, 0.780667, 17.139944, 0.0
9541.0, 12.309494, -0.291305, -0.002457, 0.780667, 17.139944, 0.0
9541.0, 12.309494, -0.291305, -0.002457, 0.780667, 17.139944, 0.0
9557.0, 12.344982, -0.29234, -0.002386, 0.780667, 17.139944, 0.0
9557.0, 12.344982, -0.29234, -0.002386, 0.780667, 17.139944, 0.0
9573.0, 12.380466, -0.293373, -0.002389, 0.780667, 17.139944, 0.0
9590.0, 12.415955, -0.294401, -0.002336, 0.780667, 17.139944, 0.0
9590.0, 12.415955, -0.294401, -0.002336, 0.780667, 17.139944, 0.0
9607.0, 12.451445, -0.295429, -0.002355, 0.780667, 17.139944, 0.0
9607.0, 12.451445, -0.295429, -0.002355, 0.780667, 17.139944, 0.0
9623.0, 12.48694, -0.296452, -0.002315, 0.780667, 17.139944, 0.0
9641.0, 12.522437, -0.297475, -0.002344, 0.780667, 17.139944, 0.0
9641.0, 12.522437, -0.297475, -0.002344, 0.780667, 17.139944, 0.0
9657.0, 12.557952, -0.298495, -0.002317, 0.780667, 17.139944, 0.0
9657.0, 12.557952, -0.298495, -0.002317, 0.780667, 17.139944, 0.0
9674.0, 12.593472, -0.299515, -0.002355, 0.780667, 17.139944, 0.0
9689.0, 12.628995, -0.300531, -0.002327, 0.780667, 17.139944, 0.0
9689.0, 12.628995, -0.300531, -0.002327, 0.780667, 17.139944, 0.0
9705.0, 12.664516, -0.301547, -0.002361, 0.780667, 17.139944, 0.0
9706.0, 12.664516, -0.301547, -0.002361, 0.780667, 17.139944, 0.0
9722.0, 12.700039, -0.302561, -0.002329, 0.780667, 17.139944, 0.0
9741.0, 12.735559, -0.303575, -0.00236, 0.780667, 17.139944, 0.0
9741.0, 12.735559, -0.303575, -0.00236, 0.780667, 17.139944, 0.0
9757.0, 12.771066, -0.304587, -0.002321, 0.781065, 17.639948, 0.0
9757.0, 12.771066, -0.304587, -0.002321, 0.781065, 17.639948, 0.0
9773.0, 12.806565, -0.3056, -0.002346, 0.781065, 17.639948, 0.0
9790.0, 12.842068, -0.306611, -0.002309, 0.781065, 17.639948, 0.0
9790.0, 12.842068, -0.306611, -0.002309, 0.781065, 17.639948, 0.0
9807.0, 12.877569, -0.307623, -0.002339, 0.781065, 17.639948, 0.0
9807.0, 12.877569, -0.307623, -0.002339, 0.781065, 17.639948, 0.0
9823.0, 12.913074, -0.308634, -0.002306, 0.781065, 17.639948, 0.0
9842.0, 12.94858, -0.309646, -0.002339, 0.781065, 17.639948, 0.0
9842.0, 12.94858, -0.309646, -0.002339, 0.781065, 17.639948, 0.0
9857.0, 12.984101, -0.310657, -0.002313, 0.781065, 17.639948, 0.0
9857.0, 12.984101, -0.310657, -0.002313, 0.781065, 17.639948, 0.0
9873.0, 13.019627, -0.311669, -0.002352, 0.781065, 17.639948, 0.0
9890.0, 13.055155, -0.312679, -0.002324, 0.781065, 17.639948, 0.0
9890.0, 13.055155, -0.312679, -0.002324, 0.781065, 17.639948, 0.0
9907.0, 13.09068, -0.31369, -0.002358, 0.781065, 17.639948, 0.0
9907.0, 13.09068, -0.31369, -0.002358, 0.781065, 17.639948, 0.0
9923.0, 13.126205, -0.3147, -0.002326, 0.781065, 17.639948, 0.0
9941.0, 13.161728, -0.315711, -0.002357, 0.781065, 17.639948, 0.0
9941.0, 13.161728, -0.315711, -0.002357, 0.781065, 17.639948, 0.0
9957.0, 13.19725, -0.31672, -0.002322, 0.781065, 17.639948, 0.0
9957.0, 13.19725, -0.31672, -0.002322, 0.781065, 17.639948, 0.0
9973.0, 13.23277, -0.317731, -0.002352, 0.781065, 17.639948, 0.0
9990.0, 13.268291, -0.318741, -0.002317, 0.781065, 17.639948, 0.0
9990.0, 13.268291, -0.318741, -0.002317, 0.781065, 17.639948, 0.0
