1.0, 0.0, 0.0, 0.002231, 3.695057, -1.531846, 0.0
1.0, 0.0, 0.0, 0.002231, 3.695057, -1.531846, 0.0
17.0, -0.000053, -0.000265, -0.004073, 3.695057, -1.531846, 0.0
33.0, -0.000015, -0.000435, -0.009531, 3.695057, -1.531846, 0.0
33.0, -0.000015, -0.000435, -0.009531, 3.695057, -1.531846, 0.0
50.0, 0.000207, -0.000456, -0.012343, 3.695057, -1.531846, 0.0
50.0, 0.000207, -0.000456, -0.012343, 3.695057, -1.531846, 0.0
66.0, 0.000683, -0.000431, -0.013607, 3.695057, -1.531846, 0.0
84.0, 0.001464, -0.0005, -0.01376, 3.695057, -1.531846, 0.0
84.0, 0.001464, -0.0005, -0.01376, 3.695057, -1.531846, 0.0
100.0, 0.002512, -0.000734, -0.013122, 3.695124, -1.448511, 0.0
100.0, 0.002512, -0.000734, -0.013122, 3.695124, -1.448511, 0.0
116.0, 0.003761, -0.001179, -0.011942, 3.695124, -1.448511, 0.0
134.0, 0.004904, -0.001747, -0.01237, 3.695124, -1.448511, 0.0
134.0, 0.004904, -0.001747, -0.01237, 3.695124, -1.448511, 0.0
149.0, 0.006092, -0.002282, -0.013313, 3.695124, -1.448511, 0.0
149.0, 0.006092, -0.002282, -0.013313, 3.695124, -1.448511, 0.0
165.0, 0.00732, -0.00272, -0.013498, 3.695124, -1.448511, 0.0
183.0, 0.008475, -0.002977, -0.012961, 3.695124, -1.448511, 0.0
183.0, 0.008475, -0.002977, -0.012961, 3.695124, -1.448511, 0.0
201.0, 0.009578, -0.002941, -0.011982, 3.695124, -1.448511, 0.0
201.0, 0.009578, -0.002941, -0.011982, 3.695124, -1.448511, 0.0
215.0, 0.01035, -0.00296, -0.010197, 3.695124, -1.448511, 0.0
233.0, 0.011086, -0.002082, -0.008783, 3.695124, -1.448511, 0.0
233.0, 0.011086, -0.002082, -0.008783, 3.695124, -1.448511, 0.0
250.0, 0.011752, -0.0007, -0.007175, 3.695124, -1.448511, 0.0
250.0, 0.011752, -0.0007, -0.007175, 3.695124, -1.448511, 0.0
267.0, 0.012353, 0.001065, -0.005715, 3.695124, -1.448511, 0.0
285.0, 0.012836, 0.003224, -0.004398, 3.695124, -1.448511, 0.0
285.0, 0.012836, 0.003224, -0.004398, 3.695124, -1.448511, 0.0
300.0, 0.013203, 0.005791, -0.003131, 3.695124, -1.448511, 0.0
300.0, 0.013203, 0.005791, -0.003131, 3.695124, -1.448511, 0.0
316.0, 0.013414, 0.00877, -0.002014, 3.695124, -1.448511, 0.0
334.0, 0.013458, 0.012178, -0.001006, 3.695124, -1.448511, 0.0
334.0, 0.013458, 0.012178, -0.001006, 3.695124, -1.448511, 0.0
350.0, 0.013322, 0.016027, -0.000093, 3.695323, -1.19839, 0.0
350.0, 0.013322, 0.016027, -0.000093, 3.695323, -1.19839, 0.0
366.0, 0.012997, 0.020323, 0.000734, 3.695323, -1.19839, 0.0
386.0, 0.012477, 0.025068, 0.001485, 3.695323, -1.19839, 0.0
386.0, 0.012477, 0.025068, 0.001485, 3.695323, -1.19839, 0.0
400.0, 0.01175, 0.030267, 0.002169, 3.695323, -1.19839, 0.0
400.0, 0.01175, 0.030267, 0.002169, 3.695323, -1.19839, 0.0
417.0, 0.010805, 0.035912, 0.002796, 3.695323, -1.19839, 0.0
434.0, 0.009632, 0.042, 0.003373, 3.695323, -1.19839, 0.0
434.0, 0.009632, 0.042, 0.003373, 3.695323, -1.19839, 0.0
450.0, 0.008223, 0.048525, 0.003908, 3.695323, -1.19839, 0.0
450.0, 0.008223, 0.048525, 0.003908, 3.695323, -1.19839, 0.0
467.0, 0.006571, 0.055485, 0.004405, 3.695323, -1.19839, 0.0
486.0, 0.004671, 0.062877, 0.004871, 3.695323, -1.19839, 0.0
486.0, 0.004671, 0.062877, 0.004871, 3.695323, -1.19839, 0.0
500.0, 0.002508, 0.070693, 0.005311, 3.695323, -1.19839, 0.0
500.0, 0.002508, 0.070693, 0.005311, 3.695323, -1.19839, 0.0
516.0, 0.000068, 0.07892, 0.005734, 3.695323, -1.19839, 0.0
533.0, -0.002661, 0.087551, 0.006143, 3.695323, -1.19839, 0.0
533.0, -0.002661, 0.087551, 0.006143, 3.695323, -1.19839, 0.0
549.0, -0.005692, 0.096574, 0.006541, 3.695323, -1.19839, 0.0
549.0, -0.005692, 0.096574, 0.006541, 3.695323, -1.19839, 0.0
565.0, -0.009034, 0.105984, 0.00693, 3.695323, -1.19839, 0.0
583.0, -0.012696, 0.115773, 0.007309, 3.695323, -1.19839, 0.0
583.0, -0.012696, 0.115773, 0.007309, 3.695323, -1.19839, 0.0
599.0, -0.016694, 0.125924, 0.007683, 3.695522, -0.948388, 0.0
599.0, -0.016694, 0.125924, 0.007683, 3.695522, -0.948388, 0.0
616.0, -0.021044, 0.13642, 0.008054, 3.695522, -0.948388, 0.0
632.0, -0.02576, 0.147243, 0.008421, 3.695522, -0.948388, 0.0
632.0, -0.02576, 0.147243, 0.008421, 3.695522, -0.948388, 0.0
650.0, -0.030856, 0.158376, 0.008785, 3.695522, -0.948388, 0.0
650.0, -0.030856, 0.158376, 0.008785, 3.695522, -0.948388, 0.0
665.0, -0.036343, 0.169807, 0.009144, 3.695522, -0.948388, 0.0
683.0, -0.04223, 0.181524, 0.009497, 3.695522, -0.948388, 0.0
683.0, -0.04223, 0.181524, 0.009497, 3.695522, -0.948388, 0.0
699.0, -0.048531, 0.193504, 0.009843, 3.695522, -0.948388, 0.0
699.0, -0.048531, 0.193504, 0.009843, 3.695522, -0.948388, 0.0
716.0, -0.055258, 0.20572, 0.010183, 3.695522, -0.948388, 0.0
732.0, -0.062422, 0.218147, 0.010514, 3.695522, -0.948388, 0.0
732.0, -0.062422, 0.218147, 0.010514, 3.695522, -0.948388, 0.0
749.0, -0.070035, 0.230765, 0.010836, 3.695522, -0.948388, 0.0
749.0, -0.070035, 0.230765, 0.010836, 3.695522, -0.948388, 0.0
765.0, -0.078105, 0.243554, 0.011146, 3.695522, -0.948388, 0.0
783.0, -0.086638, 0.2565, 0.011444, 3.695522, -0.948388, 0.0
783.0, -0.086638, 0.2565, 0.011444, 3.695522, -0.948388, 0.0
800.0, -0.095642, 0.269575, 0.011726, 3.695522, -0.948388, 0.0
800.0, -0.095642, 0.269575, 0.011726, 3.695522, -0.948388, 0.0
816.0, -0.105121, 0.282751, 0.011993, 3.695522, -0.948388, 0.0
832.0, -0.11508, 0.295999, 0.012242, 3.695522, -0.948388, 0.0
832.0, -0.11508, 0.295999, 0.012242, 3.695522, -0.948388, 0.0
849.0, -0.125523, 0.309296, 0.012473, 3.695721, -0.698385, 0.0
849.0, -0.125523, 0.309296, 0.012473, 3.695721, -0.698385, 0.0
866.0, -0.136453, 0.322623, 0.012684, 3.695721, -0.698385, 0.0
886.0, -0.147872, 0.335963, 0.012875, 3.695721, -0.698385, 0.0
886.0, -0.147872, 0.335963, 0.012875, 3.695721, -0.698385, 0.0
899.0, -0.159686, 0.349326, 0.013009, 3.695721, -0.698385, 0.0
899.0, -0.159686, 0.349326, 0.013009, 3.695721, -0.698385, 0.0
916.0, -0.171771, 0.362727, 0.013049, 3.695721, -0.698385, 0.0
933.0, -0.18401, 0.376184, 0.01298, 3.695721, -0.698385, 0.0
933.0, -0.18401, 0.376184, 0.01298, 3.695721, -0.698385, 0.0
950.0, -0.196295, 0.389714, 0.0128, 3.695721, -0.698385, 0.0
950.0, -0.196295, 0.389714, 0.0128, 3.695721, -0.698385, 0.0
966.0, -0.208535, 0.403332, 0.01252, 3.695721, -0.698385, 0.0
985.0, -0.220653, 0.417051, 0.012158, 3.695721, -0.698385, 0.0
985.0, -0.220653, 0.417051, 0.012158, 3.695721, -0.698385, 0.0
1000.0, -0.232586, 0.430887, 0.011737, 3.695721, -0.698385, 0.0
1000.0, -0.232586, 0.430887, 0.011737, 3.695721, -0.698385, 0.0
1015.0, -0.244286, 0.444857, 0.011282, 3.695721, -0.698385, 0.0
1032.0, -0.255712, 0.458976, 0.010812, 3.695721, -0.698385, 0.0
1032.0, -0.255712, 0.458976, 0.010812, 3.695721, -0.698385, 0.0
1049.0, -0.266831, 0.473258, 0.010348, 3.695721, -0.698385, 0.0
1049.0, -0.266831, 0.473258, 0.010348, 3.695721, -0.698385, 0.0
1065.0, -0.277618, 0.487715, 0.009902, 3.695721, -0.698385, 0.0
1083.0, -0.288051, 0.502357, 0.009487, 3.695721, -0.698385, 0.0
1083.0, -0.288051, 0.502357, 0.009487, 3.695721, -0.698385, 0.0
1099.0, -0.298112, 0.517192, 0.009109, 3.69592, -0.448383, 0.0
1099.0, -0.298112, 0.517192, 0.009109, 3.69592, -0.448383, 0.0
1115.0, -0.307786, 0.532228, 0.008772, 3.69592, -0.448383, 0.0
1133.0, -0.317062, 0.547469, 0.008479, 3.69592, -0.448383, 0.0
1133.0, -0.317062, 0.547469, 0.008479, 3.69592, -0.448383, 0.0
1150.0, -0.325931, 0.562921, 0.008229, 3.69592, -0.448383, 0.0
1150.0, -0.325931, 0.562921, 0.008229, 3.69592, -0.448383, 0.0
1166.0, -0.334384, 0.578586, 0.008021, 3.69592, -0.448383, 0.0
1184.0, -0.342415, 0.594467, 0.007853, 3.69592, -0.448383, 0.0
1184.0, -0.342415, 0.594467, 0.007853, 3.69592, -0.448383, 0.0
1200.0, -0.350019, 0.610566, 0.007721, 3.69592, -0.448383, 0.0
1200.0, -0.350019, 0.610566, 0.007721, 3.69592, -0.448383, 0.0
1215.0, -0.357189, 0.62688, 0.007621, 3.69592, -0.448383, 0.0
1233.0, -0.36392, 0.643408, 0.007551, 3.69592, -0.448383, 0.0
1233.0, -0.36392, 0.643408, 0.007551, 3.69592, -0.448383, 0.0
1248.0, -0.37021, 0.660148, 0.007505, 3.69592, -0.448383, 0.0
1249.0, -0.37021, 0.660148, 0.007505, 3.69592, -0.448383, 0.0
1267.0, -0.376054, 0.677099, 0.007482, 3.69592, -0.448383, 0.0
1284.0, -0.381451, 0.694259, 0.007478, 3.69592, -0.448383, 0.0
1284.0, -0.381451, 0.694259, 0.007478, 3.69592, -0.448383, 0.0
1299.0, -0.386396, 0.711622, 0.007489, 3.69592, -0.448383, 0.0
1299.0, -0.386396, 0.711622, 0.007489, 3.69592, -0.448383, 0.0
1316.0, -0.390886, 0.729185, 0.007515, 3.69592, -0.448383, 0.0
1333.0, -0.394917, 0.746941, 0.007551, 3.69592, -0.448383, 0.0
1333.0, -0.394917, 0.746941, 0.007551, 3.69592, -0.448383, 0.0
1349.0, -0.398488, 0.764886, 0.007597, 3.696119, -0.198381, 0.0
1349.0, -0.398488, 0.764886, 0.007597, 3.696119, -0.198381, 0.0
1367.0, -0.401596, 0.783016, 0.007651, 3.696119, -0.198381, 0.0
1385.0, -0.40424, 0.801328, 0.007712, 3.696119, -0.198381, 0.0
1385.0, -0.40424, 0.801328, 0.007712, 3.696119, -0.198381, 0.0
1400.0, -0.406416, 0.819815, 0.007779, 3.696119, -0.198381, 0.0
1400.0, -0.406416, 0.819815, 0.007779, 3.696119, -0.198381, 0.0
1417.0, -0.408121, 0.838469, 0.00785, 3.696119, -0.198381, 0.0
1434.0, -0.409353, 0.857283, 0.007925, 3.696119, -0.198381, 0.0
1434.0, -0.409353, 0.857283, 0.007925, 3.696119, -0.198381, 0.0
1450.0, -0.41011, 0.87625, 0.008003, 3.696119, -0.198381, 0.0
1450.0, -0.41011, 0.87625, 0.008003, 3.696119, -0.198381, 0.0
1465.0, -0.41039, 0.895366, 0.008083, 3.696119, -0.198381, 0.0
1483.0, -0.410192, 0.914625, 0.008165, 3.696119, -0.198381, 0.0
1483.0, -0.410192, 0.914625, 0.008165, 3.696119, -0.198381, 0.0
1499.0, -0.409512, 0.934021, 0.008249, 3.696119, -0.198381, 0.0
1499.0, -0.409512, 0.934021, 0.008249, 3.696119, -0.198381, 0.0
1515.0, -0.408349, 0.953543, 0.008333, 3.696119, -0.198381, 0.0
1532.0, -0.406701, 0.973188, 0.008418, 3.696119, -0.198381, 0.0
1532.0, -0.406701, 0.973188, 0.008418, 3.696119, -0.198381, 0.0
1549.0, -0.404567, 0.992943, 0.008503, 3.696119, -0.198381, 0.0
1550.0, -0.404567, 0.992943, 0.008503, 3.696119, -0.198381, 0.0
1566.0, -0.401944, 1.012805, 0.008587, 3.696119, -0.198381, 0.0
1584.0, -0.398833, 1.032768, 0.00867, 3.696119, -0.198381, 0.0
1584.0, -0.398833, 1.032768, 0.00867, 3.696119, -0.198381, 0.0
1600.0, -0.39523, 1.052824, 0.008752, 3.696318, 0.051626, 0.0
1600.0, -0.39523, 1.052824, 0.008752, 3.696318, 0.051626, 0.0
1615.0, -0.391136, 1.072963, 0.008833, 3.696318, 0.051626, 0.0
1635.0, -0.386548, 1.093179, 0.008911, 3.696318, 0.051626, 0.0
1635.0, -0.386548, 1.093179, 0.008911, 3.696318, 0.051626, 0.0
1651.0, -0.381466, 1.113464, 0.008987, 3.696318, 0.051626, 0.0
1651.0, -0.381466, 1.113464, 0.008987, 3.696318, 0.051626, 0.0
1666.0, -0.375888, 1.133813, 0.009059, 3.696318, 0.051626, 0.0
1686.0, -0.369814, 1.15422, 0.009128, 3.696318, 0.051626, 0.0
1686.0, -0.369814, 1.15422, 0.009128, 3.696318, 0.051626, 0.0
1701.0, -0.363243, 1.174676, 0.009193, 3.696318, 0.051626, 0.0
1701.0, -0.363243, 1.174676, 0.009193, 3.696318, 0.051626, 0.0
1715.0, -0.356175, 1.195173, 0.009255, 3.696318, 0.051626, 0.0
1732.0, -0.348609, 1.215703, 0.009312, 3.696318, 0.051626, 0.0
1732.0, -0.348609, 1.215703, 0.009312, 3.696318, 0.051626, 0.0
1748.0, -0.340545, 1.236259, 0.009364, 3.696318, 0.051626, 0.0
1748.0, -0.340545, 1.236259, 0.009364, 3.696318, 0.051626, 0.0
1766.0, -0.331982, 1.256833, 0.009412, 3.696318, 0.051626, 0.0
1785.0, -0.32292, 1.277423, 0.009455, 3.696318, 0.051626, 0.0
1785.0, -0.32292, 1.277423, 0.009455, 3.696318, 0.051626, 0.0
1799.0, -0.313358, 1.298021, 0.009492, 3.696318, 0.051626, 0.0
1799.0, -0.313358, 1.298021, 0.009492, 3.696318, 0.051626, 0.0
1815.0, -0.303297, 1.318617, 0.009524, 3.696318, 0.051626, 0.0
1833.0, -0.292738, 1.339202, 0.009551, 3.696318, 0.051626, 0.0
1833.0, -0.292738, 1.339202, 0.009551, 3.696318, 0.051626, 0.0
1849.0, -0.28168, 1.359772, 0.009572, 3.696517, 0.301628, 0.0
1849.0, -0.28168, 1.359772, 0.009572, 3.696517, 0.301628, 0.0
1867.0, -0.270124, 1.380319, 0.009587, 3.696517, 0.301628, 0.0
1885.0, -0.25807, 1.400839, 0.009597, 3.696517, 0.301628, 0.0
1885.0, -0.25807, 1.400839, 0.009597, 3.696517, 0.301628, 0.0
1900.0, -0.245518, 1.421324, 0.009601, 3.696517, 0.301628, 0.0
1900.0, -0.245518, 1.421324, 0.009601, 3.696517, 0.301628, 0.0
1915.0, -0.232469, 1.441767, 0.0096, 3.696517, 0.301628, 0.0
1933.0, -0.218923, 1.462161, 0.009593, 3.696517, 0.301628, 0.0
1933.0, -0.218923, 1.462161, 0.009593, 3.696517, 0.301628, 0.0
1950.0, -0.204877, 1.482506, 0.00958, 3.696517, 0.301628, 0.0
1950.0, -0.204877, 1.482506, 0.00958, 3.696517, 0.301628, 0.0
1966.0, -0.190341, 1.502783, 0.009561, 3.696517, 0.301628, 0.0
1984.0, -0.175311, 1.522994, 0.009536, 3.696517, 0.301628, 0.0
1984.0, -0.175311, 1.522994, 0.009536, 3.696517, 0.301628, 0.0
1999.0, -0.159787, 1.543133, 0.009506, 3.696517, 0.301628, 0.0
1999.0, -0.159787, 1.543133, 0.009506, 3.696517, 0.301628, 0.0
2016.0, -0.143771, 1.563191, 0.009471, 3.696517, 0.301628, 0.0
2033.0, -0.127264, 1.583164, 0.00943, 3.696517, 0.301628, 0.0
2033.0, -0.127264, 1.583164, 0.00943, 3.696517, 0.301628, 0.0
2051.0, -0.110266, 1.603047, 0.009384, 3.696517, 0.301628, 0.0
2051.0, -0.110266, 1.603047, 0.009384, 3.696517, 0.301628, 0.0
2066.0, -0.092772, 1.62284, 0.009333, 3.696517, 0.301628, 0.0
2085.0, -0.074796, 1.642528, 0.009276, 3.696517, 0.301628, 0.0
2085.0, -0.074796, 1.642528, 0.009276, 3.696517, 0.301628, 0.0
2100.0, -0.056331, 1.66211, 0.009214, 3.696717, 0.551642, 0.0
2100.0, -0.056331, 1.66211, 0.009214, 3.696717, 0.551642, 0.0
2116.0, -0.03738, 1.681581, 0.009148, 3.696717, 0.551642, 0.0
2133.0, -0.017943, 1.700936, 0.009077, 3.696717, 0.551642, 0.0
2133.0, -0.017943, 1.700936, 0.009077, 3.696717, 0.551642, 0.0
2153.0, 0.001977, 1.720169, 0.009001, 3.696717, 0.551642, 0.0
2153.0, 0.001977, 1.720169, 0.009001, 3.696717, 0.551642, 0.0
2165.0, 0.022381, 1.739278, 0.008921, 3.696717, 0.551642, 0.0
2183.0, 0.043268, 1.758258, 0.008836, 3.696717, 0.551642, 0.0
2183.0, 0.043268, 1.758258, 0.008836, 3.696717, 0.551642, 0.0
2200.0, 0.064635, 1.777104, 0.008747, 3.696717, 0.551642, 0.0
2200.0, 0.064635, 1.777104, 0.008747, 3.696717, 0.551642, 0.0
2215.0, 0.086482, 1.795812, 0.008654, 3.696717, 0.551642, 0.0
2233.0, 0.108807, 1.814378, 0.008557, 3.696717, 0.551642, 0.0
2233.0, 0.108807, 1.814378, 0.008557, 3.696717, 0.551642, 0.0
2249.0, 0.13161, 1.832796, 0.008457, 3.696717, 0.551642, 0.0
2249.0, 0.13161, 1.832796, 0.008457, 3.696717, 0.551642, 0.0
2267.0, 0.154889, 1.851064, 0.008352, 3.696717, 0.551642, 0.0
2283.0, 0.178643, 1.869179, 0.008244, 3.696717, 0.551642, 0.0
2283.0, 0.178643, 1.869179, 0.008244, 3.696717, 0.551642, 0.0
2299.0, 0.202872, 1.887138, 0.008132, 3.696717, 0.551642, 0.0
2299.0, 0.202872, 1.887138, 0.008132, 3.696717, 0.551642, 0.0
2316.0, 0.227574, 1.904935, 0.008017, 3.696717, 0.551642, 0.0
2335.0, 0.252748, 1.922566, 0.007899, 3.696717, 0.551642, 0.0
2335.0, 0.252748, 1.922566, 0.007899, 3.696717, 0.551642, 0.0
2349.0, 0.278391, 1.940027, 0.007779, 3.696916, 0.801644, 0.0
2349.0, 0.278391, 1.940027, 0.007779, 3.696916, 0.801644, 0.0
2366.0, 0.304502, 1.957316, 0.007655, 3.696916, 0.801644, 0.0
2385.0, 0.331082, 1.97443, 0.007528, 3.696916, 0.801644, 0.0
2385.0, 0.331082, 1.97443, 0.007528, 3.696916, 0.801644, 0.0
2399.0, 0.358128, 1.991366, 0.007399, 3.696916, 0.801644, 0.0
2399.0, 0.358128, 1.991366, 0.007399, 3.696916, 0.801644, 0.0
2416.0, 0.385639, 2.00812, 0.007267, 3.696916, 0.801644, 0.0
2436.0, 0.413616, 2.02469, 0.007133, 3.696916, 0.801644, 0.0
2436.0, 0.413616, 2.02469, 0.007133, 3.696916, 0.801644, 0.0
2449.0, 0.442055, 2.041073, 0.006996, 3.696916, 0.801644, 0.0
2449.0, 0.442055, 2.041073, 0.006996, 3.696916, 0.801644, 0.0
2465.0, 0.470957, 2.057266, 0.006857, 3.696916, 0.801644, 0.0
2484.0, 0.50032, 2.073267, 0.006716, 3.696916, 0.801644, 0.0
2484.0, 0.50032, 2.073267, 0.006716, 3.696916, 0.801644, 0.0
2499.0, 0.53005, 2.089118, 0.006613, 3.696916, 0.801644, 0.0
2499.0, 0.53005, 2.089118, 0.006613, 3.696916, 0.801644, 0.0
2515.0, 0.560032, 2.104868, 0.006585, 3.696916, 0.801644, 0.0
2533.0, 0.59015, 2.120568, 0.006656, 3.696916, 0.801644, 0.0
2533.0, 0.59015, 2.120568, 0.006656, 3.696916, 0.801644, 0.0
2550.0, 0.620302, 2.13626, 0.006831, 3.696916, 0.801644, 0.0
2550.0, 0.620302, 2.13626, 0.006831, 3.696916, 0.801644, 0.0
2566.0, 0.6504, 2.151981, 0.007105, 3.696916, 0.801644, 0.0
2584.0, 0.680372, 2.167761, 0.007464, 3.696916, 0.801644, 0.0
2584.0, 0.680372, 2.167761, 0.007464, 3.696916, 0.801644, 0.0
2600.0, 0.710159, 2.183626, 0.00789, 3.697115, 1.051645, 0.0
2600.0, 0.710159, 2.183626, 0.00789, 3.697115, 1.051645, 0.0
2617.0, 0.739709, 2.199597, 0.008365, 3.697115, 1.051645, 0.0
2632.0, 0.768985, 2.215692, 0.008869, 3.697115, 1.051645, 0.0
2632.0, 0.768985, 2.215692, 0.008869, 3.697115, 1.051645, 0.0
2649.0, 0.797944, 2.231922, 0.009387, 3.697115, 1.051645, 0.0
2649.0, 0.797944, 2.231922, 0.009387, 3.697115, 1.051645, 0.0
2665.0, 0.826564, 2.248302, 0.009905, 3.697115, 1.051645, 0.0
2685.0, 0.854823, 2.264843, 0.010412, 3.697115, 1.051645, 0.0
2685.0, 0.854823, 2.264843, 0.010412, 3.697115, 1.051645, 0.0
2700.0, 0.882701, 2.281552, 0.0109, 3.697115, 1.051645, 0.0
2700.0, 0.882701, 2.281552, 0.0109, 3.697115, 1.051645, 0.0
2716.0, 0.910184, 2.298434, 0.011364, 3.697115, 1.051645, 0.0
2733.0, 0.937258, 2.315495, 0.0118, 3.697115, 1.051645, 0.0
2733.0, 0.937258, 2.315495, 0.0118, 3.697115, 1.051645, 0.0
2750.0, 0.963912, 2.332739, 0.012206, 3.697115, 1.051645, 0.0
2750.0, 0.963912, 2.332739, 0.012206, 3.697115, 1.051645, 0.0
2766.0, 0.990156, 2.350178, 0.012584, 3.697115, 1.051645, 0.0
2784.0, 1.015949, 2.367795, 0.012932, 3.697115, 1.051645, 0.0
2784.0, 1.015949, 2.367795, 0.012932, 3.697115, 1.051645, 0.0
2800.0, 1.041298, 2.385597, 0.013254, 3.697115, 1.051645, 0.0
2800.0, 1.041298, 2.385597, 0.013254, 3.697115, 1.051645, 0.0
2816.0, 1.066201, 2.403585, 0.013552, 3.697115, 1.051645, 0.0
2831.0, 1.090653, 2.421758, 0.013826, 3.697115, 1.051645, 0.0
2831.0, 1.090653, 2.421758, 0.013826, 3.697115, 1.051645, 0.0
2848.0, 1.114651, 2.440115, 0.014079, 3.697314, 1.30166, 0.0
2848.0, 1.114651, 2.440115, 0.014079, 3.697314, 1.30166, 0.0
2865.0, 1.138192, 2.458655, 0.014314, 3.697314, 1.30166, 0.0
2883.0, 1.161274, 2.477376, 0.014534, 3.697314, 1.30166, 0.0
2883.0, 1.161274, 2.477376, 0.014534, 3.697314, 1.30166, 0.0
2899.0, 1.183895, 2.496277, 0.014738, 3.697314, 1.30166, 0.0
2899.0, 1.183895, 2.496277, 0.014738, 3.697314, 1.30166, 0.0
2916.0, 1.206053, 2.515354, 0.014931, 3.697314, 1.30166, 0.0
2933.0, 1.227744, 2.534604, 0.015114, 3.697314, 1.30166, 0.0
2933.0, 1.227744, 2.534604, 0.015114, 3.697314, 1.30166, 0.0
2949.0, 1.248967, 2.554023, 0.015288, 3.697314, 1.30166, 0.0
2949.0, 1.248967, 2.554023, 0.015288, 3.697314, 1.30166, 0.0
2966.0, 1.269719, 2.573609, 0.015455, 3.697314, 1.30166, 0.0
2983.0, 1.290006, 2.593365, 0.015616, 3.697314, 1.30166, 0.0
2985.0, 1.290006, 2.593365, 0.015616, 3.697314, 1.30166, 0.0
3000.0, 1.309815, 2.613279, 0.015771, 3.697314, 1.30166, 0.0
3000.0, 1.309815, 2.613279, 0.015771, 3.697314, 1.30166, 0.0
3015.0, 1.329151, 2.633353, 0.015921, 3.697314, 1.30166, 0.0
3033.0, 1.348014, 2.653588, 0.016066, 3.697314, 1.30166, 0.0
3033.0, 1.348014, 2.653588, 0.016066, 3.697314, 1.30166, 0.0
3049.0, 1.366403, 2.67398, 0.016207, 3.697314, 1.30166, 0.0
3049.0, 1.366403, 2.67398, 0.016207, 3.697314, 1.30166, 0.0
3067.0, 1.384317, 2.694529, 0.016344, 3.697314, 1.30166, 0.0
3084.0, 1.401757, 2.715234, 0.016477, 3.697314, 1.30166, 0.0
3084.0, 1.401757, 2.715234, 0.016477, 3.697314, 1.30166, 0.0
3100.0, 1.418722, 2.736094, 0.016606, 3.697513, 1.551666, 0.0
3100.0, 1.418722, 2.736094, 0.016606, 3.697513, 1.551666, 0.0
3115.0, 1.435213, 2.757111, 0.016732, 3.697513, 1.551666, 0.0
3133.0, 1.451229, 2.778284, 0.016855, 3.697513, 1.551666, 0.0
3133.0, 1.451229, 2.778284, 0.016855, 3.697513, 1.551666, 0.0
3149.0, 1.466771, 2.799616, 0.016976, 3.697513, 1.551666, 0.0
3149.0, 1.466771, 2.799616, 0.016976, 3.697513, 1.551666, 0.0
3166.0, 1.48184, 2.821106, 0.017093, 3.697513, 1.551666, 0.0
3185.0, 1.496434, 2.842754, 0.017208, 3.697513, 1.551666, 0.0
3185.0, 1.496434, 2.842754, 0.017208, 3.697513, 1.551666, 0.0
3200.0, 1.51065, 2.864527, 0.01728, 3.697513, 1.551666, 0.0
3200.0, 1.51065, 2.864527, 0.01728, 3.697513, 1.551666, 0.0
3216.0, 1.524605, 2.886376, 0.017273, 3.697513, 1.551666, 0.0
3233.0, 1.538415, 2.90826, 0.017167, 3.697513, 1.551666, 0.0
3233.0, 1.538415, 2.90826, 0.017167, 3.697513, 1.551666, 0.0
3251.0, 1.552183, 2.930138, 0.016957, 3.697513, 1.551666, 0.0
3251.0, 1.552183, 2.930138, 0.016957, 3.697513, 1.551666, 0.0
3266.0, 1.565998, 2.951977, 0.01665, 3.697513, 1.551666, 0.0
3286.0, 1.579934, 2.973752, 0.016263, 3.697513, 1.551666, 0.0
3286.0, 1.579934, 2.973752, 0.016263, 3.697513, 1.551666, 0.0
3299.0, 1.594052, 2.995435, 0.015812, 3.697513, 1.551666, 0.0
3299.0, 1.594052, 2.995435, 0.015812, 3.697513, 1.551666, 0.0
3315.0, 1.608402, 3.017007, 0.01532, 3.697513, 1.551666, 0.0
3332.0, 1.623024, 3.038448, 0.014803, 3.697513, 1.551666, 0.0
3332.0, 1.623024, 3.038448, 0.014803, 3.697513, 1.551666, 0.0
3351.0, 1.637953, 3.059743, 0.014279, 3.697712, 1.801668, 0.0
3351.0, 1.637953, 3.059743, 0.014279, 3.697712, 1.801668, 0.0
3366.0, 1.653216, 3.080879, 0.013759, 3.697712, 1.801668, 0.0
3384.0, 1.668835, 3.101845, 0.013255, 3.697712, 1.801668, 0.0
3384.0, 1.668835, 3.101845, 0.013255, 3.697712, 1.801668, 0.0
3400.0, 1.684829, 3.122633, 0.012773, 3.697712, 1.801668, 0.0
3400.0, 1.684829, 3.122633, 0.012773, 3.697712, 1.801668, 0.0
3416.0, 1.701212, 3.143233, 0.012319, 3.697712, 1.801668, 0.0
3433.0, 1.717996, 3.163638, 0.011895, 3.697712, 1.801668, 0.0
3433.0, 1.717996, 3.163638, 0.011895, 3.697712, 1.801668, 0.0
3450.0, 1.73519, 3.183843, 0.011501, 3.697712, 1.801668, 0.0
3450.0, 1.73519, 3.183843, 0.011501, 3.697712, 1.801668, 0.0
3465.0, 1.752803, 3.203842, 0.011139, 3.697712, 1.801668, 0.0
3484.0, 1.77084, 3.223631, 0.010804, 3.697712, 1.801668, 0.0
3484.0, 1.77084, 3.223631, 0.010804, 3.697712, 1.801668, 0.0
3499.0, 1.789307, 3.243207, 0.010496, 3.697712, 1.801668, 0.0
3499.0, 1.789307, 3.243207, 0.010496, 3.697712, 1.801668, 0.0
3517.0, 1.808303, 3.262669, 0.010211, 3.697712, 1.801668, 0.0
3533.0, 1.827643, 3.281816, 0.009946, 3.697712, 1.801668, 0.0
3533.0, 1.827643, 3.281816, 0.009946, 3.697712, 1.801668, 0.0
3551.0, 1.847425, 3.300747, 0.009698, 3.697712, 1.801668, 0.0
3551.0, 1.847425, 3.300747, 0.009698, 3.697712, 1.801668, 0.0
3566.0, 1.867652, 3.319464, 0.009466, 3.697712, 1.801668, 0.0
3584.0, 1.888324, 3.337964, 0.009246, 3.697712, 1.801668, 0.0
3584.0, 1.888324, 3.337964, 0.009246, 3.697712, 1.801668, 0.0
3600.0, 1.909433, 3.356242, 0.00904, 3.697911, 2.051756, 0.0
3600.0, 1.909433, 3.356242, 0.00904, 3.697911, 2.051756, 0.0
3616.0, 1.930991, 3.374308, 0.008842, 3.697911, 2.051756, 0.0
3633.0, 1.953003, 3.392168, 0.008649, 3.697911, 2.051756, 0.0
3633.0, 1.953003, 3.392168, 0.008649, 3.697911, 2.051756, 0.0
3650.0, 1.975471, 3.409825, 0.008459, 3.697911, 2.051756, 0.0
3650.0, 1.975471, 3.409825, 0.008459, 3.697911, 2.051756, 0.0
3666.0, 1.998397, 3.427283, 0.008271, 3.697911, 2.051756, 0.0
3685.0, 2.021784, 3.444544, 0.008087, 3.697911, 2.051756, 0.0
3685.0, 2.021784, 3.444544, 0.008087, 3.697911, 2.051756, 0.0
3701.0, 2.045547, 3.461651, 0.007942, 3.697911, 2.051756, 0.0
3701.0, 2.045547, 3.461651, 0.007942, 3.697911, 2.051756, 0.0
