1.0, 0.0, 0.0, 0.002231, 4.618822, -1.914807, 0.0
1.0, 0.0, 0.0, 0.002231, 4.618822, -1.914807, 0.0
17.0, -0.000051, -0.000261, -0.004074, 4.618822, -1.914807, 0.0
17.0, -0.000051, -0.000261, -0.004074, 4.618822, -1.914807, 0.0
33.0, -0.000087, -0.000355, -0.009501, 4.618822, -1.914807, 0.0
49.0, -0.000115, -0.000153, -0.01221, 4.618822, -1.914807, 0.0
49.0, -0.000115, -0.000153, -0.01221, 4.618822, -1.914807, 0.0
66.0, -0.000164, 0.000316, -0.013278, 4.618822, -1.914807, 0.0
66.0, -0.000164, 0.000316, -0.013278, 4.618822, -1.914807, 0.0
82.0, -0.000274, 0.000977, -0.013135, 4.618822, -1.914807, 0.0
99.0, -0.000482, 0.001746, -0.012138, 4.618822, -1.914807, 0.0
99.0, -0.000482, 0.001746, -0.012138, 4.618822, -1.914807, 0.0
117.0, -0.000824, 0.002538, -0.010576, 4.618822, -1.914807, 0.0
117.0, -0.000824, 0.002538, -0.010576, 4.618822, -1.914807, 0.0
132.0, -0.001344, 0.003167, -0.009836, 4.618822, -1.914807, 0.0
150.0, -0.001988, 0.004101, -0.008955, 4.618822, -1.914807, 0.0
150.0, -0.001988, 0.004101, -0.008955, 4.618822, -1.914807, 0.0
166.0, -0.002833, 0.005437, -0.007435, 4.618822, -1.914807, 0.0
166.0, -0.002833, 0.005437, -0.007435, 4.618822, -1.914807, 0.0
182.0, -0.003891, 0.007122, -0.005295, 4.618822, -1.914807, 0.0
200.0, -0.005155, 0.009268, -0.003076, 4.618822, -1.914807, 0.0
200.0, -0.005155, 0.009268, -0.003076, 4.618822, -1.914807, 0.0
216.0, -0.006305, 0.011411, -0.002684, 4.618822, -1.914807, 0.0
216.0, -0.006305, 0.011411, -0.002684, 4.618822, -1.914807, 0.0
233.0, -0.007821, 0.014542, -0.001541, 4.465032, -1.762183, 0.0
250.0, -0.009573, 0.018253, -0.000252, 4.465032, -1.762183, 0.0
250.0, -0.009573, 0.018253, -0.000252, 4.465032, -1.762183, 0.0
266.0, -0.011488, 0.022455, 0.00085, 4.465032, -1.762183, 0.0
266.0, -0.011488, 0.022455, 0.00085, 4.465032, -1.762183, 0.0
283.0, -0.013576, 0.027141, 0.001792, 4.465032, -1.762183, 0.0
299.0, -0.015824, 0.03228, 0.002579, 4.465032, -1.762183, 0.0
299.0, -0.015824, 0.03228, 0.002579, 4.465032, -1.762183, 0.0
317.0, -0.018238, 0.037872, 0.00325, 4.465032, -1.762183, 0.0
317.0, -0.018238, 0.037872, 0.00325, 4.465032, -1.762183, 0.0
332.0, -0.020816, 0.043922, 0.003824, 4.465032, -1.762183, 0.0
349.0, -0.02356, 0.05043, 0.004322, 4.465032, -1.762183, 0.0
349.0, -0.02356, 0.05043, 0.004322, 4.465032, -1.762183, 0.0
366.0, -0.026468, 0.0574, 0.004759, 4.465032, -1.762183, 0.0
366.0, -0.026468, 0.0574, 0.004759, 4.465032, -1.762183, 0.0
382.0, -0.029542, 0.064832, 0.005148, 4.465032, -1.762183, 0.0
400.0, -0.032782, 0.072728, 0.0055, 4.465032, -1.762183, 0.0
400.0, -0.032782, 0.072728, 0.0055, 4.465032, -1.762183, 0.0
417.0, -0.036187, 0.081089, 0.005825, 4.465032, -1.762183, 0.0
417.0, -0.036187, 0.081089, 0.005825, 4.465032, -1.762183, 0.0
433.0, -0.039762, 0.089914, 0.006132, 4.465032, -1.762183, 0.0
449.0, -0.043511, 0.099203, 0.006428, 4.465032, -1.762183, 0.0
449.0, -0.043511, 0.099203, 0.006428, 4.465032, -1.762183, 0.0
466.0, -0.047438, 0.108955, 0.006717, 4.465032, -1.762183, 0.0
466.0, -0.047438, 0.108955, 0.006717, 4.465032, -1.762183, 0.0
482.0, -0.051547, 0.119169, 0.007004, 4.287582, -1.586079, 0.0
499.0, -0.05584, 0.129845, 0.007291, 4.287582, -1.586079, 0.0
499.0, -0.05584, 0.129845, 0.007291, 4.287582, -1.586079, 0.0
517.0, -0.060322, 0.140981, 0.007579, 4.287582, -1.586079, 0.0
517.0, -0.060322, 0.140981, 0.007579, 4.287582, -1.586079, 0.0
533.0, -0.064997, 0.152575, 0.007871, 4.287582, -1.586079, 0.0
549.0, -0.069874, 0.164625, 0.008167, 4.287582, -1.586079, 0.0
549.0, -0.069874, 0.164625, 0.008167, 4.287582, -1.586079, 0.0
566.0, -0.074957, 0.177127, 0.008468, 4.287582, -1.586079, 0.0
566.0, -0.074957, 0.177127, 0.008468, 4.287582, -1.586079, 0.0
582.0, -0.080253, 0.19008, 0.008774, 4.287582, -1.586079, 0.0
599.0, -0.085766, 0.203482, 0.009085, 4.287582, -1.586079, 0.0
599.0, -0.085766, 0.203482, 0.009085, 4.287582, -1.586079, 0.0
617.0, -0.091501, 0.21733, 0.009398, 4.287582, -1.586079, 0.0
617.0, -0.091501, 0.21733, 0.009398, 4.287582, -1.586079, 0.0
632.0, -0.097465, 0.231622, 0.009715, 4.287582, -1.586079, 0.0
649.0, -0.103668, 0.246353, 0.010036, 4.287582, -1.586079, 0.0
649.0, -0.103668, 0.246353, 0.010036, 4.287582, -1.586079, 0.0
666.0, -0.110115, 0.261517, 0.01036, 4.287582, -1.586079, 0.0
666.0, -0.110115, 0.261517, 0.01036, 4.287582, -1.586079, 0.0
682.0, -0.116814, 0.277111, 0.010686, 4.287582, -1.586079, 0.0
699.0, -0.123771, 0.293132, 0.011014, 4.287582, -1.586079, 0.0
699.0, -0.123771, 0.293132, 0.011014, 4.287582, -1.586079, 0.0
717.0, -0.13099, 0.309577, 0.011341, 4.287582, -1.586079, 0.0
717.0, -0.13099, 0.309577, 0.011341, 4.287582, -1.586079, 0.0
732.0, -0.138481, 0.326441, 0.011669, 4.110132, -1.409975, 0.0
748.0, -0.146251, 0.343716, 0.011997, 4.110132, -1.409975, 0.0
748.0, -0.146251, 0.343716, 0.011997, 4.110132, -1.409975, 0.0
765.0, -0.15431, 0.361397, 0.012326, 4.110132, -1.409975, 0.0
765.0, -0.15431, 0.361397, 0.012326, 4.110132, -1.409975, 0.0
782.0, -0.162665, 0.379478, 0.012655, 4.110132, -1.409975, 0.0
798.0, -0.171322, 0.397956, 0.012981, 4.110132, -1.409975, 0.0
798.0, -0.171322, 0.397956, 0.012981, 4.110132, -1.409975, 0.0
817.0, -0.180287, 0.416826, 0.013306, 4.110132, -1.409975, 0.0
817.0, -0.180287, 0.416826, 0.013306, 4.110132, -1.409975, 0.0
832.0, -0.189567, 0.436081, 0.013628, 4.110132, -1.409975, 0.0
850.0, -0.199171, 0.455713, 0.013948, 4.110132, -1.409975, 0.0
850.0, -0.199171, 0.455713, 0.013948, 4.110132, -1.409975, 0.0
866.0, -0.209109, 0.475716, 0.014266, 4.110132, -1.409975, 0.0
866.0, -0.209109, 0.475716, 0.014266, 4.110132, -1.409975, 0.0
882.0, -0.219386, 0.496082, 0.014581, 4.110132, -1.409975, 0.0
899.0, -0.230009, 0.516807, 0.014893, 4.110132, -1.409975, 0.0
899.0, -0.230009, 0.516807, 0.014893, 4.110132, -1.409975, 0.0
917.0, -0.240982, 0.537887, 0.015201, 4.110132, -1.409975, 0.0
917.0, -0.240982, 0.537887, 0.015201, 4.110132, -1.409975, 0.0
933.0, -0.252315, 0.559315, 0.015505, 4.110132, -1.409975, 0.0
950.0, -0.264013, 0.581081, 0.015804, 4.110132, -1.409975, 0.0
950.0, -0.264013, 0.581081, 0.015804, 4.110132, -1.409975, 0.0
966.0, -0.276084, 0.603178, 0.0161, 4.110132, -1.409975, 0.0
966.0, -0.276084, 0.603178, 0.0161, 4.110132, -1.409975, 0.0
981.0, -0.288534, 0.6256, 0.016391, 3.932683, -1.233871, 0.0
999.0, -0.301368, 0.648339, 0.016677, 3.932683, -1.233871, 0.0
999.0, -0.301368, 0.648339, 0.016677, 3.932683, -1.233871, 0.0
1017.0, -0.314589, 0.671392, 0.016958, 3.932683, -1.233871, 0.0
1017.0, -0.314589, 0.671392, 0.016958, 3.932683, -1.233871, 0.0
1032.0, -0.328203, 0.694753, 0.017232, 3.932683, -1.233871, 0.0
1049.0, -0.342215, 0.718415, 0.017501, 3.932683, -1.233871, 0.0
1049.0, -0.342215, 0.718415, 0.017501, 3.932683, -1.233871, 0.0
1067.0, -0.356628, 0.742373, 0.017764, 3.932683, -1.233871, 0.0
1067.0, -0.356628, 0.742373, 0.017764, 3.932683, -1.233871, 0.0
1082.0, -0.371448, 0.766623, 0.018021, 3.932683, -1.233871, 0.0
1100.0, -0.386676, 0.791159, 0.018272, 3.932683, -1.233871, 0.0
1100.0, -0.386676, 0.791159, 0.018272, 3.932683, -1.233871, 0.0
1118.0, -0.402315, 0.81598, 0.018517, 3.932683, -1.233871, 0.0
1118.0, -0.402315, 0.81598, 0.018517, 3.932683, -1.233871, 0.0
1133.0, -0.418368, 0.841082, 0.018756, 3.932683, -1.233871, 0.0
1150.0, -0.434838, 0.866461, 0.018989, 3.932683, -1.233871, 0.0
1150.0, -0.434838, 0.866461, 0.018989, 3.932683, -1.233871, 0.0
1167.0, -0.451725, 0.892115, 0.019217, 3.932683, -1.233871, 0.0
1167.0, -0.451725, 0.892115, 0.019217, 3.932683, -1.233871, 0.0
1183.0, -0.469032, 0.918041, 0.019439, 3.932683, -1.233871, 0.0
1198.0, -0.48676, 0.944237, 0.019656, 3.932683, -1.233871, 0.0
1198.0, -0.48676, 0.944237, 0.019656, 3.932683, -1.233871, 0.0
1217.0, -0.504911, 0.970703, 0.019868, 3.932683, -1.233871, 0.0
1217.0, -0.504911, 0.970703, 0.019868, 3.932683, -1.233871, 0.0
1232.0, -0.523399, 0.997376, 0.020037, 3.755234, -1.057767, 0.0
1249.0, -0.54212, 1.024183, 0.020128, 3.755234, -1.057767, 0.0
1249.0, -0.54212, 1.024183, 0.020128, 3.755234, -1.057767, 0.0
1266.0, -0.560973, 1.05105, 0.020121, 3.755234, -1.057767, 0.0
1266.0, -0.560973, 1.05105, 0.020121, 3.755234, -1.057767, 0.0
1282.0, -0.579864, 1.077913, 0.020008, 3.755234, -1.057767, 0.0
1299.0, -0.598716, 1.104714, 0.019795, 3.755234, -1.057767, 0.0
1299.0, -0.598716, 1.104714, 0.019795, 3.755234, -1.057767, 0.0
1317.0, -0.617462, 1.131408, 0.019495, 3.755234, -1.057767, 0.0
1317.0, -0.617462, 1.131408, 0.019495, 3.755234, -1.057767, 0.0
1333.0, -0.636052, 1.157956, 0.019125, 3.755234, -1.057767, 0.0
1349.0, -0.654442, 1.184323, 0.018703, 3.755234, -1.057767, 0.0
1349.0, -0.654442, 1.184323, 0.018703, 3.755234, -1.057767, 0.0
1367.0, -0.672596, 1.210483, 0.018248, 3.755234, -1.057767, 0.0
1367.0, -0.672596, 1.210483, 0.018248, 3.755234, -1.057767, 0.0
1382.0, -0.690486, 1.236412, 0.017773, 3.755234, -1.057767, 0.0
1399.0, -0.708089, 1.262094, 0.017293, 3.755234, -1.057767, 0.0
1399.0, -0.708089, 1.262094, 0.017293, 3.755234, -1.057767, 0.0
1417.0, -0.725385, 1.287516, 0.016818, 3.755234, -1.057767, 0.0
1417.0, -0.725385, 1.287516, 0.016818, 3.755234, -1.057767, 0.0
1432.0, -0.74236, 1.312665, 0.016355, 3.755234, -1.057767, 0.0
1449.0, -0.759003, 1.337529, 0.015912, 3.755234, -1.057767, 0.0
1449.0, -0.759003, 1.337529, 0.015912, 3.755234, -1.057767, 0.0
1466.0, -0.775307, 1.362098, 0.015491, 3.755234, -1.057767, 0.0
1466.0, -0.775307, 1.362098, 0.015491, 3.755234, -1.057767, 0.0
1483.0, -0.791264, 1.386367, 0.015095, 3.577784, -0.881663, 0.0
1499.0, -0.80687, 1.410327, 0.014723, 3.577784, -0.881663, 0.0
1499.0, -0.80687, 1.410327, 0.014723, 3.577784, -0.881663, 0.0
1517.0, -0.82212, 1.433975, 0.014375, 3.577784, -0.881663, 0.0
1517.0, -0.82212, 1.433975, 0.014375, 3.577784, -0.881663, 0.0
1533.0, -0.837012, 1.457303, 0.014049, 3.577784, -0.881663, 0.0
1549.0, -0.851546, 1.480308, 0.013744, 3.577784, -0.881663, 0.0
1549.0, -0.851546, 1.480308, 0.013744, 3.577784, -0.881663, 0.0
1567.0, -0.865722, 1.502983, 0.013458, 3.577784, -0.881663, 0.0
1567.0, -0.865722, 1.502983, 0.013458, 3.577784, -0.881663, 0.0
1582.0, -0.87954, 1.525326, 0.013188, 3.577784, -0.881663, 0.0
1600.0, -0.893001, 1.547334, 0.012931, 3.577784, -0.881663, 0.0
1600.0, -0.893001, 1.547334, 0.012931, 3.577784, -0.881663, 0.0
1618.0, -0.906105, 1.569002, 0.012686, 3.577784, -0.881663, 0.0
1618.0, -0.906105, 1.569002, 0.012686, 3.577784, -0.881663, 0.0
1632.0, -0.918853, 1.59033, 0.01245, 3.577784, -0.881663, 0.0
1650.0, -0.931248, 1.611312, 0.012221, 3.577784, -0.881663, 0.0
1650.0, -0.931248, 1.611312, 0.012221, 3.577784, -0.881663, 0.0
1667.0, -0.943291, 1.631946, 0.011997, 3.577784, -0.881663, 0.0
1667.0, -0.943291, 1.631946, 0.011997, 3.577784, -0.881663, 0.0
1683.0, -0.954998, 1.652255, 0.011777, 3.577784, -0.881663, 0.0
1699.0, -0.96634, 1.672184, 0.011559, 3.577784, -0.881663, 0.0
1699.0, -0.96634, 1.672184, 0.011559, 3.577784, -0.881663, 0.0
1717.0, -0.977333, 1.691758, 0.011342, 3.577784, -0.881663, 0.0
1717.0, -0.977333, 1.691758, 0.011342, 3.577784, -0.881663, 0.0
1732.0, -0.987978, 1.710971, 0.011124, 3.400319, -0.705543, 0.0
1749.0, -0.998277, 1.729825, 0.010907, 3.400319, -0.705543, 0.0
1749.0, -0.998277, 1.729825, 0.010907, 3.400319, -0.705543, 0.0
1766.0, -1.008232, 1.748318, 0.010689, 3.400319, -0.705543, 0.0
1766.0, -1.008232, 1.748318, 0.010689, 3.400319, -0.705543, 0.0
1782.0, -1.017846, 1.76645, 0.01047, 3.400319, -0.705543, 0.0
1799.0, -1.027117, 1.784218, 0.01025, 3.400319, -0.705543, 0.0
1799.0, -1.027117, 1.784218, 0.01025, 3.400319, -0.705543, 0.0
1817.0, -1.036049, 1.801622, 0.010028, 3.400319, -0.705543, 0.0
1817.0, -1.036049, 1.801622, 0.010028, 3.400319, -0.705543, 0.0
1832.0, -1.044642, 1.818663, 0.009804, 3.400319, -0.705543, 0.0
1849.0, -1.052897, 1.835337, 0.009578, 3.400319, -0.705543, 0.0
1849.0, -1.052897, 1.835337, 0.009578, 3.400319, -0.705543, 0.0
1866.0, -1.060815, 1.851645, 0.009349, 3.400319, -0.705543, 0.0
1866.0, -1.060815, 1.851645, 0.009349, 3.400319, -0.705543, 0.0
1883.0, -1.068402, 1.867597, 0.009119, 3.400319, -0.705543, 0.0
1899.0, -1.075647, 1.883166, 0.008886, 3.400319, -0.705543, 0.0
1899.0, -1.075647, 1.883166, 0.008886, 3.400319, -0.705543, 0.0
1917.0, -1.082555, 1.898365, 0.00865, 3.400319, -0.705543, 0.0
1917.0, -1.082555, 1.898365, 0.00865, 3.400319, -0.705543, 0.0
1932.0, -1.089128, 1.913193, 0.008413, 3.400319, -0.705543, 0.0
1949.0, -1.095367, 1.92765, 0.008173, 3.400319, -0.705543, 0.0
1949.0, -1.095367, 1.92765, 0.008173, 3.400319, -0.705543, 0.0
1966.0, -1.101271, 1.941737, 0.007932, 3.400319, -0.705543, 0.0
1966.0, -1.101271, 1.941737, 0.007932, 3.400319, -0.705543, 0.0
1982.0, -1.106842, 1.955451, 0.007688, 3.222858, -0.529428, 0.0
1999.0, -1.11208, 1.968794, 0.007444, 3.222858, -0.529428, 0.0
1999.0, -1.11208, 1.968794, 0.007444, 3.222858, -0.529428, 0.0
2016.0, -1.116985, 1.981765, 0.007197, 3.222858, -0.529428, 0.0
2016.0, -1.116985, 1.981765, 0.007197, 3.222858, -0.529428, 0.0
2032.0, -1.121558, 1.994366, 0.00695, 3.222858, -0.529428, 0.0
2049.0, -1.125798, 2.006595, 0.006701, 3.222858, -0.529428, 0.0
2049.0, -1.125798, 2.006595, 0.006701, 3.222858, -0.529428, 0.0
2066.0, -1.129706, 2.018452, 0.006451, 3.222858, -0.529428, 0.0
2066.0, -1.129706, 2.018452, 0.006451, 3.222858, -0.529428, 0.0
2082.0, -1.133282, 2.029937, 0.006199, 3.222858, -0.529428, 0.0
2099.0, -1.136526, 2.041049, 0.005946, 3.222858, -0.529428, 0.0
2099.0, -1.136526, 2.041049, 0.005946, 3.222858, -0.529428, 0.0
2117.0, -1.139438, 2.051789, 0.005693, 3.222858, -0.529428, 0.0
2117.0, -1.139438, 2.051789, 0.005693, 3.222858, -0.529428, 0.0
2132.0, -1.142018, 2.062157, 0.00544, 3.222858, -0.529428, 0.0
2149.0, -1.144267, 2.072154, 0.005186, 3.222858, -0.529428, 0.0
2149.0, -1.144267, 2.072154, 0.005186, 3.222858, -0.529428, 0.0
2166.0, -1.146185, 2.08178, 0.004932, 3.222858, -0.529428, 0.0
2166.0, -1.146185, 2.08178, 0.004932, 3.222858, -0.529428, 0.0
2182.0, -1.147771, 2.091035, 0.004679, 3.222858, -0.529428, 0.0
2199.0, -1.149026, 2.09992, 0.004428, 3.222858, -0.529428, 0.0
2199.0, -1.149026, 2.09992, 0.004428, 3.222858, -0.529428, 0.0
2216.0, -1.149951, 2.108435, 0.004179, 3.222858, -0.529428, 0.0
2216.0, -1.149951, 2.108435, 0.004179, 3.222858, -0.529428, 0.0
2232.0, -1.150545, 2.11658, 0.003933, 3.045409, -0.353324, 0.0
2249.0, -1.150808, 2.124358, 0.003692, 3.045409, -0.353324, 0.0
2249.0, -1.150808, 2.124358, 0.003692, 3.045409, -0.353324, 0.0
2266.0, -1.150741, 2.131768, 0.003455, 3.045409, -0.353324, 0.0
2266.0, -1.150741, 2.131768, 0.003455, 3.045409, -0.353324, 0.0
2282.0, -1.150343, 2.138813, 0.003225, 3.045409, -0.353324, 0.0
2299.0, -1.149616, 2.145494, 0.003002, 3.045409, -0.353324, 0.0
2300.0, -1.149616, 2.145494, 0.003002, 3.045409, -0.353324, 0.0
2316.0, -1.148559, 2.151813, 0.002787, 3.045409, -0.353324, 0.0
2316.0, -1.148559, 2.151813, 0.002787, 3.045409, -0.353324, 0.0
2332.0, -1.147172, 2.15777, 0.002581, 3.045409, -0.353324, 0.0
2349.0, -1.145454, 2.16337, 0.002383, 3.045409, -0.353324, 0.0
2349.0, -1.145454, 2.16337, 0.002383, 3.045409, -0.353324, 0.0
2366.0, -1.143405, 2.168613, 0.002191, 3.045409, -0.353324, 0.0
2366.0, -1.143405, 2.168613, 0.002191, 3.045409, -0.353324, 0.0
2382.0, -1.141024, 2.173503, 0.002003, 3.045409, -0.353324, 0.0
2399.0, -1.138308, 2.178042, 0.001814, 3.045409, -0.353324, 0.0
2399.0, -1.138308, 2.178042, 0.001814, 3.045409, -0.353324, 0.0
2416.0, -1.135256, 2.182231, 0.001619, 3.045409, -0.353324, 0.0
2416.0, -1.135256, 2.182231, 0.001619, 3.045409, -0.353324, 0.0
2432.0, -1.131865, 2.186073, 0.00141, 3.045409, -0.353324, 0.0
2449.0, -1.128131, 2.189569, 0.00118, 3.045409, -0.353324, 0.0
2449.0, -1.128131, 2.189569, 0.00118, 3.045409, -0.353324, 0.0
2466.0, -1.124051, 2.192719, 0.000924, 3.045409, -0.353324, 0.0
2466.0, -1.124051, 2.192719, 0.000924, 3.045409, -0.353324, 0.0
2482.0, -1.11962, 2.195525, 0.000637, 2.867959, -0.17722, 0.0
2499.0, -1.114835, 2.197984, 0.000316, 2.867959, -0.17722, 0.0
2499.0, -1.114835, 2.197984, 0.000316, 2.867959, -0.17722, 0.0
2517.0, -1.109693, 2.200095, -0.000039, 2.867959, -0.17722, 0.0
2517.0, -1.109693, 2.200095, -0.000039, 2.867959, -0.17722, 0.0
2532.0, -1.104191, 2.201856, -0.000425, 2.867959, -0.17722, 0.0
2549.0, -1.098325, 2.203266, -0.000838, 2.867959, -0.17722, 0.0
2549.0, -1.098325, 2.203266, -0.000838, 2.867959, -0.17722, 0.0
2566.0, -1.092094, 2.204324, -0.001273, 2.867959, -0.17722, 0.0
2566.0, -1.092094, 2.204324, -0.001273, 2.867959, -0.17722, 0.0
2582.0, -1.085496, 2.205027, -0.001722, 2.867959, -0.17722, 0.0
2599.0, -1.07853, 2.205375, -0.002178, 2.867959, -0.17722, 0.0
2599.0, -1.07853, 2.205375, -0.002178, 2.867959, -0.17722, 0.0
2617.0, -1.071195, 2.205366, -0.002634, 2.867959, -0.17722, 0.0
2617.0, -1.071195, 2.205366, -0.002634, 2.867959, -0.17722, 0.0
2632.0, -1.063491, 2.204999, -0.003084, 2.867959, -0.17722, 0.0
2649.0, -1.055418, 2.204277, -0.003523, 2.867959, -0.17722, 0.0
2649.0, -1.055418, 2.204277, -0.003523, 2.867959, -0.17722, 0.0
2666.0, -1.046976, 2.203198, -0.003948, 2.867959, -0.17722, 0.0
2666.0, -1.046976, 2.203198, -0.003948, 2.867959, -0.17722, 0.0
2682.0, -1.038164, 2.201765, -0.004354, 2.867959, -0.17722, 0.0
2699.0, -1.028984, 2.199977, -0.004741, 2.867959, -0.17722, 0.0
2699.0, -1.028984, 2.199977, -0.004741, 2.867959, -0.17722, 0.0
2717.0, -1.019435, 2.197836, -0.005107, 2.867959, -0.17722, 0.0
2717.0, -1.019435, 2.197836, -0.005107, 2.867959, -0.17722, 0.0
2732.0, -1.009517, 2.195343, -0.005453, 2.690508, -0.001114, 0.0
2748.0, -0.99923, 2.1925, -0.005779, 2.690508, -0.001114, 0.0
2748.0, -0.99923, 2.1925, -0.005779, 2.690508, -0.001114, 0.0
2766.0, -0.988573, 2.189309, -0.006087, 2.690508, -0.001114, 0.0
2766.0, -0.988573, 2.189309, -0.006087, 2.690508, -0.001114, 0.0
2781.0, -0.977545, 2.185772, -0.006379, 2.690508, -0.001114, 0.0
2799.0, -0.966147, 2.18189, -0.006655, 2.690508, -0.001114, 0.0
2799.0, -0.966147, 2.18189, -0.006655, 2.690508, -0.001114, 0.0
2817.0, -0.954377, 2.177665, -0.006917, 2.690508, -0.001114, 0.0
2817.0, -0.954377, 2.177665, -0.006917, 2.690508, -0.001114, 0.0
2832.0, -0.942235, 2.173098, -0.007169, 2.690508, -0.001114, 0.0
2849.0, -0.929719, 2.168193, -0.00741, 2.690508, -0.001114, 0.0
2849.0, -0.929719, 2.168193, -0.00741, 2.690508, -0.001114, 0.0
2866.0, -0.916829, 2.16295, -0.007644, 2.690508, -0.001114, 0.0
2866.0, -0.916829, 2.16295, -0.007644, 2.690508, -0.001114, 0.0
2883.0, -0.903563, 2.157373, -0.00787, 2.690508, -0.001114, 0.0
2900.0, -0.889922, 2.151462, -0.008091, 2.690508, -0.001114, 0.0
2900.0, -0.889922, 2.151462, -0.008091, 2.690508, -0.001114, 0.0
2917.0, -0.875904, 2.145219, -0.008306, 2.690508, -0.001114, 0.0
2917.0, -0.875904, 2.145219, -0.008306, 2.690508, -0.001114, 0.0
2932.0, -0.861507, 2.138646, -0.008519, 2.690508, -0.001114, 0.0
2950.0, -0.846732, 2.131745, -0.008728, 2.690508, -0.001114, 0.0
2950.0, -0.846732, 2.131745, -0.008728, 2.690508, -0.001114, 0.0
2967.0, -0.831575, 2.124518, -0.008936, 2.690508, -0.001114, 0.0
2967.0, -0.831575, 2.124518, -0.008936, 2.690508, -0.001114, 0.0
2982.0, -0.816036, 2.116967, -0.009142, 2.513058, 0.17499, 0.0
2999.0, -0.800114, 2.109093, -0.009347, 2.513058, 0.17499, 0.0
2999.0, -0.800114, 2.109093, -0.009347, 2.513058, 0.17499, 0.0
3017.0, -0.783809, 2.100897, -0.009551, 2.513058, 0.17499, 0.0
3017.0, -0.783809, 2.100897, -0.009551, 2.513058, 0.17499, 0.0
3032.0, -0.767119, 2.092382, -0.009753, 2.513058, 0.17499, 0.0
3049.0, -0.750043, 2.083549, -0.009955, 2.513058, 0.17499, 0.0
3049.0, -0.750043, 2.083549, -0.009955, 2.513058, 0.17499, 0.0
3066.0, -0.732579, 2.074399, -0.010157, 2.513058, 0.17499, 0.0
3066.0, -0.732579, 2.074399, -0.010157, 2.513058, 0.17499, 0.0
3082.0, -0.714727, 2.064934, -0.010358, 2.513058, 0.17499, 0.0
3099.0, -0.696486, 2.055154, -0.010559, 2.513058, 0.17499, 0.0
3099.0, -0.696486, 2.055154, -0.010559, 2.513058, 0.17499, 0.0
3118.0, -0.677853, 2.045062, -0.01076, 2.513058, 0.17499, 0.0
3118.0, -0.677853, 2.045062, -0.01076, 2.513058, 0.17499, 0.0
3132.0, -0.658829, 2.034657, -0.01096, 2.513058, 0.17499, 0.0
3150.0, -0.639412, 2.023942, -0.011161, 2.513058, 0.17499, 0.0
3150.0, -0.639412, 2.023942, -0.011161, 2.513058, 0.17499, 0.0
3167.0, -0.619602, 2.012918, -0.01136, 2.513058, 0.17499, 0.0
3167.0, -0.619602, 2.012918, -0.01136, 2.513058, 0.17499, 0.0
3183.0, -0.599398, 2.001585, -0.011559, 2.513058, 0.17499, 0.0
3199.0, -0.578799, 1.989945, -0.011757, 2.513058, 0.17499, 0.0
3199.0, -0.578799, 1.989945, -0.011757, 2.513058, 0.17499, 0.0
3217.0, -0.557803, 1.977997, -0.011954, 2.513058, 0.17499, 0.0
3217.0, -0.557803, 1.977997, -0.011954, 2.513058, 0.17499, 0.0
3232.0, -0.536414, 1.965745, -0.012151, 2.335606, 0.351097, 0.0
3249.0, -0.514629, 1.953187, -0.012347, 2.335606, 0.351097, 0.0
3249.0, -0.514629, 1.953187, -0.012347, 2.335606, 0.351097, 0.0
3265.0, -0.492446, 1.940326, -0.012543, 2.335606, 0.351097, 0.0
3265.0, -0.492446, 1.940326, -0.012543, 2.335606, 0.351097, 0.0
3282.0, -0.469867, 1.927161, -0.012738, 2.335606, 0.351097, 0.0
3300.0, -0.446889, 1.913694, -0.012933, 2.335606, 0.351097, 0.0
3300.0, -0.446889, 1.913694, -0.012933, 2.335606, 0.351097, 0.0
3317.0, -0.423514, 1.899924, -0.013127, 2.335606, 0.351097, 0.0
3317.0, -0.423514, 1.899924, -0.013127, 2.335606, 0.351097, 0.0
3333.0, -0.399741, 1.885852, -0.01332, 2.335606, 0.351097, 0.0
3350.0, -0.375569, 1.87148, -0.013512, 2.335606, 0.351097, 0.0
3350.0, -0.375569, 1.87148, -0.013512, 2.335606, 0.351097, 0.0
3367.0, -0.350999, 1.856806, -0.013705, 2.335606, 0.351097, 0.0
3367.0, -0.350999, 1.856806, -0.013705, 2.335606, 0.351097, 0.0
3383.0, -0.326029, 1.841831, -0.013897, 2.335606, 0.351097, 0.0
3399.0, -0.300659, 1.826555, -0.014089, 2.335606, 0.351097, 0.0
3399.0, -0.300659, 1.826555, -0.014089, 2.335606, 0.351097, 0.0
3417.0, -0.274889, 1.810979, -0.014281, 2.335606, 0.351097, 0.0
3417.0, -0.274889, 1.810979, -0.014281, 2.335606, 0.351097, 0.0
3432.0, -0.248802, 1.795164, -0.014436, 2.335606, 0.351097, 0.0
3450.0, -0.222502, 1.779185, -0.014519, 2.335606, 0.351097, 0.0
3450.0, -0.222502, 1.779185, -0.014519, 2.335606, 0.351097, 0.0
3466.0, -0.196092, 1.763119, -0.01451, 2.335606, 0.351097, 0.0
3466.0, -0.196092, 1.763119, -0.01451, 2.335606, 0.351097, 0.0
3483.0, -0.169666, 1.74703, -0.014402, 2.158156, 0.527201, 0.0
3500.0, -0.143302, 1.730976, -0.014199, 2.158156, 0.527201, 0.0
3500.0, -0.143302, 1.730976, -0.014199, 2.158156, 0.527201, 0.0
3517.0, -0.117066, 1.715001, -0.013912, 2.158156, 0.527201, 0.0
3517.0, -0.117066, 1.715001, -0.013912, 2.158156, 0.527201, 0.0
3532.0, -0.09101, 1.699145, -0.01356, 2.158156, 0.527201, 0.0
3550.0, -0.065179, 1.683439, -0.013157, 2.158156, 0.527201, 0.0
3550.0, -0.065179, 1.683439, -0.013157, 2.158156, 0.527201, 0.0
3567.0, -0.03961, 1.667912, -0.012721, 2.158156, 0.527201, 0.0
3567.0, -0.03961, 1.667912, -0.012721, 2.158156, 0.527201, 0.0
3582.0, -0.014331, 1.652586, -0.012268, 2.158156, 0.527201, 0.0
3600.0, 0.010637, 1.637479, -0.011809, 2.158156, 0.527201, 0.0
3600.0, 0.010637, 1.637479, -0.011809, 2.158156, 0.527201, 0.0
3618.0, 0.035275, 1.622608, -0.011357, 2.158156, 0.527201, 0.0
3618.0, 0.035275, 1.622608, -0.011357, 2.158156, 0.527201, 0.0
3633.0, 0.059567, 1.607986, -0.010917, 2.158156, 0.527201, 0.0
3650.0, 0.083503, 1.593622, -0.010497, 2.158156, 0.527201, 0.0
3650.0, 0.083503, 1.593622, -0.010497, 2.158156, 0.527201, 0.0
3667.0, 0.107076, 1.579524, -0.0101, 2.158156, 0.527201, 0.0
3667.0, 0.107076, 1.579524, -0.0101, 2.158156, 0.527201, 0.0
3683.0, 0.130278, 1.565698, -0.009726, 2.158156, 0.527201, 0.0
3698.0, 0.153105, 1.55215, -0.009378, 2.158156, 0.527201, 0.0
3698.0, 0.153105, 1.55215, -0.009378, 2.158156, 0.527201, 0.0
3716.0, 0.175551, 1.538884, -0.009053, 2.158156, 0.527201, 0.0
3716.0, 0.175551, 1.538884, -0.009053, 2.158156, 0.527201, 0.0
3732.0, 0.197612, 1.525903, -0.00875, 1.980706, 0.703306, 0.0
3749.0, 0.219285, 1.51321, -0.008468, 1.980706, 0.703306, 0.0
3749.0, 0.219285, 1.51321, -0.008468, 1.980706, 0.703306, 0.0
3766.0, 0.240567, 1.500806, -0.008202, 1.980706, 0.703306, 0.0
3766.0, 0.240567, 1.500806, -0.008202, 1.980706, 0.703306, 0.0
3782.0, 0.261456, 1.488691, -0.007952, 1.980706, 0.703306, 0.0
3799.0, 0.281948, 1.476866, -0.007715, 1.980706, 0.703306, 0.0
3799.0, 0.281948, 1.476866, -0.007715, 1.980706, 0.703306, 0.0
3817.0, 0.302044, 1.465333, -0.007489, 1.980706, 0.703306, 0.0
3817.0, 0.302044, 1.465333, -0.007489, 1.980706, 0.703306, 0.0
3832.0, 0.321742, 1.454088, -0.007273, 1.980706, 0.703306, 0.0
3848.0, 0.34104, 1.443134, -0.007065, 1.980706, 0.703306, 0.0
3848.0, 0.34104, 1.443134, -0.007065, 1.980706, 0.703306, 0.0
3865.0, 0.359935, 1.432469, -0.006862, 1.980706, 0.703306, 0.0
3866.0, 0.359935, 1.432469, -0.006862, 1.980706, 0.703306, 0.0
3882.0, 0.378427, 1.422094, -0.006663, 1.980706, 0.703306, 0.0
3899.0, 0.396513, 1.412007, -0.006469, 1.980706, 0.703306, 0.0
3899.0, 0.396513, 1.412007, -0.006469, 1.980706, 0.703306, 0.0
3917.0, 0.414193, 1.402209, -0.006277, 1.980706, 0.703306, 0.0
3917.0, 0.414193, 1.402209, -0.006277, 1.980706, 0.703306, 0.0
3932.0, 0.431465, 1.3927, -0.006087, 1.980706, 0.703306, 0.0
3949.0, 0.448329, 1.383478, -0.0059, 1.980706, 0.703306, 0.0
3949.0, 0.448329, 1.383478, -0.0059, 1.980706, 0.703306, 0.0
3965.0, 0.464785, 1.374543, -0.005714, 1.980706, 0.703306, 0.0
3965.0, 0.464785, 1.374543, -0.005714, 1.980706, 0.703306, 0.0
3982.0, 0.480832, 1.365895, -0.00553, 1.803257, 0.87941, 0.0
3999.0, 0.496471, 1.357533, -0.005348, 1.803257, 0.87941, 0.0
3999.0, 0.496471, 1.357533, -0.005348, 1.803257, 0.87941, 0.0
4016.0, 0.511701, 1.349456, -0.005168, 1.803257, 0.87941, 0.0
4016.0, 0.511701, 1.349456, -0.005168, 1.803257, 0.87941, 0.0
4032.0, 0.526521, 1.341666, -0.004988, 1.803257, 0.87941, 0.0
4049.0, 0.540933, 1.334163, -0.004811, 1.803257, 0.87941, 0.0
4049.0, 0.540933, 1.334163, -0.004811, 1.803257, 0.87941, 0.0
4066.0, 0.554937, 1.326946, -0.004634, 1.803257, 0.87941, 0.0
4066.0, 0.554937, 1.326946, -0.004634, 1.803257, 0.87941, 0.0
4082.0, 0.568532, 1.320018, -0.004458, 1.803257, 0.87941, 0.0
4099.0, 0.581719, 1.313377, -0.004283, 1.803257, 0.87941, 0.0
4099.0, 0.581719, 1.313377, -0.004283, 1.803257, 0.87941, 0.0
4116.0, 0.594498, 1.307024, -0.00411, 1.803257, 0.87941, 0.0
4116.0, 0.594498, 1.307024, -0.00411, 1.803257, 0.87941, 0.0
4132.0, 0.606912, 1.30093, -0.003955, 1.803257, 0.87941, 0.0
4149.0, 0.619014, 1.295058, -0.003837, 1.803257, 0.87941, 0.0
4149.0, 0.619014, 1.295058, -0.003837, 1.803257, 0.87941, 0.0
4166.0, 0.630855, 1.289372, -0.003764, 1.803257, 0.87941, 0.0
4166.0, 0.630855, 1.289372, -0.003764, 1.803257, 0.87941, 0.0
4182.0, 0.642483, 1.283839, -0.00374, 1.803257, 0.87941, 0.0
4200.0, 0.653936, 1.278434, -0.003763, 1.803257, 0.87941, 0.0
4200.0, 0.653936, 1.278434, -0.003763, 1.803257, 0.87941, 0.0
4216.0, 0.66525, 1.273132, -0.003825, 1.803257, 0.87941, 0.0
4216.0, 0.66525, 1.273132, -0.003825, 1.803257, 0.87941, 0.0
4232.0, 0.676489, 1.267884, -0.003937, 1.625807, 1.055514, 0.0
4249.0, 0.687729, 1.262634, -0.004107, 1.625807, 1.055514, 0.0
4249.0, 0.687729, 1.262634, -0.004107, 1.625807, 1.055514, 0.0
4266.0, 0.699038, 1.25733, -0.004337, 1.625807, 1.055514, 0.0
4266.0, 0.699038, 1.25733, -0.004337, 1.625807, 1.055514, 0.0
4282.0, 0.710476, 1.251928, -0.004622, 1.625807, 1.055514, 0.0
4299.0, 0.722092, 1.246389, -0.004954, 1.625807, 1.055514, 0.0
4299.0, 0.722092, 1.246389, -0.004954, 1.625807, 1.055514, 0.0
4316.0, 0.73393, 1.240681, -0.005323, 1.625807, 1.055514, 0.0
4316.0, 0.73393, 1.240681, -0.005323, 1.625807, 1.055514, 0.0
4331.0, 0.74602, 1.234779, -0.005716, 1.625807, 1.055514, 0.0
4349.0, 0.758392, 1.228659, -0.006124, 1.625807, 1.055514, 0.0
4349.0, 0.758392, 1.228659, -0.006124, 1.625807, 1.055514, 0.0
4366.0, 0.771064, 1.222303, -0.006536, 1.625807, 1.055514, 0.0
4366.0, 0.771064, 1.222303, -0.006536, 1.625807, 1.055514, 0.0
4382.0, 0.784056, 1.215696, -0.006944, 1.625807, 1.055514, 0.0
4400.0, 0.79738, 1.208826, -0.007343, 1.625807, 1.055514, 0.0
4400.0, 0.79738, 1.208826, -0.007343, 1.625807, 1.055514, 0.0
4416.0, 0.811048, 1.201683, -0.007727, 1.625807, 1.055514, 0.0
4416.0, 0.811048, 1.201683, -0.007727, 1.625807, 1.055514, 0.0
4432.0, 0.825068, 1.194257, -0.008095, 1.625807, 1.055514, 0.0
4449.0, 0.839449, 1.186541, -0.008444, 1.625807, 1.055514, 0.0
4449.0, 0.839449, 1.186541, -0.008444, 1.625807, 1.055514, 0.0
4466.0, 0.854193, 1.178532, -0.008773, 1.625807, 1.055514, 0.0
4466.0, 0.854193, 1.178532, -0.008773, 1.625807, 1.055514, 0.0
4483.0, 0.869305, 1.170223, -0.009083, 1.448357, 1.231618, 0.0
4498.0, 0.884789, 1.161611, -0.009376, 1.448357, 1.231618, 0.0
4498.0, 0.884789, 1.161611, -0.009376, 1.448357, 1.231618, 0.0
4517.0, 0.900647, 1.152694, -0.009651, 1.448357, 1.231618, 0.0
4517.0, 0.900647, 1.152694, -0.009651, 1.448357, 1.231618, 0.0
4532.0, 0.91688, 1.14347, -0.009912, 1.448357, 1.231618, 0.0
4549.0, 0.933491, 1.133936, -0.010159, 1.448357, 1.231618, 0.0
4549.0, 0.933491, 1.133936, -0.010159, 1.448357, 1.231618, 0.0
4565.0, 0.950484, 1.124092, -0.010396, 1.448357, 1.231618, 0.0
4565.0, 0.950484, 1.124092, -0.010396, 1.448357, 1.231618, 0.0
4582.0, 0.967858, 1.113937, -0.010625, 1.448357, 1.231618, 0.0
4599.0, 0.985617, 1.103471, -0.010846, 1.448357, 1.231618, 0.0
4599.0, 0.985617, 1.103471, -0.010846, 1.448357, 1.231618, 0.0
4617.0, 1.00376, 1.092692, -0.01106, 1.448357, 1.231618, 0.0
4617.0, 1.00376, 1.092692, -0.01106, 1.448357, 1.231618, 0.0
4632.0, 1.022207, 1.081663, -0.011234, 1.448357, 1.231618, 0.0
4649.0, 1.040857, 1.070463, -0.011334, 1.448357, 1.231618, 0.0
4649.0, 1.040857, 1.070463, -0.011334, 1.448357, 1.231618, 0.0
4666.0, 1.059609, 1.059169, -0.011341, 1.448357, 1.231618, 0.0
4666.0, 1.059609, 1.059169, -0.011341, 1.448357, 1.231618, 0.0
4683.0, 1.078371, 1.047849, -0.011247, 1.448357, 1.231618, 0.0
4699.0, 1.097067, 1.03656, -0.011058, 1.448357, 1.231618, 0.0
4699.0, 1.097067, 1.03656, -0.011058, 1.448357, 1.231618, 0.0
4717.0, 1.115632, 1.025352, -0.010787, 1.448357, 1.231618, 0.0
4717.0, 1.115632, 1.025352, -0.010787, 1.448357, 1.231618, 0.0
4732.0, 1.134015, 1.014261, -0.010448, 1.270908, 1.407722, 0.0
4749.0, 1.152169, 1.003321, -0.010058, 1.270908, 1.407722, 0.0
4749.0, 1.152169, 1.003321, -0.010058, 1.270908, 1.407722, 0.0
4766.0, 1.170059, 0.992556, -0.009635, 1.270908, 1.407722, 0.0
4766.0, 1.170059, 0.992556, -0.009635, 1.270908, 1.407722, 0.0
4782.0, 1.187655, 0.981989, -0.009192, 1.270908, 1.407722, 0.0
4799.0, 1.204936, 0.971636, -0.008743, 1.270908, 1.407722, 0.0
4799.0, 1.204936, 0.971636, -0.008743, 1.270908, 1.407722, 0.0
4817.0, 1.221882, 0.961514, -0.008299, 1.270908, 1.407722, 0.0
4817.0, 1.221882, 0.961514, -0.008299, 1.270908, 1.407722, 0.0
4832.0, 1.238477, 0.951632, -0.007867, 1.270908, 1.407722, 0.0
4850.0, 1.254711, 0.942, -0.007453, 1.270908, 1.407722, 0.0
4850.0, 1.254711, 0.942, -0.007453, 1.270908, 1.407722, 0.0
4867.0, 1.270574, 0.932624, -0.00706, 1.270908, 1.407722, 0.0
4867.0, 1.270574, 0.932624, -0.00706, 1.270908, 1.407722, 0.0
4883.0, 1.286058, 0.92351, -0.006691, 1.270908, 1.407722, 0.0
4900.0, 1.301157, 0.914662, -0.006347, 1.270908, 1.407722, 0.0
4900.0, 1.301157, 0.914662, -0.006347, 1.270908, 1.407722, 0.0
4918.0, 1.315867, 0.906084, -0.006026, 1.270908, 1.407722, 0.0
4918.0, 1.315867, 0.906084, -0.006026, 1.270908, 1.407722, 0.0
4933.0, 1.330185, 0.897778, -0.005727, 1.270908, 1.407722, 0.0
4950.0, 1.344106, 0.889746, -0.005449, 1.270908, 1.407722, 0.0
4950.0, 1.344106, 0.889746, -0.005449, 1.270908, 1.407722, 0.0
4967.0, 1.357627, 0.881992, -0.005189, 1.270908, 1.407722, 0.0
4967.0, 1.357627, 0.881992, -0.005189, 1.270908, 1.407722, 0.0
4982.0, 1.370746, 0.874516, -0.004945, 1.093458, 1.583827, 0.0
4999.0, 1.383461, 0.867319, -0.004715, 1.093458, 1.583827, 0.0
4999.0, 1.383461, 0.867319, -0.004715, 1.093458, 1.583827, 0.0
5017.0, 1.395771, 0.860402, -0.004496, 1.093458, 1.583827, 0.0
5017.0, 1.395771, 0.860402, -0.004496, 1.093458, 1.583827, 0.0
5032.0, 1.407673, 0.853766, -0.004288, 1.093458, 1.583827, 0.0
5049.0, 1.419168, 0.847414, -0.004088, 1.093458, 1.583827, 0.0
5049.0, 1.419168, 0.847414, -0.004088, 1.093458, 1.583827, 0.0
5066.0, 1.430257, 0.841345, -0.003896, 1.093458, 1.583827, 0.0
5066.0, 1.430257, 0.841345, -0.003896, 1.093458, 1.583827, 0.0
5082.0, 1.440939, 0.835561, -0.00371, 1.093458, 1.583827, 0.0
5100.0, 1.451214, 0.830063, -0.003529, 1.093458, 1.583827, 0.0
5100.0, 1.451214, 0.830063, -0.003529, 1.093458, 1.583827, 0.0
5118.0, 1.461083, 0.824852, -0.003353, 1.093458, 1.583827, 0.0
5118.0, 1.461083, 0.824852, -0.003353, 1.093458, 1.583827, 0.0
5132.0, 1.470627, 0.819866, -0.003216, 1.093458, 1.583827, 0.0
5150.0, 1.479951, 0.815031, -0.00315, 1.093458, 1.583827, 0.0
5150.0, 1.479951, 0.815031, -0.00315, 1.093458, 1.583827, 0.0
5167.0, 1.489159, 0.810273, -0.003176, 1.093458, 1.583827, 0.0
5167.0, 1.489159, 0.810273, -0.003176, 1.093458, 1.583827, 0.0
5182.0, 1.498344, 0.805524, -0.003299, 1.093458, 1.583827, 0.0
5198.0, 1.507582, 0.800729, -0.003513, 1.093458, 1.583827, 0.0
5198.0, 1.507582, 0.800729, -0.003513, 1.093458, 1.583827, 0.0
5216.0, 1.516941, 0.795842, -0.003806, 1.093458, 1.583827, 0.0
5216.0, 1.516941, 0.795842, -0.003806, 1.093458, 1.583827, 0.0
5232.0, 1.526473, 0.790821, -0.004163, 0.916008, 1.759931, 0.0
5250.0, 1.536221, 0.785633, -0.004566, 0.916008, 1.759931, 0.0
5250.0, 1.536221, 0.785633, -0.004566, 0.916008, 1.759931, 0.0
5266.0, 1.546219, 0.78025, -0.005, 0.916008, 1.759931, 0.0
5266.0, 1.546219, 0.78025, -0.005, 0.916008, 1.759931, 0.0
5282.0, 1.556493, 0.77465, -0.005448, 0.916008, 1.759931, 0.0
5300.0, 1.567066, 0.768813, -0.0059, 0.916008, 1.759931, 0.0
5300.0, 1.567066, 0.768813, -0.0059, 0.916008, 1.759931, 0.0
5317.0, 1.577956, 0.762725, -0.006346, 0.916008, 1.759931, 0.0
5317.0, 1.577956, 0.762725, -0.006346, 0.916008, 1.759931, 0.0
5332.0, 1.589174, 0.756373, -0.006778, 0.916008, 1.759931, 0.0
5350.0, 1.600732, 0.749744, -0.007192, 0.916008, 1.759931, 0.0
5350.0, 1.600732, 0.749744, -0.007192, 0.916008, 1.759931, 0.0
5366.0, 1.612638, 0.742831, -0.007584, 0.916008, 1.759931, 0.0
5366.0, 1.612638, 0.742831, -0.007584, 0.916008, 1.759931, 0.0
5382.0, 1.6249, 0.735625, -0.007952, 0.916008, 1.759931, 0.0
5399.0, 1.637521, 0.72812, -0.008298, 0.916008, 1.759931, 0.0
5399.0, 1.637521, 0.72812, -0.008298, 0.916008, 1.759931, 0.0
5417.0, 1.650506, 0.720311, -0.008622, 0.916008, 1.759931, 0.0
5417.0, 1.650506, 0.720311, -0.008622, 0.916008, 1.759931, 0.0
5433.0, 1.663859, 0.712194, -0.008924, 0.916008, 1.759931, 0.0
5450.0, 1.677581, 0.703766, -0.009208, 0.916008, 1.759931, 0.0
5450.0, 1.677581, 0.703766, -0.009208, 0.916008, 1.759931, 0.0
