1.0, 0.0, 0.0, 0.002231, 0.707388, -0.706825, 0.0
1.0, 0.0, 0.0, 0.002231, 0.707388, -0.706825, 0.0
14.0, -0.000051, -0.000236, -0.00412, 0.707388, -0.706825, 0.0
14.0, -0.000051, -0.000236, -0.00412, 0.707388, -0.706825, 0.0
29.0, 0.000047, -0.00048, -0.008312, 0.664028, -0.690919, 0.0
29.0, 0.000047, -0.00048, -0.008312, 0.664028, -0.690919, 0.0
46.0, 0.000376, -0.000741, -0.010313, 0.664028, -0.690919, 0.0
63.0, 0.000964, -0.001126, -0.011126, 0.664028, -0.690919, 0.0
63.0, 0.000964, -0.001126, -0.011126, 0.664028, -0.690919, 0.0
79.0, 0.001847, -0.001743, -0.011101, 0.664028, -0.690919, 0.0
79.0, 0.001847, -0.001743, -0.011101, 0.664028, -0.690919, 0.0
96.0, 0.002864, -0.002569, -0.011664, 0.664028, -0.690919, 0.0
115.0, 0.004263, -0.003745, -0.012279, 0.664028, -0.690919, 0.0
115.0, 0.004263, -0.003745, -0.012279, 0.664028, -0.690919, 0.0
129.0, 0.005818, -0.00511, -0.012873, 0.664028, -0.690919, 0.0
129.0, 0.005818, -0.00511, -0.012873, 0.664028, -0.690919, 0.0
146.0, 0.007492, -0.006677, -0.012487, 0.664028, -0.690919, 0.0
163.0, 0.009531, -0.008297, -0.012027, 0.664028, -0.690919, 0.0
163.0, 0.009531, -0.008297, -0.012027, 0.664028, -0.690919, 0.0
179.0, 0.01202, -0.010179, -0.011448, 0.664028, -0.690919, 0.0
179.0, 0.01202, -0.010179, -0.011448, 0.664028, -0.690919, 0.0
196.0, 0.014911, -0.012298, -0.010848, 0.664028, -0.690919, 0.0
214.0, 0.018209, -0.014694, -0.010264, 0.664028, -0.690919, 0.0
214.0, 0.018209, -0.014694, -0.010264, 0.664028, -0.690919, 0.0
230.0, 0.021932, -0.01739, -0.009729, 0.664028, -0.690919, 0.0
230.0, 0.021932, -0.01739, -0.009729, 0.664028, -0.690919, 0.0
246.0, 0.026073, -0.020382, -0.009257, 0.664028, -0.690919, 0.0
263.0, 0.030632, -0.023664, -0.008857, 0.664028, -0.690919, 0.0
263.0, 0.030632, -0.023664, -0.008857, 0.664028, -0.690919, 0.0
280.0, 0.035608, -0.027232, -0.008533, 0.193697, -0.518386, 0.0
280.0, 0.035608, -0.027232, -0.008533, 0.193697, -0.518386, 0.0
296.0, 0.041002, -0.031081, -0.008285, 0.193697, -0.518386, 0.0
314.0, 0.046816, -0.035207, -0.008109, 0.193697, -0.518386, 0.0
314.0, 0.046816, -0.035207, -0.008109, 0.193697, -0.518386, 0.0
329.0, 0.053053, -0.039607, -0.008, 0.193697, -0.518386, 0.0
329.0, 0.053053, -0.039607, -0.008, 0.193697, -0.518386, 0.0
346.0, 0.059716, -0.044275, -0.00795, 0.193697, -0.518386, 0.0
363.0, 0.066806, -0.049208, -0.007952, 0.193697, -0.518386, 0.0
363.0, 0.066806, -0.049208, -0.007952, 0.193697, -0.518386, 0.0
380.0, 0.074324, -0.0544, -0.007997, 0.193697, -0.518386, 0.0
380.0, 0.074324, -0.0544, -0.007997, 0.193697, -0.518386, 0.0
396.0, 0.082274, -0.05985, -0.008079, 0.193697, -0.518386, 0.0
414.0, 0.090655, -0.065555, -0.008189, 0.193697, -0.518386, 0.0
414.0, 0.090655, -0.065555, -0.008189, 0.193697, -0.518386, 0.0
429.0, 0.099469, -0.071509, -0.008322, 0.193697, -0.518386, 0.0
429.0, 0.099469, -0.071509, -0.008322, 0.193697, -0.518386, 0.0
446.0, 0.108719, -0.077712, -0.008472, 0.193697, -0.518386, 0.0
462.0, 0.118405, -0.084159, -0.008635, 0.193697, -0.518386, 0.0
462.0, 0.118405, -0.084159, -0.008635, 0.193697, -0.518386, 0.0
479.0, 0.128531, -0.090849, -0.008807, 0.193697, -0.518386, 0.0
479.0, 0.128531, -0.090849, -0.008807, 0.193697, -0.518386, 0.0
496.0, 0.139096, -0.097779, -0.008985, 0.193697, -0.518386, 0.0
515.0, 0.150103, -0.104949, -0.009167, 0.193697, -0.518386, 0.0
515.0, 0.150103, -0.104949, -0.009167, 0.193697, -0.518386, 0.0
529.0, 0.161552, -0.112353, -0.009349, -0.275719, -0.346188, 0.0
529.0, 0.161552, -0.112353, -0.009349, -0.275719, -0.346188, 0.0
546.0, 0.173444, -0.11999, -0.009532, -0.275719, -0.346188, 0.0
563.0, 0.185782, -0.127857, -0.009713, -0.275719, -0.346188, 0.0
563.0, 0.185782, -0.127857, -0.009713, -0.275719, -0.346188, 0.0
579.0, 0.198566, -0.135951, -0.009892, -0.275719, -0.346188, 0.0
579.0, 0.198566, -0.135951, -0.009892, -0.275719, -0.346188, 0.0
596.0, 0.211797, -0.144269, -0.010069, -0.275719, -0.346188, 0.0
615.0, 0.225615, -0.152898, -0.010245, -0.275719, -0.346188, 0.0
615.0, 0.225615, -0.152898, -0.010245, -0.275719, -0.346188, 0.0
630.0, 0.239682, -0.16163, -0.010391, -0.275719, -0.346188, 0.0
630.0, 0.239682, -0.16163, -0.010391, -0.275719, -0.346188, 0.0
646.0, 0.254089, -0.17053, -0.010496, -0.275719, -0.346188, 0.0
663.0, 0.268782, -0.179574, -0.010552, -0.275719, -0.346188, 0.0
663.0, 0.268782, -0.179574, -0.010552, -0.275719, -0.346188, 0.0
680.0, 0.283713, -0.188738, -0.010554, -0.275719, -0.346188, 0.0
680.0, 0.283713, -0.188738, -0.010554, -0.275719, -0.346188, 0.0
697.0, 0.298837, -0.198001, -0.010507, -0.275719, -0.346188, 0.0
716.0, 0.314117, -0.207347, -0.010417, -0.275719, -0.346188, 0.0
716.0, 0.314117, -0.207347, -0.010417, -0.275719, -0.346188, 0.0
731.0, 0.329496, -0.216755, -0.010279, -0.275719, -0.346188, 0.0
731.0, 0.329496, -0.216755, -0.010279, -0.275719, -0.346188, 0.0
748.0, 0.344874, -0.226183, -0.010076, -0.275719, -0.346188, 0.0
764.0, 0.360163, -0.235594, -0.009804, -0.275719, -0.346188, 0.0
764.0, 0.360163, -0.235594, -0.009804, -0.275719, -0.346188, 0.0
779.0, 0.375291, -0.244961, -0.009468, -0.745461, -0.17387, 0.0
779.0, 0.375291, -0.244961, -0.009468, -0.745461, -0.17387, 0.0
798.0, 0.3902, -0.254259, -0.009081, -0.745461, -0.17387, 0.0
816.0, 0.40484, -0.263469, -0.008655, -0.745461, -0.17387, 0.0
816.0, 0.40484, -0.263469, -0.008655, -0.745461, -0.17387, 0.0
830.0, 0.419168, -0.272574, -0.008206, -0.745461, -0.17387, 0.0
830.0, 0.419168, -0.272574, -0.008206, -0.745461, -0.17387, 0.0
846.0, 0.433155, -0.281565, -0.007747, -0.745461, -0.17387, 0.0
863.0, 0.446775, -0.290433, -0.00729, -0.745461, -0.17387, 0.0
863.0, 0.446775, -0.290433, -0.00729, -0.745461, -0.17387, 0.0
880.0, 0.460008, -0.299171, -0.006846, -0.745461, -0.17387, 0.0
880.0, 0.460008, -0.299171, -0.006846, -0.745461, -0.17387, 0.0
896.0, 0.472838, -0.307772, -0.006421, -0.745461, -0.17387, 0.0
914.0, 0.48525, -0.31623, -0.006021, -0.745461, -0.17387, 0.0
914.0, 0.48525, -0.31623, -0.006021, -0.745461, -0.17387, 0.0
931.0, 0.497234, -0.324542, -0.005647, -0.745461, -0.17387, 0.0
931.0, 0.497234, -0.324542, -0.005647, -0.745461, -0.17387, 0.0
947.0, 0.508782, -0.332704, -0.005302, -0.745461, -0.17387, 0.0
963.0, 0.519888, -0.340713, -0.004984, -0.745461, -0.17387, 0.0
963.0, 0.519888, -0.340713, -0.004984, -0.745461, -0.17387, 0.0
980.0, 0.530546, -0.348567, -0.004693, -0.745461, -0.17387, 0.0
980.0, 0.530546, -0.348567, -0.004693, -0.745461, -0.17387, 0.0
1000.0, 0.540751, -0.356263, -0.004427, -0.745461, -0.17387, 0.0
1014.0, 0.550505, -0.363803, -0.004183, -0.745461, -0.17387, 0.0
1014.0, 0.550505, -0.363803, -0.004183, -0.745461, -0.17387, 0.0
1030.0, 0.559845, -0.371197, -0.003978, -1.214891, -0.001667, 0.0
1030.0, 0.559845, -0.371197, -0.003978, -1.214891, -0.001667, 0.0
1046.0, 0.568834, -0.378467, -0.00383, -1.214891, -0.001667, 0.0
1063.0, 0.577529, -0.385635, -0.003745, -1.214891, -0.001667, 0.0
1063.0, 0.577529, -0.385635, -0.003745, -1.214891, -0.001667, 0.0
1080.0, 0.585984, -0.392718, -0.003725, -1.214891, -0.001667, 0.0
1080.0, 0.585984, -0.392718, -0.003725, -1.214891, -0.001667, 0.0
1096.0, 0.594242, -0.399731, -0.003763, -1.214891, -0.001667, 0.0
1117.0, 0.602342, -0.406687, -0.003852, -1.214891, -0.001667, 0.0
1117.0, 0.602342, -0.406687, -0.003852, -1.214891, -0.001667, 0.0
1130.0, 0.61036, -0.413618, -0.003999, -1.214891, -0.001667, 0.0
1130.0, 0.61036, -0.413618, -0.003999, -1.214891, -0.001667, 0.0
1147.0, 0.618381, -0.420557, -0.004213, -1.214891, -0.001667, 0.0
1164.0, 0.626483, -0.427538, -0.004495, -1.214891, -0.001667, 0.0
1164.0, 0.626483, -0.427538, -0.004495, -1.214891, -0.001667, 0.0
1181.0, 0.634736, -0.434588, -0.004837, -1.214891, -0.001667, 0.0
1181.0, 0.634736, -0.434588, -0.004837, -1.214891, -0.001667, 0.0
1197.0, 0.643728, -0.442179, -0.005256, -1.214891, -0.001667, 0.0
1215.0, 0.652456, -0.449436, -0.005699, -1.214891, -0.001667, 0.0
1215.0, 0.652456, -0.449436, -0.005699, -1.214891, -0.001667, 0.0
1230.0, 0.661429, -0.456779, -0.006139, -1.214891, -0.001667, 0.0
1230.0, 0.661429, -0.456779, -0.006139, -1.214891, -0.001667, 0.0
1248.0, 0.670714, -0.464253, -0.006591, -1.214891, -0.001667, 0.0
1264.0, 0.680352, -0.471884, -0.007051, -1.214891, -0.001667, 0.0
1264.0, 0.680352, -0.471884, -0.007051, -1.214891, -0.001667, 0.0
1281.0, 0.690369, -0.479687, -0.007508, -1.686321, 0.17127, 0.0
1281.0, 0.690369, -0.479687, -0.007508, -1.686321, 0.17127, 0.0
1297.0, 0.700782, -0.487672, -0.007955, -1.686321, 0.17127, 0.0
1317.0, 0.711603, -0.495845, -0.008385, -1.686321, 0.17127, 0.0
1317.0, 0.711603, -0.495845, -0.008385, -1.686321, 0.17127, 0.0
1332.0, 0.722921, -0.504269, -0.008821, -1.686321, 0.17127, 0.0
1332.0, 0.722921, -0.504269, -0.008821, -1.686321, 0.17127, 0.0
1347.0, 0.734689, -0.512907, -0.009228, -1.686321, 0.17127, 0.0
1364.0, 0.74689, -0.521745, -0.009593, -1.686321, 0.17127, 0.0
1364.0, 0.74689, -0.521745, -0.009593, -1.686321, 0.17127, 0.0
1381.0, 0.759518, -0.530779, -0.009918, -1.686321, 0.17127, 0.0
1381.0, 0.759518, -0.530779, -0.009918, -1.686321, 0.17127, 0.0
1398.0, 0.772574, -0.54001, -0.010206, -1.686321, 0.17127, 0.0
1416.0, 0.786061, -0.54944, -0.010462, -1.686321, 0.17127, 0.0
1416.0, 0.786061, -0.54944, -0.010462, -1.686321, 0.17127, 0.0
1431.0, 0.799983, -0.55907, -0.010693, -1.686321, 0.17127, 0.0
1431.0, 0.799983, -0.55907, -0.010693, -1.686321, 0.17127, 0.0
1447.0, 0.814342, -0.568901, -0.010903, -1.686321, 0.17127, 0.0
1466.0, 0.829142, -0.578933, -0.011097, -1.686321, 0.17127, 0.0
1466.0, 0.829142, -0.578933, -0.011097, -1.686321, 0.17127, 0.0
1483.0, 0.844385, -0.589166, -0.011279, -1.686321, 0.17127, 0.0
1483.0, 0.844385, -0.589166, -0.011279, -1.686321, 0.17127, 0.0
1497.0, 0.860075, -0.599602, -0.011451, -1.686321, 0.17127, 0.0
1514.0, 0.876212, -0.610238, -0.011615, -1.686321, 0.17127, 0.0
1514.0, 0.876212, -0.610238, -0.011615, -1.686321, 0.17127, 0.0
1531.0, 0.893714, -0.621673, -0.011784, -2.155739, 0.343468, 0.0
1531.0, 0.893714, -0.621673, -0.011784, -2.155739, 0.343468, 0.0
1548.0, 0.910773, -0.632713, -0.011954, -2.155739, 0.343468, 0.0
1548.0, 0.910773, -0.632713, -0.011954, -2.155739, 0.343468, 0.0
1565.0, 0.928304, -0.643957, -0.012119, -2.155739, 0.343468, 0.0
1581.0, 0.946293, -0.65539, -0.012277, -2.155739, 0.343468, 0.0
1581.0, 0.946293, -0.65539, -0.012277, -2.155739, 0.343468, 0.0
1599.0, 0.964741, -0.667011, -0.012429, -2.155739, 0.343468, 0.0
1599.0, 0.964741, -0.667011, -0.012429, -2.155739, 0.343468, 0.0
1617.0, 0.98365, -0.678819, -0.012576, -2.155739, 0.343468, 0.0
1632.0, 1.002803, -0.690705, -0.012631, -2.155739, 0.343468, 0.0
1632.0, 1.002803, -0.690705, -0.012631, -2.155739, 0.343468, 0.0
1648.0, 1.022165, -0.70268, -0.012611, -2.155739, 0.343468, 0.0
1649.0, 1.022165, -0.70268, -0.012611, -2.155739, 0.343468, 0.0
1664.0, 1.04165, -0.714725, -0.012508, -2.155739, 0.343468, 0.0
1682.0, 1.061165, -0.726814, -0.012319, -2.155739, 0.343468, 0.0
1682.0, 1.061165, -0.726814, -0.012319, -2.155739, 0.343468, 0.0
1698.0, 1.080622, -0.738918, -0.012045, -2.155739, 0.343468, 0.0
1698.0, 1.080622, -0.738918, -0.012045, -2.155739, 0.343468, 0.0
1717.0, 1.099943, -0.751011, -0.011697, -2.155739, 0.343468, 0.0
1731.0, 1.119177, -0.763147, -0.011332, -2.155739, 0.343468, 0.0
1731.0, 1.119177, -0.763147, -0.011332, -2.155739, 0.343468, 0.0
1749.0, 1.138185, -0.775256, -0.010917, -2.155739, 0.343468, 0.0
1749.0, 1.138185, -0.775256, -0.010917, -2.155739, 0.343468, 0.0
1765.0, 1.156888, -0.787305, -0.010454, -2.155739, 0.343468, 0.0
1781.0, 1.175236, -0.799275, -0.009959, -2.626908, 0.516309, 0.0
1781.0, 1.175236, -0.799275, -0.009959, -2.626908, 0.516309, 0.0
1798.0, 1.193198, -0.811157, -0.009453, -2.626908, 0.516309, 0.0
1798.0, 1.193198, -0.811157, -0.009453, -2.626908, 0.516309, 0.0
1818.0, 1.210749, -0.822942, -0.008952, -2.626908, 0.516309, 0.0
1831.0, 1.227874, -0.834629, -0.008469, -2.626908, 0.516309, 0.0
1831.0, 1.227874, -0.834629, -0.008469, -2.626908, 0.516309, 0.0
1848.0, 1.244558, -0.846215, -0.008015, -2.626908, 0.516309, 0.0
1848.0, 1.244558, -0.846215, -0.008015, -2.626908, 0.516309, 0.0
1864.0, 1.260793, -0.8577, -0.007594, -2.626908, 0.516309, 0.0
1882.0, 1.276571, -0.869082, -0.007211, -2.626908, 0.516309, 0.0
1882.0, 1.276571, -0.869082, -0.007211, -2.626908, 0.516309, 0.0
1898.0, 1.291886, -0.880361, -0.006866, -2.626908, 0.516309, 0.0
1898.0, 1.291886, -0.880361, -0.006866, -2.626908, 0.516309, 0.0
1915.0, 1.306733, -0.891537, -0.006557, -2.626908, 0.516309, 0.0
1931.0, 1.321113, -0.90261, -0.006285, -2.626908, 0.516309, 0.0
1931.0, 1.321113, -0.90261, -0.006285, -2.626908, 0.516309, 0.0
1948.0, 1.335364, -0.913851, -0.006036, -2.626908, 0.516309, 0.0
1948.0, 1.335364, -0.913851, -0.006036, -2.626908, 0.516309, 0.0
1965.0, 1.348784, -0.92471, -0.00582, -2.626908, 0.516309, 0.0
1982.0, 1.361725, -0.935463, -0.005626, -2.626908, 0.516309, 0.0
1982.0, 1.361725, -0.935463, -0.005626, -2.626908, 0.516309, 0.0
1999.0, 1.374186, -0.946109, -0.005452, -2.626908, 0.516309, 0.0
1999.0, 1.374186, -0.946109, -0.005452, -2.626908, 0.516309, 0.0
2017.0, 1.386167, -0.956647, -0.005294, -2.626908, 0.516309, 0.0
2032.0, 1.397634, -0.967044, -0.005134, -3.09711, 0.688796, 0.0
2032.0, 1.397634, -0.967044, -0.005134, -3.09711, 0.688796, 0.0
2048.0, 1.408613, -0.97732, -0.004987, -3.09711, 0.688796, 0.0
2048.0, 1.408613, -0.97732, -0.004987, -3.09711, 0.688796, 0.0
2065.0, 1.419115, -0.987481, -0.004853, -3.09711, 0.688796, 0.0
2082.0, 1.429141, -0.997527, -0.004729, -3.09711, 0.688796, 0.0
2082.0, 1.429141, -0.997527, -0.004729, -3.09711, 0.688796, 0.0
2099.0, 1.438694, -1.007458, -0.004612, -3.09711, 0.688796, 0.0
2099.0, 1.438694, -1.007458, -0.004612, -3.09711, 0.688796, 0.0
2117.0, 1.447774, -1.017272, -0.004498, -3.09711, 0.688796, 0.0
2132.0, 1.456498, -1.027022, -0.004436, -3.09711, 0.688796, 0.0
2132.0, 1.456498, -1.027022, -0.004436, -3.09711, 0.688796, 0.0
2148.0, 1.464971, -1.036726, -0.00445, -3.09711, 0.688796, 0.0
2148.0, 1.464971, -1.036726, -0.00445, -3.09711, 0.688796, 0.0
2166.0, 1.473624, -1.046783, -0.004562, -3.09711, 0.688796, 0.0
2182.0, 1.481925, -1.056481, -0.004776, -3.09711, 0.688796, 0.0
2182.0, 1.481925, -1.056481, -0.004776, -3.09711, 0.688796, 0.0
2199.0, 1.490289, -1.066221, -0.005085, -3.09711, 0.688796, 0.0
2199.0, 1.490289, -1.066221, -0.005085, -3.09711, 0.688796, 0.0
2217.0, 1.498792, -1.076023, -0.005477, -3.09711, 0.688796, 0.0
2233.0, 1.50746, -1.085867, -0.005919, -3.09711, 0.688796, 0.0
2233.0, 1.50746, -1.085867, -0.005919, -3.09711, 0.688796, 0.0
2250.0, 1.516369, -1.095802, -0.006407, -3.09711, 0.688796, 0.0
2250.0, 1.516369, -1.095802, -0.006407, -3.09711, 0.688796, 0.0
2266.0, 1.525572, -1.105855, -0.006929, -3.09711, 0.688796, 0.0
2282.0, 1.535106, -1.116043, -0.007467, -3.567745, 0.861441, 0.0
2282.0, 1.535106, -1.116043, -0.007467, -3.567745, 0.861441, 0.0
2300.0, 1.544998, -1.12638, -0.008008, -3.567745, 0.861441, 0.0
2300.0, 1.544998, -1.12638, -0.008008, -3.567745, 0.861441, 0.0
2317.0, 1.555271, -1.136873, -0.008537, -3.567745, 0.861441, 0.0
2332.0, 1.565985, -1.147575, -0.009063, -3.567745, 0.861441, 0.0
2332.0, 1.565985, -1.147575, -0.009063, -3.567745, 0.861441, 0.0
2349.0, 1.577122, -1.15846, -0.009559, -3.567745, 0.861441, 0.0
2349.0, 1.577122, -1.15846, -0.009559, -3.567745, 0.861441, 0.0
2366.0, 1.588679, -1.169522, -0.010015, -3.567745, 0.861441, 0.0
2382.0, 1.600659, -1.18076, -0.01043, -3.567745, 0.861441, 0.0
2382.0, 1.600659, -1.18076, -0.01043, -3.567745, 0.861441, 0.0
2400.0, 1.613067, -1.192177, -0.010804, -3.567745, 0.861441, 0.0
2400.0, 1.613067, -1.192177, -0.010804, -3.567745, 0.861441, 0.0
2417.0, 1.625906, -1.203776, -0.011141, -3.567745, 0.861441, 0.0
2432.0, 1.639184, -1.215563, -0.011445, -3.567745, 0.861441, 0.0
2432.0, 1.639184, -1.215563, -0.011445, -3.567745, 0.861441, 0.0
2449.0, 1.652902, -1.227537, -0.01172, -3.567745, 0.861441, 0.0
2449.0, 1.652902, -1.227537, -0.01172, -3.567745, 0.861441, 0.0
2465.0, 1.667064, -1.239699, -0.01197, -3.567745, 0.861441, 0.0
2483.0, 1.681673, -1.252051, -0.012198, -3.567745, 0.861441, 0.0
2483.0, 1.681673, -1.252051, -0.012198, -3.567745, 0.861441, 0.0
2499.0, 1.69673, -1.264592, -0.012408, -3.567745, 0.861441, 0.0
2499.0, 1.69673, -1.264592, -0.012408, -3.567745, 0.861441, 0.0
2516.0, 1.712238, -1.277325, -0.012604, -3.567745, 0.861441, 0.0
2532.0, 1.728196, -1.290243, -0.012786, -4.037161, 1.033639, 0.0
2532.0, 1.728196, -1.290243, -0.012786, -4.037161, 1.033639, 0.0
2549.0, 1.744609, -1.303346, -0.012959, -4.037161, 1.033639, 0.0
2549.0, 1.744609, -1.303346, -0.012959, -4.037161, 1.033639, 0.0
2566.0, 1.76148, -1.316633, -0.013126, -4.037161, 1.033639, 0.0
2583.0, 1.778812, -1.3301, -0.013287, -4.037161, 1.033639, 0.0
2583.0, 1.778812, -1.3301, -0.013287, -4.037161, 1.033639, 0.0
2599.0, 1.796607, -1.343746, -0.013444, -4.037161, 1.033639, 0.0
2599.0, 1.796607, -1.343746, -0.013444, -4.037161, 1.033639, 0.0
2617.0, 1.814865, -1.357569, -0.013597, -4.037161, 1.033639, 0.0
2633.0, 1.833492, -1.371537, -0.013705, -4.037161, 1.033639, 0.0
2633.0, 1.833492, -1.371537, -0.013705, -4.037161, 1.033639, 0.0
2650.0, 1.852364, -1.385612, -0.01373, -4.037161, 1.033639, 0.0
2650.0, 1.852364, -1.385612, -0.01373, -4.037161, 1.033639, 0.0
2666.0, 1.87136, -1.399756, -0.013651, -4.037161, 1.033639, 0.0
2683.0, 1.890908, -1.414337, -0.013457, -4.037161, 1.033639, 0.0
2683.0, 1.890908, -1.414337, -0.013457, -4.037161, 1.033639, 0.0
2700.0, 1.909833, -1.428524, -0.013168, -4.037161, 1.033639, 0.0
2700.0, 1.909833, -1.428524, -0.013168, -4.037161, 1.033639, 0.0
2722.0, 1.928602, -1.442697, -0.012792, -4.037161, 1.033639, 0.0
2734.0, 1.947091, -1.456797, -0.012328, -4.037161, 1.033639, 0.0
2734.0, 1.947091, -1.456797, -0.012328, -4.037161, 1.033639, 0.0
2751.0, 1.96529, -1.470843, -0.011821, -4.037161, 1.033639, 0.0
2751.0, 1.96529, -1.470843, -0.011821, -4.037161, 1.033639, 0.0
2767.0, 1.983172, -1.48484, -0.011299, -4.037161, 1.033639, 0.0
2782.0, 2.000709, -1.498786, -0.01078, -4.507473, 1.206166, 0.0
2782.0, 2.000709, -1.498786, -0.01078, -4.507473, 1.206166, 0.0
2799.0, 2.017876, -1.512674, -0.010277, -4.507473, 1.206166, 0.0
2799.0, 2.017876, -1.512674, -0.010277, -4.507473, 1.206166, 0.0
2817.0, 2.03465, -1.5265, -0.009797, -4.507473, 1.206166, 0.0
2833.0, 2.051065, -1.540304, -0.009368, -4.507473, 1.206166, 0.0
2833.0, 2.051065, -1.540304, -0.009368, -4.507473, 1.206166, 0.0
2850.0, 2.067183, -1.55415, -0.008966, -4.507473, 1.206166, 0.0
2850.0, 2.067183, -1.55415, -0.008966, -4.507473, 1.206166, 0.0
2867.0, 2.082741, -1.567822, -0.008592, -4.507473, 1.206166, 0.0
2883.0, 2.097841, -1.581415, -0.008243, -4.507473, 1.206166, 0.0
2883.0, 2.097841, -1.581415, -0.008243, -4.507473, 1.206166, 0.0
2900.0, 2.112474, -1.594926, -0.007921, -4.507473, 1.206166, 0.0
2900.0, 2.112474, -1.594926, -0.007921, -4.507473, 1.206166, 0.0
2918.0, 2.126635, -1.608354, -0.007626, -4.507473, 1.206166, 0.0
2935.0, 2.140307, -1.621686, -0.007353, -4.507473, 1.206166, 0.0
2935.0, 2.140307, -1.621686, -0.007353, -4.507473, 1.206166, 0.0
2951.0, 2.153496, -1.634929, -0.007107, -4.507473, 1.206166, 0.0
2951.0, 2.153496, -1.634929, -0.007107, -4.507473, 1.206166, 0.0
2967.0, 2.166205, -1.648088, -0.006887, -4.507473, 1.206166, 0.0
2985.0, 2.178434, -1.661163, -0.00669, -4.507473, 1.206166, 0.0
2985.0, 2.178434, -1.661163, -0.00669, -4.507473, 1.206166, 0.0
2999.0, 2.190182, -1.674154, -0.006513, -4.507473, 1.206166, 0.0
2999.0, 2.190182, -1.674154, -0.006513, -4.507473, 1.206166, 0.0
3017.0, 2.201448, -1.68706, -0.006352, -4.507473, 1.206166, 0.0
3033.0, 2.212338, -1.699912, -0.00625, -4.977118, 1.378447, 0.0
3033.0, 2.212338, -1.699912, -0.00625, -4.977118, 1.378447, 0.0
3051.0, 2.222971, -1.712728, -0.006238, -4.977118, 1.378447, 0.0
3051.0, 2.222971, -1.712728, -0.006238, -4.977118, 1.378447, 0.0
3067.0, 2.233467, -1.725531, -0.006335, -4.977118, 1.378447, 0.0
3084.0, 2.243935, -1.738342, -0.006545, -4.977118, 1.378447, 0.0
3084.0, 2.243935, -1.738342, -0.006545, -4.977118, 1.378447, 0.0
3100.0, 2.254469, -1.751181, -0.006861, -4.977118, 1.378447, 0.0
3100.0, 2.254469, -1.751181, -0.006861, -4.977118, 1.378447, 0.0
3119.0, 2.265151, -1.764061, -0.007265, -4.977118, 1.378447, 0.0
3134.0, 2.276044, -1.776999, -0.007737, -4.977118, 1.378447, 0.0
3134.0, 2.276044, -1.776999, -0.007737, -4.977118, 1.378447, 0.0
3151.0, 2.287202, -1.790008, -0.008257, -4.977118, 1.378447, 0.0
3151.0, 2.287202, -1.790008, -0.008257, -4.977118, 1.378447, 0.0
3171.0, 2.298668, -1.803102, -0.008803, -4.977118, 1.378447, 0.0
3187.0, 2.310477, -1.816289, -0.009358, -4.977118, 1.378447, 0.0
3187.0, 2.310477, -1.816289, -0.009358, -4.977118, 1.378447, 0.0
3200.0, 2.322655, -1.829578, -0.009906, -4.977118, 1.378447, 0.0
3200.0, 2.322655, -1.829578, -0.009906, -4.977118, 1.378447, 0.0
3218.0, 2.335226, -1.842977, -0.010436, -4.977118, 1.378447, 0.0
3233.0, 2.348206, -1.856492, -0.010938, -4.977118, 1.378447, 0.0
3233.0, 2.348206, -1.856492, -0.010938, -4.977118, 1.378447, 0.0
3250.0, 2.361609, -1.870128, -0.011407, -4.977118, 1.378447, 0.0
3250.0, 2.361609, -1.870128, -0.011407, -4.977118, 1.378447, 0.0
3266.0, 2.375445, -1.88389, -0.01184, -4.977118, 1.378447, 0.0
3284.0, 2.389724, -1.897783, -0.012236, -5.446534, 1.550645, 0.0
3284.0, 2.389724, -1.897783, -0.012236, -5.446534, 1.550645, 0.0
3301.0, 2.404452, -1.911808, -0.012595, -5.446534, 1.550645, 0.0
3301.0, 2.404452, -1.911808, -0.012595, -5.446534, 1.550645, 0.0
3320.0, 2.419634, -1.92597, -0.012919, -5.446534, 1.550645, 0.0
3337.0, 2.435274, -1.940268, -0.01321, -5.446534, 1.550645, 0.0
3337.0, 2.435274, -1.940268, -0.01321, -5.446534, 1.550645, 0.0
3350.0, 2.451378, -1.954701, -0.013472, -5.446534, 1.550645, 0.0
3350.0, 2.451378, -1.954701, -0.013472, -5.446534, 1.550645, 0.0
3366.0, 2.467947, -1.969269, -0.013708, -5.446534, 1.550645, 0.0
3385.0, 2.484986, -1.98397, -0.013921, -5.446534, 1.550645, 0.0
3385.0, 2.484986, -1.98397, -0.013921, -5.446534, 1.550645, 0.0
3401.0, 2.502496, -1.998803, -0.014115, -5.446534, 1.550645, 0.0
3401.0, 2.502496, -1.998803, -0.014115, -5.446534, 1.550645, 0.0
3419.0, 2.520479, -2.013767, -0.014292, -5.446534, 1.550645, 0.0
3434.0, 2.538842, -2.028845, -0.014414, -5.446534, 1.550645, 0.0
3434.0, 2.538842, -2.028845, -0.014414, -5.446534, 1.550645, 0.0
3451.0, 2.557456, -2.044007, -0.014443, -5.446534, 1.550645, 0.0
3451.0, 2.557456, -2.044007, -0.014443, -5.446534, 1.550645, 0.0
3466.0, 2.576195, -2.059227, -0.01436, -5.446534, 1.550645, 0.0
3484.0, 2.59495, -2.074481, -0.01416, -5.446534, 1.550645, 0.0
3485.0, 2.59495, -2.074481, -0.01416, -5.446534, 1.550645, 0.0
3499.0, 2.613623, -2.089752, -0.013854, -5.446534, 1.550645, 0.0
3499.0, 2.613623, -2.089752, -0.013854, -5.446534, 1.550645, 0.0
3517.0, 2.632136, -2.105024, -0.013458, -5.446534, 1.550645, 0.0
3535.0, 2.650418, -2.120283, -0.012995, -5.915951, 1.722844, 0.0
3535.0, 2.650418, -2.120283, -0.012995, -5.915951, 1.722844, 0.0
3549.0, 2.668419, -2.135528, -0.012487, -5.915951, 1.722844, 0.0
3549.0, 2.668419, -2.135528, -0.012487, -5.915951, 1.722844, 0.0
3566.0, 2.686096, -2.150753, -0.011957, -5.915951, 1.722844, 0.0
3583.0, 2.703415, -2.165956, -0.011423, -5.915951, 1.722844, 0.0
3583.0, 2.703415, -2.165956, -0.011423, -5.915951, 1.722844, 0.0
3600.0, 2.72061, -2.181366, -0.010893, -5.915951, 1.722844, 0.0
3600.0, 2.72061, -2.181366, -0.010893, -5.915951, 1.722844, 0.0
3618.0, 2.737129, -2.196512, -0.010394, -5.915951, 1.722844, 0.0
3633.0, 2.753195, -2.211602, -0.009916, -5.915951, 1.722844, 0.0
3633.0, 2.753195, -2.211602, -0.009916, -5.915951, 1.722844, 0.0
3650.0, 2.768814, -2.226655, -0.009477, -5.915951, 1.722844, 0.0
3650.0, 2.768814, -2.226655, -0.009477, -5.915951, 1.722844, 0.0
3666.0, 2.783985, -2.241677, -0.009082, -5.915951, 1.722844, 0.0
3683.0, 2.798721, -2.256693, -0.008732, -5.915951, 1.722844, 0.0
3683.0, 2.798721, -2.256693, -0.008732, -5.915951, 1.722844, 0.0
3700.0, 2.812977, -2.271661, -0.008426, -5.915951, 1.722844, 0.0
3700.0, 2.812977, -2.271661, -0.008426, -5.915951, 1.722844, 0.0
3718.0, 2.826766, -2.286602, -0.008157, -5.915951, 1.722844, 0.0
3733.0, 2.840108, -2.301542, -0.007933, -5.915951, 1.722844, 0.0
3733.0, 2.840108, -2.301542, -0.007933, -5.915951, 1.722844, 0.0
3750.0, 2.85298, -2.316458, -0.007736, -5.915951, 1.722844, 0.0
3750.0, 2.85298, -2.316458, -0.007736, -5.915951, 1.722844, 0.0
3766.0, 2.865373, -2.331341, -0.00756, -5.915951, 1.722844, 0.0
3783.0, 2.877285, -2.346192, -0.0074, -6.3859, 1.895237, 0.0
3783.0, 2.877285, -2.346192, -0.0074, -6.3859, 1.895237, 0.0
3800.0, 2.888705, -2.360998, -0.007253, -6.3859, 1.895237, 0.0
3800.0, 2.888705, -2.360998, -0.007253, -6.3859, 1.895237, 0.0
3818.0, 2.899635, -2.375764, -0.007118, -6.3859, 1.895237, 0.0
3833.0, 2.910075, -2.390486, -0.006991, -6.3859, 1.895237, 0.0
3833.0, 2.910075, -2.390486, -0.006991, -6.3859, 1.895237, 0.0
3851.0, 2.920023, -2.40516, -0.006872, -6.3859, 1.895237, 0.0
3851.0, 2.920023, -2.40516, -0.006872, -6.3859, 1.895237, 0.0
3867.0, 2.929481, -2.419781, -0.006759, -6.3859, 1.895237, 0.0
3884.0, 2.938447, -2.434346, -0.00665, -6.3859, 1.895237, 0.0
3884.0, 2.938447, -2.434346, -0.00665, -6.3859, 1.895237, 0.0
3900.0, 2.946922, -2.448851, -0.006544, -6.3859, 1.895237, 0.0
3900.0, 2.946922, -2.448851, -0.006544, -6.3859, 1.895237, 0.0
3918.0, 2.954906, -2.463293, -0.006439, -6.3859, 1.895237, 0.0
3934.0, 2.962496, -2.477691, -0.006377, -6.3859, 1.895237, 0.0
3934.0, 2.962496, -2.477691, -0.006377, -6.3859, 1.895237, 0.0
3950.0, 2.969819, -2.492069, -0.006396, -6.3859, 1.895237, 0.0
3950.0, 2.969819, -2.492069, -0.006396, -6.3859, 1.895237, 0.0
3967.0, 2.976996, -2.506452, -0.006517, -6.3859, 1.895237, 0.0
3983.0, 2.984138, -2.52086, -0.006747, -6.3859, 1.895237, 0.0
3983.0, 2.984138, -2.52086, -0.006747, -6.3859, 1.895237, 0.0
4000.0, 2.99134, -2.535311, -0.007078, -6.3859, 1.895237, 0.0
4000.0, 2.99134, -2.535311, -0.007078, -6.3859, 1.895237, 0.0
4017.0, 2.998683, -2.549822, -0.007495, -6.3859, 1.895237, 0.0
4033.0, 3.006231, -2.564406, -0.007979, -6.85533, 2.06744, 0.0
4033.0, 3.006231, -2.564406, -0.007979, -6.85533, 2.06744, 0.0
4050.0, 3.014038, -2.57908, -0.008509, -6.85533, 2.06744, 0.0
4050.0, 3.014038, -2.57908, -0.008509, -6.85533, 2.06744, 0.0
4067.0, 3.022146, -2.593857, -0.009065, -6.85533, 2.06744, 0.0
4083.0, 3.030589, -2.608748, -0.009629, -6.85533, 2.06744, 0.0
4083.0, 3.030589, -2.608748, -0.009629, -6.85533, 2.06744, 0.0
4100.0, 3.039396, -2.623761, -0.010187, -6.85533, 2.06744, 0.0
4100.0, 3.039396, -2.623761, -0.010187, -6.85533, 2.06744, 0.0
4118.0, 3.048587, -2.638905, -0.010727, -6.85533, 2.06744, 0.0
4133.0, 3.05818, -2.654187, -0.011241, -6.85533, 2.06744, 0.0
4133.0, 3.05818, -2.654187, -0.011241, -6.85533, 2.06744, 0.0
4150.0, 3.068188, -2.669615, -0.011724, -6.85533, 2.06744, 0.0
4150.0, 3.068188, -2.669615, -0.011724, -6.85533, 2.06744, 0.0
4167.0, 3.078621, -2.685193, -0.012171, -6.85533, 2.06744, 0.0
4183.0, 3.089488, -2.700928, -0.012583, -6.85533, 2.06744, 0.0
4183.0, 3.089488, -2.700928, -0.012583, -6.85533, 2.06744, 0.0
4200.0, 3.100795, -2.716823, -0.012959, -6.85533, 2.06744, 0.0
4200.0, 3.100795, -2.716823, -0.012959, -6.85533, 2.06744, 0.0
4217.0, 3.112546, -2.732881, -0.013302, -6.85533, 2.06744, 0.0
4233.0, 3.124749, -2.749109, -0.013614, -6.85533, 2.06744, 0.0
4233.0, 3.124749, -2.749109, -0.013614, -6.85533, 2.06744, 0.0
4250.0, 3.137405, -2.765503, -0.013898, -6.85533, 2.06744, 0.0
4250.0, 3.137405, -2.765503, -0.013898, -6.85533, 2.06744, 0.0
4266.0, 3.150517, -2.782063, -0.014157, -6.85533, 2.06744, 0.0
4283.0, 3.164088, -2.79879, -0.014394, -7.324746, 2.239638, 0.0
4283.0, 3.164088, -2.79879, -0.014394, -7.324746, 2.239638, 0.0
4301.0, 3.178118, -2.815683, -0.014612, -7.324746, 2.239638, 0.0
4301.0, 3.178118, -2.815683, -0.014612, -7.324746, 2.239638, 0.0
4317.0, 3.192611, -2.832741, -0.014814, -7.324746, 2.239638, 0.0
4333.0, 3.207566, -2.849959, -0.015003, -7.324746, 2.239638, 0.0
4333.0, 3.207566, -2.849959, -0.015003, -7.324746, 2.239638, 0.0
4350.0, 3.222987, -2.867334, -0.01518, -7.324746, 2.239638, 0.0
4350.0, 3.222987, -2.867334, -0.01518, -7.324746, 2.239638, 0.0
4366.0, 3.238877, -2.884862, -0.01535, -7.324746, 2.239638, 0.0
4383.0, 3.255239, -2.902541, -0.015514, -7.324746, 2.239638, 0.0
4383.0, 3.255239, -2.902541, -0.015514, -7.324746, 2.239638, 0.0
4400.0, 3.272075, -2.920367, -0.015672, -7.324746, 2.239638, 0.0
4400.0, 3.272075, -2.920367, -0.015672, -7.324746, 2.239638, 0.0
4417.0, 3.289387, -2.938337, -0.015825, -7.324746, 2.239638, 0.0
4433.0, 3.307177, -2.956443, -0.015974, -7.324746, 2.239638, 0.0
4433.0, 3.307177, -2.956443, -0.015974, -7.324746, 2.239638, 0.0
4449.0, 3.325446, -2.974676, -0.016119, -7.324746, 2.239638, 0.0
4449.0, 3.325446, -2.974676, -0.016119, -7.324746, 2.239638, 0.0
4466.0, 3.344198, -2.993028, -0.016261, -7.324746, 2.239638, 0.0
4484.0, 3.363435, -3.011491, -0.016399, -7.324746, 2.239638, 0.0
4484.0, 3.363435, -3.011491, -0.016399, -7.324746, 2.239638, 0.0
4500.0, 3.383157, -3.03006, -0.016533, -7.324746, 2.239638, 0.0
4500.0, 3.383157, -3.03006, -0.016533, -7.324746, 2.239638, 0.0
4517.0, 3.403367, -3.048728, -0.016664, -7.324746, 2.239638, 0.0
4533.0, 3.423964, -3.067484, -0.016747, -7.794163, 2.411836, 0.0
4533.0, 3.423964, -3.067484, -0.016747, -7.794163, 2.411836, 0.0
4549.0, 3.444821, -3.086315, -0.016747, -7.794163, 2.411836, 0.0
4549.0, 3.444821, -3.086315, -0.016747, -7.794163, 2.411836, 0.0
4566.0, 3.465811, -3.105208, -0.016638, -7.794163, 2.411836, 0.0
4583.0, 3.486821, -3.124154, -0.016418, -7.794163, 2.411836, 0.0
4583.0, 3.486821, -3.124154, -0.016418, -7.794163, 2.411836, 0.0
4600.0, 3.507754, -3.143144, -0.016097, -7.794163, 2.411836, 0.0
4600.0, 3.507754, -3.143144, -0.016097, -7.794163, 2.411836, 0.0
4617.0, 3.528527, -3.16217, -0.015691, -7.794163, 2.411836, 0.0
4634.0, 3.549074, -3.181233, -0.015221, -7.794163, 2.411836, 0.0
4634.0, 3.549074, -3.181233, -0.015221, -7.794163, 2.411836, 0.0
4651.0, 3.569341, -3.200334, -0.014712, -7.794163, 2.411836, 0.0
4651.0, 3.569341, -3.200334, -0.014712, -7.794163, 2.411836, 0.0
4667.0, 3.589284, -3.219475, -0.014185, -7.794163, 2.411836, 0.0
4684.0, 3.608868, -3.238657, -0.013658, -7.794163, 2.411836, 0.0
4684.0, 3.608868, -3.238657, -0.013658, -7.794163, 2.411836, 0.0
4701.0, 3.628066, -3.25788, -0.013148, -7.794163, 2.411836, 0.0
4701.0, 3.628066, -3.25788, -0.013148, -7.794163, 2.411836, 0.0
4718.0, 3.646855, -3.277147, -0.012666, -7.794163, 2.411836, 0.0
4734.0, 3.665219, -3.296458, -0.01222, -7.794163, 2.411836, 0.0
4734.0, 3.665219, -3.296458, -0.01222, -7.794163, 2.411836, 0.0
4751.0, 3.683145, -3.315817, -0.011817, -7.794163, 2.411836, 0.0
4751.0, 3.683145, -3.315817, -0.011817, -7.794163, 2.411836, 0.0
4767.0, 3.700622, -3.335227, -0.011457, -7.794163, 2.411836, 0.0
4783.0, 3.717643, -3.354691, -0.011143, -8.263578, 2.584034, 0.0
4783.0, 3.717643, -3.354691, -0.011143, -8.263578, 2.584034, 0.0
4800.0, 3.734202, -3.37421, -0.010871, -8.263578, 2.584034, 0.0
4800.0, 3.734202, -3.37421, -0.010871, -8.263578, 2.584034, 0.0
4817.0, 3.750294, -3.393786, -0.010639, -8.263578, 2.584034, 0.0
4833.0, 3.765917, -3.413425, -0.010445, -8.263578, 2.584034, 0.0
4833.0, 3.765917, -3.413425, -0.010445, -8.263578, 2.584034, 0.0
4851.0, 3.781066, -3.433125, -0.010284, -8.263578, 2.584034, 0.0
4851.0, 3.781066, -3.433125, -0.010284, -8.263578, 2.584034, 0.0
4867.0, 3.795738, -3.452884, -0.01015, -8.263578, 2.584034, 0.0
4884.0, 3.809929, -3.472704, -0.010039, -8.263578, 2.584034, 0.0
4884.0, 3.809929, -3.472704, -0.010039, -8.263578, 2.584034, 0.0
4901.0, 3.823638, -3.492584, -0.009948, -8.263578, 2.584034, 0.0
4901.0, 3.823638, -3.492584, -0.009948, -8.263578, 2.584034, 0.0
4917.0, 3.836863, -3.512525, -0.009873, -8.263578, 2.584034, 0.0
4934.0, 3.8496, -3.532521, -0.00981, -8.263578, 2.584034, 0.0
4934.0, 3.8496, -3.532521, -0.00981, -8.263578, 2.584034, 0.0
4951.0, 3.861849, -3.552572, -0.009757, -8.263578, 2.584034, 0.0
4951.0, 3.861849, -3.552572, -0.009757, -8.263578, 2.584034, 0.0
4967.0, 3.87361, -3.572676, -0.009711, -8.263578, 2.584034, 0.0
4985.0, 3.884881, -3.592831, -0.009671, -8.263578, 2.584034, 0.0
4985.0, 3.884881, -3.592831, -0.009671, -8.263578, 2.584034, 0.0
5000.0, 3.895661, -3.613033, -0.009636, -8.263578, 2.584034, 0.0
5000.0, 3.895661, -3.613033, -0.009636, -8.263578, 2.584034, 0.0
5017.0, 3.905949, -3.633282, -0.009602, -8.263578, 2.584034, 0.0
5034.0, 3.915745, -3.653572, -0.009571, -8.732994, 2.756232, 0.0
5034.0, 3.915745, -3.653572, -0.009571, -8.732994, 2.756232, 0.0
5050.0, 3.925046, -3.673894, -0.00954, -8.732994, 2.756232, 0.0
5050.0, 3.925046, -3.673894, -0.00954, -8.732994, 2.756232, 0.0
5067.0, 3.933853, -3.694242, -0.009508, -8.732994, 2.756232, 0.0
5084.0, 3.942164, -3.714611, -0.009475, -8.732994, 2.756232, 0.0
5084.0, 3.942164, -3.714611, -0.009475, -8.732994, 2.756232, 0.0
5101.0, 3.949979, -3.734994, -0.009442, -8.732994, 2.756232, 0.0
5101.0, 3.949979, -3.734994, -0.009442, -8.732994, 2.756232, 0.0
5118.0, 3.957298, -3.755388, -0.009407, -8.732994, 2.756232, 0.0
5134.0, 3.964219, -3.775796, -0.009412, -8.732994, 2.756232, 0.0
5134.0, 3.964219, -3.775796, -0.009412, -8.732994, 2.756232, 0.0
5151.0, 3.97087, -3.796225, -0.009497, -8.732994, 2.756232, 0.0
5151.0, 3.97087, -3.796225, -0.009497, -8.732994, 2.756232, 0.0
5166.0, 3.977376, -3.816682, -0.009681, -8.732994, 2.756232, 0.0
5185.0, 3.98385, -3.837173, -0.009969, -8.732994, 2.756232, 0.0
5185.0, 3.98385, -3.837173, -0.009969, -8.732994, 2.756232, 0.0
5200.0, 3.990389, -3.857702, -0.010354, -8.732994, 2.756232, 0.0
5200.0, 3.990389, -3.857702, -0.010354, -8.732994, 2.756232, 0.0
5218.0, 3.997076, -3.878275, -0.010818, -8.732994, 2.756232, 0.0
5234.0, 4.003976, -3.8989, -0.011341, -8.732994, 2.756232, 0.0
5234.0, 4.003976, -3.8989, -0.011341, -8.732994, 2.756232, 0.0
5251.0, 4.011145, -3.919586, -0.011901, -8.732994, 2.756232, 0.0
5251.0, 4.011145, -3.919586, -0.011901, -8.732994, 2.756232, 0.0
5266.0, 4.018625, -3.940342, -0.012479, -8.732994, 2.756232, 0.0
5284.0, 4.026452, -3.961177, -0.013056, -9.202411, 2.92843, 0.0
5284.0, 4.026452, -3.961177, -0.013056, -9.202411, 2.92843, 0.0
5301.0, 4.034654, -3.982097, -0.013619, -9.202411, 2.92843, 0.0
5301.0, 4.034654, -3.982097, -0.013619, -9.202411, 2.92843, 0.0
5317.0, 4.043253, -4.003106, -0.014156, -9.202411, 2.92843, 0.0
5334.0, 4.052266, -4.024213, -0.01466, -9.202411, 2.92843, 0.0
5334.0, 4.052266, -4.024213, -0.01466, -9.202411, 2.92843, 0.0
5350.0, 4.061706, -4.045423, -0.015127, -9.202411, 2.92843, 0.0
5350.0, 4.061706, -4.045423, -0.015127, -9.202411, 2.92843, 0.0
5367.0, 4.071583, -4.066741, -0.015553, -9.202411, 2.92843, 0.0
5385.0, 4.081906, -4.088173, -0.015939, -9.202411, 2.92843, 0.0
5385.0, 4.081906, -4.088173, -0.015939, -9.202411, 2.92843, 0.0
5401.0, 4.09268, -4.109722, -0.016287, -9.202411, 2.92843, 0.0
5401.0, 4.09268, -4.109722, -0.016287, -9.202411, 2.92843, 0.0
5418.0, 4.103912, -4.13139, -0.016599, -9.202411, 2.92843, 0.0
5434.0, 4.115607, -4.153184, -0.016879, -9.202411, 2.92843, 0.0
5434.0, 4.115607, -4.153184, -0.016879, -9.202411, 2.92843, 0.0
5451.0, 4.127768, -4.175102, -0.017131, -9.202411, 2.92843, 0.0
5451.0, 4.127768, -4.175102, -0.017131, -9.202411, 2.92843, 0.0
5467.0, 4.140396, -4.197142, -0.017357, -9.202411, 2.92843, 0.0
5485.0, 4.153495, -4.219301, -0.017562, -9.202411, 2.92843, 0.0
5485.0, 4.153495, -4.219301, -0.017562, -9.202411, 2.92843, 0.0
5500.0, 4.167068, -4.241582, -0.017748, -9.202411, 2.92843, 0.0
5500.0, 4.167068, -4.241582, -0.017748, -9.202411, 2.92843, 0.0
5518.0, 4.181114, -4.263983, -0.01792, -9.202411, 2.92843, 0.0
5533.0, 4.195634, -4.286496, -0.018078, -9.671827, 3.100628, 0.0
5533.0, 4.195634, -4.286496, -0.018078, -9.671827, 3.100628, 0.0
5550.0, 4.210634, -4.309119, -0.018227, -9.671827, 3.100628, 0.0
5550.0, 4.210634, -4.309119, -0.018227, -9.671827, 3.100628, 0.0
5567.0, 4.226114, -4.331847, -0.018368, -9.671827, 3.100628, 0.0
5583.0, 4.242078, -4.354677, -0.018504, -9.671827, 3.100628, 0.0
5583.0, 4.242078, -4.354677, -0.018504, -9.671827, 3.100628, 0.0
5600.0, 4.258527, -4.377605, -0.018635, -9.671827, 3.100628, 0.0
5600.0, 4.258527, -4.377605, -0.018635, -9.671827, 3.100628, 0.0
5618.0, 4.275464, -4.400629, -0.018761, -9.671827, 3.100628, 0.0
5633.0, 4.292788, -4.423734, -0.018842, -9.671827, 3.100628, 0.0
5633.0, 4.292788, -4.423734, -0.018842, -9.671827, 3.100628, 0.0
5650.0, 4.310371, -4.446909, -0.018838, -9.671827, 3.100628, 0.0
5650.0, 4.310371, -4.446909, -0.018838, -9.671827, 3.100628, 0.0
5667.0, 4.328088, -4.47014, -0.018727, -9.671827, 3.100628, 0.0
5683.0, 4.345825, -4.493414, -0.018506, -9.671827, 3.100628, 0.0
5683.0, 4.345825, -4.493414, -0.018506, -9.671827, 3.100628, 0.0
5700.0, 4.363485, -4.516724, -0.018182, -9.671827, 3.100628, 0.0
5700.0, 4.363485, -4.516724, -0.018182, -9.671827, 3.100628, 0.0
5718.0, 4.380985, -4.540061, -0.017772, -9.671827, 3.100628, 0.0
5733.0, 4.398259, -4.563423, -0.017299, -9.671827, 3.100628, 0.0
5733.0, 4.398259, -4.563423, -0.017299, -9.671827, 3.100628, 0.0
5750.0, 4.415251, -4.58681, -0.016784, -9.671827, 3.100628, 0.0
5750.0, 4.415251, -4.58681, -0.016784, -9.671827, 3.100628, 0.0
5767.0, 4.431917, -4.610221, -0.01625, -9.671827, 3.100628, 0.0
5783.0, 4.448224, -4.633658, -0.015715, -10.141243, 3.272826, 0.0
5783.0, 4.448224, -4.633658, -0.015715, -10.141243, 3.272826, 0.0
5800.0, 4.464142, -4.65712, -0.015196, -10.141243, 3.272826, 0.0
5800.0, 4.464142, -4.65712, -0.015196, -10.141243, 3.272826, 0.0
5818.0, 4.479651, -4.680607, -0.014704, -10.141243, 3.272826, 0.0
5833.0, 4.494733, -4.70412, -0.014248, -10.141243, 3.272826, 0.0
5833.0, 4.494733, -4.70412, -0.014248, -10.141243, 3.272826, 0.0
5850.0, 4.509375, -4.72766, -0.013833, -10.141243, 3.272826, 0.0
5850.0, 4.509375, -4.72766, -0.013833, -10.141243, 3.272826, 0.0
5867.0, 4.523567, -4.751229, -0.013462, -10.141243, 3.272826, 0.0
5883.0, 4.5373, -4.774828, -0.013135, -10.141243, 3.272826, 0.0
5883.0, 4.5373, -4.774828, -0.013135, -10.141243, 3.272826, 0.0
5900.0, 4.550569, -4.798458, -0.012852, -10.141243, 3.272826, 0.0
5900.0, 4.550569, -4.798458, -0.012852, -10.141243, 3.272826, 0.0
5917.0, 4.563369, -4.822121, -0.012608, -10.141243, 3.272826, 0.0
5933.0, 4.575697, -4.84582, -0.012402, -10.141243, 3.272826, 0.0
5933.0, 4.575697, -4.84582, -0.012402, -10.141243, 3.272826, 0.0
5950.0, 4.587549, -4.869552, -0.012229, -10.141243, 3.272826, 0.0
5950.0, 4.587549, -4.869552, -0.012229, -10.141243, 3.272826, 0.0
5967.0, 4.59892, -4.893313, -0.012083, -10.141243, 3.272826, 0.0
5983.0, 4.609809, -4.917103, -0.011962, -10.141243, 3.272826, 0.0
5983.0, 4.609809, -4.917103, -0.011962, -10.141243, 3.272826, 0.0
6000.0, 4.620213, -4.940921, -0.011861, -10.141243, 3.272826, 0.0
6000.0, 4.620213, -4.940921, -0.011861, -10.141243, 3.272826, 0.0
6018.0, 4.63013, -4.964766, -0.011776, -10.141243, 3.272826, 0.0
6033.0, 4.639557, -4.988629, -0.011704, -10.61066, 3.445024, 0.0
6033.0, 4.639557, -4.988629, -0.011704, -10.61066, 3.445024, 0.0
6050.0, 4.648494, -5.012509, -0.011643, -10.61066, 3.445024, 0.0
6050.0, 4.648494, -5.012509, -0.011643, -10.61066, 3.445024, 0.0
6067.0, 4.65694, -5.036402, -0.011591, -10.61066, 3.445024, 0.0
6084.0, 4.664894, -5.060305, -0.011545, -10.61066, 3.445024, 0.0
6084.0, 4.664894, -5.060305, -0.011545, -10.61066, 3.445024, 0.0
6100.0, 4.672355, -5.084214, -0.011504, -10.61066, 3.445024, 0.0
6100.0, 4.672355, -5.084214, -0.011504, -10.61066, 3.445024, 0.0
6117.0, 4.679322, -5.108126, -0.011466, -10.61066, 3.445024, 0.0
6133.0, 4.685895, -5.132045, -0.011472, -10.61066, 3.445024, 0.0
6134.0, 4.685895, -5.132045, -0.011472, -10.61066, 3.445024, 0.0
6150.0, 4.692201, -5.155979, -0.01156, -10.61066, 3.445024, 0.0
6150.0, 4.692201, -5.155979, -0.01156, -10.61066, 3.445024, 0.0
6166.0, 4.698364, -5.179935, -0.011749, -10.61066, 3.445024, 0.0
6184.0, 4.704498, -5.203918, -0.012043, -10.61066, 3.445024, 0.0
6184.0, 4.704498, -5.203918, -0.012043, -10.61066, 3.445024, 0.0
6200.0, 4.710701, -5.227936, -0.012433, -10.61066, 3.445024, 0.0
6200.0, 4.710701, -5.227936, -0.012433, -10.61066, 3.445024, 0.0
6217.0, 4.717054, -5.251992, -0.012902, -10.61066, 3.445024, 0.0
6233.0, 4.723624, -5.276096, -0.013429, -10.61066, 3.445024, 0.0
6234.0, 4.723624, -5.276096, -0.013429, -10.61066, 3.445024, 0.0
6250.0, 4.730466, -5.300257, -0.013992, -10.61066, 3.445024, 0.0
6250.0, 4.730466, -5.300257, -0.013992, -10.61066, 3.445024, 0.0
6267.0, 4.737622, -5.324483, -0.01457, -10.61066, 3.445024, 0.0
6283.0, 4.745128, -5.348785, -0.015147, -11.080076, 3.617222, 0.0
6283.0, 4.745128, -5.348785, -0.015147, -11.080076, 3.617222, 0.0
6300.0, 4.753011, -5.373167, -0.015706, -11.080076, 3.617222, 0.0
6300.0, 4.753011, -5.373167, -0.015706, -11.080076, 3.617222, 0.0
6318.0, 4.761293, -5.397636, -0.016238, -11.080076, 3.617222, 0.0
6333.0, 4.76999, -5.422199, -0.016736, -11.080076, 3.617222, 0.0
6333.0, 4.76999, -5.422199, -0.016736, -11.080076, 3.617222, 0.0
6350.0, 4.779115, -5.446861, -0.017193, -11.080076, 3.617222, 0.0
6350.0, 4.779115, -5.446861, -0.017193, -11.080076, 3.617222, 0.0
6367.0, 4.788679, -5.471628, -0.01761, -11.080076, 3.617222, 0.0
6383.0, 4.798689, -5.496505, -0.017986, -11.080076, 3.617222, 0.0
6383.0, 4.798689, -5.496505, -0.017986, -11.080076, 3.617222, 0.0
6400.0, 4.809151, -5.521495, -0.018322, -11.080076, 3.617222, 0.0
6400.0, 4.809151, -5.521495, -0.018322, -11.080076, 3.617222, 0.0
6417.0, 4.82007, -5.546603, -0.018623, -11.080076, 3.617222, 0.0
6433.0, 4.831451, -5.571829, -0.01889, -11.080076, 3.617222, 0.0
6433.0, 4.831451, -5.571829, -0.01889, -11.080076, 3.617222, 0.0
6450.0, 4.843297, -5.597173, -0.019129, -11.080076, 3.617222, 0.0
6450.0, 4.843297, -5.597173, -0.019129, -11.080076, 3.617222, 0.0
6467.0, 4.855611, -5.622636, -0.019344, -11.080076, 3.617222, 0.0
6483.0, 4.868396, -5.648217, -0.019537, -11.080076, 3.617222, 0.0
6483.0, 4.868396, -5.648217, -0.019537, -11.080076, 3.617222, 0.0
6500.0, 4.881653, -5.673916, -0.019714, -11.080076, 3.617222, 0.0
6500.0, 4.881653, -5.673916, -0.019714, -11.080076, 3.617222, 0.0
6518.0, 4.895386, -5.699733, -0.019876, -11.080076, 3.617222, 0.0
6533.0, 4.909598, -5.725669, -0.020028, -11.549493, 3.789421, 0.0
6533.0, 4.909598, -5.725669, -0.020028, -11.549493, 3.789421, 0.0
6550.0, 4.924292, -5.751715, -0.02017, -11.549493, 3.789421, 0.0
6550.0, 4.924292, -5.751715, -0.02017, -11.549493, 3.789421, 0.0
6566.0, 4.939466, -5.777863, -0.020306, -11.549493, 3.789421, 0.0
6583.0, 4.955125, -5.80411, -0.020435, -11.549493, 3.789421, 0.0
6583.0, 4.955125, -5.80411, -0.020435, -11.549493, 3.789421, 0.0
6599.0, 4.971268, -5.830451, -0.020559, -11.549493, 3.789421, 0.0
6599.0, 4.971268, -5.830451, -0.020559, -11.549493, 3.789421, 0.0
6618.0, 4.987898, -5.856883, -0.020678, -11.549493, 3.789421, 0.0
6634.0, 5.004911, -5.883389, -0.02075, -11.549493, 3.789421, 0.0
6634.0, 5.004911, -5.883389, -0.02075, -11.549493, 3.789421, 0.0
6651.0, 5.022182, -5.90996, -0.020739, -11.549493, 3.789421, 0.0
6651.0, 5.022182, -5.90996, -0.020739, -11.549493, 3.789421, 0.0
6667.0, 5.039587, -5.936586, -0.020622, -11.549493, 3.789421, 0.0
6684.0, 5.057012, -5.963258, -0.020395, -11.549493, 3.789421, 0.0
6684.0, 5.057012, -5.963258, -0.020395, -11.549493, 3.789421, 0.0
6701.0, 5.074358, -5.989965, -0.020067, -11.549493, 3.789421, 0.0
6701.0, 5.074358, -5.989965, -0.020067, -11.549493, 3.789421, 0.0
6718.0, 5.091544, -6.016701, -0.019654, -11.549493, 3.789421, 0.0
6734.0, 5.108502, -6.043464, -0.019178, -11.549493, 3.789421, 0.0
6734.0, 5.108502, -6.043464, -0.019178, -11.549493, 3.789421, 0.0
6751.0, 5.125178, -6.070252, -0.018662, -11.549493, 3.789421, 0.0
6751.0, 5.125178, -6.070252, -0.018662, -11.549493, 3.789421, 0.0
6767.0, 5.141527, -6.097068, -0.018127, -11.549493, 3.789421, 0.0
6783.0, 5.157516, -6.123911, -0.017593, -12.018909, 3.961618, 0.0
6783.0, 5.157516, -6.123911, -0.017593, -12.018909, 3.961618, 0.0
6799.0, 5.173116, -6.15078, -0.017075, -12.018909, 3.961618, 0.0
6799.0, 5.173116, -6.15078, -0.017075, -12.018909, 3.961618, 0.0
6818.0, 5.188305, -6.177676, -0.016585, -12.018909, 3.961618, 0.0
6834.0, 5.203067, -6.204598, -0.016132, -12.018909, 3.961618, 0.0
6834.0, 5.203067, -6.204598, -0.016132, -12.018909, 3.961618, 0.0
6850.0, 5.217388, -6.231548, -0.015721, -12.018909, 3.961618, 0.0
6850.0, 5.217388, -6.231548, -0.015721, -12.018909, 3.961618, 0.0
6867.0, 5.23126, -6.258529, -0.015355, -12.018909, 3.961618, 0.0
6884.0, 5.244673, -6.28554, -0.015034, -12.018909, 3.961618, 0.0
6884.0, 5.244673, -6.28554, -0.015034, -12.018909, 3.961618, 0.0
6901.0, 5.257622, -6.312582, -0.014756, -12.018909, 3.961618, 0.0
6901.0, 5.257622, -6.312582, -0.014756, -12.018909, 3.961618, 0.0
6917.0, 5.270102, -6.339657, -0.014519, -12.018909, 3.961618, 0.0
6935.0, 5.282115, -6.366778, -0.014319, -12.018909, 3.961618, 0.0
6935.0, 5.282115, -6.366778, -0.014319, -12.018909, 3.961618, 0.0
6951.0, 5.293644, -6.393917, -0.014153, -12.018909, 3.961618, 0.0
6951.0, 5.293644, -6.393917, -0.014153, -12.018909, 3.961618, 0.0
6967.0, 5.304694, -6.421084, -0.014015, -12.018909, 3.961618, 0.0
6985.0, 5.315262, -6.448281, -0.013902, -12.018909, 3.961618, 0.0
6985.0, 5.315262, -6.448281, -0.013902, -12.018909, 3.961618, 0.0
7000.0, 5.325346, -6.475505, -0.01381, -12.018909, 3.961618, 0.0
7000.0, 5.325346, -6.475505, -0.01381, -12.018909, 3.961618, 0.0
7017.0, 5.334944, -6.502756, -0.013735, -12.018909, 3.961618, 0.0
7033.0, 5.344055, -6.53003, -0.013673, -12.488341, 4.133822, 0.0
7033.0, 5.344055, -6.53003, -0.013673, -12.488341, 4.133822, 0.0
7050.0, 5.352676, -6.557321, -0.013622, -12.488341, 4.133822, 0.0
7050.0, 5.352676, -6.557321, -0.013622, -12.488341, 4.133822, 0.0
7067.0, 5.360807, -6.584624, -0.013579, -12.488341, 4.133822, 0.0
7083.0, 5.368446, -6.611935, -0.013543, -12.488341, 4.133822, 0.0
7083.0, 5.368446, -6.611935, -0.013543, -12.488341, 4.133822, 0.0
7101.0, 5.375592, -6.63925, -0.01351, -12.488341, 4.133822, 0.0
7101.0, 5.375592, -6.63925, -0.01351, -12.488341, 4.133822, 0.0
7118.0, 5.382244, -6.666565, -0.01348, -12.488341, 4.133822, 0.0
7134.0, 5.388501, -6.693886, -0.013495, -12.488341, 4.133822, 0.0
7135.0, 5.388501, -6.693886, -0.013495, -12.488341, 4.133822, 0.0
7150.0, 5.394492, -6.72122, -0.013589, -12.488341, 4.133822, 0.0
7150.0, 5.394492, -6.72122, -0.013589, -12.488341, 4.133822, 0.0
7167.0, 5.400341, -6.748574, -0.013785, -12.488341, 4.133822, 0.0
7185.0, 5.406161, -6.775954, -0.014086, -12.488341, 4.133822, 0.0
7185.0, 5.406161, -6.775954, -0.014086, -12.488341, 4.133822, 0.0
7200.0, 5.412051, -6.803369, -0.014481, -12.488341, 4.133822, 0.0
7200.0, 5.412051, -6.803369, -0.014481, -12.488341, 4.133822, 0.0
7218.0, 5.418093, -6.830821, -0.014956, -12.488341, 4.133822, 0.0
7233.0, 5.424354, -6.858321, -0.015487, -12.488341, 4.133822, 0.0
7233.0, 5.424354, -6.858321, -0.015487, -12.488341, 4.133822, 0.0
7251.0, 5.430887, -6.885879, -0.016053, -12.488341, 4.133822, 0.0
7251.0, 5.430887, -6.885879, -0.016053, -12.488341, 4.133822, 0.0
7267.0, 5.437737, -6.913504, -0.016633, -12.488341, 4.133822, 0.0
7283.0, 5.444937, -6.941204, -0.01721, -12.957757, 4.306021, 0.0
7283.0, 5.444937, -6.941204, -0.01721, -12.957757, 4.306021, 0.0
7301.0, 5.452515, -6.968987, -0.017768, -12.957757, 4.306021, 0.0
7301.0, 5.452515, -6.968987, -0.017768, -12.957757, 4.306021, 0.0
7318.0, 5.460492, -6.996859, -0.018298, -12.957757, 4.306021, 0.0
7333.0, 5.468886, -7.024832, -0.018793, -12.957757, 4.306021, 0.0
7334.0, 5.468886, -7.024832, -0.018793, -12.957757, 4.306021, 0.0
7351.0, 5.477709, -7.052907, -0.019246, -12.957757, 4.306021, 0.0
7351.0, 5.477709, -7.052907, -0.019246, -12.957757, 4.306021, 0.0
7367.0, 5.486969, -7.081091, -0.019658, -12.957757, 4.306021, 0.0
7384.0, 5.496675, -7.109386, -0.020027, -12.957757, 4.306021, 0.0
7384.0, 5.496675, -7.109386, -0.020027, -12.957757, 4.306021, 0.0
7401.0, 5.506832, -7.137796, -0.020357, -12.957757, 4.306021, 0.0
7401.0, 5.506832, -7.137796, -0.020357, -12.957757, 4.306021, 0.0
7418.0, 5.517444, -7.166327, -0.020649, -12.957757, 4.306021, 0.0
7434.0, 5.528514, -7.194972, -0.020908, -12.957757, 4.306021, 0.0
7434.0, 5.528514, -7.194972, -0.020908, -12.957757, 4.306021, 0.0
7451.0, 5.540047, -7.223736, -0.021139, -12.957757, 4.306021, 0.0
7451.0, 5.540047, -7.223736, -0.021139, -12.957757, 4.306021, 0.0
7467.0, 5.552046, -7.252623, -0.021345, -12.957757, 4.306021, 0.0
7485.0, 5.564514, -7.281633, -0.021532, -12.957757, 4.306021, 0.0
7485.0, 5.564514, -7.281633, -0.021532, -12.957757, 4.306021, 0.0
7500.0, 5.577453, -7.310765, -0.021702, -12.957757, 4.306021, 0.0
7500.0, 5.577453, -7.310765, -0.021702, -12.957757, 4.306021, 0.0
7517.0, 5.590866, -7.340021, -0.021858, -12.957757, 4.306021, 0.0
7533.0, 5.604754, -7.369396, -0.022004, -13.427175, 4.478219, 0.0
7533.0, 5.604754, -7.369396, -0.022004, -13.427175, 4.478219, 0.0
7550.0, 5.619121, -7.398884, -0.022142, -13.427175, 4.478219, 0.0
7550.0, 5.619121, -7.398884, -0.022142, -13.427175, 4.478219, 0.0
7567.0, 5.633967, -7.428483, -0.022273, -13.427175, 4.478219, 0.0
7583.0, 5.649296, -7.458186, -0.022399, -13.427175, 4.478219, 0.0
7583.0, 5.649296, -7.458186, -0.022399, -13.427175, 4.478219, 0.0
7600.0, 5.665109, -7.48799, -0.022522, -13.427175, 4.478219, 0.0
7600.0, 5.665109, -7.48799, -0.022522, -13.427175, 4.478219, 0.0
7617.0, 5.681407, -7.517893, -0.02264, -13.427175, 4.478219, 0.0
7632.0, 5.698091, -7.547883, -0.022714, -13.427175, 4.478219, 0.0
7632.0, 5.698091, -7.547883, -0.022714, -13.427175, 4.478219, 0.0
7650.0, 5.715034, -7.577942, -0.022704, -13.427175, 4.478219, 0.0
7650.0, 5.715034, -7.577942, -0.022704, -13.427175, 4.478219, 0.0
7667.0, 5.732108, -7.608058, -0.022588, -13.427175, 4.478219, 0.0
7684.0, 5.749201, -7.638219, -0.022362, -13.427175, 4.478219, 0.0
7684.0, 5.749201, -7.638219, -0.022362, -13.427175, 4.478219, 0.0
7700.0, 5.766214, -7.668414, -0.022035, -13.427175, 4.478219, 0.0
7700.0, 5.766214, -7.668414, -0.022035, -13.427175, 4.478219, 0.0
7717.0, 5.783065, -7.698634, -0.021621, -13.427175, 4.478219, 0.0
7733.0, 5.799686, -7.728875, -0.021145, -13.427175, 4.478219, 0.0
7733.0, 5.799686, -7.728875, -0.021145, -13.427175, 4.478219, 0.0
7750.0, 5.816023, -7.759137, -0.020628, -13.427175, 4.478219, 0.0
7750.0, 5.816023, -7.759137, -0.020628, -13.427175, 4.478219, 0.0
7767.0, 5.832032, -7.789418, -0.020092, -13.427175, 4.478219, 0.0
7783.0, 5.847678, -7.819718, -0.019557, -13.89659, 4.650417, 0.0
7783.0, 5.847678, -7.819718, -0.019557, -13.89659, 4.650417, 0.0
7800.0, 5.862933, -7.850036, -0.019038, -13.89659, 4.650417, 0.0
7800.0, 5.862933, -7.850036, -0.019038, -13.89659, 4.650417, 0.0
7817.0, 5.877776, -7.88037, -0.018547, -13.89659, 4.650417, 0.0
7833.0, 5.892194, -7.910727, -0.018094, -13.89659, 4.650417, 0.0
7833.0, 5.892194, -7.910727, -0.018094, -13.89659, 4.650417, 0.0
7850.0, 5.90617, -7.941104, -0.017684, -13.89659, 4.650417, 0.0
7850.0, 5.90617, -7.941104, -0.017684, -13.89659, 4.650417, 0.0
7867.0, 5.919695, -7.971498, -0.017318, -13.89659, 4.650417, 0.0
7883.0, 5.932761, -8.001912, -0.016996, -13.89659, 4.650417, 0.0
7883.0, 5.932761, -8.001912, -0.016996, -13.89659, 4.650417, 0.0
7900.0, 5.945361, -8.032344, -0.016718, -13.89659, 4.650417, 0.0
7900.0, 5.945361, -8.032344, -0.016718, -13.89659, 4.650417, 0.0
7918.0, 5.957491, -8.062795, -0.016481, -13.89659, 4.650417, 0.0
7933.0, 5.969144, -8.093259, -0.01628, -13.89659, 4.650417, 0.0
7933.0, 5.969144, -8.093259, -0.01628, -13.89659, 4.650417, 0.0
7950.0, 5.980319, -8.123739, -0.016112, -13.89659, 4.650417, 0.0
7950.0, 5.980319, -8.123739, -0.016112, -13.89659, 4.650417, 0.0
7967.0, 5.991015, -8.154234, -0.015974, -13.89659, 4.650417, 0.0
7983.0, 6.001228, -8.184745, -0.01586, -13.89659, 4.650417, 0.0
7983.0, 6.001228, -8.184745, -0.01586, -13.89659, 4.650417, 0.0
8001.0, 6.010958, -8.21527, -0.015767, -13.89659, 4.650417, 0.0
8001.0, 6.010958, -8.21527, -0.015767, -13.89659, 4.650417, 0.0
8017.0, 6.020201, -8.24581, -0.015692, -13.89659, 4.650417, 0.0
8034.0, 6.028957, -8.276358, -0.015631, -14.366008, 4.822615, 0.0
8034.0, 6.028957, -8.276358, -0.015631, -14.366008, 4.822615, 0.0
8050.0, 6.037224, -8.30691, -0.01558, -14.366008, 4.822615, 0.0
8050.0, 6.037224, -8.30691, -0.01558, -14.366008, 4.822615, 0.0
8067.0, 6.045, -8.337459, -0.015537, -14.366008, 4.822615, 0.0
8083.0, 6.052285, -8.368002, -0.0155, -14.366008, 4.822615, 0.0
8083.0, 6.052285, -8.368002, -0.0155, -14.366008, 4.822615, 0.0
8101.0, 6.059078, -8.398535, -0.015467, -14.366008, 4.822615, 0.0
8101.0, 6.059078, -8.398535, -0.015467, -14.366008, 4.822615, 0.0
8118.0, 6.065376, -8.429052, -0.015436, -14.366008, 4.822615, 0.0
8133.0, 6.071281, -8.459564, -0.01545, -14.366008, 4.822615, 0.0
8133.0, 6.071281, -8.459564, -0.01545, -14.366008, 4.822615, 0.0
8149.0, 6.076919, -8.490081, -0.015543, -14.366008, 4.822615, 0.0
8149.0, 6.076919, -8.490081, -0.015543, -14.366008, 4.822615, 0.0
8166.0, 6.082416, -8.520613, -0.015738, -14.366008, 4.822615, 0.0
8183.0, 6.087884, -8.551169, -0.016037, -14.366008, 4.822615, 0.0
8183.0, 6.087884, -8.551169, -0.016037, -14.366008, 4.822615, 0.0
8200.0, 6.093423, -8.58176, -0.016432, -14.366008, 4.822615, 0.0
8200.0, 6.093423, -8.58176, -0.016432, -14.366008, 4.822615, 0.0
8218.0, 6.099114, -8.612394, -0.016905, -14.366008, 4.822615, 0.0
8233.0, 6.105024, -8.643081, -0.017436, -14.366008, 4.822615, 0.0
8233.0, 6.105024, -8.643081, -0.017436, -14.366008, 4.822615, 0.0
8249.0, 6.111207, -8.673831, -0.018001, -14.366008, 4.822615, 0.0
8249.0, 6.111207, -8.673831, -0.018001, -14.366008, 4.822615, 0.0
8266.0, 6.117705, -8.704657, -0.01858, -14.366008, 4.822615, 0.0
8283.0, 6.124554, -8.735567, -0.019156, -14.835424, 4.994813, 0.0
8283.0, 6.124554, -8.735567, -0.019156, -14.835424, 4.994813, 0.0
8300.0, 6.131779, -8.766569, -0.019714, -14.835424, 4.994813, 0.0
8300.0, 6.131779, -8.766569, -0.019714, -14.835424, 4.994813, 0.0
8318.0, 6.139402, -8.797669, -0.020242, -14.835424, 4.994813, 0.0
8333.0, 6.147439, -8.828876, -0.020735, -14.835424, 4.994813, 0.0
8333.0, 6.147439, -8.828876, -0.020735, -14.835424, 4.994813, 0.0
8350.0, 6.1559, -8.860197, -0.021187, -14.835424, 4.994813, 0.0
8350.0, 6.1559, -8.860197, -0.021187, -14.835424, 4.994813, 0.0
8366.0, 6.164798, -8.891636, -0.021597, -14.835424, 4.994813, 0.0
8383.0, 6.174137, -8.923199, -0.021964, -14.835424, 4.994813, 0.0
8383.0, 6.174137, -8.923199, -0.021964, -14.835424, 4.994813, 0.0
8400.0, 6.183924, -8.954889, -0.022293, -14.835424, 4.994813, 0.0
8400.0, 6.183924, -8.954889, -0.022293, -14.835424, 4.994813, 0.0
8418.0, 6.194164, -8.986712, -0.022584, -14.835424, 4.994813, 0.0
8433.0, 6.204862, -9.018676, -0.022844, -14.835424, 4.994813, 0.0
8433.0, 6.204862, -9.018676, -0.022844, -14.835424, 4.994813, 0.0
8450.0, 6.216019, -9.050776, -0.023076, -14.835424, 4.994813, 0.0
8450.0, 6.216019, -9.050776, -0.023076, -14.835424, 4.994813, 0.0
8466.0, 6.22764, -9.083011, -0.023283, -14.835424, 4.994813, 0.0
8483.0, 6.239725, -9.115381, -0.023469, -14.835424, 4.994813, 0.0
8483.0, 6.239725, -9.115381, -0.023469, -14.835424, 4.994813, 0.0
8500.0, 6.252276, -9.147886, -0.023638, -14.835424, 4.994813, 0.0
8500.0, 6.252276, -9.147886, -0.023638, -14.835424, 4.994813, 0.0
8518.0, 6.265296, -9.180528, -0.023795, -14.835424, 4.994813, 0.0
8533.0, 6.278784, -9.213295, -0.023939, -15.304841, 5.167012, 0.0
8533.0, 6.278784, -9.213295, -0.023939, -15.304841, 5.167012, 0.0
8550.0, 6.292745, -9.24619, -0.024077, -15.304841, 5.167012, 0.0
8550.0, 6.292745, -9.24619, -0.024077, -15.304841, 5.167012, 0.0
8567.0, 6.307182, -9.279209, -0.024209, -15.304841, 5.167012, 0.0
8583.0, 6.322097, -9.31235, -0.024336, -15.304841, 5.167012, 0.0
8583.0, 6.322097, -9.31235, -0.024336, -15.304841, 5.167012, 0.0
8600.0, 6.337491, -9.345612, -0.024461, -15.304841, 5.167012, 0.0
8600.0, 6.337491, -9.345612, -0.024461, -15.304841, 5.167012, 0.0
8618.0, 6.353367, -9.378988, -0.024584, -15.304841, 5.167012, 0.0
8633.0, 6.369625, -9.412467, -0.024662, -15.304841, 5.167012, 0.0
8633.0, 6.369625, -9.412467, -0.024662, -15.304841, 5.167012, 0.0
8650.0, 6.386139, -9.446025, -0.024658, -15.304841, 5.167012, 0.0
8651.0, 6.386139, -9.446025, -0.024658, -15.304841, 5.167012, 0.0
8667.0, 6.402782, -9.479644, -0.024548, -15.304841, 5.167012, 0.0
8684.0, 6.419442, -9.513307, -0.024328, -15.304841, 5.167012, 0.0
8684.0, 6.419442, -9.513307, -0.024328, -15.304841, 5.167012, 0.0
8701.0, 6.43602, -9.546998, -0.024006, -15.304841, 5.167012, 0.0
8701.0, 6.43602, -9.546998, -0.024006, -15.304841, 5.167012, 0.0
8718.0, 6.452435, -9.580706, -0.023599, -15.304841, 5.167012, 0.0
8735.0, 6.468617, -9.614425, -0.023126, -15.304841, 5.167012, 0.0
8735.0, 6.468617, -9.614425, -0.023126, -15.304841, 5.167012, 0.0
8751.0, 6.484515, -9.648149, -0.022612, -15.304841, 5.167012, 0.0
8751.0, 6.484515, -9.648149, -0.022612, -15.304841, 5.167012, 0.0
8767.0, 6.500082, -9.681876, -0.022078, -15.304841, 5.167012, 0.0
8783.0, 6.515285, -9.715603, -0.021544, -15.774259, 5.33921, 0.0
8783.0, 6.515285, -9.715603, -0.021544, -15.774259, 5.33921, 0.0
8800.0, 6.530095, -9.749328, -0.021024, -15.774259, 5.33921, 0.0
8800.0, 6.530095, -9.749328, -0.021024, -15.774259, 5.33921, 0.0
8818.0, 6.544493, -9.783048, -0.020531, -15.774259, 5.33921, 0.0
8834.0, 6.55846, -9.816762, -0.020074, -15.774259, 5.33921, 0.0
8834.0, 6.55846, -9.816762, -0.020074, -15.774259, 5.33921, 0.0
8851.0, 6.571986, -9.850469, -0.019659, -15.774259, 5.33921, 0.0
8851.0, 6.571986, -9.850469, -0.019659, -15.774259, 5.33921, 0.0
8867.0, 6.585059, -9.88417, -0.019287, -15.774259, 5.33921, 0.0
8884.0, 6.597673, -9.917864, -0.01896, -15.774259, 5.33921, 0.0
8884.0, 6.597673, -9.917864, -0.01896, -15.774259, 5.33921, 0.0
8901.0, 6.609821, -9.95155, -0.018676, -15.774259, 5.33921, 0.0
8901.0, 6.609821, -9.95155, -0.018676, -15.774259, 5.33921, 0.0
8917.0, 6.621499, -9.985231, -0.018432, -15.774259, 5.33921, 0.0
8934.0, 6.632702, -10.018904, -0.018225, -15.774259, 5.33921, 0.0
8934.0, 6.632702, -10.018904, -0.018225, -15.774259, 5.33921, 0.0
8951.0, 6.643429, -10.052566, -0.01805, -15.774259, 5.33921, 0.0
8951.0, 6.643429, -10.052566, -0.01805, -15.774259, 5.33921, 0.0
8967.0, 6.653676, -10.086215, -0.017904, -15.774259, 5.33921, 0.0
8984.0, 6.66344, -10.119851, -0.017782, -15.774259, 5.33921, 0.0
8984.0, 6.66344, -10.119851, -0.017782, -15.774259, 5.33921, 0.0
9000.0, 6.67272, -10.153471, -0.01768, -15.774259, 5.33921, 0.0
9000.0, 6.67272, -10.153471, -0.01768, -15.774259, 5.33921, 0.0
9017.0, 6.681515, -10.187076, -0.017594, -15.774259, 5.33921, 0.0
9033.0, 6.689824, -10.220666, -0.017523, -16.243675, 5.511408, 0.0
9033.0, 6.689824, -10.220666, -0.017523, -16.243675, 5.511408, 0.0
9050.0, 6.697645, -10.25423, -0.017461, -16.243675, 5.511408, 0.0
9050.0, 6.697645, -10.25423, -0.017461, -16.243675, 5.511408, 0.0
9067.0, 6.704976, -10.287764, -0.017407, -16.243675, 5.511408, 0.0
9084.0, 6.711817, -10.321259, -0.017358, -16.243675, 5.511408, 0.0
9084.0, 6.711817, -10.321259, -0.017358, -16.243675, 5.511408, 0.0
9101.0, 6.718166, -10.354712, -0.017312, -16.243675, 5.511408, 0.0
9101.0, 6.718166, -10.354712, -0.017312, -16.243675, 5.511408, 0.0
9117.0, 6.724023, -10.38812, -0.017269, -16.243675, 5.511408, 0.0
9134.0, 6.729486, -10.42149, -0.017269, -16.243675, 5.511408, 0.0
9134.0, 6.729486, -10.42149, -0.017269, -16.243675, 5.511408, 0.0
9151.0, 6.734682, -10.454844, -0.017349, -16.243675, 5.511408, 0.0
9151.0, 6.734682, -10.454844, -0.017349, -16.243675, 5.511408, 0.0
9166.0, 6.739737, -10.488203, -0.017531, -16.243675, 5.511408, 0.0
9184.0, 6.744764, -10.521585, -0.017818, -16.243675, 5.511408, 0.0
9184.0, 6.744764, -10.521585, -0.017818, -16.243675, 5.511408, 0.0
9201.0, 6.749861, -10.555002, -0.018202, -16.243675, 5.511408, 0.0
9201.0, 6.749861, -10.555002, -0.018202, -16.243675, 5.511408, 0.0
9218.0, 6.755109, -10.588469, -0.018666, -16.243675, 5.511408, 0.0
9234.0, 6.760575, -10.621999, -0.019189, -16.243675, 5.511408, 0.0
9234.0, 6.760575, -10.621999, -0.019189, -16.243675, 5.511408, 0.0
9251.0, 6.766312, -10.655605, -0.019747, -16.243675, 5.511408, 0.0
9251.0, 6.766312, -10.655605, -0.019747, -16.243675, 5.511408, 0.0
9266.0, 6.772362, -10.689301, -0.020322, -16.243675, 5.511408, 0.0
9284.0, 6.778759, -10.723099, -0.020894, -16.713093, 5.683607, 0.0
9284.0, 6.778759, -10.723099, -0.020894, -16.713093, 5.683607, 0.0
9301.0, 6.78553, -10.757004, -0.021449, -16.713093, 5.683607, 0.0
9301.0, 6.78553, -10.757004, -0.021449, -16.713093, 5.683607, 0.0
9318.0, 6.792694, -10.791026, -0.021977, -16.713093, 5.683607, 0.0
9333.0, 6.800268, -10.825173, -0.022469, -16.713093, 5.683607, 0.0
9333.0, 6.800268, -10.825173, -0.022469, -16.713093, 5.683607, 0.0
9351.0, 6.808262, -10.859452, -0.022922, -16.713093, 5.683607, 0.0
9351.0, 6.808262, -10.859452, -0.022922, -16.713093, 5.683607, 0.0
9367.0, 6.816686, -10.893869, -0.023333, -16.713093, 5.683607, 0.0
9384.0, 6.825547, -10.928431, -0.023703, -16.713093, 5.683607, 0.0
9384.0, 6.825547, -10.928431, -0.023703, -16.713093, 5.683607, 0.0
9401.0, 6.834849, -10.96314, -0.024034, -16.713093, 5.683607, 0.0
9401.0, 6.834849, -10.96314, -0.024034, -16.713093, 5.683607, 0.0
9418.0, 6.844598, -10.998001, -0.024328, -16.713093, 5.683607, 0.0
9434.0, 6.854796, -11.033017, -0.024591, -16.713093, 5.683607, 0.0
9434.0, 6.854796, -11.033017, -0.024591, -16.713093, 5.683607, 0.0
9451.0, 6.865447, -11.068189, -0.024826, -16.713093, 5.683607, 0.0
9451.0, 6.865447, -11.068189, -0.024826, -16.713093, 5.683607, 0.0
9467.0, 6.876553, -11.103518, -0.025038, -16.713093, 5.683607, 0.0
9485.0, 6.888116, -11.139004, -0.02523, -16.713093, 5.683607, 0.0
9485.0, 6.888116, -11.139004, -0.02523, -16.713093, 5.683607, 0.0
9500.0, 6.900139, -11.174648, -0.025405, -16.713093, 5.683607, 0.0
9500.0, 6.900139, -11.174648, -0.025405, -16.713093, 5.683607, 0.0
9517.0, 6.912625, -11.210454, -0.025569, -16.713093, 5.683607, 0.0
9533.0, 6.925574, -11.246414, -0.025722, -17.18251, 5.855805, 0.0
9533.0, 6.925574, -11.246414, -0.025722, -17.18251, 5.855805, 0.0
9550.0, 6.938989, -11.282528, -0.025868, -17.18251, 5.855805, 0.0
9550.0, 6.938989, -11.282528, -0.025868, -17.18251, 5.855805, 0.0
9567.0, 6.952873, -11.318792, -0.026009, -17.18251, 5.855805, 0.0
9583.0, 6.967227, -11.355204, -0.026146, -17.18251, 5.855805, 0.0
9583.0, 6.967227, -11.355204, -0.026146, -17.18251, 5.855805, 0.0
9600.0, 6.982053, -11.391761, -0.02628, -17.18251, 5.855805, 0.0
9600.0, 6.982053, -11.391761, -0.02628, -17.18251, 5.855805, 0.0
9617.0, 6.997354, -11.428462, -0.026413, -17.18251, 5.855805, 0.0
9633.0, 7.013133, -11.465307, -0.026544, -17.18251, 5.855805, 0.0
9633.0, 7.013133, -11.465307, -0.026544, -17.18251, 5.855805, 0.0
9649.0, 7.029391, -11.502286, -0.026675, -17.18251, 5.855805, 0.0
9649.0, 7.029391, -11.502286, -0.026675, -17.18251, 5.855805, 0.0
9666.0, 7.04613, -11.539389, -0.026804, -17.18251, 5.855805, 0.0
9684.0, 7.06335, -11.576611, -0.02693, -17.18251, 5.855805, 0.0
9684.0, 7.06335, -11.576611, -0.02693, -17.18251, 5.855805, 0.0
9700.0, 7.081054, -11.613946, -0.027055, -17.18251, 5.855805, 0.0
9700.0, 7.081054, -11.613946, -0.027055, -17.18251, 5.855805, 0.0
9717.0, 7.099242, -11.651392, -0.027178, -17.18251, 5.855805, 0.0
9733.0, 7.117811, -11.688927, -0.027255, -17.18251, 5.855805, 0.0
9733.0, 7.117811, -11.688927, -0.027255, -17.18251, 5.855805, 0.0
9749.0, 7.136636, -11.726538, -0.027249, -17.18251, 5.855805, 0.0
9749.0, 7.136636, -11.726538, -0.027249, -17.18251, 5.855805, 0.0
9766.0, 7.155591, -11.764212, -0.027137, -17.18251, 5.855805, 0.0
9784.0, 7.174562, -11.801934, -0.026916, -17.651928, 6.028004, 0.0
9784.0, 7.174562, -11.801934, -0.026916, -17.651928, 6.028004, 0.0
9800.0, 7.193452, -11.839693, -0.026592, -17.651928, 6.028004, 0.0
9800.0, 7.193452, -11.839693, -0.026592, -17.651928, 6.028004, 0.0
9817.0, 7.212176, -11.877479, -0.026182, -17.651928, 6.028004, 0.0
9834.0, 7.230668, -11.915287, -0.025709, -17.651928, 6.028004, 0.0
9834.0, 7.230668, -11.915287, -0.025709, -17.651928, 6.028004, 0.0
9850.0, 7.248872, -11.953113, -0.025195, -17.651928, 6.028004, 0.0
9850.0, 7.248872, -11.953113, -0.025195, -17.651928, 6.028004, 0.0
9866.0, 7.266745, -11.990956, -0.024661, -17.651928, 6.028004, 0.0
9883.0, 7.28425, -12.028813, -0.024128, -17.651928, 6.028004, 0.0
9883.0, 7.28425, -12.028813, -0.024128, -17.651928, 6.028004, 0.0
9900.0, 7.301363, -12.066684, -0.023611, -17.651928, 6.028004, 0.0
9900.0, 7.301363, -12.066684, -0.023611, -17.651928, 6.028004, 0.0
9917.0, 7.318061, -12.104565, -0.023123, -17.651928, 6.028004, 0.0
9933.0, 7.334328, -12.142455, -0.022672, -17.651928, 6.028004, 0.0
9933.0, 7.334328, -12.142455, -0.022672, -17.651928, 6.028004, 0.0
9950.0, 7.350152, -12.180356, -0.022264, -17.651928, 6.028004, 0.0
9950.0, 7.350152, -12.180356, -0.022264, -17.651928, 6.028004, 0.0
9967.0, 7.365524, -12.218268, -0.021901, -17.651928, 6.028004, 0.0
9983.0, 7.380437, -12.256192, -0.021584, -17.651928, 6.028004, 0.0
9983.0, 7.380437, -12.256192, -0.021584, -17.651928, 6.028004, 0.0
