2.0, 0.0, 0.0, 0.002231, 2.122165, -2.120476, 0.0
2.0, 0.0, 0.0, 0.002231, 2.122165, -2.120476, 0.0
12.0, -0.00004, -0.000217, -0.004125, 2.122165, -2.120476, 0.0
12.0, -0.00004, -0.000217, -0.004125, 2.122165, -2.120476, 0.0
28.0, 0.000082, -0.000357, -0.008398, 2.122165, -2.120476, 0.0
28.0, 0.000082, -0.000357, -0.008398, 2.122165, -2.120476, 0.0
45.0, 0.000454, -0.000412, -0.010498, 2.122165, -2.120476, 0.0
45.0, 0.000454, -0.000412, -0.010498, 2.122165, -2.120476, 0.0
61.0, 0.00099, -0.000442, -0.011408, 2.122165, -2.120476, 0.0
78.0, 0.001624, -0.000509, -0.011433, 2.122165, -2.120476, 0.0
78.0, 0.001624, -0.000509, -0.011433, 2.122165, -2.120476, 0.0
96.0, 0.002092, -0.000628, -0.012094, 2.122165, -2.120476, 0.0
96.0, 0.002092, -0.000628, -0.012094, 2.122165, -2.120476, 0.0
111.0, 0.002526, -0.000812, -0.012524, 2.122165, -2.120476, 0.0
127.0, 0.002837, -0.001047, -0.012474, 2.122165, -2.120476, 0.0
127.0, 0.002837, -0.001047, -0.012474, 2.122165, -2.120476, 0.0
144.0, 0.002988, -0.001356, -0.011852, 2.122165, -2.120476, 0.0
144.0, 0.002988, -0.001356, -0.011852, 2.122165, -2.120476, 0.0
161.0, 0.00294, -0.001476, -0.011702, 2.122165, -2.120476, 0.0
177.0, 0.00263, -0.001412, -0.010985, 2.122165, -2.120476, 0.0
177.0, 0.00263, -0.001412, -0.010985, 2.122165, -2.120476, 0.0
194.0, 0.002158, -0.001173, -0.010153, 2.122165, -2.120476, 0.0
194.0, 0.002158, -0.001173, -0.010153, 2.122165, -2.120476, 0.0
211.0, 0.001369, -0.000758, -0.00909, 2.122493, -1.708208, 0.0
227.0, 0.000195, -0.000157, -0.007765, 2.122493, -1.708208, 0.0
227.0, 0.000195, -0.000157, -0.007765, 2.122493, -1.708208, 0.0
244.0, -0.001409, 0.000617, -0.006288, 2.122493, -1.708208, 0.0
244.0, -0.001409, 0.000617, -0.006288, 2.122493, -1.708208, 0.0
261.0, -0.003463, 0.001569, -0.004702, 2.122493, -1.708208, 0.0
278.0, -0.005986, 0.002688, -0.003103, 2.122493, -1.708208, 0.0
278.0, -0.005986, 0.002688, -0.003103, 2.122493, -1.708208, 0.0
294.0, -0.008981, 0.003977, -0.001531, 2.122493, -1.708208, 0.0
294.0, -0.008981, 0.003977, -0.001531, 2.122493, -1.708208, 0.0
311.0, -0.012456, 0.00543, -0.00005, 2.122493, -1.708208, 0.0
327.0, -0.01641, 0.007049, 0.001328, 2.122493, -1.708208, 0.0
327.0, -0.01641, 0.007049, 0.001328, 2.122493, -1.708208, 0.0
345.0, -0.020848, 0.008831, 0.002565, 2.122493, -1.708208, 0.0
345.0, -0.020848, 0.008831, 0.002565, 2.122493, -1.708208, 0.0
360.0, -0.025764, 0.010773, 0.003673, 2.122493, -1.708208, 0.0
378.0, -0.031164, 0.012871, 0.004631, 2.122493, -1.708208, 0.0
378.0, -0.031164, 0.012871, 0.004631, 2.122493, -1.708208, 0.0
394.0, -0.037044, 0.015123, 0.005464, 2.122493, -1.708208, 0.0
394.0, -0.037044, 0.015123, 0.005464, 2.122493, -1.708208, 0.0
410.0, -0.043408, 0.017524, 0.006163, 2.122493, -1.708208, 0.0
427.0, -0.050251, 0.020073, 0.006757, 2.122493, -1.708208, 0.0
427.0, -0.050251, 0.020073, 0.006757, 2.122493, -1.708208, 0.0
445.0, -0.057576, 0.022767, 0.007243, 2.122493, -1.708208, 0.0
445.0, -0.057576, 0.022767, 0.007243, 2.122493, -1.708208, 0.0
460.0, -0.065332, 0.025588, 0.007629, 2.122891, -1.208203, 0.0
477.0, -0.073459, 0.028517, 0.007894, 2.122891, -1.208203, 0.0
477.0, -0.073459, 0.028517, 0.007894, 2.122891, -1.208203, 0.0
494.0, -0.081892, 0.031534, 0.008055, 2.122891, -1.208203, 0.0
494.0, -0.081892, 0.031534, 0.008055, 2.122891, -1.208203, 0.0
511.0, -0.090579, 0.034622, 0.008107, 2.122891, -1.208203, 0.0
527.0, -0.099472, 0.037766, 0.008079, 2.122891, -1.208203, 0.0
527.0, -0.099472, 0.037766, 0.008079, 2.122891, -1.208203, 0.0
545.0, -0.108533, 0.040954, 0.007973, 2.122891, -1.208203, 0.0
545.0, -0.108533, 0.040954, 0.007973, 2.122891, -1.208203, 0.0
561.0, -0.117678, 0.044165, 0.007799, 2.122891, -1.208203, 0.0
578.0, -0.126821, 0.047379, 0.007541, 2.122891, -1.208203, 0.0
578.0, -0.126821, 0.047379, 0.007541, 2.122891, -1.208203, 0.0
594.0, -0.135875, 0.050577, 0.00722, 2.122891, -1.208203, 0.0
594.0, -0.135875, 0.050577, 0.00722, 2.122891, -1.208203, 0.0
611.0, -0.144769, 0.053741, 0.00683, 2.122891, -1.208203, 0.0
629.0, -0.153439, 0.056858, 0.006401, 2.122891, -1.208203, 0.0
629.0, -0.153439, 0.056858, 0.006401, 2.122891, -1.208203, 0.0
644.0, -0.161838, 0.059919, 0.005934, 2.122891, -1.208203, 0.0
644.0, -0.161838, 0.059919, 0.005934, 2.122891, -1.208203, 0.0
659.0, -0.169919, 0.062915, 0.005462, 2.122891, -1.208203, 0.0
677.0, -0.177653, 0.065842, 0.004979, 2.122891, -1.208203, 0.0
677.0, -0.177653, 0.065842, 0.004979, 2.122891, -1.208203, 0.0
694.0, -0.185008, 0.068697, 0.004518, 2.122891, -1.208203, 0.0
694.0, -0.185008, 0.068697, 0.004518, 2.122891, -1.208203, 0.0
710.0, -0.191964, 0.071479, 0.004067, 2.123289, -0.708199, 0.0
727.0, -0.198501, 0.074184, 0.003654, 2.123289, -0.708199, 0.0
727.0, -0.198501, 0.074184, 0.003654, 2.123289, -0.708199, 0.0
745.0, -0.204606, 0.076813, 0.00326, 2.123289, -0.708199, 0.0
745.0, -0.204606, 0.076813, 0.00326, 2.123289, -0.708199, 0.0
760.0, -0.210266, 0.079365, 0.002912, 2.123289, -0.708199, 0.0
778.0, -0.215475, 0.08184, 0.002583, 2.123289, -0.708199, 0.0
778.0, -0.215475, 0.08184, 0.002583, 2.123289, -0.708199, 0.0
795.0, -0.22022, 0.084239, 0.002301, 2.123289, -0.708199, 0.0
795.0, -0.22022, 0.084239, 0.002301, 2.123289, -0.708199, 0.0
810.0, -0.224502, 0.086562, 0.002031, 2.123289, -0.708199, 0.0
828.0, -0.228312, 0.08881, 0.001803, 2.123289, -0.708199, 0.0
828.0, -0.228312, 0.08881, 0.001803, 2.123289, -0.708199, 0.0
845.0, -0.231653, 0.090979, 0.001575, 2.123289, -0.708199, 0.0
845.0, -0.231653, 0.090979, 0.001575, 2.123289, -0.708199, 0.0
860.0, -0.234518, 0.093073, 0.001381, 2.123289, -0.708199, 0.0
877.0, -0.236916, 0.095086, 0.00117, 2.123289, -0.708199, 0.0
877.0, -0.236916, 0.095086, 0.00117, 2.123289, -0.708199, 0.0
894.0, -0.238839, 0.097022, 0.000976, 2.123289, -0.708199, 0.0
894.0, -0.238839, 0.097022, 0.000976, 2.123289, -0.708199, 0.0
910.0, -0.240307, 0.098876, 0.000749, 2.123289, -0.708199, 0.0
927.0, -0.241313, 0.100653, 0.000515, 2.123289, -0.708199, 0.0
927.0, -0.241313, 0.100653, 0.000515, 2.123289, -0.708199, 0.0
945.0, -0.24189, 0.102356, 0.00025, 2.123289, -0.708199, 0.0
945.0, -0.24189, 0.102356, 0.00025, 2.123289, -0.708199, 0.0
960.0, -0.242025, 0.103997, -0.000024, 2.123688, -0.208188, 0.0
977.0, -0.241741, 0.105608, -0.00031, 2.123688, -0.208188, 0.0
977.0, -0.241741, 0.105608, -0.00031, 2.123688, -0.208188, 0.0
994.0, -0.241007, 0.107194, -0.000572, 2.123688, -0.208188, 0.0
994.0, -0.241007, 0.107194, -0.000572, 2.123688, -0.208188, 0.0
1011.0, -0.239808, 0.108784, -0.00087, 2.123688, -0.208188, 0.0
1027.0, -0.238114, 0.11036, -0.001143, 2.123688, -0.208188, 0.0
1027.0, -0.238114, 0.11036, -0.001143, 2.123688, -0.208188, 0.0
1045.0, -0.235906, 0.11193, -0.001479, 2.123688, -0.208188, 0.0
1045.0, -0.235906, 0.11193, -0.001479, 2.123688, -0.208188, 0.0
1060.0, -0.233175, 0.113469, -0.001794, 2.123688, -0.208188, 0.0
1078.0, -0.229906, 0.114977, -0.002167, 2.123688, -0.208188, 0.0
1078.0, -0.229906, 0.114977, -0.002167, 2.123688, -0.208188, 0.0
1094.0, -0.226108, 0.116437, -0.002507, 2.123688, -0.208188, 0.0
1094.0, -0.226108, 0.116437, -0.002507, 2.123688, -0.208188, 0.0
1110.0, -0.221771, 0.11785, -0.002886, 2.123688, -0.208188, 0.0
1128.0, -0.216907, 0.119204, -0.003219, 2.123688, -0.208188, 0.0
1128.0, -0.216907, 0.119204, -0.003219, 2.123688, -0.208188, 0.0
1145.0, -0.211512, 0.120502, -0.003573, 2.123688, -0.208188, 0.0
1145.0, -0.211512, 0.120502, -0.003573, 2.123688, -0.208188, 0.0
1160.0, -0.205597, 0.121739, -0.003871, 2.123688, -0.208188, 0.0
1178.0, -0.199156, 0.122918, -0.004178, 2.123688, -0.208188, 0.0
1178.0, -0.199156, 0.122918, -0.004178, 2.123688, -0.208188, 0.0
1195.0, -0.192204, 0.124035, -0.004426, 2.123688, -0.208188, 0.0
1195.0, -0.192204, 0.124035, -0.004426, 2.123688, -0.208188, 0.0
1210.0, -0.184732, 0.125094, -0.00468, 2.124086, 0.291817, 0.0
1227.0, -0.176754, 0.126093, -0.004876, 2.124086, 0.291817, 0.0
1227.0, -0.176754, 0.126093, -0.004876, 2.124086, 0.291817, 0.0
1245.0, -0.168261, 0.127036, -0.005077, 2.124086, 0.291817, 0.0
1245.0, -0.168261, 0.127036, -0.005077, 2.124086, 0.291817, 0.0
1260.0, -0.159267, 0.127921, -0.005226, 2.124086, 0.291817, 0.0
1278.0, -0.149762, 0.12875, -0.005383, 2.124086, 0.291817, 0.0
1278.0, -0.149762, 0.12875, -0.005383, 2.124086, 0.291817, 0.0
1294.0, -0.139758, 0.129523, -0.005493, 2.124086, 0.291817, 0.0
1294.0, -0.139758, 0.129523, -0.005493, 2.124086, 0.291817, 0.0
1311.0, -0.129246, 0.130243, -0.005615, 2.124086, 0.291817, 0.0
1328.0, -0.118237, 0.130909, -0.005696, 2.124086, 0.291817, 0.0
1328.0, -0.118237, 0.130909, -0.005696, 2.124086, 0.291817, 0.0
1345.0, -0.106722, 0.131522, -0.005793, 2.124086, 0.291817, 0.0
1345.0, -0.106722, 0.131522, -0.005793, 2.124086, 0.291817, 0.0
1361.0, -0.094712, 0.132082, -0.005853, 2.124086, 0.291817, 0.0
1378.0, -0.082197, 0.132592, -0.005932, 2.124086, 0.291817, 0.0
1378.0, -0.082197, 0.132592, -0.005932, 2.124086, 0.291817, 0.0
1394.0, -0.069188, 0.13305, -0.005978, 2.124086, 0.291817, 0.0
1394.0, -0.069188, 0.13305, -0.005978, 2.124086, 0.291817, 0.0
1410.0, -0.055675, 0.133457, -0.006045, 2.124086, 0.291817, 0.0
1427.0, -0.041668, 0.133815, -0.006083, 2.124086, 0.291817, 0.0
1427.0, -0.041668, 0.133815, -0.006083, 2.124086, 0.291817, 0.0
1445.0, -0.027157, 0.134123, -0.006143, 2.124086, 0.291817, 0.0
1445.0, -0.027157, 0.134123, -0.006143, 2.124086, 0.291817, 0.0
1461.0, -0.012154, 0.134381, -0.006175, 2.124484, 0.791822, 0.0
1477.0, 0.003353, 0.13459, -0.006231, 2.124484, 0.791822, 0.0
1477.0, 0.003353, 0.13459, -0.006231, 2.124484, 0.791822, 0.0
1493.0, 0.019353, 0.13475, -0.00626, 2.124484, 0.791822, 0.0
1493.0, 0.019353, 0.13475, -0.00626, 2.124484, 0.791822, 0.0
1510.0, 0.035857, 0.134861, -0.006313, 2.124484, 0.791822, 0.0
1527.0, 0.052853, 0.134924, -0.006341, 2.124484, 0.791822, 0.0
1527.0, 0.052853, 0.134924, -0.006341, 2.124484, 0.791822, 0.0
1544.0, 0.070352, 0.134938, -0.006393, 2.124484, 0.791822, 0.0
1544.0, 0.070352, 0.134938, -0.006393, 2.124484, 0.791822, 0.0
1561.0, 0.088347, 0.134903, -0.006421, 2.124484, 0.791822, 0.0
1577.0, 0.106847, 0.13482, -0.006474, 2.124484, 0.791822, 0.0
1577.0, 0.106847, 0.13482, -0.006474, 2.124484, 0.791822, 0.0
1594.0, 0.125838, 0.134688, -0.006501, 2.124484, 0.791822, 0.0
1594.0, 0.125838, 0.134688, -0.006501, 2.124484, 0.791822, 0.0
1610.0, 0.145333, 0.134507, -0.006552, 2.124484, 0.791822, 0.0
1628.0, 0.165326, 0.134278, -0.006578, 2.124484, 0.791822, 0.0
1628.0, 0.165326, 0.134278, -0.006578, 2.124484, 0.791822, 0.0
1645.0, 0.185815, 0.133999, -0.006627, 2.124484, 0.791822, 0.0
1645.0, 0.185815, 0.133999, -0.006627, 2.124484, 0.791822, 0.0
1660.0, 0.206795, 0.133671, -0.006652, 2.124484, 0.791822, 0.0
1678.0, 0.228274, 0.133294, -0.0067, 2.124484, 0.791822, 0.0
1678.0, 0.228274, 0.133294, -0.0067, 2.124484, 0.791822, 0.0
1695.0, 0.250244, 0.132866, -0.006725, 2.124484, 0.791822, 0.0
1695.0, 0.250244, 0.132866, -0.006725, 2.124484, 0.791822, 0.0
1710.0, 0.272718, 0.132389, -0.006774, 2.124882, 1.291841, 0.0
1727.0, 0.295684, 0.131861, -0.006801, 2.124882, 1.291841, 0.0
1727.0, 0.295684, 0.131861, -0.006801, 2.124882, 1.291841, 0.0
1744.0, 0.319153, 0.131282, -0.006851, 2.124882, 1.291841, 0.0
1744.0, 0.319153, 0.131282, -0.006851, 2.124882, 1.291841, 0.0
1760.0, 0.343115, 0.130652, -0.006879, 2.124882, 1.291841, 0.0
1777.0, 0.367579, 0.12997, -0.006929, 2.124882, 1.291841, 0.0
1777.0, 0.367579, 0.12997, -0.006929, 2.124882, 1.291841, 0.0
1793.0, 0.392536, 0.129237, -0.006957, 2.124882, 1.291841, 0.0
1793.0, 0.392536, 0.129237, -0.006957, 2.124882, 1.291841, 0.0
1810.0, 0.417996, 0.12845, -0.007007, 2.124882, 1.291841, 0.0
1828.0, 0.443948, 0.127611, -0.007036, 2.124882, 1.291841, 0.0
1828.0, 0.443948, 0.127611, -0.007036, 2.124882, 1.291841, 0.0
1845.0, 0.470402, 0.126718, -0.007086, 2.124882, 1.291841, 0.0
1845.0, 0.470402, 0.126718, -0.007086, 2.124882, 1.291841, 0.0
1860.0, 0.497349, 0.125771, -0.007114, 2.124882, 1.291841, 0.0
1878.0, 0.524798, 0.124769, -0.007164, 2.124882, 1.291841, 0.0
1878.0, 0.524798, 0.124769, -0.007164, 2.124882, 1.291841, 0.0
1894.0, 0.552739, 0.123712, -0.007193, 2.124882, 1.291841, 0.0
1894.0, 0.552739, 0.123712, -0.007193, 2.124882, 1.291841, 0.0
1911.0, 0.581182, 0.122598, -0.007244, 2.124882, 1.291841, 0.0
1927.0, 0.610116, 0.121428, -0.007273, 2.124882, 1.291841, 0.0
1927.0, 0.610116, 0.121428, -0.007273, 2.124882, 1.291841, 0.0
1944.0, 0.639553, 0.1202, -0.007324, 2.124882, 1.291841, 0.0
1944.0, 0.639553, 0.1202, -0.007324, 2.124882, 1.291841, 0.0
1959.0, 0.669481, 0.118915, -0.007354, 2.12528, 1.791846, 0.0
1978.0, 0.699911, 0.11757, -0.007405, 2.12528, 1.791846, 0.0
1978.0, 0.699911, 0.11757, -0.007405, 2.12528, 1.791846, 0.0
1994.0, 0.730832, 0.116166, -0.007435, 2.12528, 1.791846, 0.0
1994.0, 0.730832, 0.116166, -0.007435, 2.12528, 1.791846, 0.0
2010.0, 0.762254, 0.1147, -0.007487, 2.12528, 1.791846, 0.0
2028.0, 0.794168, 0.113174, -0.007518, 2.12528, 1.791846, 0.0
2028.0, 0.794168, 0.113174, -0.007518, 2.12528, 1.791846, 0.0
2046.0, 0.826583, 0.111585, -0.007571, 2.12528, 1.791846, 0.0
2046.0, 0.826583, 0.111585, -0.007571, 2.12528, 1.791846, 0.0
2060.0, 0.859489, 0.109934, -0.007603, 2.12528, 1.791846, 0.0
2078.0, 0.892896, 0.108219, -0.007657, 2.12528, 1.791846, 0.0
2078.0, 0.892896, 0.108219, -0.007657, 2.12528, 1.791846, 0.0
2094.0, 0.926793, 0.106438, -0.00769, 2.12528, 1.791846, 0.0
2094.0, 0.926793, 0.106438, -0.00769, 2.12528, 1.791846, 0.0
2111.0, 0.961192, 0.104591, -0.007744, 2.12528, 1.791846, 0.0
2126.0, 0.996081, 0.102677, -0.007779, 2.12528, 1.791846, 0.0
2126.0, 0.996081, 0.102677, -0.007779, 2.12528, 1.791846, 0.0
2144.0, 1.03147, 0.100696, -0.007834, 2.12528, 1.791846, 0.0
2144.0, 1.03147, 0.100696, -0.007834, 2.12528, 1.791846, 0.0
2159.0, 1.067349, 0.098645, -0.007869, 2.12528, 1.791846, 0.0
2177.0, 1.103729, 0.096524, -0.007926, 2.12528, 1.791846, 0.0
2177.0, 1.103729, 0.096524, -0.007926, 2.12528, 1.791846, 0.0
2193.0, 1.140598, 0.094331, -0.007962, 2.12528, 1.791846, 0.0
2193.0, 1.140598, 0.094331, -0.007962, 2.12528, 1.791846, 0.0
2209.0, 1.177967, 0.092065, -0.00802, 2.125679, 2.29185, 0.0
2226.0, 1.215826, 0.089726, -0.008058, 2.125679, 2.29185, 0.0
2226.0, 1.215826, 0.089726, -0.008058, 2.125679, 2.29185, 0.0
2244.0, 1.254184, 0.087311, -0.008117, 2.125679, 2.29185, 0.0
2244.0, 1.254184, 0.087311, -0.008117, 2.125679, 2.29185, 0.0
2260.0, 1.293038, 0.08482, -0.008159, 2.125679, 2.29185, 0.0
2277.0, 1.332394, 0.08225, -0.008222, 2.125679, 2.29185, 0.0
2277.0, 1.332394, 0.08225, -0.008222, 2.125679, 2.29185, 0.0
2293.0, 1.372238, 0.079601, -0.008264, 2.125679, 2.29185, 0.0
2293.0, 1.372238, 0.079601, -0.008264, 2.125679, 2.29185, 0.0
2310.0, 1.41258, 0.076871, -0.008325, 2.125679, 2.29185, 0.0
2327.0, 1.453409, 0.07406, -0.008367, 2.125679, 2.29185, 0.0
2327.0, 1.453409, 0.07406, -0.008367, 2.125679, 2.29185, 0.0
2344.0, 1.494735, 0.071165, -0.008428, 2.125679, 2.29185, 0.0
2344.0, 1.494735, 0.071165, -0.008428, 2.125679, 2.29185, 0.0
2359.0, 1.53654, 0.068187, -0.008468, 2.125679, 2.29185, 0.0
2377.0, 1.57884, 0.065122, -0.008528, 2.125679, 2.29185, 0.0
2377.0, 1.57884, 0.065122, -0.008528, 2.125679, 2.29185, 0.0
2393.0, 1.621625, 0.061969, -0.008571, 2.125679, 2.29185, 0.0
2393.0, 1.621625, 0.061969, -0.008571, 2.125679, 2.29185, 0.0
2410.0, 1.664908, 0.058727, -0.008635, 2.125679, 2.29185, 0.0
2427.0, 1.708679, 0.055394, -0.008683, 2.125679, 2.29185, 0.0
2427.0, 1.708679, 0.055394, -0.008683, 2.125679, 2.29185, 0.0
2445.0, 1.752947, 0.051969, -0.008751, 2.125679, 2.29185, 0.0
2445.0, 1.752947, 0.051969, -0.008751, 2.125679, 2.29185, 0.0
2460.0, 1.797652, 0.048462, -0.008781, 2.126077, 2.791853, 0.0
2477.0, 1.842741, 0.044882, -0.008791, 2.126077, 2.791853, 0.0
2477.0, 1.842741, 0.044882, -0.008791, 2.126077, 2.791853, 0.0
2494.0, 1.888138, 0.04124, -0.008732, 2.126077, 2.791853, 0.0
2494.0, 1.888138, 0.04124, -0.008732, 2.126077, 2.791853, 0.0
2511.0, 1.933801, 0.037544, -0.00864, 2.126077, 2.791853, 0.0
2527.0, 1.979669, 0.033801, -0.008481, 2.126077, 2.791853, 0.0
2527.0, 1.979669, 0.033801, -0.008481, 2.126077, 2.791853, 0.0
2545.0, 2.025713, 0.030017, -0.008302, 2.126077, 2.791853, 0.0
2545.0, 2.025713, 0.030017, -0.008302, 2.126077, 2.791853, 0.0
2560.0, 2.071839, 0.026208, -0.008054, 2.126077, 2.791853, 0.0
2577.0, 2.117968, 0.022392, -0.007767, 2.126077, 2.791853, 0.0
2577.0, 2.117968, 0.022392, -0.007767, 2.126077, 2.791853, 0.0
2595.0, 2.164006, 0.018587, -0.007402, 2.126077, 2.791853, 0.0
2595.0, 2.164006, 0.018587, -0.007402, 2.126077, 2.791853, 0.0
2610.0, 2.209889, 0.014808, -0.007004, 2.126077, 2.791853, 0.0
2628.0, 2.255545, 0.011068, -0.006547, 2.126077, 2.791853, 0.0
2628.0, 2.255545, 0.011068, -0.006547, 2.126077, 2.791853, 0.0
2644.0, 2.300934, 0.007377, -0.006081, 2.126077, 2.791853, 0.0
2644.0, 2.300934, 0.007377, -0.006081, 2.126077, 2.791853, 0.0
2660.0, 2.346004, 0.003748, -0.005584, 2.126077, 2.791853, 0.0
2677.0, 2.390731, 0.000189, -0.005107, 2.126077, 2.791853, 0.0
2677.0, 2.390731, 0.000189, -0.005107, 2.126077, 2.791853, 0.0
2694.0, 2.435079, -0.00329, -0.004622, 2.126077, 2.791853, 0.0
2694.0, 2.435079, -0.00329, -0.004622, 2.126077, 2.791853, 0.0
2710.0, 2.479035, -0.006682, -0.004177, 2.126475, 3.291858, 0.0
2727.0, 2.522573, -0.00998, -0.003739, 2.126475, 3.291858, 0.0
2727.0, 2.522573, -0.00998, -0.003739, 2.126475, 3.291858, 0.0
2745.0, 2.565688, -0.013178, -0.003351, 2.126475, 3.291858, 0.0
2745.0, 2.565688, -0.013178, -0.003351, 2.126475, 3.291858, 0.0
2760.0, 2.608358, -0.016269, -0.002977, 2.126475, 3.291858, 0.0
2778.0, 2.650586, -0.019252, -0.002656, 2.126475, 3.291858, 0.0
2778.0, 2.650586, -0.019252, -0.002656, 2.126475, 3.291858, 0.0
2794.0, 2.692353, -0.02212, -0.002348, 2.126475, 3.291858, 0.0
2794.0, 2.692353, -0.02212, -0.002348, 2.126475, 3.291858, 0.0
2810.0, 2.733666, -0.024872, -0.002091, 2.126475, 3.291858, 0.0
2828.0, 2.774508, -0.027504, -0.001843, 2.126475, 3.291858, 0.0
2828.0, 2.774508, -0.027504, -0.001843, 2.126475, 3.291858, 0.0
2844.0, 2.814888, -0.030016, -0.00164, 2.126475, 3.291858, 0.0
2844.0, 2.814888, -0.030016, -0.00164, 2.126475, 3.291858, 0.0
2860.0, 2.854798, -0.032406, -0.001443, 2.126475, 3.291858, 0.0
2877.0, 2.894241, -0.034674, -0.001286, 2.126475, 3.291858, 0.0
2877.0, 2.894241, -0.034674, -0.001286, 2.126475, 3.291858, 0.0
2894.0, 2.933201, -0.036819, -0.001123, 2.126475, 3.291858, 0.0
2894.0, 2.933201, -0.036819, -0.001123, 2.126475, 3.291858, 0.0
2910.0, 2.971689, -0.038842, -0.000995, 2.126475, 3.291858, 0.0
2927.0, 3.009691, -0.040741, -0.000856, 2.126475, 3.291858, 0.0
2927.0, 3.009691, -0.040741, -0.000856, 2.126475, 3.291858, 0.0
2945.0, 3.047216, -0.042519, -0.000748, 2.126475, 3.291858, 0.0
2945.0, 3.047216, -0.042519, -0.000748, 2.126475, 3.291858, 0.0
2960.0, 3.084296, -0.044187, -0.000644, 2.126873, 3.791861, 0.0
2978.0, 3.121009, -0.04576, -0.000609, 2.126873, 3.791861, 0.0
2978.0, 3.121009, -0.04576, -0.000609, 2.126873, 3.791861, 0.0
2994.0, 3.157408, -0.047252, -0.000609, 2.126873, 3.791861, 0.0
2994.0, 3.157408, -0.047252, -0.000609, 2.126873, 3.791861, 0.0
3011.0, 3.19356, -0.048675, -0.000689, 2.126873, 3.791861, 0.0
3028.0, 3.229501, -0.050041, -0.000799, 2.126873, 3.791861, 0.0
3028.0, 3.229501, -0.050041, -0.000799, 2.126873, 3.791861, 0.0
3044.0, 3.26528, -0.051357, -0.000975, 2.126873, 3.791861, 0.0
3044.0, 3.26528, -0.051357, -0.000975, 2.126873, 3.791861, 0.0
3060.0, 3.30092, -0.05263, -0.001162, 2.126873, 3.791861, 0.0
3078.0, 3.336458, -0.053869, -0.001391, 2.126873, 3.791861, 0.0
3078.0, 3.336458, -0.053869, -0.001391, 2.126873, 3.791861, 0.0
3094.0, 3.371903, -0.055076, -0.001608, 2.126873, 3.791861, 0.0
3094.0, 3.371903, -0.055076, -0.001608, 2.126873, 3.791861, 0.0
3109.0, 3.407284, -0.056258, -0.001849, 2.126873, 3.791861, 0.0
3127.0, 3.442604, -0.057419, -0.002062, 2.126873, 3.791861, 0.0
3127.0, 3.442604, -0.057419, -0.002062, 2.126873, 3.791861, 0.0
3145.0, 3.477885, -0.058564, -0.002284, 2.126873, 3.791861, 0.0
3145.0, 3.477885, -0.058564, -0.002284, 2.126873, 3.791861, 0.0
3161.0, 3.513124, -0.059695, -0.002469, 2.126873, 3.791861, 0.0
3177.0, 3.54834, -0.060815, -0.002657, 2.126873, 3.791861, 0.0
3177.0, 3.54834, -0.060815, -0.002657, 2.126873, 3.791861, 0.0
3194.0, 3.583528, -0.061927, -0.002804, 2.126873, 3.791861, 0.0
3194.0, 3.583528, -0.061927, -0.002804, 2.126873, 3.791861, 0.0
3210.0, 3.618702, -0.063033, -0.002953, 2.127271, 4.291863, 0.0
3227.0, 3.653856, -0.064136, -0.003061, 2.127271, 4.291863, 0.0
3227.0, 3.653856, -0.064136, -0.003061, 2.127271, 4.291863, 0.0
3245.0, 3.689004, -0.065236, -0.003173, 2.127271, 4.291863, 0.0
3245.0, 3.689004, -0.065236, -0.003173, 2.127271, 4.291863, 0.0
3260.0, 3.724136, -0.066334, -0.003247, 2.127271, 4.291863, 0.0
3277.0, 3.759265, -0.067432, -0.003328, 2.127271, 4.291863, 0.0
3277.0, 3.759265, -0.067432, -0.003328, 2.127271, 4.291863, 0.0
3293.0, 3.794382, -0.068531, -0.003374, 2.127271, 4.291863, 0.0
3293.0, 3.794382, -0.068531, -0.003374, 2.127271, 4.291863, 0.0
3310.0, 3.829499, -0.06963, -0.003431, 2.127271, 4.291863, 0.0
3328.0, 3.864606, -0.07073, -0.003457, 2.127271, 4.291863, 0.0
3328.0, 3.864606, -0.07073, -0.003457, 2.127271, 4.291863, 0.0
3345.0, 3.899715, -0.071832, -0.003497, 2.127271, 4.291863, 0.0
3345.0, 3.899715, -0.071832, -0.003497, 2.127271, 4.291863, 0.0
3360.0, 3.934822, -0.072935, -0.00351, 2.127271, 4.291863, 0.0
3378.0, 3.969934, -0.07404, -0.003541, 2.127271, 4.291863, 0.0
3378.0, 3.969934, -0.07404, -0.003541, 2.127271, 4.291863, 0.0
3394.0, 4.005038, -0.075146, -0.003544, 2.127271, 4.291863, 0.0
3394.0, 4.005038, -0.075146, -0.003544, 2.127271, 4.291863, 0.0
3410.0, 4.040144, -0.076254, -0.003564, 2.127271, 4.291863, 0.0
3428.0, 4.075243, -0.077363, -0.003559, 2.127271, 4.291863, 0.0
3428.0, 4.075243, -0.077363, -0.003559, 2.127271, 4.291863, 0.0
3446.0, 4.110345, -0.078473, -0.003574, 2.127271, 4.291863, 0.0
3446.0, 4.110345, -0.078473, -0.003574, 2.127271, 4.291863, 0.0
3461.0, 4.145432, -0.079583, -0.003563, 2.127669, 4.791868, 0.0
3476.0, 4.180522, -0.080695, -0.003572, 2.127669, 4.791868, 0.0
3476.0, 4.180522, -0.080695, -0.003572, 2.127669, 4.791868, 0.0
3493.0, 4.215605, -0.081808, -0.003561, 2.127669, 4.791868, 0.0
3493.0, 4.215605, -0.081808, -0.003561, 2.127669, 4.791868, 0.0
3510.0, 4.250693, -0.082921, -0.003572, 2.127669, 4.791868, 0.0
3527.0, 4.285776, -0.084035, -0.003561, 2.127669, 4.791868, 0.0
3527.0, 4.285776, -0.084035, -0.003561, 2.127669, 4.791868, 0.0
3544.0, 4.320864, -0.08515, -0.003574, 2.127669, 4.791868, 0.0
3544.0, 4.320864, -0.08515, -0.003574, 2.127669, 4.791868, 0.0
3560.0, 4.355947, -0.086265, -0.003564, 2.127669, 4.791868, 0.0
3577.0, 4.391037, -0.08738, -0.003577, 2.127669, 4.791868, 0.0
3577.0, 4.391037, -0.08738, -0.003577, 2.127669, 4.791868, 0.0
3593.0, 4.42612, -0.088495, -0.003568, 2.127669, 4.791868, 0.0
3593.0, 4.42612, -0.088495, -0.003568, 2.127669, 4.791868, 0.0
3610.0, 4.46121, -0.089611, -0.003581, 2.127669, 4.791868, 0.0
3627.0, 4.496294, -0.090727, -0.003571, 2.127669, 4.791868, 0.0
3627.0, 4.496294, -0.090727, -0.003571, 2.127669, 4.791868, 0.0
3645.0, 4.531384, -0.091843, -0.003583, 2.127669, 4.791868, 0.0
3645.0, 4.531384, -0.091843, -0.003583, 2.127669, 4.791868, 0.0
3660.0, 4.566469, -0.092959, -0.003573, 2.127669, 4.791868, 0.0
3678.0, 4.601559, -0.094075, -0.003585, 2.127669, 4.791868, 0.0
3678.0, 4.601559, -0.094075, -0.003585, 2.127669, 4.791868, 0.0
3695.0, 4.636643, -0.095191, -0.003575, 2.127669, 4.791868, 0.0
3695.0, 4.636643, -0.095191, -0.003575, 2.127669, 4.791868, 0.0
3710.0, 4.671734, -0.096308, -0.003586, 2.128067, 5.291873, 0.0
3727.0, 4.706819, -0.097424, -0.003575, 2.128067, 5.291873, 0.0
3727.0, 4.706819, -0.097424, -0.003575, 2.128067, 5.291873, 0.0
3745.0, 4.741909, -0.09854, -0.003587, 2.128067, 5.291873, 0.0
3745.0, 4.741909, -0.09854, -0.003587, 2.128067, 5.291873, 0.0
3760.0, 4.776994, -0.099657, -0.003576, 2.128067, 5.291873, 0.0
3777.0, 4.812084, -0.100773, -0.003587, 2.128067, 5.291873, 0.0
3777.0, 4.812084, -0.100773, -0.003587, 2.128067, 5.291873, 0.0
3794.0, 4.847169, -0.10189, -0.003576, 2.128067, 5.291873, 0.0
3794.0, 4.847169, -0.10189, -0.003576, 2.128067, 5.291873, 0.0
3810.0, 4.882259, -0.103007, -0.003587, 2.128067, 5.291873, 0.0
3828.0, 4.917345, -0.104123, -0.003576, 2.128067, 5.291873, 0.0
3828.0, 4.917345, -0.104123, -0.003576, 2.128067, 5.291873, 0.0
3846.0, 4.952435, -0.10524, -0.003587, 2.128067, 5.291873, 0.0
3846.0, 4.952435, -0.10524, -0.003587, 2.128067, 5.291873, 0.0
3860.0, 4.98752, -0.106357, -0.003576, 2.128067, 5.291873, 0.0
3877.0, 5.02261, -0.107473, -0.003587, 2.128067, 5.291873, 0.0
3877.0, 5.02261, -0.107473, -0.003587, 2.128067, 5.291873, 0.0
3894.0, 5.057695, -0.10859, -0.003576, 2.128067, 5.291873, 0.0
3894.0, 5.057695, -0.10859, -0.003576, 2.128067, 5.291873, 0.0
3911.0, 5.092786, -0.109707, -0.003587, 2.128067, 5.291873, 0.0
3927.0, 5.127871, -0.110824, -0.003576, 2.128067, 5.291873, 0.0
3927.0, 5.127871, -0.110824, -0.003576, 2.128067, 5.291873, 0.0
3945.0, 5.162961, -0.111941, -0.003587, 2.128067, 5.291873, 0.0
3945.0, 5.162961, -0.111941, -0.003587, 2.128067, 5.291873, 0.0
3960.0, 5.198053, -0.113057, -0.003578, 2.128466, 5.791877, 0.0
3977.0, 5.233152, -0.114175, -0.003592, 2.128466, 5.791877, 0.0
3977.0, 5.233152, -0.114175, -0.003592, 2.128466, 5.791877, 0.0
3994.0, 5.268245, -0.115291, -0.003582, 2.128466, 5.791877, 0.0
3994.0, 5.268245, -0.115291, -0.003582, 2.128466, 5.791877, 0.0
4011.0, 5.303343, -0.116408, -0.003593, 2.128466, 5.791877, 0.0
4028.0, 5.338435, -0.117525, -0.003581, 2.128466, 5.791877, 0.0
4028.0, 5.338435, -0.117525, -0.003581, 2.128466, 5.791877, 0.0
4045.0, 5.373531, -0.118642, -0.003591, 2.128466, 5.791877, 0.0
4045.0, 5.373531, -0.118642, -0.003591, 2.128466, 5.791877, 0.0
4060.0, 5.408613, -0.119759, -0.003575, 2.128466, 5.791877, 0.0
4078.0, 5.443699, -0.120876, -0.003583, 2.128466, 5.791877, 0.0
4078.0, 5.443699, -0.120876, -0.003583, 2.128466, 5.791877, 0.0
4095.0, 5.478779, -0.121992, -0.003569, 2.128466, 5.791877, 0.0
4095.0, 5.478779, -0.121992, -0.003569, 2.128466, 5.791877, 0.0
4111.0, 5.513864, -0.123109, -0.003579, 2.128466, 5.791877, 0.0
4126.0, 5.548944, -0.124226, -0.003568, 2.128466, 5.791877, 0.0
4126.0, 5.548944, -0.124226, -0.003568, 2.128466, 5.791877, 0.0
4145.0, 5.584031, -0.125343, -0.003579, 2.128466, 5.791877, 0.0
4145.0, 5.584031, -0.125343, -0.003579, 2.128466, 5.791877, 0.0
4160.0, 5.619112, -0.12646, -0.003569, 2.128466, 5.791877, 0.0
4177.0, 5.6542, -0.127577, -0.003582, 2.128466, 5.791877, 0.0
4177.0, 5.6542, -0.127577, -0.003582, 2.128466, 5.791877, 0.0
4193.0, 5.689282, -0.128693, -0.003572, 2.128466, 5.791877, 0.0
4193.0, 5.689282, -0.128693, -0.003572, 2.128466, 5.791877, 0.0
4210.0, 5.724371, -0.12981, -0.003584, 2.128864, 6.291882, 0.0
4227.0, 5.759454, -0.130927, -0.003574, 2.128864, 6.291882, 0.0
4227.0, 5.759454, -0.130927, -0.003574, 2.128864, 6.291882, 0.0
4244.0, 5.794544, -0.132044, -0.003586, 2.128864, 6.291882, 0.0
4244.0, 5.794544, -0.132044, -0.003586, 2.128864, 6.291882, 0.0
4260.0, 5.829628, -0.13316, -0.003576, 2.128864, 6.291882, 0.0
4277.0, 5.864717, -0.134277, -0.003587, 2.128864, 6.291882, 0.0
4277.0, 5.864717, -0.134277, -0.003587, 2.128864, 6.291882, 0.0
4293.0, 5.899802, -0.135394, -0.003577, 2.128864, 6.291882, 0.0
4293.0, 5.899802, -0.135394, -0.003577, 2.128864, 6.291882, 0.0
4310.0, 5.934892, -0.136511, -0.003588, 2.128864, 6.291882, 0.0
4326.0, 5.969976, -0.137627, -0.003577, 2.128864, 6.291882, 0.0
4326.0, 5.969976, -0.137627, -0.003577, 2.128864, 6.291882, 0.0
4345.0, 6.005066, -0.138744, -0.003588, 2.128864, 6.291882, 0.0
4345.0, 6.005066, -0.138744, -0.003588, 2.128864, 6.291882, 0.0
4360.0, 6.040151, -0.13986, -0.003577, 2.128864, 6.291882, 0.0
4377.0, 6.075241, -0.140977, -0.003588, 2.128864, 6.291882, 0.0
4377.0, 6.075241, -0.140977, -0.003588, 2.128864, 6.291882, 0.0
4393.0, 6.110326, -0.142094, -0.003577, 2.128864, 6.291882, 0.0
4393.0, 6.110326, -0.142094, -0.003577, 2.128864, 6.291882, 0.0
4410.0, 6.145416, -0.143211, -0.003588, 2.128864, 6.291882, 0.0
4426.0, 6.180501, -0.144327, -0.003577, 2.128864, 6.291882, 0.0
4427.0, 6.180501, -0.144327, -0.003577, 2.128864, 6.291882, 0.0
4444.0, 6.215591, -0.145444, -0.003588, 2.128864, 6.291882, 0.0
4444.0, 6.215591, -0.145444, -0.003588, 2.128864, 6.291882, 0.0
4460.0, 6.250626, -0.14655, -0.003555, 2.129262, 6.791884, 0.0
4477.0, 6.285553, -0.147632, -0.003505, 2.129262, 6.791884, 0.0
4477.0, 6.285553, -0.147632, -0.003505, 2.129262, 6.791884, 0.0
4493.0, 6.3203, -0.148676, -0.003382, 2.129262, 6.791884, 0.0
4493.0, 6.3203, -0.148676, -0.003382, 2.129262, 6.791884, 0.0
4510.0, 6.354821, -0.149674, -0.003229, 2.129262, 6.791884, 0.0
4528.0, 6.389058, -0.150614, -0.003004, 2.129262, 6.791884, 0.0
4528.0, 6.389058, -0.150614, -0.003004, 2.129262, 6.791884, 0.0
4546.0, 6.422982, -0.151489, -0.002762, 2.129262, 6.791884, 0.0
4546.0, 6.422982, -0.151489, -0.002762, 2.129262, 6.791884, 0.0
4561.0, 6.456606, -0.152304, -0.002491, 2.129262, 6.791884, 0.0
4578.0, 6.489973, -0.153067, -0.002264, 2.129262, 6.791884, 0.0
4578.0, 6.489973, -0.153067, -0.002264, 2.129262, 6.791884, 0.0
4595.0, 6.52311, -0.153784, -0.002054, 2.129262, 6.791884, 0.0
4595.0, 6.52311, -0.153784, -0.002054, 2.129262, 6.791884, 0.0
4611.0, 6.556067, -0.154463, -0.001919, 2.129262, 6.791884, 0.0
4628.0, 6.588864, -0.155108, -0.001816, 2.129262, 6.791884, 0.0
4628.0, 6.588864, -0.155108, -0.001816, 2.129262, 6.791884, 0.0
4644.0, 6.621542, -0.155724, -0.001787, 2.129262, 6.791884, 0.0
4644.0, 6.621542, -0.155724, -0.001787, 2.129262, 6.791884, 0.0
4660.0, 6.654107, -0.156314, -0.001779, 2.129262, 6.791884, 0.0
4677.0, 6.686593, -0.156882, -0.001832, 2.129262, 6.791884, 0.0
4677.0, 6.686593, -0.156882, -0.001832, 2.129262, 6.791884, 0.0
4694.0, 6.719009, -0.15743, -0.001891, 2.129262, 6.791884, 0.0
4694.0, 6.719009, -0.15743, -0.001891, 2.129262, 6.791884, 0.0
4710.0, 6.751379, -0.15796, -0.001995, 2.12966, 7.291887, 0.0
4727.0, 6.783702, -0.158475, -0.002089, 2.12966, 7.291887, 0.0
4727.0, 6.783702, -0.158475, -0.002089, 2.12966, 7.291887, 0.0
4745.0, 6.815998, -0.158977, -0.002213, 2.12966, 7.291887, 0.0
4745.0, 6.815998, -0.158977, -0.002213, 2.12966, 7.291887, 0.0
4760.0, 6.848262, -0.159467, -0.002314, 2.12966, 7.291887, 0.0
4777.0, 6.880512, -0.159949, -0.002435, 2.12966, 7.291887, 0.0
4777.0, 6.880512, -0.159949, -0.002435, 2.12966, 7.291887, 0.0
4794.0, 6.912739, -0.160423, -0.002526, 2.12966, 7.291887, 0.0
4794.0, 6.912739, -0.160423, -0.002526, 2.12966, 7.291887, 0.0
4811.0, 6.944959, -0.160891, -0.002632, 2.12966, 7.291887, 0.0
4828.0, 6.977162, -0.161354, -0.002705, 2.12966, 7.291887, 0.0
4828.0, 6.977162, -0.161354, -0.002705, 2.12966, 7.291887, 0.0
4845.0, 7.009363, -0.161814, -0.00279, 2.12966, 7.291887, 0.0
4845.0, 7.009363, -0.161814, -0.00279, 2.12966, 7.291887, 0.0
4860.0, 7.041552, -0.162271, -0.002842, 2.12966, 7.291887, 0.0
4877.0, 7.07374, -0.162727, -0.002908, 2.12966, 7.291887, 0.0
4877.0, 7.07374, -0.162727, -0.002908, 2.12966, 7.291887, 0.0
4894.0, 7.105918, -0.163181, -0.002942, 2.12966, 7.291887, 0.0
4894.0, 7.105918, -0.163181, -0.002942, 2.12966, 7.291887, 0.0
4911.0, 7.138099, -0.163635, -0.002991, 2.12966, 7.291887, 0.0
4927.0, 7.17027, -0.164089, -0.00301, 2.12966, 7.291887, 0.0
4927.0, 7.17027, -0.164089, -0.00301, 2.12966, 7.291887, 0.0
4945.0, 7.202446, -0.164543, -0.003046, 2.12966, 7.291887, 0.0
4945.0, 7.202446, -0.164543, -0.003046, 2.12966, 7.291887, 0.0
4960.0, 7.234613, -0.164997, -0.003053, 2.130058, 7.791891, 0.0
4977.0, 7.266784, -0.165453, -0.003079, 2.130058, 7.791891, 0.0
4977.0, 7.266784, -0.165453, -0.003079, 2.130058, 7.791891, 0.0
4994.0, 7.298949, -0.165908, -0.003079, 2.130058, 7.791891, 0.0
4994.0, 7.298949, -0.165908, -0.003079, 2.130058, 7.791891, 0.0
5010.0, 7.331117, -0.166364, -0.003099, 2.130058, 7.791891, 0.0
5027.0, 7.363279, -0.166821, -0.003093, 2.130058, 7.791891, 0.0
5028.0, 7.363279, -0.166821, -0.003093, 2.130058, 7.791891, 0.0
5044.0, 7.395446, -0.167279, -0.003109, 2.130058, 7.791891, 0.0
5044.0, 7.395446, -0.167279, -0.003109, 2.130058, 7.791891, 0.0
5060.0, 7.427607, -0.167737, -0.003101, 2.130058, 7.791891, 0.0
5077.0, 7.459773, -0.168195, -0.003114, 2.130058, 7.791891, 0.0
5077.0, 7.459773, -0.168195, -0.003114, 2.130058, 7.791891, 0.0
5094.0, 7.491932, -0.168654, -0.003104, 2.130058, 7.791891, 0.0
5094.0, 7.491932, -0.168654, -0.003104, 2.130058, 7.791891, 0.0
5110.0, 7.524096, -0.169114, -0.003117, 2.130058, 7.791891, 0.0
5127.0, 7.556255, -0.169574, -0.003105, 2.130058, 7.791891, 0.0
5127.0, 7.556255, -0.169574, -0.003105, 2.130058, 7.791891, 0.0
5145.0, 7.588419, -0.170034, -0.003118, 2.130058, 7.791891, 0.0
5145.0, 7.588419, -0.170034, -0.003118, 2.130058, 7.791891, 0.0
5160.0, 7.620634, -0.170504, -0.00313, 2.130058, 7.791891, 0.0
5177.0, 7.652969, -0.170997, -0.003205, 2.130058, 7.791891, 0.0
5177.0, 7.652969, -0.170997, -0.003205, 2.130058, 7.791891, 0.0
5194.0, 7.685475, -0.171522, -0.003306, 2.130058, 7.791891, 0.0
5194.0, 7.685475, -0.171522, -0.003306, 2.130058, 7.791891, 0.0
5211.0, 7.718218, -0.172091, -0.003482, 2.130456, 8.291896, 0.0
5227.0, 7.751233, -0.172711, -0.003683, 2.130456, 8.291896, 0.0
5227.0, 7.751233, -0.172711, -0.003683, 2.130456, 8.291896, 0.0
5245.0, 7.784573, -0.173389, -0.003946, 2.130456, 8.291896, 0.0
5245.0, 7.784573, -0.173389, -0.003946, 2.130456, 8.291896, 0.0
5260.0, 7.818202, -0.17412, -0.004191, 2.130456, 8.291896, 0.0
5278.0, 7.8521, -0.174898, -0.004439, 2.130456, 8.291896, 0.0
5278.0, 7.8521, -0.174898, -0.004439, 2.130456, 8.291896, 0.0
5294.0, 7.886217, -0.175715, -0.004622, 2.130456, 8.291896, 0.0
5294.0, 7.886217, -0.175715, -0.004622, 2.130456, 8.291896, 0.0
5310.0, 7.920528, -0.176568, -0.004777, 2.130456, 8.291896, 0.0
5327.0, 7.954986, -0.17745, -0.004854, 2.130456, 8.291896, 0.0
5327.0, 7.954986, -0.17745, -0.004854, 2.130456, 8.291896, 0.0
5345.0, 7.989583, -0.178358, -0.004902, 2.130456, 8.291896, 0.0
5345.0, 7.989583, -0.178358, -0.004902, 2.130456, 8.291896, 0.0
5360.0, 8.024267, -0.17929, -0.004882, 2.130456, 8.291896, 0.0
5378.0, 8.059039, -0.180243, -0.004846, 2.130456, 8.291896, 0.0
5378.0, 8.059039, -0.180243, -0.004846, 2.130456, 8.291896, 0.0
5395.0, 8.093871, -0.181214, -0.00476, 2.130456, 8.291896, 0.0
5395.0, 8.093871, -0.181214, -0.00476, 2.130456, 8.291896, 0.0
5410.0, 8.128761, -0.182203, -0.004676, 2.130456, 8.291896, 0.0
5428.0, 8.163688, -0.183206, -0.004557, 2.130456, 8.291896, 0.0
5428.0, 8.163688, -0.183206, -0.004557, 2.130456, 8.291896, 0.0
5445.0, 8.198653, -0.184222, -0.004455, 2.130456, 8.291896, 0.0
5445.0, 8.198653, -0.184222, -0.004455, 2.130456, 8.291896, 0.0
5460.0, 8.233641, -0.185248, -0.00433, 2.130855, 8.791911, 0.0
5476.0, 8.268655, -0.186284, -0.004232, 2.130855, 8.791911, 0.0
5477.0, 8.268655, -0.186284, -0.004232, 2.130855, 8.791911, 0.0
5493.0, 8.30368, -0.187327, -0.004118, 2.130855, 8.791911, 0.0
5493.0, 8.30368, -0.187327, -0.004118, 2.130855, 8.791911, 0.0
5510.0, 8.338725, -0.188376, -0.004035, 2.130855, 8.791911, 0.0
5526.0, 8.373775, -0.189429, -0.003939, 2.130855, 8.791911, 0.0
5526.0, 8.373775, -0.189429, -0.003939, 2.130855, 8.791911, 0.0
5544.0, 8.408839, -0.190486, -0.003876, 2.130855, 8.791911, 0.0
5544.0, 8.408839, -0.190486, -0.003876, 2.130855, 8.791911, 0.0
5560.0, 8.443905, -0.191545, -0.003801, 2.130855, 8.791911, 0.0
5577.0, 8.478981, -0.192606, -0.003757, 2.130855, 8.791911, 0.0
5577.0, 8.478981, -0.192606, -0.003757, 2.130855, 8.791911, 0.0
5594.0, 8.514058, -0.193668, -0.003701, 2.130855, 8.791911, 0.0
5594.0, 8.514058, -0.193668, -0.003701, 2.130855, 8.791911, 0.0
5610.0, 8.549143, -0.19473, -0.003674, 2.130855, 8.791911, 0.0
5627.0, 8.584227, -0.195792, -0.003632, 2.130855, 8.791911, 0.0
5627.0, 8.584227, -0.195792, -0.003632, 2.130855, 8.791911, 0.0
5646.0, 8.619318, -0.196854, -0.003619, 2.130855, 8.791911, 0.0
5646.0, 8.619318, -0.196854, -0.003619, 2.130855, 8.791911, 0.0
5661.0, 8.654356, -0.197904, -0.003568, 2.130855, 8.791911, 0.0
5678.0, 8.689287, -0.198931, -0.003503, 2.130855, 8.791911, 0.0
5678.0, 8.689287, -0.198931, -0.003503, 2.130855, 8.791911, 0.0
5695.0, 8.72404, -0.19992, -0.003368, 2.130855, 8.791911, 0.0
5695.0, 8.72404, -0.19992, -0.003368, 2.130855, 8.791911, 0.0
5711.0, 8.758569, -0.200861, -0.003206, 2.131253, 9.291915, 0.0
5727.0, 8.792813, -0.201746, -0.002976, 2.131253, 9.291915, 0.0
5727.0, 8.792813, -0.201746, -0.002976, 2.131253, 9.291915, 0.0
5744.0, 8.826746, -0.202567, -0.002729, 2.131253, 9.291915, 0.0
5744.0, 8.826746, -0.202567, -0.002729, 2.131253, 9.291915, 0.0
5760.0, 8.860378, -0.203329, -0.002455, 2.131253, 9.291915, 0.0
5777.0, 8.893755, -0.204038, -0.002226, 2.131253, 9.291915, 0.0
5777.0, 8.893755, -0.204038, -0.002226, 2.131253, 9.291915, 0.0
5794.0, 8.926902, -0.204702, -0.002015, 2.131253, 9.291915, 0.0
5794.0, 8.926902, -0.204702, -0.002015, 2.131253, 9.291915, 0.0
5810.0, 8.959867, -0.205328, -0.00188, 2.131253, 9.291915, 0.0
5827.0, 8.992675, -0.20592, -0.001776, 2.131253, 9.291915, 0.0
5827.0, 8.992675, -0.20592, -0.001776, 2.131253, 9.291915, 0.0
5845.0, 9.025363, -0.206484, -0.001748, 2.131253, 9.291915, 0.0
5845.0, 9.025363, -0.206484, -0.001748, 2.131253, 9.291915, 0.0
5860.0, 9.057938, -0.207021, -0.001739, 2.131253, 9.291915, 0.0
5877.0, 9.090435, -0.207537, -0.001793, 2.131253, 9.291915, 0.0
5877.0, 9.090435, -0.207537, -0.001793, 2.131253, 9.291915, 0.0
5894.0, 9.122863, -0.208032, -0.001852, 2.131253, 9.291915, 0.0
5894.0, 9.122863, -0.208032, -0.001852, 2.131253, 9.291915, 0.0
5911.0, 9.155243, -0.20851, -0.001957, 2.131253, 9.291915, 0.0
5927.0, 9.187577, -0.208972, -0.002051, 2.131253, 9.291915, 0.0
5927.0, 9.187577, -0.208972, -0.002051, 2.131253, 9.291915, 0.0
5945.0, 9.219884, -0.209422, -0.002175, 2.131253, 9.291915, 0.0
5945.0, 9.219884, -0.209422, -0.002175, 2.131253, 9.291915, 0.0
5960.0, 9.252159, -0.20986, -0.002277, 2.131651, 9.791921, 0.0
5977.0, 9.284419, -0.210289, -0.002398, 2.131651, 9.791921, 0.0
5977.0, 9.284419, -0.210289, -0.002398, 2.131651, 9.791921, 0.0
5994.0, 9.316658, -0.210711, -0.002489, 2.131651, 9.791921, 0.0
5994.0, 9.316658, -0.210711, -0.002489, 2.131651, 9.791921, 0.0
6011.0, 9.348888, -0.211127, -0.002595, 2.131651, 9.791921, 0.0
6027.0, 9.381104, -0.211537, -0.002668, 2.131651, 9.791921, 0.0
6027.0, 9.381104, -0.211537, -0.002668, 2.131651, 9.791921, 0.0
6045.0, 9.413315, -0.211945, -0.002754, 2.131651, 9.791921, 0.0
6045.0, 9.413315, -0.211945, -0.002754, 2.131651, 9.791921, 0.0
6061.0, 9.445514, -0.21235, -0.002806, 2.131651, 9.791921, 0.0
6077.0, 9.477714, -0.212753, -0.002872, 2.131651, 9.791921, 0.0
6077.0, 9.477714, -0.212753, -0.002872, 2.131651, 9.791921, 0.0
6094.0, 9.509903, -0.213155, -0.002906, 2.131651, 9.791921, 0.0
6094.0, 9.509903, -0.213155, -0.002906, 2.131651, 9.791921, 0.0
6111.0, 9.542094, -0.213557, -0.002955, 2.131651, 9.791921, 0.0
6126.0, 9.574277, -0.213959, -0.002973, 2.131651, 9.791921, 0.0
6126.0, 9.574277, -0.213959, -0.002973, 2.131651, 9.791921, 0.0
6144.0, 9.606463, -0.214361, -0.003009, 2.131651, 9.791921, 0.0
6144.0, 9.606463, -0.214361, -0.003009, 2.131651, 9.791921, 0.0
6160.0, 9.638641, -0.214763, -0.003016, 2.131651, 9.791921, 0.0
6177.0, 9.670824, -0.215166, -0.003042, 2.131651, 9.791921, 0.0
6177.0, 9.670824, -0.215166, -0.003042, 2.131651, 9.791921, 0.0
6194.0, 9.702999, -0.215569, -0.003042, 2.131651, 9.791921, 0.0
6194.0, 9.702999, -0.215569, -0.003042, 2.131651, 9.791921, 0.0
6210.0, 9.735178, -0.215973, -0.003062, 2.132049, 10.291924, 0.0
6227.0, 9.767352, -0.216377, -0.003056, 2.132049, 10.291924, 0.0
6227.0, 9.767352, -0.216377, -0.003056, 2.132049, 10.291924, 0.0
6244.0, 9.799539, -0.216783, -0.003073, 2.132049, 10.291924, 0.0
6244.0, 9.799539, -0.216783, -0.003073, 2.132049, 10.291924, 0.0
6260.0, 9.831711, -0.217189, -0.003064, 2.132049, 10.291924, 0.0
6277.0, 9.863887, -0.217595, -0.003078, 2.132049, 10.291924, 0.0
6277.0, 9.863887, -0.217595, -0.003078, 2.132049, 10.291924, 0.0
6294.0, 9.896057, -0.218002, -0.003067, 2.132049, 10.291924, 0.0
6294.0, 9.896057, -0.218002, -0.003067, 2.132049, 10.291924, 0.0
6310.0, 9.928233, -0.218409, -0.00308, 2.132049, 10.291924, 0.0
6327.0, 9.960402, -0.218817, -0.003069, 2.132049, 10.291924, 0.0
6327.0, 9.960402, -0.218817, -0.003069, 2.132049, 10.291924, 0.0
6344.0, 9.992578, -0.219225, -0.003081, 2.132049, 10.291924, 0.0
6345.0, 9.992578, -0.219225, -0.003081, 2.132049, 10.291924, 0.0
6360.0, 10.024747, -0.219633, -0.003069, 2.132049, 10.291924, 0.0
6377.0, 10.056921, -0.220042, -0.003081, 2.132049, 10.291924, 0.0
6377.0, 10.056921, -0.220042, -0.003081, 2.132049, 10.291924, 0.0
6393.0, 10.08909, -0.22045, -0.003069, 2.132049, 10.291924, 0.0
6393.0, 10.08909, -0.22045, -0.003069, 2.132049, 10.291924, 0.0
6410.0, 10.121264, -0.220859, -0.003081, 2.132049, 10.291924, 0.0
6426.0, 10.153433, -0.221268, -0.003069, 2.132049, 10.291924, 0.0
6426.0, 10.153433, -0.221268, -0.003069, 2.132049, 10.291924, 0.0
6444.0, 10.185608, -0.221677, -0.003081, 2.132049, 10.291924, 0.0
6444.0, 10.185608, -0.221677, -0.003081, 2.132049, 10.291924, 0.0
6460.0, 10.217833, -0.222096, -0.003093, 2.132447, 10.791938, 0.0
6477.0, 10.250177, -0.222536, -0.003168, 2.132447, 10.791938, 0.0
6477.0, 10.250177, -0.222536, -0.003168, 2.132447, 10.791938, 0.0
6494.0, 10.282694, -0.223008, -0.00327, 2.132447, 10.791938, 0.0
6494.0, 10.282694, -0.223008, -0.00327, 2.132447, 10.791938, 0.0
6510.0, 10.315448, -0.223522, -0.003446, 2.132447, 10.791938, 0.0
6527.0, 10.348481, -0.224086, -0.003646, 2.132447, 10.791938, 0.0
6527.0, 10.348481, -0.224086, -0.003646, 2.132447, 10.791938, 0.0
6545.0, 10.381833, -0.224705, -0.003909, 2.132447, 10.791938, 0.0
6545.0, 10.381833, -0.224705, -0.003909, 2.132447, 10.791938, 0.0
6560.0, 10.415475, -0.225376, -0.004155, 2.132447, 10.791938, 0.0
6578.0, 10.449385, -0.226093, -0.004402, 2.132447, 10.791938, 0.0
6578.0, 10.449385, -0.226093, -0.004402, 2.132447, 10.791938, 0.0
6594.0, 10.483515, -0.226848, -0.004585, 2.132447, 10.791938, 0.0
6594.0, 10.483515, -0.226848, -0.004585, 2.132447, 10.791938, 0.0
6611.0, 10.517838, -0.227637, -0.004739, 2.132447, 10.791938, 0.0
6628.0, 10.552308, -0.228454, -0.004815, 2.132447, 10.791938, 0.0
6628.0, 10.552308, -0.228454, -0.004815, 2.132447, 10.791938, 0.0
6644.0, 10.58691, -0.229297, -0.004862, 2.132447, 10.791938, 0.0
6644.0, 10.58691, -0.229297, -0.004862, 2.132447, 10.791938, 0.0
6660.0, 10.621608, -0.230163, -0.004841, 2.132447, 10.791938, 0.0
6677.0, 10.656393, -0.23105, -0.004805, 2.132447, 10.791938, 0.0
6677.0, 10.656393, -0.23105, -0.004805, 2.132447, 10.791938, 0.0
6693.0, 10.691239, -0.231955, -0.004718, 2.132447, 10.791938, 0.0
6693.0, 10.691239, -0.231955, -0.004718, 2.132447, 10.791938, 0.0
6710.0, 10.726143, -0.232876, -0.004633, 2.132845, 11.291948, 0.0
6727.0, 10.761084, -0.233812, -0.004514, 2.132845, 11.291948, 0.0
6727.0, 10.761084, -0.233812, -0.004514, 2.132845, 11.291948, 0.0
6745.0, 10.796063, -0.234761, -0.004411, 2.132845, 11.291948, 0.0
6745.0, 10.796063, -0.234761, -0.004411, 2.132845, 11.291948, 0.0
6760.0, 10.831064, -0.23572, -0.004286, 2.132845, 11.291948, 0.0
6778.0, 10.866093, -0.236688, -0.004186, 2.132845, 11.291948, 0.0
6778.0, 10.866093, -0.236688, -0.004186, 2.132845, 11.291948, 0.0
6794.0, 10.901133, -0.237663, -0.004072, 2.132845, 11.291948, 0.0
6794.0, 10.901133, -0.237663, -0.004072, 2.132845, 11.291948, 0.0
6810.0, 10.936192, -0.238644, -0.003989, 2.132845, 11.291948, 0.0
6828.0, 10.971255, -0.23963, -0.003893, 2.132845, 11.291948, 0.0
6828.0, 10.971255, -0.23963, -0.003893, 2.132845, 11.291948, 0.0
6845.0, 11.006333, -0.240619, -0.00383, 2.132845, 11.291948, 0.0
6845.0, 11.006333, -0.240619, -0.00383, 2.132845, 11.291948, 0.0
6860.0, 11.041414, -0.24161, -0.003754, 2.132845, 11.291948, 0.0
6878.0, 11.076505, -0.242603, -0.003711, 2.132845, 11.291948, 0.0
6878.0, 11.076505, -0.242603, -0.003711, 2.132845, 11.291948, 0.0
6894.0, 11.111596, -0.243596, -0.003654, 2.132845, 11.291948, 0.0
6894.0, 11.111596, -0.243596, -0.003654, 2.132845, 11.291948, 0.0
6910.0, 11.146696, -0.244591, -0.003627, 2.132845, 11.291948, 0.0
6927.0, 11.181793, -0.245584, -0.003585, 2.132845, 11.291948, 0.0
6927.0, 11.181793, -0.245584, -0.003585, 2.132845, 11.291948, 0.0
6945.0, 11.216899, -0.246578, -0.003572, 2.132845, 11.291948, 0.0
6945.0, 11.216899, -0.246578, -0.003572, 2.132845, 11.291948, 0.0
6960.0, 11.251951, -0.247561, -0.00352, 2.133244, 11.791954, 0.0
6978.0, 11.286898, -0.248519, -0.003456, 2.133244, 11.791954, 0.0
6978.0, 11.286898, -0.248519, -0.003456, 2.133244, 11.791954, 0.0
6994.0, 11.321664, -0.249442, -0.003321, 2.133244, 11.791954, 0.0
6994.0, 11.321664, -0.249442, -0.003321, 2.133244, 11.791954, 0.0
7010.0, 11.356206, -0.250318, -0.003159, 2.133244, 11.791954, 0.0
7028.0, 11.390464, -0.251138, -0.002928, 2.133244, 11.791954, 0.0
7028.0, 11.390464, -0.251138, -0.002928, 2.133244, 11.791954, 0.0
7045.0, 11.42441, -0.251896, -0.002682, 2.133244, 11.791954, 0.0
7045.0, 11.42441, -0.251896, -0.002682, 2.133244, 11.791954, 0.0
7060.0, 11.45805, -0.252595, -0.002406, 2.133244, 11.791954, 0.0
7077.0, 11.49143, -0.253243, -0.002175, 2.133244, 11.791954, 0.0
7077.0, 11.49143, -0.253243, -0.002175, 2.133244, 11.791954, 0.0
7094.0, 11.524582, -0.253847, -0.001963, 2.133244, 11.791954, 0.0
7094.0, 11.524582, -0.253847, -0.001963, 2.133244, 11.791954, 0.0
7110.0, 11.557553, -0.254413, -0.001828, 2.133244, 11.791954, 0.0
7127.0, 11.590367, -0.254947, -0.001725, 2.133244, 11.791954, 0.0
7127.0, 11.590367, -0.254947, -0.001725, 2.133244, 11.791954, 0.0
7145.0, 11.623062, -0.255453, -0.001699, 2.133244, 11.791954, 0.0
7145.0, 11.623062, -0.255453, -0.001699, 2.133244, 11.791954, 0.0
7160.0, 11.655658, -0.255933, -0.001697, 2.133244, 11.791954, 0.0
7178.0, 11.688179, -0.256391, -0.001757, 2.133244, 11.791954, 0.0
7178.0, 11.688179, -0.256391, -0.001757, 2.133244, 11.791954, 0.0
7195.0, 11.720631, -0.256829, -0.001821, 2.133244, 11.791954, 0.0
7195.0, 11.720631, -0.256829, -0.001821, 2.133244, 11.791954, 0.0
7210.0, 11.753035, -0.25725, -0.001927, 2.133642, 12.291958, 0.0
7227.0, 11.78539, -0.257655, -0.002021, 2.133642, 12.291958, 0.0
7227.0, 11.78539, -0.257655, -0.002021, 2.133642, 12.291958, 0.0
7245.0, 11.817717, -0.258048, -0.002144, 2.133642, 12.291958, 0.0
7245.0, 11.817717, -0.258048, -0.002144, 2.133642, 12.291958, 0.0
7260.0, 11.850005, -0.25843, -0.002241, 2.133642, 12.291958, 0.0
7277.0, 11.882275, -0.258803, -0.002358, 2.133642, 12.291958, 0.0
7277.0, 11.882275, -0.258803, -0.002358, 2.133642, 12.291958, 0.0
7294.0, 11.914521, -0.259168, -0.002446, 2.133642, 12.291958, 0.0
7294.0, 11.914521, -0.259168, -0.002446, 2.133642, 12.291958, 0.0
7311.0, 11.94676, -0.259528, -0.00255, 2.133642, 12.291958, 0.0
7327.0, 11.978983, -0.259883, -0.002621, 2.133642, 12.291958, 0.0
7327.0, 11.978983, -0.259883, -0.002621, 2.133642, 12.291958, 0.0
7345.0, 12.011204, -0.260234, -0.002707, 2.133642, 12.291958, 0.0
7345.0, 12.011204, -0.260234, -0.002707, 2.133642, 12.291958, 0.0
7361.0, 12.043412, -0.260583, -0.00276, 2.133642, 12.291958, 0.0
7378.0, 12.075622, -0.260931, -0.002827, 2.133642, 12.291958, 0.0
7378.0, 12.075622, -0.260931, -0.002827, 2.133642, 12.291958, 0.0
7395.0, 12.107821, -0.261277, -0.002861, 2.133642, 12.291958, 0.0
7395.0, 12.107821, -0.261277, -0.002861, 2.133642, 12.291958, 0.0
7411.0, 12.140023, -0.261623, -0.002911, 2.133642, 12.291958, 0.0
7427.0, 12.172216, -0.261969, -0.002931, 2.133642, 12.291958, 0.0
7427.0, 12.172216, -0.261969, -0.002931, 2.133642, 12.291958, 0.0
7445.0, 12.204413, -0.262315, -0.002968, 2.133642, 12.291958, 0.0
7445.0, 12.204413, -0.262315, -0.002968, 2.133642, 12.291958, 0.0
7460.0, 12.236602, -0.262661, -0.002975, 2.13404, 12.791962, 0.0
7477.0, 12.268796, -0.263008, -0.003002, 2.13404, 12.791962, 0.0
7477.0, 12.268796, -0.263008, -0.003002, 2.13404, 12.791962, 0.0
7493.0, 12.300982, -0.263355, -0.003002, 2.13404, 12.791962, 0.0
7493.0, 12.300982, -0.263355, -0.003002, 2.13404, 12.791962, 0.0
7510.0, 12.333173, -0.263704, -0.003023, 2.13404, 12.791962, 0.0
7527.0, 12.365357, -0.264052, -0.003017, 2.13404, 12.791962, 0.0
7527.0, 12.365357, -0.264052, -0.003017, 2.13404, 12.791962, 0.0
7545.0, 12.397547, -0.264402, -0.003034, 2.13404, 12.791962, 0.0
7545.0, 12.397547, -0.264402, -0.003034, 2.13404, 12.791962, 0.0
7560.0, 12.429729, -0.264751, -0.003025, 2.13404, 12.791962, 0.0
7577.0, 12.461918, -0.265102, -0.003039, 2.13404, 12.791962, 0.0
7577.0, 12.461918, -0.265102, -0.003039, 2.13404, 12.791962, 0.0
7594.0, 12.494101, -0.265453, -0.003028, 2.13404, 12.791962, 0.0
7594.0, 12.494101, -0.265453, -0.003028, 2.13404, 12.791962, 0.0
7610.0, 12.526287, -0.265804, -0.003041, 2.13404, 12.791962, 0.0
7628.0, 12.558468, -0.266156, -0.00303, 2.13404, 12.791962, 0.0
7628.0, 12.558468, -0.266156, -0.00303, 2.13404, 12.791962, 0.0
7645.0, 12.590654, -0.266508, -0.003042, 2.13404, 12.791962, 0.0
7645.0, 12.590654, -0.266508, -0.003042, 2.13404, 12.791962, 0.0
7660.0, 12.622835, -0.266861, -0.00303, 2.13404, 12.791962, 0.0
7678.0, 12.655022, -0.267213, -0.003042, 2.13404, 12.791962, 0.0
7678.0, 12.655022, -0.267213, -0.003042, 2.13404, 12.791962, 0.0
7695.0, 12.687202, -0.267566, -0.00303, 2.13404, 12.791962, 0.0
7695.0, 12.687202, -0.267566, -0.00303, 2.13404, 12.791962, 0.0
7711.0, 12.719388, -0.267919, -0.003042, 2.134438, 13.291966, 0.0
7726.0, 12.751568, -0.268272, -0.00303, 2.134438, 13.291966, 0.0
7726.0, 12.751568, -0.268272, -0.00303, 2.134438, 13.291966, 0.0
7745.0, 12.783753, -0.268626, -0.003042, 2.134438, 13.291966, 0.0
7745.0, 12.783753, -0.268626, -0.003042, 2.134438, 13.291966, 0.0
7760.0, 12.81594, -0.268979, -0.003033, 2.134438, 13.291966, 0.0
7777.0, 12.848133, -0.269332, -0.003047, 2.134438, 13.291966, 0.0
7777.0, 12.848133, -0.269332, -0.003047, 2.134438, 13.291966, 0.0
7794.0, 12.880321, -0.269686, -0.003036, 2.134438, 13.291966, 0.0
7794.0, 12.880321, -0.269686, -0.003036, 2.134438, 13.291966, 0.0
7810.0, 12.912514, -0.270039, -0.003048, 2.134438, 13.291966, 0.0
7827.0, 12.944699, -0.270393, -0.003036, 2.134438, 13.291966, 0.0
7827.0, 12.944699, -0.270393, -0.003036, 2.134438, 13.291966, 0.0
7845.0, 12.97689, -0.270746, -0.003046, 2.134438, 13.291966, 0.0
7845.0, 12.97689, -0.270746, -0.003046, 2.134438, 13.291966, 0.0
7860.0, 13.009117, -0.271109, -0.003052, 2.134438, 13.291966, 0.0
7878.0, 13.041462, -0.271492, -0.003121, 2.134438, 13.291966, 0.0
7878.0, 13.041462, -0.271492, -0.003121, 2.134438, 13.291966, 0.0
7894.0, 13.073977, -0.271907, -0.003219, 2.134438, 13.291966, 0.0
7894.0, 13.073977, -0.271907, -0.003219, 2.134438, 13.291966, 0.0
7911.0, 13.106731, -0.272362, -0.003394, 2.134438, 13.291966, 0.0
7927.0, 13.13976, -0.272865, -0.003595, 2.134438, 13.291966, 0.0
7927.0, 13.13976, -0.272865, -0.003595, 2.134438, 13.291966, 0.0
7945.0, 13.173116, -0.273422, -0.003859, 2.134438, 13.291966, 0.0
7945.0, 13.173116, -0.273422, -0.003859, 2.134438, 13.291966, 0.0
7960.0, 13.20677, -0.274029, -0.004109, 2.134836, 13.791969, 0.0
7977.0, 13.240696, -0.274679, -0.00436, 2.134836, 13.791969, 0.0
7977.0, 13.240696, -0.274679, -0.00436, 2.134836, 13.791969, 0.0
7994.0, 13.274842, -0.275367, -0.004546, 2.134836, 13.791969, 0.0
7994.0, 13.274842, -0.275367, -0.004546, 2.134836, 13.791969, 0.0
8011.0, 13.309181, -0.276087, -0.004702, 2.134836, 13.791969, 0.0
8027.0, 13.34367, -0.276834, -0.004779, 2.134836, 13.791969, 0.0
8027.0, 13.34367, -0.276834, -0.004779, 2.134836, 13.791969, 0.0
8046.0, 13.378288, -0.277607, -0.004826, 2.134836, 13.791969, 0.0
8046.0, 13.378288, -0.277607, -0.004826, 2.134836, 13.791969, 0.0
8061.0, 13.413002, -0.278402, -0.004803, 2.134836, 13.791969, 0.0
8077.0, 13.447803, -0.279217, -0.004766, 2.134836, 13.791969, 0.0
8077.0, 13.447803, -0.279217, -0.004766, 2.134836, 13.791969, 0.0
8094.0, 13.482665, -0.28005, -0.004676, 2.134836, 13.791969, 0.0
8094.0, 13.482665, -0.28005, -0.004676, 2.134836, 13.791969, 0.0
8111.0, 13.517585, -0.2809, -0.00459, 2.134836, 13.791969, 0.0
8126.0, 13.552541, -0.281763, -0.004469, 2.134836, 13.791969, 0.0
8126.0, 13.552541, -0.281763, -0.004469, 2.134836, 13.791969, 0.0
8144.0, 13.587536, -0.282639, -0.004365, 2.134836, 13.791969, 0.0
8144.0, 13.587536, -0.282639, -0.004365, 2.134836, 13.791969, 0.0
8160.0, 13.622553, -0.283526, -0.004238, 2.134836, 13.791969, 0.0
8177.0, 13.657596, -0.284421, -0.004138, 2.134836, 13.791969, 0.0
8177.0, 13.657596, -0.284421, -0.004138, 2.134836, 13.791969, 0.0
8194.0, 13.69265, -0.285323, -0.004023, 2.134836, 13.791969, 0.0
8194.0, 13.69265, -0.285323, -0.004023, 2.134836, 13.791969, 0.0
8210.0, 13.727724, -0.286232, -0.003939, 2.135235, 14.291973, 0.0
8227.0, 13.762804, -0.287144, -0.003842, 2.135235, 14.291973, 0.0
8227.0, 13.762804, -0.287144, -0.003842, 2.135235, 14.291973, 0.0
8244.0, 13.797897, -0.28806, -0.003779, 2.135235, 14.291973, 0.0
8244.0, 13.797897, -0.28806, -0.003779, 2.135235, 14.291973, 0.0
8260.0, 13.832999, -0.288978, -0.003706, 2.135235, 14.291973, 0.0
8277.0, 13.868114, -0.289898, -0.003664, 2.135235, 14.291973, 0.0
8277.0, 13.868114, -0.289898, -0.003664, 2.135235, 14.291973, 0.0
8294.0, 13.903228, -0.290819, -0.003608, 2.135235, 14.291973, 0.0
8294.0, 13.903228, -0.290819, -0.003608, 2.135235, 14.291973, 0.0
8310.0, 13.938351, -0.29174, -0.003582, 2.135235, 14.291973, 0.0
8327.0, 13.973469, -0.29266, -0.003539, 2.135235, 14.291973, 0.0
8327.0, 13.973469, -0.29266, -0.003539, 2.135235, 14.291973, 0.0
8344.0, 14.008595, -0.293581, -0.003525, 2.135235, 14.291973, 0.0
8344.0, 14.008595, -0.293581, -0.003525, 2.135235, 14.291973, 0.0
8360.0, 14.043659, -0.29449, -0.003469, 2.135235, 14.291973, 0.0
8377.0, 14.078615, -0.295376, -0.0034, 2.135235, 14.291973, 0.0
8377.0, 14.078615, -0.295376, -0.0034, 2.135235, 14.291973, 0.0
8394.0, 14.113391, -0.296227, -0.003263, 2.135235, 14.291973, 0.0
8394.0, 14.113391, -0.296227, -0.003263, 2.135235, 14.291973, 0.0
8410.0, 14.147942, -0.297032, -0.0031, 2.135235, 14.291973, 0.0
8426.0, 14.182209, -0.297783, -0.002869, 2.135235, 14.291973, 0.0
8426.0, 14.182209, -0.297783, -0.002869, 2.135235, 14.291973, 0.0
8445.0, 14.216165, -0.298473, -0.002623, 2.135235, 14.291973, 0.0
8445.0, 14.216165, -0.298473, -0.002623, 2.135235, 14.291973, 0.0
8460.0, 14.249814, -0.299106, -0.002348, 2.135633, 14.791978, 0.0
8477.0, 14.283205, -0.299689, -0.002119, 2.135633, 14.791978, 0.0
8477.0, 14.283205, -0.299689, -0.002119, 2.135633, 14.791978, 0.0
8494.0, 14.316368, -0.300229, -0.001909, 2.135633, 14.791978, 0.0
8494.0, 14.316368, -0.300229, -0.001909, 2.135633, 14.791978, 0.0
8510.0, 14.34935, -0.300733, -0.001775, 2.135633, 14.791978, 0.0
8527.0, 14.382174, -0.301204, -0.001675, 2.135633, 14.791978, 0.0
8527.0, 14.382174, -0.301204, -0.001675, 2.135633, 14.791978, 0.0
8545.0, 14.414882, -0.301648, -0.00165, 2.135633, 14.791978, 0.0
8545.0, 14.414882, -0.301648, -0.00165, 2.135633, 14.791978, 0.0
8560.0, 14.447482, -0.302066, -0.001647, 2.135633, 14.791978, 0.0
8578.0, 14.480007, -0.302463, -0.001706, 2.135633, 14.791978, 0.0
8578.0, 14.480007, -0.302463, -0.001706, 2.135633, 14.791978, 0.0
8595.0, 14.512463, -0.302841, -0.00177, 2.135633, 14.791978, 0.0
8595.0, 14.512463, -0.302841, -0.00177, 2.135633, 14.791978, 0.0
8610.0, 14.54487, -0.303201, -0.001877, 2.135633, 14.791978, 0.0
8628.0, 14.577232, -0.303547, -0.001973, 2.135633, 14.791978, 0.0
8628.0, 14.577232, -0.303547, -0.001973, 2.135633, 14.791978, 0.0
8644.0, 14.609566, -0.303879, -0.002097, 2.135633, 14.791978, 0.0
8644.0, 14.609566, -0.303879, -0.002097, 2.135633, 14.791978, 0.0
8660.0, 14.641868, -0.304201, -0.002198, 2.135633, 14.791978, 0.0
8677.0, 14.674153, -0.304514, -0.002319, 2.135633, 14.791978, 0.0
8677.0, 14.674153, -0.304514, -0.002319, 2.135633, 14.791978, 0.0
8693.0, 14.706417, -0.30482, -0.00241, 2.135633, 14.791978, 0.0
8693.0, 14.706417, -0.30482, -0.00241, 2.135633, 14.791978, 0.0
8710.0, 14.738672, -0.30512, -0.002515, 2.136031, 15.291982, 0.0
8728.0, 14.770911, -0.305415, -0.002587, 2.136031, 15.291982, 0.0
8728.0, 14.770911, -0.305415, -0.002587, 2.136031, 15.291982, 0.0
8745.0, 14.803148, -0.305708, -0.002672, 2.136031, 15.291982, 0.0
8745.0, 14.803148, -0.305708, -0.002672, 2.136031, 15.291982, 0.0
8760.0, 14.835372, -0.305997, -0.002724, 2.136031, 15.291982, 0.0
8778.0, 14.867595, -0.306285, -0.00279, 2.136031, 15.291982, 0.0
8778.0, 14.867595, -0.306285, -0.00279, 2.136031, 15.291982, 0.0
8794.0, 14.899808, -0.306572, -0.002823, 2.136031, 15.291982, 0.0
8795.0, 14.899808, -0.306572, -0.002823, 2.136031, 15.291982, 0.0
8811.0, 14.932023, -0.306859, -0.002872, 2.136031, 15.291982, 0.0
8828.0, 14.964231, -0.307145, -0.00289, 2.136031, 15.291982, 0.0
8828.0, 14.964231, -0.307145, -0.00289, 2.136031, 15.291982, 0.0
8844.0, 14.99644, -0.307432, -0.002926, 2.136031, 15.291982, 0.0
8844.0, 14.99644, -0.307432, -0.002926, 2.136031, 15.291982, 0.0
8860.0, 15.028647, -0.307719, -0.002936, 2.136031, 15.291982, 0.0
8877.0, 15.060862, -0.308007, -0.002965, 2.136031, 15.291982, 0.0
8877.0, 15.060862, -0.308007, -0.002965, 2.136031, 15.291982, 0.0
8894.0, 15.093068, -0.308296, -0.002965, 2.136031, 15.291982, 0.0
8894.0, 15.093068, -0.308296, -0.002965, 2.136031, 15.291982, 0.0
8910.0, 15.125278, -0.308585, -0.002986, 2.136031, 15.291982, 0.0
8927.0, 15.15748, -0.308874, -0.002979, 2.136031, 15.291982, 0.0
8927.0, 15.15748, -0.308874, -0.002979, 2.136031, 15.291982, 0.0
8945.0, 15.189687, -0.309165, -0.002994, 2.136031, 15.291982, 0.0
8945.0, 15.189687, -0.309165, -0.002994, 2.136031, 15.291982, 0.0
8960.0, 15.221879, -0.309455, -0.002982, 2.136429, 15.791986, 0.0
8978.0, 15.254075, -0.309747, -0.002992, 2.136429, 15.791986, 0.0
8978.0, 15.254075, -0.309747, -0.002992, 2.136429, 15.791986, 0.0
8994.0, 15.286263, -0.310039, -0.00298, 2.136429, 15.791986, 0.0
8994.0, 15.286263, -0.310039, -0.00298, 2.136429, 15.791986, 0.0
9010.0, 15.318459, -0.310331, -0.002991, 2.136429, 15.791986, 0.0
9028.0, 15.350647, -0.310624, -0.00298, 2.136429, 15.791986, 0.0
9028.0, 15.350647, -0.310624, -0.00298, 2.136429, 15.791986, 0.0
9045.0, 15.382842, -0.310918, -0.002993, 2.136429, 15.791986, 0.0
9045.0, 15.382842, -0.310918, -0.002993, 2.136429, 15.791986, 0.0
9060.0, 15.415032, -0.311211, -0.002982, 2.136429, 15.791986, 0.0
9078.0, 15.447227, -0.311505, -0.002995, 2.136429, 15.791986, 0.0
9078.0, 15.447227, -0.311505, -0.002995, 2.136429, 15.791986, 0.0
9094.0, 15.479418, -0.311798, -0.002985, 2.136429, 15.791986, 0.0
9094.0, 15.479418, -0.311798, -0.002985, 2.136429, 15.791986, 0.0
9110.0, 15.511614, -0.312092, -0.002998, 2.136429, 15.791986, 0.0
9128.0, 15.543805, -0.312386, -0.002987, 2.136429, 15.791986, 0.0
9128.0, 15.543805, -0.312386, -0.002987, 2.136429, 15.791986, 0.0
9145.0, 15.576001, -0.312681, -0.003, 2.136429, 15.791986, 0.0
9145.0, 15.576001, -0.312681, -0.003, 2.136429, 15.791986, 0.0
9160.0, 15.608243, -0.312984, -0.00301, 2.136429, 15.791986, 0.0
9177.0, 15.640603, -0.313307, -0.003083, 2.136429, 15.791986, 0.0
9177.0, 15.640603, -0.313307, -0.003083, 2.136429, 15.791986, 0.0
9194.0, 15.673136, -0.313661, -0.003184, 2.136429, 15.791986, 0.0
9194.0, 15.673136, -0.313661, -0.003184, 2.136429, 15.791986, 0.0
9211.0, 15.705906, -0.314054, -0.00336, 2.136827, 16.29199, 0.0
9227.0, 15.738952, -0.314494, -0.003561, 2.136827, 16.29199, 0.0
9227.0, 15.738952, -0.314494, -0.003561, 2.136827, 16.29199, 0.0
9244.0, 15.772323, -0.314986, -0.003825, 2.136827, 16.29199, 0.0
9244.0, 15.772323, -0.314986, -0.003825, 2.136827, 16.29199, 0.0
9260.0, 15.805992, -0.315528, -0.004073, 2.136827, 16.29199, 0.0
9277.0, 15.839934, -0.316112, -0.004323, 2.136827, 16.29199, 0.0
9277.0, 15.839934, -0.316112, -0.004323, 2.136827, 16.29199, 0.0
9294.0, 15.874096, -0.316732, -0.004508, 2.136827, 16.29199, 0.0
9294.0, 15.874096, -0.316732, -0.004508, 2.136827, 16.29199, 0.0
9310.0, 15.90845, -0.317385, -0.004662, 2.136827, 16.29199, 0.0
9327.0, 15.942952, -0.318064, -0.004737, 2.136827, 16.29199, 0.0
9327.0, 15.942952, -0.318064, -0.004737, 2.136827, 16.29199, 0.0
9344.0, 15.977586, -0.318768, -0.004782, 2.136827, 16.29199, 0.0
9344.0, 15.977586, -0.318768, -0.004782, 2.136827, 16.29199, 0.0
9361.0, 16.012314, -0.319493, -0.004759, 2.136827, 16.29199, 0.0
9378.0, 16.047131, -0.320239, -0.00472, 2.136827, 16.29199, 0.0
9378.0, 16.047131, -0.320239, -0.00472, 2.136827, 16.29199, 0.0
9394.0, 16.082006, -0.321002, -0.00463, 2.136827, 16.29199, 0.0
9394.0, 16.082006, -0.321002, -0.00463, 2.136827, 16.29199, 0.0
9410.0, 16.11694, -0.321782, -0.004543, 2.136827, 16.29199, 0.0
9428.0, 16.151911, -0.322575, -0.004421, 2.136827, 16.29199, 0.0
9428.0, 16.151911, -0.322575, -0.004421, 2.136827, 16.29199, 0.0
9446.0, 16.18692, -0.323381, -0.004317, 2.136827, 16.29199, 0.0
9446.0, 16.18692, -0.323381, -0.004317, 2.136827, 16.29199, 0.0
9461.0, 16.221956, -0.324197, -0.004192, 2.137225, 16.791996, 0.0
9477.0, 16.257023, -0.325022, -0.004094, 2.137225, 16.791996, 0.0
9477.0, 16.257023, -0.325022, -0.004094, 2.137225, 16.791996, 0.0
9493.0, 16.292101, -0.325853, -0.00398, 2.137225, 16.791996, 0.0
9493.0, 16.292101, -0.325853, -0.00398, 2.137225, 16.791996, 0.0
9510.0, 16.327196, -0.326691, -0.003896, 2.137225, 16.791996, 0.0
9527.0, 16.362295, -0.327533, -0.003798, 2.137225, 16.791996, 0.0
9527.0, 16.362295, -0.327533, -0.003798, 2.137225, 16.791996, 0.0
9544.0, 16.397409, -0.328378, -0.003733, 2.137225, 16.791996, 0.0
9544.0, 16.397409, -0.328378, -0.003733, 2.137225, 16.791996, 0.0
9560.0, 16.432516, -0.329225, -0.003653, 2.137225, 16.791996, 0.0
9577.0, 16.46763, -0.330074, -0.003606, 2.137225, 16.791996, 0.0
9577.0, 16.46763, -0.330074, -0.003606, 2.137225, 16.791996, 0.0
9594.0, 16.502745, -0.330923, -0.003546, 2.137225, 16.791996, 0.0
9594.0, 16.502745, -0.330923, -0.003546, 2.137225, 16.791996, 0.0
9610.0, 16.537868, -0.331773, -0.003518, 2.137225, 16.791996, 0.0
9628.0, 16.57299, -0.332623, -0.003476, 2.137225, 16.791996, 0.0
9628.0, 16.57299, -0.332623, -0.003476, 2.137225, 16.791996, 0.0
9645.0, 16.60812, -0.333473, -0.003463, 2.137225, 16.791996, 0.0
9645.0, 16.60812, -0.333473, -0.003463, 2.137225, 16.791996, 0.0
9661.0, 16.643198, -0.334311, -0.003413, 2.137225, 16.791996, 0.0
9678.0, 16.678171, -0.335127, -0.003349, 2.137225, 16.791996, 0.0
9678.0, 16.678171, -0.335127, -0.003349, 2.137225, 16.791996, 0.0
9695.0, 16.712963, -0.335907, -0.003216, 2.137225, 16.791996, 0.0
9695.0, 16.712963, -0.335907, -0.003216, 2.137225, 16.791996, 0.0
9710.0, 16.747532, -0.336643, -0.003055, 2.137624, 17.292, 0.0
9727.0, 16.781815, -0.337326, -0.002826, 2.137624, 17.292, 0.0
9727.0, 16.781815, -0.337326, -0.002826, 2.137624, 17.292, 0.0
9744.0, 16.815786, -0.337948, -0.002581, 2.137624, 17.292, 0.0
9744.0, 16.815786, -0.337948, -0.002581, 2.137624, 17.292, 0.0
9760.0, 16.849453, -0.338514, -0.002305, 2.137624, 17.292, 0.0
9777.0, 16.882858, -0.339031, -0.002076, 2.137624, 17.292, 0.0
9777.0, 16.882858, -0.339031, -0.002076, 2.137624, 17.292, 0.0
9794.0, 16.916035, -0.339506, -0.001865, 2.137624, 17.292, 0.0
9794.0, 16.916035, -0.339506, -0.001865, 2.137624, 17.292, 0.0
9810.0, 16.949032, -0.339945, -0.001731, 2.137624, 17.292, 0.0
9827.0, 16.981871, -0.340352, -0.001629, 2.137624, 17.292, 0.0
9827.0, 16.981871, -0.340352, -0.001629, 2.137624, 17.292, 0.0
9845.0, 17.014589, -0.340732, -0.001604, 2.137624, 17.292, 0.0
9845.0, 17.014589, -0.340732, -0.001604, 2.137624, 17.292, 0.0
9860.0, 17.047203, -0.341087, -0.001601, 2.137624, 17.292, 0.0
9878.0, 17.079742, -0.341421, -0.00166, 2.137624, 17.292, 0.0
9878.0, 17.079742, -0.341421, -0.00166, 2.137624, 17.292, 0.0
9894.0, 17.112209, -0.341736, -0.001723, 2.137624, 17.292, 0.0
9894.0, 17.112209, -0.341736, -0.001723, 2.137624, 17.292, 0.0
9911.0, 17.14463, -0.342034, -0.001831, 2.137624, 17.292, 0.0
9927.0, 17.177006, -0.342316, -0.001926, 2.137624, 17.292, 0.0
9927.0, 17.177006, -0.342316, -0.001926, 2.137624, 17.292, 0.0
9944.0, 17.209351, -0.342587, -0.002051, 2.137624, 17.292, 0.0
9944.0, 17.209351, -0.342587, -0.002051, 2.137624, 17.292, 0.0
9960.0, 17.241665, -0.342846, -0.002152, 2.138022, 17.792004, 0.0
9978.0, 17.273964, -0.343097, -0.002273, 2.138022, 17.792004, 0.0
9978.0, 17.273964, -0.343097, -0.002273, 2.138022, 17.792004, 0.0
