0.0, 0.0, 0.0, 0.002231, 0.707388, -0.706825, 0.0
0.0, 0.0, 0.0, 0.002231, 0.707388, -0.706825, 0.0
17.0, -0.000053, -0.000266, -0.004073, 0.707388, -0.706825, 0.0
17.0, -0.000053, -0.000266, -0.004073, 0.707388, -0.706825, 0.0
33.0, -0.000106, -0.00039, -0.00949, 0.707388, -0.706825, 0.0
49.0, -0.000179, -0.000255, -0.012187, 0.707388, -0.706825, 0.0
49.0, -0.000179, -0.000255, -0.012187, 0.707388, -0.706825, 0.0
66.0, -0.000314, 0.000095, -0.013236, 0.707388, -0.706825, 0.0
66.0, -0.000314, 0.000095, -0.013236, 0.707388, -0.706825, 0.0
83.0, -0.000559, 0.000574, -0.013067, 0.707388, -0.706825, 0.0
99.0, -0.000965, 0.001089, -0.012041, 0.707388, -0.706825, 0.0
99.0, -0.000965, 0.001089, -0.012041, 0.707388, -0.706825, 0.0
117.0, -0.001573, 0.001549, -0.010447, 0.707388, -0.706825, 0.0
117.0, -0.001573, 0.001549, -0.010447, 0.707388, -0.706825, 0.0
132.0, -0.002375, 0.001829, -0.009146, 0.707388, -0.706825, 0.0
149.0, -0.003405, 0.002311, -0.007704, 0.707388, -0.706825, 0.0
149.0, -0.003405, 0.002311, -0.007704, 0.707388, -0.706825, 0.0
166.0, -0.004757, 0.003071, -0.005731, 0.707388, -0.706825, 0.0
166.0, -0.004757, 0.003071, -0.005731, 0.707388, -0.706825, 0.0
183.0, -0.006446, 0.004082, -0.003243, 0.707388, -0.706825, 0.0
199.0, -0.008484, 0.005455, -0.000728, 0.707388, -0.706825, 0.0
199.0, -0.008484, 0.005455, -0.000728, 0.707388, -0.706825, 0.0
217.0, -0.010373, 0.006846, -0.000727, 0.707388, -0.706825, 0.0
217.0, -0.010373, 0.006846, -0.000727, 0.707388, -0.706825, 0.0
233.0, -0.012877, 0.009095, 0.000338, 0.707388, -0.706825, 0.0
250.0, -0.015813, 0.0118, 0.001379, 0.707388, -0.706825, 0.0
250.0, -0.015813, 0.0118, 0.001379, 0.707388, -0.706825, 0.0
266.0, -0.019086, 0.01489, 0.002314, 0.707388, -0.706825, 0.0
266.0, -0.019086, 0.01489, 0.002314, 0.707388, -0.706825, 0.0
282.0, -0.022712, 0.018344, 0.003152, 0.707388, -0.706825, 0.0
299.0, -0.02669, 0.022146, 0.003948, 0.707388, -0.706825, 0.0
299.0, -0.02669, 0.022146, 0.003948, 0.707388, -0.706825, 0.0
317.0, -0.031023, 0.026289, 0.004644, 0.707388, -0.706825, 0.0
317.0, -0.031023, 0.026289, 0.004644, 0.707388, -0.706825, 0.0
333.0, -0.035712, 0.030765, 0.0053, 0.707388, -0.706825, 0.0
349.0, -0.04077, 0.035567, 0.005865, 0.707388, -0.706825, 0.0
349.0, -0.04077, 0.035567, 0.005865, 0.707388, -0.706825, 0.0
366.0, -0.046198, 0.040688, 0.0064, 0.707388, -0.706825, 0.0
366.0, -0.046198, 0.040688, 0.0064, 0.707388, -0.706825, 0.0
383.0, -0.052007, 0.046122, 0.006858, 0.707388, -0.706825, 0.0
400.0, -0.058198, 0.051864, 0.007299, 0.707388, -0.706825, 0.0
400.0, -0.058198, 0.051864, 0.007299, 0.707388, -0.706825, 0.0
418.0, -0.06478, 0.05791, 0.007674, 0.707388, -0.706825, 0.0
418.0, -0.06478, 0.05791, 0.007674, 0.707388, -0.706825, 0.0
433.0, -0.071757, 0.064248, 0.008045, 0.707388, -0.706825, 0.0
450.0, -0.079143, 0.070864, 0.008363, 0.707388, -0.706825, 0.0
450.0, -0.079143, 0.070864, 0.008363, 0.707388, -0.706825, 0.0
467.0, -0.086943, 0.077743, 0.008686, 0.707388, -0.706825, 0.0
467.0, -0.086943, 0.077743, 0.008686, 0.707388, -0.706825, 0.0
483.0, -0.095167, 0.084877, 0.008966, 0.707388, -0.706825, 0.0
500.0, -0.10382, 0.092252, 0.009257, 0.707388, -0.706825, 0.0
500.0, -0.10382, 0.092252, 0.009257, 0.707388, -0.706825, 0.0
517.0, -0.112909, 0.099864, 0.009509, 0.707388, -0.706825, 0.0
517.0, -0.112909, 0.099864, 0.009509, 0.707388, -0.706825, 0.0
532.0, -0.122441, 0.107693, 0.009776, 0.707388, -0.706825, 0.0
549.0, -0.132427, 0.115719, 0.010008, 0.707388, -0.706825, 0.0
549.0, -0.132427, 0.115719, 0.010008, 0.707388, -0.706825, 0.0
566.0, -0.142869, 0.123923, 0.010256, 0.707388, -0.706825, 0.0
566.0, -0.142869, 0.123923, 0.010256, 0.707388, -0.706825, 0.0
583.0, -0.153778, 0.132289, 0.010469, 0.707388, -0.706825, 0.0
599.0, -0.165154, 0.140802, 0.010697, 0.707388, -0.706825, 0.0
599.0, -0.165154, 0.140802, 0.010697, 0.707388, -0.706825, 0.0
618.0, -0.177007, 0.149453, 0.010891, 0.707388, -0.706825, 0.0
618.0, -0.177007, 0.149453, 0.010891, 0.707388, -0.706825, 0.0
633.0, -0.189333, 0.158218, 0.011096, 0.707388, -0.706825, 0.0
649.0, -0.202144, 0.167084, 0.011267, 0.707388, -0.706825, 0.0
650.0, -0.202144, 0.167084, 0.011267, 0.707388, -0.706825, 0.0
666.0, -0.215438, 0.176031, 0.011449, 0.707388, -0.706825, 0.0
666.0, -0.215438, 0.176031, 0.011449, 0.707388, -0.706825, 0.0
683.0, -0.229224, 0.185049, 0.011598, 0.707388, -0.706825, 0.0
701.0, -0.2435, 0.194121, 0.011754, 0.707388, -0.706825, 0.0
701.0, -0.2435, 0.194121, 0.011754, 0.707388, -0.706825, 0.0
717.0, -0.258271, 0.203241, 0.011878, 0.707388, -0.706825, 0.0
717.0, -0.258271, 0.203241, 0.011878, 0.707388, -0.706825, 0.0
732.0, -0.273435, 0.212387, 0.011967, 0.707388, -0.706825, 0.0
749.0, -0.288869, 0.221538, 0.011945, 0.707388, -0.706825, 0.0
749.0, -0.288869, 0.221538, 0.011945, 0.707388, -0.706825, 0.0
766.0, -0.304445, 0.230671, 0.01183, 0.707388, -0.706825, 0.0
766.0, -0.304445, 0.230671, 0.01183, 0.707388, -0.706825, 0.0
783.0, -0.320056, 0.239771, 0.011582, 0.707388, -0.706825, 0.0
799.0, -0.335603, 0.24882, 0.011248, 0.707388, -0.706825, 0.0
799.0, -0.335603, 0.24882, 0.011248, 0.707388, -0.706825, 0.0
817.0, -0.351011, 0.257808, 0.010809, 0.707388, -0.706825, 0.0
817.0, -0.351011, 0.257808, 0.010809, 0.707388, -0.706825, 0.0
833.0, -0.366215, 0.266712, 0.010327, 0.707388, -0.706825, 0.0
850.0, -0.381169, 0.275508, 0.009786, 0.707388, -0.706825, 0.0
850.0, -0.381169, 0.275508, 0.009786, 0.707388, -0.706825, 0.0
867.0, -0.395832, 0.284173, 0.009245, 0.707388, -0.706825, 0.0
867.0, -0.395832, 0.284173, 0.009245, 0.707388, -0.706825, 0.0
883.0, -0.410177, 0.292692, 0.008685, 0.707388, -0.706825, 0.0
900.0, -0.424175, 0.301047, 0.008157, 0.707388, -0.706825, 0.0
900.0, -0.424175, 0.301047, 0.008157, 0.707388, -0.706825, 0.0
917.0, -0.43781, 0.309227, 0.007632, 0.707388, -0.706825, 0.0
917.0, -0.43781, 0.309227, 0.007632, 0.707388, -0.706825, 0.0
932.0, -0.451065, 0.317217, 0.007157, 0.707388, -0.706825, 0.0
950.0, -0.463934, 0.325005, 0.006699, 0.707388, -0.706825, 0.0
950.0, -0.463934, 0.325005, 0.006699, 0.707388, -0.706825, 0.0
966.0, -0.476408, 0.332576, 0.006298, 0.707388, -0.706825, 0.0
966.0, -0.476408, 0.332576, 0.006298, 0.707388, -0.706825, 0.0
982.0, -0.488484, 0.339922, 0.005914, 0.707388, -0.706825, 0.0
999.0, -0.500155, 0.347032, 0.005586, 0.707388, -0.706825, 0.0
999.0, -0.500155, 0.347032, 0.005586, 0.707388, -0.706825, 0.0
1017.0, -0.511426, 0.353903, 0.00527, 0.707388, -0.706825, 0.0
1017.0, -0.511426, 0.353903, 0.00527, 0.707388, -0.706825, 0.0
1032.0, -0.522282, 0.360524, 0.005002, 0.707388, -0.706825, 0.0
1050.0, -0.532728, 0.366895, 0.00474, 0.707388, -0.706825, 0.0
1050.0, -0.532728, 0.366895, 0.00474, 0.707388, -0.706825, 0.0
1067.0, -0.54276, 0.373012, 0.004517, 0.707388, -0.706825, 0.0
1067.0, -0.54276, 0.373012, 0.004517, 0.707388, -0.706825, 0.0
1082.0, -0.552377, 0.378874, 0.004293, 0.707388, -0.706825, 0.0
1099.0, -0.561576, 0.384478, 0.004101, 0.707388, -0.706825, 0.0
1099.0, -0.561576, 0.384478, 0.004101, 0.707388, -0.706825, 0.0
1117.0, -0.570359, 0.389823, 0.003902, 0.707388, -0.706825, 0.0
1117.0, -0.570359, 0.389823, 0.003902, 0.707388, -0.706825, 0.0
1132.0, -0.578719, 0.394911, 0.003729, 0.707388, -0.706825, 0.0
1149.0, -0.586657, 0.399747, 0.003543, 0.707388, -0.706825, 0.0
1149.0, -0.586657, 0.399747, 0.003543, 0.707388, -0.706825, 0.0
1166.0, -0.594165, 0.404334, 0.00338, 0.707388, -0.706825, 0.0
1166.0, -0.594165, 0.404334, 0.00338, 0.707388, -0.706825, 0.0
1182.0, -0.601244, 0.408675, 0.003199, 0.707388, -0.706825, 0.0
1199.0, -0.607888, 0.412773, 0.003039, 0.707388, -0.706825, 0.0
1199.0, -0.607888, 0.412773, 0.003039, 0.707388, -0.706825, 0.0
1217.0, -0.614099, 0.416632, 0.002861, 0.707388, -0.706825, 0.0
1217.0, -0.614099, 0.416632, 0.002861, 0.707388, -0.706825, 0.0
1232.0, -0.61987, 0.420258, 0.002702, 0.707388, -0.706825, 0.0
1250.0, -0.6252, 0.423659, 0.002524, 0.707388, -0.706825, 0.0
1250.0, -0.6252, 0.423659, 0.002524, 0.707388, -0.706825, 0.0
1267.0, -0.630081, 0.426844, 0.002363, 0.707388, -0.706825, 0.0
1267.0, -0.630081, 0.426844, 0.002363, 0.707388, -0.706825, 0.0
1283.0, -0.634514, 0.429817, 0.002181, 0.707388, -0.706825, 0.0
1300.0, -0.638491, 0.432586, 0.002017, 0.707388, -0.706825, 0.0
1300.0, -0.638491, 0.432586, 0.002017, 0.707388, -0.706825, 0.0
1317.0, -0.642018, 0.435152, 0.00183, 0.707388, -0.706825, 0.0
1317.0, -0.642018, 0.435152, 0.00183, 0.707388, -0.706825, 0.0
1332.0, -0.645084, 0.437527, 0.00166, 0.707388, -0.706825, 0.0
1349.0, -0.647696, 0.439714, 0.001463, 0.707388, -0.706825, 0.0
1349.0, -0.647696, 0.439714, 0.001463, 0.707388, -0.706825, 0.0
1366.0, -0.649845, 0.441725, 0.001277, 0.707388, -0.706825, 0.0
1366.0, -0.649845, 0.441725, 0.001277, 0.707388, -0.706825, 0.0
1382.0, -0.651546, 0.44356, 0.001059, 0.707388, -0.706825, 0.0
1399.0, -0.65279, 0.445229, 0.000837, 0.707388, -0.706825, 0.0
1399.0, -0.65279, 0.445229, 0.000837, 0.707388, -0.706825, 0.0
1416.0, -0.653607, 0.446729, 0.000584, 0.707388, -0.706825, 0.0
1416.0, -0.653607, 0.446729, 0.000584, 0.707388, -0.706825, 0.0
1432.0, -0.653991, 0.448075, 0.000307, 0.707388, -0.706825, 0.0
1449.0, -0.653987, 0.449294, 0.000022, 0.707388, -0.706825, 0.0
1449.0, -0.653987, 0.449294, 0.000022, 0.707388, -0.706825, 0.0
1466.0, -0.653574, 0.450407, -0.000257, 0.707388, -0.706825, 0.0
1466.0, -0.653574, 0.450407, -0.000257, 0.707388, -0.706825, 0.0
1482.0, -0.652743, 0.451467, -0.000579, 0.707388, -0.706825, 0.0
1500.0, -0.651453, 0.452468, -0.000895, 0.707388, -0.706825, 0.0
1500.0, -0.651453, 0.452468, -0.000895, 0.707388, -0.706825, 0.0
1517.0, -0.649665, 0.453417, -0.001295, 0.707388, -0.706825, 0.0
1517.0, -0.649665, 0.453417, -0.001295, 0.707388, -0.706825, 0.0
1532.0, -0.647365, 0.454288, -0.001701, 0.707388, -0.706825, 0.0
1550.0, -0.644531, 0.455069, -0.00218, 0.707388, -0.706825, 0.0
1550.0, -0.644531, 0.455069, -0.00218, 0.707388, -0.706825, 0.0
1567.0, -0.641171, 0.455739, -0.002646, 0.707388, -0.706825, 0.0
1567.0, -0.641171, 0.455739, -0.002646, 0.707388, -0.706825, 0.0
1582.0, -0.637275, 0.45629, -0.00315, 0.707388, -0.706825, 0.0
1599.0, -0.632859, 0.456712, -0.003616, 0.707388, -0.706825, 0.0
1599.0, -0.632859, 0.456712, -0.003616, 0.707388, -0.706825, 0.0
1616.0, -0.627915, 0.457001, -0.004089, 0.707388, -0.706825, 0.0
1616.0, -0.627915, 0.457001, -0.004089, 0.707388, -0.706825, 0.0
1632.0, -0.622556, 0.457187, -0.004468, 0.707388, -0.706825, 0.0
1649.0, -0.616897, 0.45731, -0.004759, 0.707388, -0.706825, 0.0
1649.0, -0.616897, 0.45731, -0.004759, 0.707388, -0.706825, 0.0
1665.0, -0.611073, 0.45741, -0.00489, 0.707388, -0.706825, 0.0
1665.0, -0.611073, 0.45741, -0.00489, 0.707388, -0.706825, 0.0
1683.0, -0.605183, 0.457525, -0.004904, 0.707388, -0.706825, 0.0
1700.0, -0.599332, 0.457687, -0.004758, 0.707388, -0.706825, 0.0
1700.0, -0.599332, 0.457687, -0.004758, 0.707388, -0.706825, 0.0
1718.0, -0.59359, 0.457924, -0.004522, 0.707388, -0.706825, 0.0
1718.0, -0.59359, 0.457924, -0.004522, 0.707388, -0.706825, 0.0
1733.0, -0.588029, 0.458259, -0.004161, 0.707388, -0.706825, 0.0
1751.0, -0.582691, 0.458717, -0.003758, 0.707388, -0.706825, 0.0
1751.0, -0.582691, 0.458717, -0.003758, 0.707388, -0.706825, 0.0
1766.0, -0.577628, 0.459314, -0.003268, 0.707388, -0.706825, 0.0
1767.0, -0.577628, 0.459314, -0.003268, 0.707388, -0.706825, 0.0
1783.0, -0.572861, 0.460067, -0.002779, 0.707388, -0.706825, 0.0
1799.0, -0.568425, 0.460984, -0.002232, 0.707388, -0.706825, 0.0
1799.0, -0.568425, 0.460984, -0.002232, 0.707388, -0.706825, 0.0
1817.0, -0.564332, 0.462082, -0.001714, 0.707388, -0.706825, 0.0
1817.0, -0.564332, 0.462082, -0.001714, 0.707388, -0.706825, 0.0
1832.0, -0.560606, 0.463356, -0.001149, 0.707388, -0.706825, 0.0
1849.0, -0.557254, 0.464818, -0.000627, 0.707388, -0.706825, 0.0
1849.0, -0.557254, 0.464818, -0.000627, 0.707388, -0.706825, 0.0
1866.0, -0.55429, 0.466453, -0.000064, 0.707388, -0.706825, 0.0
1866.0, -0.55429, 0.466453, -0.000064, 0.707388, -0.706825, 0.0
1882.0, -0.551719, 0.468279, 0.000455, 0.707388, -0.706825, 0.0
1900.0, -0.549542, 0.470279, 0.001001, 0.707388, -0.706825, 0.0
1900.0, -0.549542, 0.470279, 0.001001, 0.707388, -0.706825, 0.0
1918.0, -0.547768, 0.472476, 0.001505, 0.707388, -0.706825, 0.0
1918.0, -0.547768, 0.472476, 0.001505, 0.707388, -0.706825, 0.0
1933.0, -0.546388, 0.474849, 0.002008, 0.707388, -0.706825, 0.0
1949.0, -0.545426, 0.477413, 0.002466, 0.707388, -0.706825, 0.0
1949.0, -0.545426, 0.477413, 0.002466, 0.707388, -0.706825, 0.0
1967.0, -0.544871, 0.480156, 0.002906, 0.707388, -0.706825, 0.0
1967.0, -0.544871, 0.480156, 0.002906, 0.707388, -0.706825, 0.0
1983.0, -0.544755, 0.483086, 0.003298, 0.707388, -0.706825, 0.0
2000.0, -0.545071, 0.4862, 0.003691, 0.707388, -0.706825, 0.0
2000.0, -0.545071, 0.4862, 0.003691, 0.707388, -0.706825, 0.0
2016.0, -0.54585, 0.489495, 0.004045, 0.707388, -0.706825, 0.0
2016.0, -0.54585, 0.489495, 0.004045, 0.707388, -0.706825, 0.0
2032.0, -0.547091, 0.492959, 0.00443, 0.707388, -0.706825, 0.0
2049.0, -0.548821, 0.496574, 0.004798, 0.707388, -0.706825, 0.0
2049.0, -0.548821, 0.496574, 0.004798, 0.707388, -0.706825, 0.0
2066.0, -0.551036, 0.500324, 0.005206, 0.707388, -0.706825, 0.0
2066.0, -0.551036, 0.500324, 0.005206, 0.707388, -0.706825, 0.0
2082.0, -0.553755, 0.50419, 0.005594, 0.707388, -0.706825, 0.0
