0.0, 0.0, 0.0, 0.002231, 4.244329, -4.240951, 0.0
0.0, 0.0, 0.0, 0.002231, 4.244329, -4.240951, 0.0
14.0, -0.000118, -0.000237, -0.004069, 4.244329, -4.240951, 0.0
14.0, -0.000118, -0.000237, -0.004069, 4.244329, -4.240951, 0.0
30.0, -0.00038, -0.000276, -0.009476, 4.244329, -4.240951, 0.0
47.0, -0.000794, -0.000017, -0.012086, 4.244329, -4.240951, 0.0
47.0, -0.000794, -0.000017, -0.012086, 4.244329, -4.240951, 0.0
64.0, -0.001391, 0.000477, -0.013026, 4.244329, -4.240951, 0.0
64.0, -0.001391, 0.000477, -0.013026, 4.244329, -4.240951, 0.0
79.0, -0.002197, 0.001117, -0.012748, 4.244329, -4.240951, 0.0
96.0, -0.003238, 0.001814, -0.011625, 4.244329, -4.240951, 0.0
96.0, -0.003238, 0.001814, -0.011625, 4.244329, -4.240951, 0.0
114.0, -0.004536, 0.002483, -0.009957, 4.244329, -4.240951, 0.0
114.0, -0.004536, 0.002483, -0.009957, 4.244329, -4.240951, 0.0
130.0, -0.005963, 0.002941, -0.008023, 4.244515, -4.007616, 0.0
147.0, -0.007707, 0.003672, -0.006019, 4.244515, -4.007616, 0.0
147.0, -0.007707, 0.003672, -0.006019, 4.244515, -4.007616, 0.0
164.0, -0.009854, 0.004701, -0.003685, 4.244515, -4.007616, 0.0
164.0, -0.009854, 0.004701, -0.003685, 4.244515, -4.007616, 0.0
179.0, -0.012389, 0.00599, -0.000972, 4.244515, -4.007616, 0.0
196.0, -0.015318, 0.007638, 0.001682, 4.244515, -4.007616, 0.0
196.0, -0.015318, 0.007638, 0.001682, 4.244515, -4.007616, 0.0
214.0, -0.018049, 0.009385, 0.001361, 4.244515, -4.007616, 0.0
214.0, -0.018049, 0.009385, 0.001361, 4.244515, -4.007616, 0.0
230.0, -0.021528, 0.011915, 0.002006, 4.244515, -4.007616, 0.0
247.0, -0.025426, 0.014893, 0.002811, 4.244515, -4.007616, 0.0
247.0, -0.025426, 0.014893, 0.002811, 4.244515, -4.007616, 0.0
264.0, -0.029675, 0.018257, 0.003548, 4.244515, -4.007616, 0.0
264.0, -0.029675, 0.018257, 0.003548, 4.244515, -4.007616, 0.0
279.0, -0.034279, 0.021992, 0.004261, 4.244515, -4.007616, 0.0
297.0, -0.039219, 0.026077, 0.004886, 4.244515, -4.007616, 0.0
297.0, -0.039219, 0.026077, 0.004886, 4.244515, -4.007616, 0.0
313.0, -0.044498, 0.030513, 0.005437, 4.244515, -4.007616, 0.0
313.0, -0.044498, 0.030513, 0.005437, 4.244515, -4.007616, 0.0
329.0, -0.050117, 0.035302, 0.005921, 4.244515, -4.007616, 0.0
347.0, -0.056075, 0.040448, 0.006349, 4.244515, -4.007616, 0.0
347.0, -0.056075, 0.040448, 0.006349, 4.244515, -4.007616, 0.0
364.0, -0.062369, 0.045955, 0.006727, 4.244515, -4.007616, 0.0
364.0, -0.062369, 0.045955, 0.006727, 4.244515, -4.007616, 0.0
379.0, -0.069003, 0.051824, 0.007066, 4.244914, -3.507611, 0.0
396.0, -0.075977, 0.058055, 0.007372, 4.244914, -3.507611, 0.0
396.0, -0.075977, 0.058055, 0.007372, 4.244914, -3.507611, 0.0
413.0, -0.083291, 0.064646, 0.007652, 4.244914, -3.507611, 0.0
413.0, -0.083291, 0.064646, 0.007652, 4.244914, -3.507611, 0.0
429.0, -0.090948, 0.071595, 0.007913, 4.244914, -3.507611, 0.0
446.0, -0.098948, 0.078903, 0.008158, 4.244914, -3.507611, 0.0
446.0, -0.098948, 0.078903, 0.008158, 4.244914, -3.507611, 0.0
464.0, -0.107292, 0.086569, 0.008393, 4.244914, -3.507611, 0.0
464.0, -0.107292, 0.086569, 0.008393, 4.244914, -3.507611, 0.0
479.0, -0.115985, 0.094589, 0.008622, 4.244914, -3.507611, 0.0
499.0, -0.125031, 0.102959, 0.008847, 4.244914, -3.507611, 0.0
499.0, -0.125031, 0.102959, 0.008847, 4.244914, -3.507611, 0.0
513.0, -0.134433, 0.111675, 0.009071, 4.244914, -3.507611, 0.0
513.0, -0.134433, 0.111675, 0.009071, 4.244914, -3.507611, 0.0
529.0, -0.144197, 0.120735, 0.009295, 4.244914, -3.507611, 0.0
546.0, -0.154324, 0.130135, 0.00952, 4.244914, -3.507611, 0.0
546.0, -0.154324, 0.130135, 0.00952, 4.244914, -3.507611, 0.0
564.0, -0.164818, 0.139872, 0.009745, 4.244914, -3.507611, 0.0
564.0, -0.164818, 0.139872, 0.009745, 4.244914, -3.507611, 0.0
580.0, -0.17568, 0.149937, 0.009971, 4.244914, -3.507611, 0.0
597.0, -0.186917, 0.160325, 0.010198, 4.244914, -3.507611, 0.0
597.0, -0.186917, 0.160325, 0.010198, 4.244914, -3.507611, 0.0
613.0, -0.198538, 0.171033, 0.010429, 4.244914, -3.507611, 0.0
613.0, -0.198538, 0.171033, 0.010429, 4.244914, -3.507611, 0.0
630.0, -0.210547, 0.182053, 0.010662, 4.245312, -3.007607, 0.0
647.0, -0.222948, 0.193383, 0.010896, 4.245312, -3.007607, 0.0
647.0, -0.222948, 0.193383, 0.010896, 4.245312, -3.007607, 0.0
664.0, -0.235745, 0.205018, 0.011131, 4.245312, -3.007607, 0.0
664.0, -0.235745, 0.205018, 0.011131, 4.245312, -3.007607, 0.0
679.0, -0.248948, 0.216954, 0.011367, 4.245312, -3.007607, 0.0
696.0, -0.262561, 0.229179, 0.011603, 4.245312, -3.007607, 0.0
696.0, -0.262561, 0.229179, 0.011603, 4.245312, -3.007607, 0.0
713.0, -0.276587, 0.241683, 0.011837, 4.245312, -3.007607, 0.0
713.0, -0.276587, 0.241683, 0.011837, 4.245312, -3.007607, 0.0
729.0, -0.291031, 0.254457, 0.012069, 4.245312, -3.007607, 0.0
746.0, -0.305897, 0.267495, 0.012298, 4.245312, -3.007607, 0.0
746.0, -0.305897, 0.267495, 0.012298, 4.245312, -3.007607, 0.0
764.0, -0.321188, 0.280792, 0.012522, 4.245312, -3.007607, 0.0
764.0, -0.321188, 0.280792, 0.012522, 4.245312, -3.007607, 0.0
779.0, -0.336904, 0.294333, 0.012741, 4.245312, -3.007607, 0.0
796.0, -0.353055, 0.30811, 0.012956, 4.245312, -3.007607, 0.0
796.0, -0.353055, 0.30811, 0.012956, 4.245312, -3.007607, 0.0
813.0, -0.369647, 0.322118, 0.013168, 4.245312, -3.007607, 0.0
813.0, -0.369647, 0.322118, 0.013168, 4.245312, -3.007607, 0.0
829.0, -0.386686, 0.336347, 0.013376, 4.245312, -3.007607, 0.0
846.0, -0.404175, 0.350791, 0.013581, 4.245312, -3.007607, 0.0
846.0, -0.404175, 0.350791, 0.013581, 4.245312, -3.007607, 0.0
864.0, -0.422117, 0.365445, 0.01378, 4.245312, -3.007607, 0.0
864.0, -0.422117, 0.365445, 0.01378, 4.245312, -3.007607, 0.0
879.0, -0.440524, 0.380305, 0.013977, 4.24571, -2.507602, 0.0
896.0, -0.459394, 0.395357, 0.014168, 4.24571, -2.507602, 0.0
896.0, -0.459394, 0.395357, 0.014168, 4.24571, -2.507602, 0.0
913.0, -0.47873, 0.410589, 0.014352, 4.24571, -2.507602, 0.0
913.0, -0.47873, 0.410589, 0.014352, 4.24571, -2.507602, 0.0
930.0, -0.498533, 0.425993, 0.014528, 4.24571, -2.507602, 0.0
946.0, -0.518805, 0.441563, 0.014696, 4.24571, -2.507602, 0.0
946.0, -0.518805, 0.441563, 0.014696, 4.24571, -2.507602, 0.0
967.0, -0.53955, 0.457292, 0.014857, 4.24571, -2.507602, 0.0
967.0, -0.53955, 0.457292, 0.014857, 4.24571, -2.507602, 0.0
979.0, -0.560761, 0.473165, 0.015008, 4.24571, -2.507602, 0.0
996.0, -0.582448, 0.489177, 0.015153, 4.24571, -2.507602, 0.0
996.0, -0.582448, 0.489177, 0.015153, 4.24571, -2.507602, 0.0
1014.0, -0.604615, 0.50532, 0.015293, 4.24571, -2.507602, 0.0
1014.0, -0.604615, 0.50532, 0.015293, 4.24571, -2.507602, 0.0
1030.0, -0.627266, 0.521588, 0.015427, 4.24571, -2.507602, 0.0
1047.0, -0.650403, 0.537975, 0.015557, 4.24571, -2.507602, 0.0
1047.0, -0.650403, 0.537975, 0.015557, 4.24571, -2.507602, 0.0
1065.0, -0.674027, 0.554473, 0.01568, 4.24571, -2.507602, 0.0
1065.0, -0.674027, 0.554473, 0.01568, 4.24571, -2.507602, 0.0
1080.0, -0.698048, 0.571071, 0.01576, 4.24571, -2.507602, 0.0
1097.0, -0.722335, 0.587737, 0.015752, 4.24571, -2.507602, 0.0
1097.0, -0.722335, 0.587737, 0.015752, 4.24571, -2.507602, 0.0
1115.0, -0.746759, 0.604446, 0.015636, 4.24571, -2.507602, 0.0
1115.0, -0.746759, 0.604446, 0.015636, 4.24571, -2.507602, 0.0
1129.0, -0.77121, 0.621175, 0.015408, 4.246108, -2.007597, 0.0
1147.0, -0.795593, 0.637905, 0.015078, 4.246108, -2.007597, 0.0
1147.0, -0.795593, 0.637905, 0.015078, 4.246108, -2.007597, 0.0
1166.0, -0.819829, 0.654621, 0.014665, 4.246108, -2.007597, 0.0
1166.0, -0.819829, 0.654621, 0.014665, 4.246108, -2.007597, 0.0
1180.0, -0.843853, 0.671315, 0.01419, 4.246108, -2.007597, 0.0
1198.0, -0.867622, 0.687992, 0.013675, 4.246108, -2.007597, 0.0
1198.0, -0.867622, 0.687992, 0.013675, 4.246108, -2.007597, 0.0
1213.0, -0.891069, 0.704631, 0.013142, 4.246108, -2.007597, 0.0
1213.0, -0.891069, 0.704631, 0.013142, 4.246108, -2.007597, 0.0
1229.0, -0.914168, 0.721242, 0.012609, 4.246108, -2.007597, 0.0
1247.0, -0.936891, 0.737823, 0.012091, 4.246108, -2.007597, 0.0
1247.0, -0.936891, 0.737823, 0.012091, 4.246108, -2.007597, 0.0
1264.0, -0.959213, 0.754378, 0.011599, 4.246108, -2.007597, 0.0
1264.0, -0.959213, 0.754378, 0.011599, 4.246108, -2.007597, 0.0
1280.0, -0.981109, 0.770904, 0.011138, 4.246108, -2.007597, 0.0
1297.0, -1.002564, 0.787405, 0.010716, 4.246108, -2.007597, 0.0
1297.0, -1.002564, 0.787405, 0.010716, 4.246108, -2.007597, 0.0
1314.0, -1.02357, 0.803889, 0.010338, 4.246108, -2.007597, 0.0
1314.0, -1.02357, 0.803889, 0.010338, 4.246108, -2.007597, 0.0
1330.0, -1.044118, 0.820359, 0.010004, 4.246108, -2.007597, 0.0
1346.0, -1.064199, 0.836819, 0.009711, 4.246108, -2.007597, 0.0
1346.0, -1.064199, 0.836819, 0.009711, 4.246108, -2.007597, 0.0
1365.0, -1.083807, 0.853271, 0.009458, 4.246108, -2.007597, 0.0
1365.0, -1.083807, 0.853271, 0.009458, 4.246108, -2.007597, 0.0
1379.0, -1.102943, 0.869724, 0.009243, 4.246506, -1.507571, 0.0
1396.0, -1.121597, 0.886174, 0.00906, 4.246506, -1.507571, 0.0
1396.0, -1.121597, 0.886174, 0.00906, 4.246506, -1.507571, 0.0
1413.0, -1.139765, 0.902623, 0.008902, 4.246506, -1.507571, 0.0
1413.0, -1.139765, 0.902623, 0.008902, 4.246506, -1.507571, 0.0
1429.0, -1.157442, 0.91907, 0.008768, 4.246506, -1.507571, 0.0
1451.0, -1.174627, 0.935517, 0.008652, 4.246506, -1.507571, 0.0
1451.0, -1.174627, 0.935517, 0.008652, 4.246506, -1.507571, 0.0
1464.0, -1.191316, 0.951963, 0.008552, 4.246506, -1.507571, 0.0
1464.0, -1.191316, 0.951963, 0.008552, 4.246506, -1.507571, 0.0
1480.0, -1.207505, 0.968404, 0.008462, 4.246506, -1.507571, 0.0
1497.0, -1.223195, 0.984845, 0.008383, 4.246506, -1.507571, 0.0
1497.0, -1.223195, 0.984845, 0.008383, 4.246506, -1.507571, 0.0
1514.0, -1.238389, 1.001289, 0.008313, 4.246506, -1.507571, 0.0
1514.0, -1.238389, 1.001289, 0.008313, 4.246506, -1.507571, 0.0
1530.0, -1.253086, 1.017736, 0.00825, 4.246506, -1.507571, 0.0
1549.0, -1.267305, 1.034209, 0.008193, 4.246506, -1.507571, 0.0
1549.0, -1.267305, 1.034209, 0.008193, 4.246506, -1.507571, 0.0
1564.0, -1.281009, 1.050665, 0.008138, 4.246506, -1.507571, 0.0
1564.0, -1.281009, 1.050665, 0.008138, 4.246506, -1.507571, 0.0
1580.0, -1.294215, 1.067126, 0.008086, 4.246506, -1.507571, 0.0
1597.0, -1.306925, 1.083591, 0.008034, 4.246506, -1.507571, 0.0
1597.0, -1.306925, 1.083591, 0.008034, 4.246506, -1.507571, 0.0
1614.0, -1.319137, 1.10006, 0.007982, 4.246506, -1.507571, 0.0
1614.0, -1.319137, 1.10006, 0.007982, 4.246506, -1.507571, 0.0
1630.0, -1.330851, 1.116534, 0.00793, 4.246904, -1.007523, 0.0
1647.0, -1.342068, 1.133011, 0.007876, 4.246904, -1.007523, 0.0
1647.0, -1.342068, 1.133011, 0.007876, 4.246904, -1.007523, 0.0
1664.0, -1.352788, 1.149493, 0.00782, 4.246904, -1.007523, 0.0
1664.0, -1.352788, 1.149493, 0.00782, 4.246904, -1.007523, 0.0
1680.0, -1.363013, 1.165985, 0.007764, 4.246904, -1.007523, 0.0
1697.0, -1.372742, 1.182483, 0.007707, 4.246904, -1.007523, 0.0
1697.0, -1.372742, 1.182483, 0.007707, 4.246904, -1.007523, 0.0
1715.0, -1.381972, 1.198983, 0.007647, 4.246904, -1.007523, 0.0
1715.0, -1.381972, 1.198983, 0.007647, 4.246904, -1.007523, 0.0
1730.0, -1.390704, 1.215485, 0.007585, 4.246904, -1.007523, 0.0
1748.0, -1.398938, 1.231989, 0.007522, 4.246904, -1.007523, 0.0
1748.0, -1.398938, 1.231989, 0.007522, 4.246904, -1.007523, 0.0
1765.0, -1.406673, 1.248494, 0.007457, 4.246904, -1.007523, 0.0
1765.0, -1.406673, 1.248494, 0.007457, 4.246904, -1.007523, 0.0
1780.0, -1.41391, 1.265001, 0.007391, 4.246904, -1.007523, 0.0
1797.0, -1.420648, 1.281508, 0.007326, 4.246904, -1.007523, 0.0
1797.0, -1.420648, 1.281508, 0.007326, 4.246904, -1.007523, 0.0
1815.0, -1.426888, 1.298015, 0.007261, 4.246904, -1.007523, 0.0
1816.0, -1.426888, 1.298015, 0.007261, 4.246904, -1.007523, 0.0
1830.0, -1.43263, 1.314522, 0.007197, 4.246904, -1.007523, 0.0
1846.0, -1.437873, 1.331028, 0.007134, 4.246904, -1.007523, 0.0
1846.0, -1.437873, 1.331028, 0.007134, 4.246904, -1.007523, 0.0
1864.0, -1.442619, 1.347534, 0.007074, 4.246904, -1.007523, 0.0
1864.0, -1.442619, 1.347534, 0.007074, 4.246904, -1.007523, 0.0
1880.0, -1.446864, 1.364031, 0.007016, 4.247303, -0.507519, 0.0
1897.0, -1.450612, 1.380525, 0.006961, 4.247303, -0.507519, 0.0
1897.0, -1.450612, 1.380525, 0.006961, 4.247303, -0.507519, 0.0
1913.0, -1.453861, 1.397015, 0.00691, 4.247303, -0.507519, 0.0
1913.0, -1.453861, 1.397015, 0.00691, 4.247303, -0.507519, 0.0
1929.0, -1.456612, 1.413502, 0.006863, 4.247303, -0.507519, 0.0
1946.0, -1.458864, 1.429986, 0.006821, 4.247303, -0.507519, 0.0
1946.0, -1.458864, 1.429986, 0.006821, 4.247303, -0.507519, 0.0
1964.0, -1.460619, 1.446465, 0.006784, 4.247303, -0.507519, 0.0
1964.0, -1.460619, 1.446465, 0.006784, 4.247303, -0.507519, 0.0
1979.0, -1.461876, 1.462946, 0.006752, 4.247303, -0.507519, 0.0
1998.0, -1.462633, 1.479422, 0.006726, 4.247303, -0.507519, 0.0
1998.0, -1.462633, 1.479422, 0.006726, 4.247303, -0.507519, 0.0
2014.0, -1.462892, 1.495889, 0.006705, 4.247303, -0.507519, 0.0
2014.0, -1.462892, 1.495889, 0.006705, 4.247303, -0.507519, 0.0
2030.0, -1.462651, 1.512347, 0.006689, 4.247303, -0.507519, 0.0
2047.0, -1.46191, 1.528793, 0.006678, 4.247303, -0.507519, 0.0
2047.0, -1.46191, 1.528793, 0.006678, 4.247303, -0.507519, 0.0
2065.0, -1.46067, 1.545228, 0.006672, 4.247303, -0.507519, 0.0
2065.0, -1.46067, 1.545228, 0.006672, 4.247303, -0.507519, 0.0
2079.0, -1.458931, 1.561642, 0.00667, 4.247303, -0.507519, 0.0
2097.0, -1.456692, 1.578039, 0.006674, 4.247303, -0.507519, 0.0
2097.0, -1.456692, 1.578039, 0.006674, 4.247303, -0.507519, 0.0
2113.0, -1.453953, 1.594421, 0.00668, 4.247303, -0.507519, 0.0
2113.0, -1.453953, 1.594421, 0.00668, 4.247303, -0.507519, 0.0
2130.0, -1.450714, 1.610785, 0.006691, 4.247701, -0.007514, 0.0
2147.0, -1.446974, 1.627131, 0.006703, 4.247701, -0.007514, 0.0
2147.0, -1.446974, 1.627131, 0.006703, 4.247701, -0.007514, 0.0
2163.0, -1.442735, 1.643459, 0.006718, 4.247701, -0.007514, 0.0
2163.0, -1.442735, 1.643459, 0.006718, 4.247701, -0.007514, 0.0
2179.0, -1.437992, 1.659773, 0.006733, 4.247701, -0.007514, 0.0
2196.0, -1.432749, 1.676065, 0.006749, 4.247701, -0.007514, 0.0
2196.0, -1.432749, 1.676065, 0.006749, 4.247701, -0.007514, 0.0
2214.0, -1.427005, 1.692333, 0.006765, 4.247701, -0.007514, 0.0
2214.0, -1.427005, 1.692333, 0.006765, 4.247701, -0.007514, 0.0
2229.0, -1.42076, 1.708574, 0.006781, 4.247701, -0.007514, 0.0
2246.0, -1.414015, 1.724786, 0.006795, 4.247701, -0.007514, 0.0
2246.0, -1.414015, 1.724786, 0.006795, 4.247701, -0.007514, 0.0
2265.0, -1.406769, 1.740969, 0.006807, 4.247701, -0.007514, 0.0
2265.0, -1.406769, 1.740969, 0.006807, 4.247701, -0.007514, 0.0
2279.0, -1.399024, 1.75712, 0.006817, 4.247701, -0.007514, 0.0
2296.0, -1.390777, 1.773237, 0.006823, 4.247701, -0.007514, 0.0
2296.0, -1.390777, 1.773237, 0.006823, 4.247701, -0.007514, 0.0
2313.0, -1.382031, 1.78932, 0.006826, 4.247701, -0.007514, 0.0
2313.0, -1.382031, 1.78932, 0.006826, 4.247701, -0.007514, 0.0
2331.0, -1.372785, 1.805365, 0.006825, 4.247701, -0.007514, 0.0
2346.0, -1.363039, 1.821373, 0.00682, 4.247701, -0.007514, 0.0
2347.0, -1.363039, 1.821373, 0.00682, 4.247701, -0.007514, 0.0
2365.0, -1.352792, 1.837341, 0.006811, 4.247701, -0.007514, 0.0
2365.0, -1.352792, 1.837341, 0.006811, 4.247701, -0.007514, 0.0
2380.0, -1.342051, 1.853262, 0.006799, 4.248099, 0.49249, 0.0
2396.0, -1.330811, 1.869139, 0.006782, 4.248099, 0.49249, 0.0
2396.0, -1.330811, 1.869139, 0.006782, 4.248099, 0.49249, 0.0
2415.0, -1.319072, 1.88497, 0.00676, 4.248099, 0.49249, 0.0
2415.0, -1.319072, 1.88497, 0.00676, 4.248099, 0.49249, 0.0
2430.0, -1.306833, 1.900757, 0.006732, 4.248099, 0.49249, 0.0
2446.0, -1.294095, 1.916496, 0.0067, 4.248099, 0.49249, 0.0
2446.0, -1.294095, 1.916496, 0.0067, 4.248099, 0.49249, 0.0
2464.0, -1.280857, 1.932188, 0.006664, 4.248099, 0.49249, 0.0
2464.0, -1.280857, 1.932188, 0.006664, 4.248099, 0.49249, 0.0
2479.0, -1.267115, 1.947836, 0.006621, 4.248099, 0.49249, 0.0
2503.0, -1.252826, 1.963484, 0.006575, 4.248099, 0.49249, 0.0
2503.0, -1.252826, 1.963484, 0.006575, 4.248099, 0.49249, 0.0
2515.0, -1.236795, 1.980387, 0.006532, 4.248099, 0.49249, 0.0
2515.0, -1.236795, 1.980387, 0.006532, 4.248099, 0.49249, 0.0
2531.0, -1.221527, 1.995865, 0.006464, 4.248099, 0.49249, 0.0
2548.0, -1.205742, 2.011289, 0.006393, 4.248099, 0.49249, 0.0
2548.0, -1.205742, 2.011289, 0.006393, 4.248099, 0.49249, 0.0
2565.0, -1.189454, 2.026656, 0.006323, 4.248099, 0.49249, 0.0
2565.0, -1.189454, 2.026656, 0.006323, 4.248099, 0.49249, 0.0
2581.0, -1.172836, 2.04181, 0.006321, 4.248099, 0.49249, 0.0
2598.0, -1.155772, 2.056859, 0.006315, 4.248099, 0.49249, 0.0
2598.0, -1.155772, 2.056859, 0.006315, 4.248099, 0.49249, 0.0
2615.0, -1.138214, 2.071847, 0.006283, 4.248099, 0.49249, 0.0
2615.0, -1.138214, 2.071847, 0.006283, 4.248099, 0.49249, 0.0
2633.0, -1.120144, 2.08679, 0.006225, 4.248499, 0.995558, 0.0
2648.0, -1.101557, 2.10169, 0.006148, 4.248499, 0.995558, 0.0
2648.0, -1.101557, 2.10169, 0.006148, 4.248499, 0.995558, 0.0
2665.0, -1.082454, 2.116545, 0.006058, 4.248499, 0.995558, 0.0
2665.0, -1.082454, 2.116545, 0.006058, 4.248499, 0.995558, 0.0
2681.0, -1.062638, 2.131502, 0.005884, 4.248499, 0.995558, 0.0
2698.0, -1.042252, 2.146446, 0.005716, 4.248499, 0.995558, 0.0
2698.0, -1.042252, 2.146446, 0.005716, 4.248499, 0.995558, 0.0
2714.0, -1.021356, 2.161329, 0.005581, 4.248499, 0.995558, 0.0
2714.0, -1.021356, 2.161329, 0.005581, 4.248499, 0.995558, 0.0
2731.0, -0.999976, 2.176128, 0.005479, 4.248499, 0.995558, 0.0
2747.0, -0.978118, 2.190837, 0.005403, 4.248499, 0.995558, 0.0
2747.0, -0.978118, 2.190837, 0.005403, 4.248499, 0.995558, 0.0
2766.0, -0.955785, 2.205452, 0.005344, 4.248499, 0.995558, 0.0
2766.0, -0.955785, 2.205452, 0.005344, 4.248499, 0.995558, 0.0
2781.0, -0.932983, 2.219967, 0.005296, 4.248499, 0.995558, 0.0
2798.0, -0.909705, 2.234386, 0.005251, 4.248499, 0.995558, 0.0
2798.0, -0.909705, 2.234386, 0.005251, 4.248499, 0.995558, 0.0
2814.0, -0.885946, 2.248711, 0.005203, 4.248499, 0.995558, 0.0
2814.0, -0.885946, 2.248711, 0.005203, 4.248499, 0.995558, 0.0
2830.0, -0.861703, 2.262941, 0.005149, 4.248499, 0.995558, 0.0
2848.0, -0.836975, 2.277079, 0.005088, 4.248499, 0.995558, 0.0
2848.0, -0.836975, 2.277079, 0.005088, 4.248499, 0.995558, 0.0
2866.0, -0.81176, 2.291124, 0.00502, 4.248499, 0.995558, 0.0
2866.0, -0.81176, 2.291124, 0.00502, 4.248499, 0.995558, 0.0
2881.0, -0.786047, 2.305082, 0.004942, 4.248898, 1.495562, 0.0
2898.0, -0.759843, 2.318946, 0.00486, 4.248898, 1.495562, 0.0
2898.0, -0.759843, 2.318946, 0.00486, 4.248898, 1.495562, 0.0
2914.0, -0.73315, 2.332715, 0.004774, 4.248898, 1.495562, 0.0
2914.0, -0.73315, 2.332715, 0.004774, 4.248898, 1.495562, 0.0
2931.0, -0.70597, 2.346387, 0.004686, 4.248898, 1.495562, 0.0
2948.0, -0.678302, 2.359961, 0.004596, 4.248898, 1.495562, 0.0
2948.0, -0.678302, 2.359961, 0.004596, 4.248898, 1.495562, 0.0
2966.0, -0.650146, 2.373437, 0.004504, 4.248898, 1.495562, 0.0
2966.0, -0.650146, 2.373437, 0.004504, 4.248898, 1.495562, 0.0
2981.0, -0.621502, 2.386813, 0.00441, 4.248898, 1.495562, 0.0
2998.0, -0.59237, 2.400088, 0.004315, 4.248898, 1.495562, 0.0
2998.0, -0.59237, 2.400088, 0.004315, 4.248898, 1.495562, 0.0
3015.0, -0.562749, 2.41326, 0.004219, 4.248898, 1.495562, 0.0
3015.0, -0.562749, 2.41326, 0.004219, 4.248898, 1.495562, 0.0
3031.0, -0.532641, 2.426328, 0.004123, 4.248898, 1.495562, 0.0
3049.0, -0.502044, 2.439292, 0.004025, 4.248898, 1.495562, 0.0
3049.0, -0.502044, 2.439292, 0.004025, 4.248898, 1.495562, 0.0
3067.0, -0.470959, 2.452149, 0.003928, 4.248898, 1.495562, 0.0
3067.0, -0.470959, 2.452149, 0.003928, 4.248898, 1.495562, 0.0
3081.0, -0.439398, 2.464895, 0.003835, 4.248898, 1.495562, 0.0
3107.0, -0.407353, 2.477531, 0.003741, 4.248898, 1.495562, 0.0
3107.0, -0.407353, 2.477531, 0.003741, 4.248898, 1.495562, 0.0
3117.0, -0.372702, 2.490872, 0.003644, 4.248898, 1.495562, 0.0
3117.0, -0.372702, 2.490872, 0.003644, 4.248898, 1.495562, 0.0
3132.0, -0.339662, 2.503279, 0.003534, 4.249298, 1.997756, 0.0
3132.0, -0.339662, 2.503279, 0.003534, 4.249298, 1.997756, 0.0
3149.0, -0.306118, 2.515574, 0.00342, 4.249298, 1.997756, 0.0
3166.0, -0.272079, 2.527757, 0.003309, 4.249298, 1.997756, 0.0
3166.0, -0.272079, 2.527757, 0.003309, 4.249298, 1.997756, 0.0
3182.0, -0.237775, 2.539749, 0.003291, 4.249298, 1.997756, 0.0
3182.0, -0.237775, 2.539749, 0.003291, 4.249298, 1.997756, 0.0
3203.0, -0.203047, 2.551602, 0.003268, 4.249298, 1.997756, 0.0
3216.0, -0.167832, 2.563338, 0.00321, 4.249298, 1.997756, 0.0
3216.0, -0.167832, 2.563338, 0.00321, 4.249298, 1.997756, 0.0
3233.0, -0.132104, 2.574966, 0.003118, 4.249298, 1.997756, 0.0
3233.0, -0.132104, 2.574966, 0.003118, 4.249298, 1.997756, 0.0
3249.0, -0.095859, 2.586487, 0.003, 4.249298, 1.997756, 0.0
3267.0, -0.059097, 2.597901, 0.002867, 4.249298, 1.997756, 0.0
3267.0, -0.059097, 2.597901, 0.002867, 4.249298, 1.997756, 0.0
3283.0, -0.021578, 2.60928, 0.00263, 4.249298, 1.997756, 0.0
3283.0, -0.021578, 2.60928, 0.00263, 4.249298, 1.997756, 0.0
3299.0, 0.016518, 2.620567, 0.002403, 4.249298, 1.997756, 0.0
3317.0, 0.055117, 2.631738, 0.00222, 4.249298, 1.997756, 0.0
3317.0, 0.055117, 2.631738, 0.00222, 4.249298, 1.997756, 0.0
3334.0, 0.094187, 2.642782, 0.002084, 4.249298, 1.997756, 0.0
3334.0, 0.094187, 2.642782, 0.002084, 4.249298, 1.997756, 0.0
3348.0, 0.133719, 2.653692, 0.001983, 4.249298, 1.997756, 0.0
3367.0, 0.173712, 2.664466, 0.001907, 4.249298, 1.997756, 0.0
3367.0, 0.173712, 2.664466, 0.001907, 4.249298, 1.997756, 0.0
3382.0, 0.21418, 2.675106, 0.001838, 4.249696, 2.49776, 0.0
3382.0, 0.21418, 2.675106, 0.001838, 4.249696, 2.49776, 0.0
3399.0, 0.255118, 2.685607, 0.001777, 4.249696, 2.49776, 0.0
3416.0, 0.296521, 2.695968, 0.001718, 4.249696, 2.49776, 0.0
3416.0, 0.296521, 2.695968, 0.001718, 4.249696, 2.49776, 0.0
3433.0, 0.33839, 2.706189, 0.001657, 4.249696, 2.49776, 0.0
3433.0, 0.33839, 2.706189, 0.001657, 4.249696, 2.49776, 0.0
3450.0, 0.380728, 2.716269, 0.001593, 4.249696, 2.49776, 0.0
3467.0, 0.423536, 2.726209, 0.001523, 4.249696, 2.49776, 0.0
3467.0, 0.423536, 2.726209, 0.001523, 4.249696, 2.49776, 0.0
3483.0, 0.466816, 2.736008, 0.001446, 4.249696, 2.49776, 0.0
3483.0, 0.466816, 2.736008, 0.001446, 4.249696, 2.49776, 0.0
3500.0, 0.510568, 2.745667, 0.001362, 4.249696, 2.49776, 0.0
3517.0, 0.554795, 2.755185, 0.001273, 4.249696, 2.49776, 0.0
3517.0, 0.554795, 2.755185, 0.001273, 4.249696, 2.49776, 0.0
3533.0, 0.599496, 2.764561, 0.001177, 4.249696, 2.49776, 0.0
3533.0, 0.599496, 2.764561, 0.001177, 4.249696, 2.49776, 0.0
3551.0, 0.644673, 2.773797, 0.001077, 4.249696, 2.49776, 0.0
3567.0, 0.690327, 2.78289, 0.000973, 4.249696, 2.49776, 0.0
3567.0, 0.690327, 2.78289, 0.000973, 4.249696, 2.49776, 0.0
3583.0, 0.736439, 2.791838, 0.000873, 4.249696, 2.49776, 0.0
3583.0, 0.736439, 2.791838, 0.000873, 4.249696, 2.49776, 0.0
3599.0, 0.783023, 2.800642, 0.00077, 4.249696, 2.49776, 0.0
3616.0, 0.830085, 2.809301, 0.000662, 4.249696, 2.49776, 0.0
3616.0, 0.830085, 2.809301, 0.000662, 4.249696, 2.49776, 0.0
3632.0, 0.877625, 2.817816, 0.00055, 4.250094, 2.997764, 0.0
3632.0, 0.877625, 2.817816, 0.00055, 4.250094, 2.997764, 0.0
3649.0, 0.925599, 2.826187, 0.000455, 4.250094, 2.997764, 0.0
3666.0, 0.973945, 2.834412, 0.000395, 4.250094, 2.997764, 0.0
3666.0, 0.973945, 2.834412, 0.000395, 4.250094, 2.997764, 0.0
3683.0, 1.02262, 2.842491, 0.000374, 4.250094, 2.997764, 0.0
3683.0, 1.02262, 2.842491, 0.000374, 4.250094, 2.997764, 0.0
3700.0, 1.071557, 2.85042, 0.000402, 4.250094, 2.997764, 0.0
3717.0, 1.120702, 2.858195, 0.000477, 4.250094, 2.997764, 0.0
3717.0, 1.120702, 2.858195, 0.000477, 4.250094, 2.997764, 0.0
3733.0, 1.170015, 2.865814, 0.00059, 4.250094, 2.997764, 0.0
3733.0, 1.170015, 2.865814, 0.00059, 4.250094, 2.997764, 0.0
3749.0, 1.219464, 2.873274, 0.000732, 4.250094, 2.997764, 0.0
3768.0, 1.269021, 2.880575, 0.000889, 4.250094, 2.997764, 0.0
3768.0, 1.269021, 2.880575, 0.000889, 4.250094, 2.997764, 0.0
3783.0, 1.318647, 2.887713, 0.00106, 4.250094, 2.997764, 0.0
3783.0, 1.318647, 2.887713, 0.00106, 4.250094, 2.997764, 0.0
3799.0, 1.368338, 2.894691, 0.001226, 4.250094, 2.997764, 0.0
3816.0, 1.418085, 2.901509, 0.001377, 4.250094, 2.997764, 0.0
3816.0, 1.418085, 2.901509, 0.001377, 4.250094, 2.997764, 0.0
3834.0, 1.468698, 2.90828, 0.001513, 4.250094, 2.997764, 0.0
3834.0, 1.468698, 2.90828, 0.001513, 4.250094, 2.997764, 0.0
3849.0, 1.51853, 2.914783, 0.001622, 4.250094, 2.997764, 0.0
3867.0, 1.568395, 2.92113, 0.001707, 4.250094, 2.997764, 0.0
3867.0, 1.568395, 2.92113, 0.001707, 4.250094, 2.997764, 0.0
3882.0, 1.618211, 2.927315, 0.001801, 4.250493, 3.49832, 0.0
3882.0, 1.618211, 2.927315, 0.001801, 4.250493, 3.49832, 0.0
3899.0, 1.668026, 2.933344, 0.001868, 4.250493, 3.49832, 0.0
3917.0, 1.71786, 2.93922, 0.001903, 4.250493, 3.49832, 0.0
3917.0, 1.71786, 2.93922, 0.001903, 4.250493, 3.49832, 0.0
3932.0, 1.767717, 2.944947, 0.001905, 4.250493, 3.49832, 0.0
3932.0, 1.767717, 2.944947, 0.001905, 4.250493, 3.49832, 0.0
3949.0, 1.817597, 2.950526, 0.001881, 4.250493, 3.49832, 0.0
3967.0, 1.867497, 2.955956, 0.001835, 4.250493, 3.49832, 0.0
3967.0, 1.867497, 2.955956, 0.001835, 4.250493, 3.49832, 0.0
3982.0, 1.917509, 2.961249, 0.001735, 4.250493, 3.49832, 0.0
3982.0, 1.917509, 2.961249, 0.001735, 4.250493, 3.49832, 0.0
3999.0, 1.967562, 2.966398, 0.001628, 4.250493, 3.49832, 0.0
4016.0, 2.017624, 2.971399, 0.001528, 4.250493, 3.49832, 0.0
4016.0, 2.017624, 2.971399, 0.001528, 4.250493, 3.49832, 0.0
4032.0, 2.067684, 2.97625, 0.001438, 4.250493, 3.49832, 0.0
4032.0, 2.067684, 2.97625, 0.001438, 4.250493, 3.49832, 0.0
4049.0, 2.117736, 2.980951, 0.001356, 4.250493, 3.49832, 0.0
4068.0, 2.16778, 2.985499, 0.001278, 4.250493, 3.49832, 0.0
4068.0, 2.16778, 2.985499, 0.001278, 4.250493, 3.49832, 0.0
4082.0, 2.217816, 2.989894, 0.001201, 4.250493, 3.49832, 0.0
4082.0, 2.217816, 2.989894, 0.001201, 4.250493, 3.49832, 0.0
4099.0, 2.267846, 2.994136, 0.001123, 4.250493, 3.49832, 0.0
4116.0, 2.31787, 2.998225, 0.001042, 4.250493, 3.49832, 0.0
4116.0, 2.31787, 2.998225, 0.001042, 4.250493, 3.49832, 0.0
4132.0, 2.367888, 3.00216, 0.000958, 4.250891, 3.998323, 0.0
4132.0, 2.367888, 3.00216, 0.000958, 4.250891, 3.998323, 0.0
4149.0, 2.417903, 3.005941, 0.000869, 4.250891, 3.998323, 0.0
4168.0, 2.469457, 3.009681, 0.000775, 4.250891, 3.998323, 0.0
4168.0, 2.469457, 3.009681, 0.000775, 4.250891, 3.998323, 0.0
4183.0, 2.519294, 3.013141, 0.000746, 4.250891, 3.998323, 0.0
4183.0, 2.519294, 3.013141, 0.000746, 4.250891, 3.998323, 0.0
4200.0, 2.569084, 3.016442, 0.000706, 4.250891, 3.998323, 0.0
4217.0, 2.618878, 3.019588, 0.000634, 4.250891, 3.998323, 0.0
4217.0, 2.618878, 3.019588, 0.000634, 4.250891, 3.998323, 0.0
4233.0, 2.668693, 3.022582, 0.000532, 4.250891, 3.998323, 0.0
4233.0, 2.668693, 3.022582, 0.000532, 4.250891, 3.998323, 0.0
4250.0, 2.718575, 3.025429, 0.000408, 4.250891, 3.998323, 0.0
4268.0, 2.768443, 3.028124, 0.00027, 4.250891, 3.998323, 0.0
4268.0, 2.768443, 3.028124, 0.00027, 4.250891, 3.998323, 0.0
4283.0, 2.818485, 3.030678, 0.000063, 4.250891, 3.998323, 0.0
4283.0, 2.818485, 3.030678, 0.000063, 4.250891, 3.998323, 0.0
4299.0, 2.86859, 3.033087, -0.000137, 4.250891, 3.998323, 0.0
4316.0, 2.918707, 3.035348, -0.000308, 4.250891, 3.998323, 0.0
4316.0, 2.918707, 3.035348, -0.000308, 4.250891, 3.998323, 0.0
4333.0, 2.968818, 3.037459, -0.000449, 4.250891, 3.998323, 0.0
4333.0, 2.968818, 3.037459, -0.000449, 4.250891, 3.998323, 0.0
4350.0, 3.018915, 3.039419, -0.000564, 4.250891, 3.998323, 0.0
4367.0, 3.068998, 3.041225, -0.000662, 4.250891, 3.998323, 0.0
4367.0, 3.068998, 3.041225, -0.000662, 4.250891, 3.998323, 0.0
4383.0, 3.119087, 3.042877, -0.000756, 4.25129, 4.499389, 0.0
4383.0, 3.119087, 3.042877, -0.000756, 4.25129, 4.499389, 0.0
4400.0, 3.169169, 3.044375, -0.000843, 4.25129, 4.499389, 0.0
4417.0, 3.219241, 3.045718, -0.000926, 4.25129, 4.499389, 0.0
4417.0, 3.219241, 3.045718, -0.000926, 4.25129, 4.499389, 0.0
4433.0, 3.269302, 3.046908, -0.001006, 4.25129, 4.499389, 0.0
4433.0, 3.269302, 3.046908, -0.001006, 4.25129, 4.499389, 0.0
4450.0, 3.319353, 3.047943, -0.001087, 4.25129, 4.499389, 0.0
4467.0, 3.369394, 3.048824, -0.001169, 4.25129, 4.499389, 0.0
4467.0, 3.369394, 3.048824, -0.001169, 4.25129, 4.499389, 0.0
4483.0, 3.419409, 3.049552, -0.001247, 4.25129, 4.499389, 0.0
4483.0, 3.419409, 3.049552, -0.001247, 4.25129, 4.499389, 0.0
4499.0, 3.469414, 3.050127, -0.00133, 4.25129, 4.499389, 0.0
4516.0, 3.519413, 3.05055, -0.001419, 4.25129, 4.499389, 0.0
4516.0, 3.519413, 3.05055, -0.001419, 4.25129, 4.499389, 0.0
4533.0, 3.569411, 3.050821, -0.001515, 4.25129, 4.499389, 0.0
4533.0, 3.569411, 3.050821, -0.001515, 4.25129, 4.499389, 0.0
4549.0, 3.619409, 3.050942, -0.001617, 4.25129, 4.499389, 0.0
4567.0, 3.669408, 3.050912, -0.001723, 4.25129, 4.499389, 0.0
4567.0, 3.669408, 3.050912, -0.001723, 4.25129, 4.499389, 0.0
4582.0, 3.719426, 3.050747, -0.001838, 4.25129, 4.499389, 0.0
4582.0, 3.719426, 3.050747, -0.001838, 4.25129, 4.499389, 0.0
4599.0, 3.76945, 3.050467, -0.001952, 4.25129, 4.499389, 0.0
4617.0, 3.819474, 3.050091, -0.00206, 4.25129, 4.499389, 0.0
4617.0, 3.819474, 3.050091, -0.00206, 4.25129, 4.499389, 0.0
4633.0, 3.869497, 3.049636, -0.00216, 4.251688, 4.999393, 0.0
4633.0, 3.869497, 3.049636, -0.00216, 4.251688, 4.999393, 0.0
4649.0, 3.919516, 3.049116, -0.00225, 4.251688, 4.999393, 0.0
4668.0, 3.969533, 3.048543, -0.002332, 4.251688, 4.999393, 0.0
4668.0, 3.969533, 3.048543, -0.002332, 4.251688, 4.999393, 0.0
4683.0, 4.019529, 3.047927, -0.002398, 4.251688, 4.999393, 0.0
4683.0, 4.019529, 3.047927, -0.002398, 4.251688, 4.999393, 0.0
4699.0, 4.069518, 3.047274, -0.002455, 4.251688, 4.999393, 0.0
4717.0, 4.119506, 3.046592, -0.002509, 4.251688, 4.999393, 0.0
4717.0, 4.119506, 3.046592, -0.002509, 4.251688, 4.999393, 0.0
4733.0, 4.169495, 3.045885, -0.002558, 4.251688, 4.999393, 0.0
4733.0, 4.169495, 3.045885, -0.002558, 4.251688, 4.999393, 0.0
4749.0, 4.219485, 3.045158, -0.002602, 4.251688, 4.999393, 0.0
4768.0, 4.269477, 3.044414, -0.002642, 4.251688, 4.999393, 0.0
4768.0, 4.269477, 3.044414, -0.002642, 4.251688, 4.999393, 0.0
4782.0, 4.319442, 3.043671, -0.002664, 4.251688, 4.999393, 0.0
4782.0, 4.319442, 3.043671, -0.002664, 4.251688, 4.999393, 0.0
4799.0, 4.369302, 3.042951, -0.00264, 4.251688, 4.999393, 0.0
4816.0, 4.418992, 3.042273, -0.002558, 4.251688, 4.999393, 0.0
4816.0, 4.418992, 3.042273, -0.002558, 4.251688, 4.999393, 0.0
4833.0, 4.468454, 3.041653, -0.002415, 4.251688, 4.999393, 0.0
4833.0, 4.468454, 3.041653, -0.002415, 4.251688, 4.999393, 0.0
4850.0, 4.517642, 3.041105, -0.002216, 4.251688, 4.999393, 0.0
4868.0, 4.566515, 3.04064, -0.001972, 4.251688, 4.999393, 0.0
4868.0, 4.566515, 3.04064, -0.001972, 4.251688, 4.999393, 0.0
4883.0, 4.615044, 3.040268, -0.001692, 4.252086, 5.499396, 0.0
4883.0, 4.615044, 3.040268, -0.001692, 4.252086, 5.499396, 0.0
4899.0, 4.663202, 3.039998, -0.001389, 4.252086, 5.499396, 0.0
4916.0, 4.710968, 3.039838, -0.001074, 4.252086, 5.499396, 0.0
4916.0, 4.710968, 3.039838, -0.001074, 4.252086, 5.499396, 0.0
4933.0, 4.758326, 3.039793, -0.000755, 4.252086, 5.499396, 0.0
4933.0, 4.758326, 3.039793, -0.000755, 4.252086, 5.499396, 0.0
4949.0, 4.805262, 3.039871, -0.000441, 4.252086, 5.499396, 0.0
4967.0, 4.851764, 3.040076, -0.000136, 4.252086, 5.499396, 0.0
4967.0, 4.851764, 3.040076, -0.000136, 4.252086, 5.499396, 0.0
4983.0, 4.897808, 3.040414, 0.000162, 4.252086, 5.499396, 0.0
4983.0, 4.897808, 3.040414, 0.000162, 4.252086, 5.499396, 0.0
5000.0, 4.943398, 3.040888, 0.000442, 4.252086, 5.499396, 0.0
5018.0, 4.988536, 3.041501, 0.000701, 4.252086, 5.499396, 0.0
5018.0, 4.988536, 3.041501, 0.000701, 4.252086, 5.499396, 0.0
5033.0, 5.033218, 3.042258, 0.000939, 4.252086, 5.499396, 0.0
5033.0, 5.033218, 3.042258, 0.000939, 4.252086, 5.499396, 0.0
5050.0, 5.077441, 3.043161, 0.001157, 4.252086, 5.499396, 0.0
5068.0, 5.121202, 3.044211, 0.001357, 4.252086, 5.499396, 0.0
5068.0, 5.121202, 3.044211, 0.001357, 4.252086, 5.499396, 0.0
5085.0, 5.164516, 3.045412, 0.001535, 4.252086, 5.499396, 0.0
5085.0, 5.164516, 3.045412, 0.001535, 4.252086, 5.499396, 0.0
5100.0, 5.207367, 3.046764, 0.001699, 4.252086, 5.499396, 0.0
5117.0, 5.24975, 3.048267, 0.001855, 4.252086, 5.499396, 0.0
5117.0, 5.24975, 3.048267, 0.001855, 4.252086, 5.499396, 0.0
5133.0, 5.29166, 3.049923, 0.002004, 4.252484, 5.9994, 0.0
5133.0, 5.29166, 3.049923, 0.002004, 4.252484, 5.9994, 0.0
5150.0, 5.333128, 3.051733, 0.002147, 4.252484, 5.9994, 0.0
5168.0, 5.37409, 3.053695, 0.002284, 4.252484, 5.9994, 0.0
5168.0, 5.37409, 3.053695, 0.002284, 4.252484, 5.9994, 0.0
5183.0, 5.414609, 3.055793, 0.002402, 4.252484, 5.9994, 0.0
5183.0, 5.414609, 3.055793, 0.002402, 4.252484, 5.9994, 0.0
5200.0, 5.454761, 3.058009, 0.002475, 4.252484, 5.9994, 0.0
5217.0, 5.494607, 3.060326, 0.002491, 4.252484, 5.9994, 0.0
5217.0, 5.494607, 3.060326, 0.002491, 4.252484, 5.9994, 0.0
5233.0, 5.534205, 3.062726, 0.002449, 4.252484, 5.9994, 0.0
5233.0, 5.534205, 3.062726, 0.002449, 4.252484, 5.9994, 0.0
5250.0, 5.573602, 3.065199, 0.002352, 4.252484, 5.9994, 0.0
5268.0, 5.612834, 3.067732, 0.00221, 4.252484, 5.9994, 0.0
5268.0, 5.612834, 3.067732, 0.00221, 4.252484, 5.9994, 0.0
5284.0, 5.651949, 3.070317, 0.002029, 4.252484, 5.9994, 0.0
5284.0, 5.651949, 3.070317, 0.002029, 4.252484, 5.9994, 0.0
5300.0, 5.690961, 3.072946, 0.001826, 4.252484, 5.9994, 0.0
5317.0, 5.729888, 3.075612, 0.001613, 4.252484, 5.9994, 0.0
5317.0, 5.729888, 3.075612, 0.001613, 4.252484, 5.9994, 0.0
5334.0, 5.768744, 3.078309, 0.001399, 4.252484, 5.9994, 0.0
5334.0, 5.768744, 3.078309, 0.001399, 4.252484, 5.9994, 0.0
5349.0, 5.807542, 3.08103, 0.001192, 4.252484, 5.9994, 0.0
5367.0, 5.846294, 3.083772, 0.000996, 4.252484, 5.9994, 0.0
5367.0, 5.846294, 3.083772, 0.000996, 4.252484, 5.9994, 0.0
5383.0, 5.884993, 3.086529, 0.000821, 4.252882, 6.499429, 0.0
5383.0, 5.884993, 3.086529, 0.000821, 4.252882, 6.499429, 0.0
5399.0, 5.923657, 3.089299, 0.000662, 4.252882, 6.499429, 0.0
5417.0, 5.962298, 3.092077, 0.000517, 4.252882, 6.499429, 0.0
5417.0, 5.962298, 3.092077, 0.000517, 4.252882, 6.499429, 0.0
5434.0, 6.000922, 3.094863, 0.000388, 4.252882, 6.499429, 0.0
5434.0, 6.000922, 3.094863, 0.000388, 4.252882, 6.499429, 0.0
5450.0, 6.039532, 3.097655, 0.000274, 4.252882, 6.499429, 0.0
5468.0, 6.078131, 3.10045, 0.000176, 4.252882, 6.499429, 0.0
5468.0, 6.078131, 3.10045, 0.000176, 4.252882, 6.499429, 0.0
5484.0, 6.116737, 3.103248, 0.000086, 4.252882, 6.499429, 0.0
5484.0, 6.116737, 3.103248, 0.000086, 4.252882, 6.499429, 0.0
5500.0, 6.155341, 3.106048, 0.00001, 4.252882, 6.499429, 0.0
5517.0, 6.193939, 3.108848, -0.000051, 4.252882, 6.499429, 0.0
5517.0, 6.193939, 3.108848, -0.000051, 4.252882, 6.499429, 0.0
5534.0, 6.23253, 3.111648, -0.000099, 4.252882, 6.499429, 0.0
5534.0, 6.23253, 3.111648, -0.000099, 4.252882, 6.499429, 0.0
5550.0, 6.271423, 3.11447, -0.000136, 4.252882, 6.499429, 0.0
5568.0, 6.310004, 3.117267, -0.000164, 4.252882, 6.499429, 0.0
5568.0, 6.310004, 3.117267, -0.000164, 4.252882, 6.499429, 0.0
5583.0, 6.348536, 3.120061, -0.000167, 4.252882, 6.499429, 0.0
5583.0, 6.348536, 3.120061, -0.000167, 4.252882, 6.499429, 0.0
5599.0, 6.387053, 3.122851, -0.000167, 4.252882, 6.499429, 0.0
5617.0, 6.425568, 3.125639, -0.000169, 4.252882, 6.499429, 0.0
5617.0, 6.425568, 3.125639, -0.000169, 4.252882, 6.499429, 0.0
5634.0, 6.464087, 3.128426, -0.000176, 4.253281, 6.999699, 0.0
5634.0, 6.464087, 3.128426, -0.000176, 4.253281, 6.999699, 0.0
5650.0, 6.50261, 3.131212, -0.000186, 4.253281, 6.999699, 0.0
5668.0, 6.541139, 3.133998, -0.000198, 4.253281, 6.999699, 0.0
5668.0, 6.541139, 3.133998, -0.000198, 4.253281, 6.999699, 0.0
5683.0, 6.579717, 3.136787, -0.000228, 4.253281, 6.999699, 0.0
5683.0, 6.579717, 3.136787, -0.000228, 4.253281, 6.999699, 0.0
5700.0, 6.61831, 3.139576, -0.000255, 4.253281, 6.999699, 0.0
5717.0, 6.656907, 3.142366, -0.000273, 4.253281, 6.999699, 0.0
5717.0, 6.656907, 3.142366, -0.000273, 4.253281, 6.999699, 0.0
5734.0, 6.695499, 3.145155, -0.000282, 4.253281, 6.999699, 0.0
5734.0, 6.695499, 3.145155, -0.000282, 4.253281, 6.999699, 0.0
5751.0, 6.734087, 3.147944, -0.000284, 4.253281, 6.999699, 0.0
5768.0, 6.772671, 3.150732, -0.000281, 4.253281, 6.999699, 0.0
5768.0, 6.772671, 3.150732, -0.000281, 4.253281, 6.999699, 0.0
5785.0, 6.811235, 3.153517, -0.000269, 4.253281, 6.999699, 0.0
5785.0, 6.811235, 3.153517, -0.000269, 4.253281, 6.999699, 0.0
5800.0, 6.849791, 3.156301, -0.000256, 4.253281, 6.999699, 0.0
5817.0, 6.888344, 3.159085, -0.000246, 4.253281, 6.999699, 0.0
5817.0, 6.888344, 3.159085, -0.000246, 4.253281, 6.999699, 0.0
5835.0, 6.926896, 3.161867, -0.000238, 4.253281, 6.999699, 0.0
5835.0, 6.926896, 3.161867, -0.000238, 4.253281, 6.999699, 0.0
5850.0, 6.965448, 3.164649, -0.000234, 4.253281, 6.999699, 0.0
5868.0, 7.004, 3.16743, -0.000231, 4.253281, 6.999699, 0.0
5868.0, 7.004, 3.16743, -0.000231, 4.253281, 6.999699, 0.0
5883.0, 7.042519, 3.170228, -0.000216, 4.253679, 7.499704, 0.0
5883.0, 7.042519, 3.170228, -0.000216, 4.253679, 7.499704, 0.0
5900.0, 7.080932, 3.173061, -0.000161, 4.253679, 7.499704, 0.0
5916.0, 7.119175, 3.175949, -0.000053, 4.253679, 7.499704, 0.0
5916.0, 7.119175, 3.175949, -0.000053, 4.253679, 7.499704, 0.0
5933.0, 7.157228, 3.178908, 0.00011, 4.253679, 7.499704, 0.0
5933.0, 7.157228, 3.178908, 0.00011, 4.253679, 7.499704, 0.0
5950.0, 7.194972, 3.181947, 0.000325, 4.253679, 7.499704, 0.0
5969.0, 7.232404, 3.185081, 0.000581, 4.253679, 7.499704, 0.0
5969.0, 7.232404, 3.185081, 0.000581, 4.253679, 7.499704, 0.0
5983.0, 7.26948, 3.188317, 0.000877, 4.253679, 7.499704, 0.0
5983.0, 7.26948, 3.188317, 0.000877, 4.253679, 7.499704, 0.0
6000.0, 7.306183, 3.191664, 0.001193, 4.253679, 7.499704, 0.0
6017.0, 7.342498, 3.19513, 0.001518, 4.253679, 7.499704, 0.0
6017.0, 7.342498, 3.19513, 0.001518, 4.253679, 7.499704, 0.0
6033.0, 7.378409, 3.19872, 0.001844, 4.253679, 7.499704, 0.0
6033.0, 7.378409, 3.19872, 0.001844, 4.253679, 7.499704, 0.0
6050.0, 7.413903, 3.202442, 0.002164, 4.253679, 7.499704, 0.0
6068.0, 7.448968, 3.206299, 0.002473, 4.253679, 7.499704, 0.0
6068.0, 7.448968, 3.206299, 0.002473, 4.253679, 7.499704, 0.0
6083.0, 7.483658, 3.210281, 0.002742, 4.253679, 7.499704, 0.0
6083.0, 7.483658, 3.210281, 0.002742, 4.253679, 7.499704, 0.0
6099.0, 7.518017, 3.214372, 0.002955, 4.253679, 7.499704, 0.0
6116.0, 7.552095, 3.218555, 0.003104, 4.253679, 7.499704, 0.0
6116.0, 7.552095, 3.218555, 0.003104, 4.253679, 7.499704, 0.0
6133.0, 7.58594, 3.222817, 0.003184, 4.254077, 7.999741, 0.0
6133.0, 7.58594, 3.222817, 0.003184, 4.254077, 7.999741, 0.0
6151.0, 7.619595, 3.227145, 0.003199, 4.254077, 7.999741, 0.0
6168.0, 7.653092, 3.231529, 0.003158, 4.254077, 7.999741, 0.0
6168.0, 7.653092, 3.231529, 0.003158, 4.254077, 7.999741, 0.0
6183.0, 7.686463, 3.235962, 0.00307, 4.254077, 7.999741, 0.0
6183.0, 7.686463, 3.235962, 0.00307, 4.254077, 7.999741, 0.0
6201.0, 7.719733, 3.240436, 0.002948, 4.254077, 7.999741, 0.0
6216.0, 7.75292, 3.244944, 0.002802, 4.254077, 7.999741, 0.0
6216.0, 7.75292, 3.244944, 0.002802, 4.254077, 7.999741, 0.0
6234.0, 7.786041, 3.249482, 0.002642, 4.254077, 7.999741, 0.0
6234.0, 7.786041, 3.249482, 0.002642, 4.254077, 7.999741, 0.0
6250.0, 7.819108, 3.254045, 0.002477, 4.254077, 7.999741, 0.0
6267.0, 7.852133, 3.258629, 0.002313, 4.254077, 7.999741, 0.0
6267.0, 7.852133, 3.258629, 0.002313, 4.254077, 7.999741, 0.0
6283.0, 7.885111, 3.263227, 0.002161, 4.254077, 7.999741, 0.0
6283.0, 7.885111, 3.263227, 0.002161, 4.254077, 7.999741, 0.0
6300.0, 7.918058, 3.267838, 0.002019, 4.254077, 7.999741, 0.0
6317.0, 7.950984, 3.272461, 0.001887, 4.254077, 7.999741, 0.0
6317.0, 7.950984, 3.272461, 0.001887, 4.254077, 7.999741, 0.0
6334.0, 7.983893, 3.277092, 0.001768, 4.254077, 7.999741, 0.0
6334.0, 7.983893, 3.277092, 0.001768, 4.254077, 7.999741, 0.0
6350.0, 8.016791, 3.281729, 0.001661, 4.254077, 7.999741, 0.0
6368.0, 8.04968, 3.286371, 0.001567, 4.254077, 7.999741, 0.0
6368.0, 8.04968, 3.286371, 0.001567, 4.254077, 7.999741, 0.0
6383.0, 8.082622, 3.291003, 0.001461, 4.254476, 8.499744, 0.0
6383.0, 8.082622, 3.291003, 0.001461, 4.254476, 8.499744, 0.0
6400.0, 8.11567, 3.295601, 0.001328, 4.254476, 8.499744, 0.0
6416.0, 8.148885, 3.300145, 0.001157, 4.254476, 8.499744, 0.0
6416.0, 8.148885, 3.300145, 0.001157, 4.254476, 8.499744, 0.0
6433.0, 8.182317, 3.304618, 0.000946, 4.254476, 8.499744, 0.0
6433.0, 8.182317, 3.304618, 0.000946, 4.254476, 8.499744, 0.0
6451.0, 8.216013, 3.309004, 0.000696, 4.254476, 8.499744, 0.0
6468.0, 8.250012, 3.313291, 0.000412, 4.254476, 8.499744, 0.0
6468.0, 8.250012, 3.313291, 0.000412, 4.254476, 8.499744, 0.0
6483.0, 8.284286, 3.317484, 0.000128, 4.254476, 8.499744, 0.0
6483.0, 8.284286, 3.317484, 0.000128, 4.254476, 8.499744, 0.0
6499.0, 8.31881, 3.321596, -0.000132, 4.254476, 8.499744, 0.0
6517.0, 8.353547, 3.325639, -0.000353, 4.254476, 8.499744, 0.0
6517.0, 8.353547, 3.325639, -0.000353, 4.254476, 8.499744, 0.0
6533.0, 8.388464, 3.329625, -0.000523, 4.254476, 8.499744, 0.0
6533.0, 8.388464, 3.329625, -0.000523, 4.254476, 8.499744, 0.0
6550.0, 8.42353, 3.333561, -0.000638, 4.254476, 8.499744, 0.0
6567.0, 8.458716, 3.337456, -0.000702, 4.254476, 8.499744, 0.0
6567.0, 8.458716, 3.337456, -0.000702, 4.254476, 8.499744, 0.0
6583.0, 8.494015, 3.341315, -0.000725, 4.254476, 8.499744, 0.0
6583.0, 8.494015, 3.341315, -0.000725, 4.254476, 8.499744, 0.0
6600.0, 8.529397, 3.345144, -0.00071, 4.254476, 8.499744, 0.0
6617.0, 8.564844, 3.348946, -0.000662, 4.254476, 8.499744, 0.0
6617.0, 8.564844, 3.348946, -0.000662, 4.254476, 8.499744, 0.0
6633.0, 8.600341, 3.352725, -0.00059, 4.254874, 8.999749, 0.0
6634.0, 8.600341, 3.352725, -0.00059, 4.254874, 8.999749, 0.0
6650.0, 8.635877, 3.356483, -0.000502, 4.254874, 8.999749, 0.0
6668.0, 8.671445, 3.360224, -0.000405, 4.254874, 8.999749, 0.0
6668.0, 8.671445, 3.360224, -0.000405, 4.254874, 8.999749, 0.0
6683.0, 8.707025, 3.363948, -0.0003, 4.254874, 8.999749, 0.0
6683.0, 8.707025, 3.363948, -0.0003, 4.254874, 8.999749, 0.0
6700.0, 8.74262, 3.367659, -0.000197, 4.254874, 8.999749, 0.0
6717.0, 8.778231, 3.37136, -0.000101, 4.254874, 8.999749, 0.0
6717.0, 8.778231, 3.37136, -0.000101, 4.254874, 8.999749, 0.0
6733.0, 8.813857, 3.375053, -0.000014, 4.254874, 8.999749, 0.0
6733.0, 8.813857, 3.375053, -0.000014, 4.254874, 8.999749, 0.0
6749.0, 8.849495, 3.37874, 0.000062, 4.254874, 8.999749, 0.0
6767.0, 8.885142, 3.382422, 0.000129, 4.254874, 8.999749, 0.0
6767.0, 8.885142, 3.382422, 0.000129, 4.254874, 8.999749, 0.0
6783.0, 8.920812, 3.386101, 0.00018, 4.254874, 8.999749, 0.0
6783.0, 8.920812, 3.386101, 0.00018, 4.254874, 8.999749, 0.0
6799.0, 8.956492, 3.389779, 0.000223, 4.254874, 8.999749, 0.0
6816.0, 8.992178, 3.393456, 0.00026, 4.254874, 8.999749, 0.0
6816.0, 8.992178, 3.393456, 0.00026, 4.254874, 8.999749, 0.0
6834.0, 9.027865, 3.397131, 0.000293, 4.254874, 8.999749, 0.0
6834.0, 9.027865, 3.397131, 0.000293, 4.254874, 8.999749, 0.0
6849.0, 9.063555, 3.400806, 0.000321, 4.254874, 8.999749, 0.0
6867.0, 9.099245, 3.40448, 0.000345, 4.254874, 8.999749, 0.0
6867.0, 9.099245, 3.40448, 0.000345, 4.254874, 8.999749, 0.0
6882.0, 9.134935, 3.408154, 0.000366, 4.255272, 9.499754, 0.0
6882.0, 9.134935, 3.408154, 0.000366, 4.255272, 9.499754, 0.0
6899.0, 9.170627, 3.411828, 0.000382, 4.255272, 9.499754, 0.0
6916.0, 9.206318, 3.415502, 0.000395, 4.255272, 9.499754, 0.0
6916.0, 9.206318, 3.415502, 0.000395, 4.255272, 9.499754, 0.0
6933.0, 9.242009, 3.419177, 0.000406, 4.255272, 9.499754, 0.0
6933.0, 9.242009, 3.419177, 0.000406, 4.255272, 9.499754, 0.0
6950.0, 9.2777, 3.422852, 0.000414, 4.255272, 9.499754, 0.0
6968.0, 9.313393, 3.426527, 0.00042, 4.255272, 9.499754, 0.0
6968.0, 9.313393, 3.426527, 0.00042, 4.255272, 9.499754, 0.0
6983.0, 9.349071, 3.430201, 0.00043, 4.255272, 9.499754, 0.0
6983.0, 9.349071, 3.430201, 0.00043, 4.255272, 9.499754, 0.0
7000.0, 9.384745, 3.433875, 0.000437, 4.255272, 9.499754, 0.0
7017.0, 9.42042, 3.43755, 0.000442, 4.255272, 9.499754, 0.0
7017.0, 9.42042, 3.43755, 0.000442, 4.255272, 9.499754, 0.0
7034.0, 9.456096, 3.441225, 0.000442, 4.255272, 9.499754, 0.0
7034.0, 9.456096, 3.441225, 0.000442, 4.255272, 9.499754, 0.0
7049.0, 9.491776, 3.4449, 0.000442, 4.255272, 9.499754, 0.0
7069.0, 9.527456, 3.448576, 0.000442, 4.255272, 9.499754, 0.0
7069.0, 9.527456, 3.448576, 0.000442, 4.255272, 9.499754, 0.0
7085.0, 9.563153, 3.452255, 0.000432, 4.255272, 9.499754, 0.0
7085.0, 9.563153, 3.452255, 0.000432, 4.255272, 9.499754, 0.0
7101.0, 9.598855, 3.455934, 0.000424, 4.255272, 9.499754, 0.0
7118.0, 9.634559, 3.459614, 0.000418, 4.255272, 9.499754, 0.0
7118.0, 9.634559, 3.459614, 0.000418, 4.255272, 9.499754, 0.0
7133.0, 9.670261, 3.463294, 0.000415, 4.25567, 9.999758, 0.0
7133.0, 9.670261, 3.463294, 0.000415, 4.25567, 9.999758, 0.0
7149.0, 9.705962, 3.466974, 0.000415, 4.25567, 9.999758, 0.0
7168.0, 9.741662, 3.470654, 0.000415, 4.25567, 9.999758, 0.0
7168.0, 9.741662, 3.470654, 0.000415, 4.25567, 9.999758, 0.0
7183.0, 9.777347, 3.474332, 0.000423, 4.25567, 9.999758, 0.0
7183.0, 9.777347, 3.474332, 0.000423, 4.25567, 9.999758, 0.0
7200.0, 9.813027, 3.47801, 0.00043, 4.25567, 9.999758, 0.0
7217.0, 9.848707, 3.481687, 0.000435, 4.25567, 9.999758, 0.0
7217.0, 9.848707, 3.481687, 0.000435, 4.25567, 9.999758, 0.0
7234.0, 9.884387, 3.485365, 0.000437, 4.25567, 9.999758, 0.0
7234.0, 9.884387, 3.485365, 0.000437, 4.25567, 9.999758, 0.0
7250.0, 9.92007, 3.489043, 0.000437, 4.25567, 9.999758, 0.0
7269.0, 9.955753, 3.49272, 0.000437, 4.25567, 9.999758, 0.0
7269.0, 9.955753, 3.49272, 0.000437, 4.25567, 9.999758, 0.0
7284.0, 9.991452, 3.4964, 0.00043, 4.25567, 9.999758, 0.0
7284.0, 9.991452, 3.4964, 0.00043, 4.25567, 9.999758, 0.0
7300.0, 10.027156, 3.50008, 0.000423, 4.25567, 9.999758, 0.0
7318.0, 10.06286, 3.50376, 0.000419, 4.25567, 9.999758, 0.0
7318.0, 10.06286, 3.50376, 0.000419, 4.25567, 9.999758, 0.0
7334.0, 10.098563, 3.507441, 0.000417, 4.25567, 9.999758, 0.0
7334.0, 10.098563, 3.507441, 0.000417, 4.25567, 9.999758, 0.0
7350.0, 10.134266, 3.511121, 0.000417, 4.25567, 9.999758, 0.0
7367.0, 10.169966, 3.514802, 0.000417, 4.25567, 9.999758, 0.0
7367.0, 10.169966, 3.514802, 0.000417, 4.25567, 9.999758, 0.0
7383.0, 10.205617, 3.518498, 0.000441, 4.256068, 10.499761, 0.0
7383.0, 10.205617, 3.518498, 0.000441, 4.256068, 10.499761, 0.0
7400.0, 10.241158, 3.522231, 0.000503, 4.256068, 10.499761, 0.0
7417.0, 10.276526, 3.526019, 0.000617, 4.256068, 10.499761, 0.0
7417.0, 10.276526, 3.526019, 0.000617, 4.256068, 10.499761, 0.0
7433.0, 10.311671, 3.529879, 0.000784, 4.256068, 10.499761, 0.0
7433.0, 10.311671, 3.529879, 0.000784, 4.256068, 10.499761, 0.0
7450.0, 10.346546, 3.533825, 0.001, 4.256068, 10.499761, 0.0
7468.0, 10.381113, 3.53787, 0.001258, 4.256068, 10.499761, 0.0
7468.0, 10.381113, 3.53787, 0.001258, 4.256068, 10.499761, 0.0
7484.0, 10.415376, 3.542005, 0.001533, 4.256068, 10.499761, 0.0
7484.0, 10.415376, 3.542005, 0.001533, 4.256068, 10.499761, 0.0
7500.0, 10.449378, 3.546219, 0.001788, 4.256068, 10.499761, 0.0
7517.0, 10.483165, 3.550501, 0.002002, 4.256068, 10.499761, 0.0
7517.0, 10.483165, 3.550501, 0.002002, 4.256068, 10.499761, 0.0
7534.0, 10.516772, 3.554841, 0.002165, 4.256068, 10.499761, 0.0
7534.0, 10.516772, 3.554841, 0.002165, 4.256068, 10.499761, 0.0
7550.0, 10.550235, 3.55923, 0.002272, 4.256068, 10.499761, 0.0
7568.0, 10.583578, 3.563661, 0.002327, 4.256068, 10.499761, 0.0
7568.0, 10.583578, 3.563661, 0.002327, 4.256068, 10.499761, 0.0
7584.0, 10.616838, 3.56813, 0.002332, 4.256068, 10.499761, 0.0
7584.0, 10.616838, 3.56813, 0.002332, 4.256068, 10.499761, 0.0
7600.0, 10.650024, 3.57263, 0.002299, 4.256068, 10.499761, 0.0
7617.0, 10.683146, 3.577157, 0.00224, 4.256068, 10.499761, 0.0
7617.0, 10.683146, 3.577157, 0.00224, 4.256068, 10.499761, 0.0
7634.0, 10.716217, 3.581707, 0.002163, 4.256466, 10.999766, 0.0
7634.0, 10.716217, 3.581707, 0.002163, 4.256466, 10.999766, 0.0
7650.0, 10.749245, 3.586277, 0.002074, 4.256466, 10.999766, 0.0
7668.0, 10.782237, 3.590863, 0.001979, 4.256466, 10.999766, 0.0
7668.0, 10.782237, 3.590863, 0.001979, 4.256466, 10.999766, 0.0
7683.0, 10.815189, 3.595461, 0.001888, 4.256466, 10.999766, 0.0
7683.0, 10.815189, 3.595461, 0.001888, 4.256466, 10.999766, 0.0
7700.0, 10.848116, 3.60007, 0.001799, 4.256466, 10.999766, 0.0
7718.0, 10.881025, 3.604688, 0.001712, 4.256466, 10.999766, 0.0
7718.0, 10.881025, 3.604688, 0.001712, 4.256466, 10.999766, 0.0
7734.0, 10.913921, 3.609313, 0.001631, 4.256466, 10.999766, 0.0
7734.0, 10.913921, 3.609313, 0.001631, 4.256466, 10.999766, 0.0
7750.0, 10.946808, 3.613945, 0.001555, 4.256466, 10.999766, 0.0
7768.0, 10.979688, 3.618582, 0.001487, 4.256466, 10.999766, 0.0
7768.0, 10.979688, 3.618582, 0.001487, 4.256466, 10.999766, 0.0
7783.0, 11.012574, 3.623224, 0.001422, 4.256466, 10.999766, 0.0
7783.0, 11.012574, 3.623224, 0.001422, 4.256466, 10.999766, 0.0
7800.0, 11.045459, 3.627869, 0.001366, 4.256466, 10.999766, 0.0
7818.0, 11.078341, 3.632516, 0.001319, 4.256466, 10.999766, 0.0
7818.0, 11.078341, 3.632516, 0.001319, 4.256466, 10.999766, 0.0
7835.0, 11.111217, 3.637165, 0.001282, 4.256466, 10.999766, 0.0
7835.0, 11.111217, 3.637165, 0.001282, 4.256466, 10.999766, 0.0
7849.0, 11.144091, 3.641814, 0.001253, 4.256466, 10.999766, 0.0
7867.0, 11.17696, 3.646463, 0.001231, 4.256466, 10.999766, 0.0
7867.0, 11.17696, 3.646463, 0.001231, 4.256466, 10.999766, 0.0
7882.0, 11.209813, 3.65111, 0.00122, 4.256865, 11.499769, 0.0
7882.0, 11.209813, 3.65111, 0.00122, 4.256865, 11.499769, 0.0
7899.0, 11.24266, 3.655756, 0.001212, 4.256865, 11.499769, 0.0
7917.0, 11.275505, 3.660402, 0.001205, 4.256865, 11.499769, 0.0
7917.0, 11.275505, 3.660402, 0.001205, 4.256865, 11.499769, 0.0
7933.0, 11.308351, 3.665046, 0.001199, 4.256865, 11.499769, 0.0
7933.0, 11.308351, 3.665046, 0.001199, 4.256865, 11.499769, 0.0
7949.0, 11.341196, 3.669691, 0.001193, 4.256865, 11.499769, 0.0
7967.0, 11.374043, 3.674335, 0.001188, 4.256865, 11.499769, 0.0
7967.0, 11.374043, 3.674335, 0.001188, 4.256865, 11.499769, 0.0
7982.0, 11.406902, 3.678981, 0.001178, 4.256865, 11.499769, 0.0
7982.0, 11.406902, 3.678981, 0.001178, 4.256865, 11.499769, 0.0
7999.0, 11.439767, 3.683628, 0.001169, 4.256865, 11.499769, 0.0
8017.0, 11.472631, 3.688274, 0.001163, 4.256865, 11.499769, 0.0
8017.0, 11.472631, 3.688274, 0.001163, 4.256865, 11.499769, 0.0
8034.0, 11.505494, 3.69292, 0.00116, 4.256865, 11.499769, 0.0
8034.0, 11.505494, 3.69292, 0.00116, 4.256865, 11.499769, 0.0
8050.0, 11.538355, 3.697565, 0.00116, 4.256865, 11.499769, 0.0
8067.0, 11.571215, 3.70221, 0.00116, 4.256865, 11.499769, 0.0
8067.0, 11.571215, 3.70221, 0.00116, 4.256865, 11.499769, 0.0
8083.0, 11.604073, 3.706855, 0.00116, 4.256865, 11.499769, 0.0
8083.0, 11.604073, 3.706855, 0.00116, 4.256865, 11.499769, 0.0
8100.0, 11.63693, 3.711499, 0.001163, 4.256865, 11.499769, 0.0
8117.0, 11.669785, 3.716142, 0.001165, 4.256865, 11.499769, 0.0
8117.0, 11.669785, 3.716142, 0.001165, 4.256865, 11.499769, 0.0
8133.0, 11.702641, 3.720786, 0.001167, 4.257263, 11.999772, 0.0
8134.0, 11.702641, 3.720786, 0.001167, 4.257263, 11.999772, 0.0
8150.0, 11.735495, 3.725429, 0.001167, 4.257263, 11.999772, 0.0
8167.0, 11.768348, 3.730071, 0.00117, 4.257263, 11.999772, 0.0
8167.0, 11.768348, 3.730071, 0.00117, 4.257263, 11.999772, 0.0
8183.0, 11.801188, 3.734712, 0.001176, 4.257263, 11.999772, 0.0
8183.0, 11.801188, 3.734712, 0.001176, 4.257263, 11.999772, 0.0
8200.0, 11.834025, 3.739352, 0.001181, 4.257263, 11.999772, 0.0
8217.0, 11.866862, 3.743992, 0.001184, 4.257263, 11.999772, 0.0
8217.0, 11.866862, 3.743992, 0.001184, 4.257263, 11.999772, 0.0
8233.0, 11.8997, 3.748632, 0.001184, 4.257263, 11.999772, 0.0
8233.0, 11.8997, 3.748632, 0.001184, 4.257263, 11.999772, 0.0
8250.0, 11.93254, 3.753273, 0.001184, 4.257263, 11.999772, 0.0
8267.0, 11.965382, 3.757913, 0.00118, 4.257263, 11.999772, 0.0
8267.0, 11.965382, 3.757913, 0.00118, 4.257263, 11.999772, 0.0
8283.0, 11.998238, 3.762556, 0.001172, 4.257263, 11.999772, 0.0
8283.0, 11.998238, 3.762556, 0.001172, 4.257263, 11.999772, 0.0
8300.0, 12.031098, 3.7672, 0.001165, 4.257263, 11.999772, 0.0
8317.0, 12.06396, 3.771843, 0.001159, 4.257263, 11.999772, 0.0
8317.0, 12.06396, 3.771843, 0.001159, 4.257263, 11.999772, 0.0
8334.0, 12.096821, 3.776487, 0.001157, 4.257263, 11.999772, 0.0
8334.0, 12.096821, 3.776487, 0.001157, 4.257263, 11.999772, 0.0
8350.0, 12.129681, 3.781131, 0.001157, 4.257263, 11.999772, 0.0
8367.0, 12.162539, 3.785775, 0.001157, 4.257263, 11.999772, 0.0
8367.0, 12.162539, 3.785775, 0.001157, 4.257263, 11.999772, 0.0
8383.0, 12.195383, 3.790416, 0.001163, 4.257661, 12.499776, 0.0
8383.0, 12.195383, 3.790416, 0.001163, 4.257661, 12.499776, 0.0
8400.0, 12.228224, 3.795057, 0.00117, 4.257661, 12.499776, 0.0
8417.0, 12.261063, 3.799698, 0.001174, 4.257661, 12.499776, 0.0
8417.0, 12.261063, 3.799698, 0.001174, 4.257661, 12.499776, 0.0
8434.0, 12.293903, 3.804338, 0.001176, 4.257661, 12.499776, 0.0
8434.0, 12.293903, 3.804338, 0.001176, 4.257661, 12.499776, 0.0
8450.0, 12.326745, 3.808979, 0.001176, 4.257661, 12.499776, 0.0
8467.0, 12.359588, 3.81362, 0.001176, 4.257661, 12.499776, 0.0
8467.0, 12.359588, 3.81362, 0.001176, 4.257661, 12.499776, 0.0
8483.0, 12.392493, 3.818245, 0.001149, 4.257661, 12.499776, 0.0
8483.0, 12.392493, 3.818245, 0.001149, 4.257661, 12.499776, 0.0
8500.0, 12.425511, 3.822833, 0.001082, 4.257661, 12.499776, 0.0
8516.0, 12.458699, 3.827361, 0.000967, 4.257661, 12.499776, 0.0
8516.0, 12.458699, 3.827361, 0.000967, 4.257661, 12.499776, 0.0
8533.0, 12.492107, 3.831813, 0.0008, 4.257661, 12.499776, 0.0
8533.0, 12.492107, 3.831813, 0.0008, 4.257661, 12.499776, 0.0
8550.0, 12.525782, 3.836172, 0.000585, 4.257661, 12.499776, 0.0
8567.0, 12.55976, 3.840426, 0.00033, 4.257661, 12.499776, 0.0
8567.0, 12.55976, 3.840426, 0.00033, 4.257661, 12.499776, 0.0
8583.0, 12.594026, 3.844582, 0.000063, 4.257661, 12.499776, 0.0
8583.0, 12.594026, 3.844582, 0.000063, 4.257661, 12.499776, 0.0
8599.0, 12.628544, 3.848653, -0.000187, 4.257661, 12.499776, 0.0
8617.0, 12.663277, 3.852652, -0.000398, 4.257661, 12.499776, 0.0
8617.0, 12.663277, 3.852652, -0.000398, 4.257661, 12.499776, 0.0
8634.0, 12.698187, 3.85659, -0.000561, 4.258059, 12.99978, 0.0
8634.0, 12.698187, 3.85659, -0.000561, 4.258059, 12.99978, 0.0
8650.0, 12.733244, 3.860476, -0.000671, 4.258059, 12.99978, 0.0
8668.0, 12.768419, 3.864318, -0.00073, 4.258059, 12.99978, 0.0
8668.0, 12.768419, 3.864318, -0.00073, 4.258059, 12.99978, 0.0
8683.0, 12.803679, 3.86812, -0.00074, 4.258059, 12.99978, 0.0
8683.0, 12.803679, 3.86812, -0.00074, 4.258059, 12.99978, 0.0
8700.0, 12.839013, 3.871891, -0.000713, 4.258059, 12.99978, 0.0
8716.0, 12.874411, 3.875632, -0.000659, 4.258059, 12.99978, 0.0
8716.0, 12.874411, 3.875632, -0.000659, 4.258059, 12.99978, 0.0
8733.0, 12.909861, 3.87935, -0.000587, 4.258059, 12.99978, 0.0
8733.0, 12.909861, 3.87935, -0.000587, 4.258059, 12.99978, 0.0
8750.0, 12.945354, 3.883048, -0.000502, 4.258059, 12.99978, 0.0
8768.0, 12.980883, 3.886728, -0.000411, 4.258059, 12.99978, 0.0
8768.0, 12.980883, 3.886728, -0.000411, 4.258059, 12.99978, 0.0
8783.0, 13.016452, 3.890394, -0.000324, 4.258059, 12.99978, 0.0
8783.0, 13.016452, 3.890394, -0.000324, 4.258059, 12.99978, 0.0
8799.0, 13.052049, 3.89405, -0.000239, 4.258059, 12.99978, 0.0
8816.0, 13.087662, 3.897696, -0.000155, 4.258059, 12.99978, 0.0
8816.0, 13.087662, 3.897696, -0.000155, 4.258059, 12.99978, 0.0
8834.0, 13.123289, 3.901333, -0.000075, 4.258059, 12.99978, 0.0
8834.0, 13.123289, 3.901333, -0.000075, 4.258059, 12.99978, 0.0
8850.0, 13.158925, 3.904964, -0.000001, 4.258059, 12.99978, 0.0
8868.0, 13.194568, 3.90859, 0.000067, 4.258059, 12.99978, 0.0
8868.0, 13.194568, 3.90859, 0.000067, 4.258059, 12.99978, 0.0
8883.0, 13.230203, 3.91221, 0.000132, 4.258457, 13.499783, 0.0
8883.0, 13.230203, 3.91221, 0.000132, 4.258457, 13.499783, 0.0
8899.0, 13.265839, 3.915827, 0.000188, 4.258457, 13.499783, 0.0
8917.0, 13.301478, 3.919442, 0.000235, 4.258457, 13.499783, 0.0
8917.0, 13.301478, 3.919442, 0.000235, 4.258457, 13.499783, 0.0
8932.0, 13.337123, 3.923055, 0.000272, 4.258457, 13.499783, 0.0
8933.0, 13.337123, 3.923055, 0.000272, 4.258457, 13.499783, 0.0
8950.0, 13.372771, 3.926668, 0.0003, 4.258457, 13.499783, 0.0
8967.0, 13.408423, 3.930281, 0.000322, 4.258457, 13.499783, 0.0
8967.0, 13.408423, 3.930281, 0.000322, 4.258457, 13.499783, 0.0
8984.0, 13.444093, 3.933895, 0.000333, 4.258457, 13.499783, 0.0
8984.0, 13.444093, 3.933895, 0.000333, 4.258457, 13.499783, 0.0
9000.0, 13.479769, 3.93751, 0.000341, 4.258457, 13.499783, 0.0
9017.0, 13.515447, 3.941126, 0.000347, 4.258457, 13.499783, 0.0
9017.0, 13.515447, 3.941126, 0.000347, 4.258457, 13.499783, 0.0
9034.0, 13.551125, 3.944742, 0.000353, 4.258457, 13.499783, 0.0
9034.0, 13.551125, 3.944742, 0.000353, 4.258457, 13.499783, 0.0
9050.0, 13.586802, 3.948359, 0.000359, 4.258457, 13.499783, 0.0
9068.0, 13.622478, 3.951976, 0.000365, 4.258457, 13.499783, 0.0
9068.0, 13.622478, 3.951976, 0.000365, 4.258457, 13.499783, 0.0
9084.0, 13.658154, 3.955593, 0.00037, 4.258457, 13.499783, 0.0
9084.0, 13.658154, 3.955593, 0.00037, 4.258457, 13.499783, 0.0
9100.0, 13.69383, 3.959211, 0.000375, 4.258457, 13.499783, 0.0
9117.0, 13.729509, 3.962829, 0.000379, 4.258457, 13.499783, 0.0
9117.0, 13.729509, 3.962829, 0.000379, 4.258457, 13.499783, 0.0
9133.0, 13.765183, 3.966447, 0.000382, 4.258855, 13.999792, 0.0
9133.0, 13.765183, 3.966447, 0.000382, 4.258855, 13.999792, 0.0
9150.0, 13.800857, 3.970065, 0.000384, 4.258855, 13.999792, 0.0
9168.0, 13.83653, 3.973684, 0.000386, 4.258855, 13.999792, 0.0
9168.0, 13.83653, 3.973684, 0.000386, 4.258855, 13.999792, 0.0
9183.0, 13.87219, 3.977301, 0.000393, 4.258855, 13.999792, 0.0
9183.0, 13.87219, 3.977301, 0.000393, 4.258855, 13.999792, 0.0
9200.0, 13.907845, 3.980918, 0.000399, 4.258855, 13.999792, 0.0
9216.0, 13.9435, 3.984535, 0.000402, 4.258855, 13.999792, 0.0
9216.0, 13.9435, 3.984535, 0.000402, 4.258855, 13.999792, 0.0
9233.0, 13.979156, 3.988152, 0.000402, 4.258855, 13.999792, 0.0
9233.0, 13.979156, 3.988152, 0.000402, 4.258855, 13.999792, 0.0
9250.0, 14.014815, 3.991769, 0.000402, 4.258855, 13.999792, 0.0
9268.0, 14.050476, 3.995387, 0.000398, 4.258855, 13.999792, 0.0
9268.0, 14.050476, 3.995387, 0.000398, 4.258855, 13.999792, 0.0
9284.0, 14.086104, 3.999023, 0.00041, 4.258855, 13.999792, 0.0
9284.0, 14.086104, 3.999023, 0.00041, 4.258855, 13.999792, 0.0
9300.0, 14.121629, 4.002697, 0.000463, 4.258855, 13.999792, 0.0
9317.0, 14.156984, 4.006429, 0.000568, 4.258855, 13.999792, 0.0
9317.0, 14.156984, 4.006429, 0.000568, 4.258855, 13.999792, 0.0
9334.0, 14.192117, 4.010234, 0.00073, 4.258855, 13.999792, 0.0
9334.0, 14.192117, 4.010234, 0.00073, 4.258855, 13.999792, 0.0
9349.0, 14.226979, 4.014128, 0.000944, 4.258855, 13.999792, 0.0
9367.0, 14.261532, 4.018121, 0.001201, 4.258855, 13.999792, 0.0
9367.0, 14.261532, 4.018121, 0.001201, 4.258855, 13.999792, 0.0
9383.0, 14.295781, 4.022207, 0.001476, 4.259254, 14.499797, 0.0
9383.0, 14.295781, 4.022207, 0.001476, 4.259254, 14.499797, 0.0
9400.0, 14.32977, 4.026373, 0.001733, 4.259254, 14.499797, 0.0
9417.0, 14.363543, 4.030609, 0.00195, 4.259254, 14.499797, 0.0
9417.0, 14.363543, 4.030609, 0.00195, 4.259254, 14.499797, 0.0
9434.0, 14.397138, 4.034903, 0.002115, 4.259254, 14.499797, 0.0
9434.0, 14.397138, 4.034903, 0.002115, 4.259254, 14.499797, 0.0
9450.0, 14.430586, 4.039248, 0.002225, 4.259254, 14.499797, 0.0
9468.0, 14.463916, 4.043634, 0.002283, 4.259254, 14.499797, 0.0
9468.0, 14.463916, 4.043634, 0.002283, 4.259254, 14.499797, 0.0
9484.0, 14.497162, 4.048059, 0.00229, 4.259254, 14.499797, 0.0
9484.0, 14.497162, 4.048059, 0.00229, 4.259254, 14.499797, 0.0
9500.0, 14.530334, 4.052516, 0.00226, 4.259254, 14.499797, 0.0
9518.0, 14.563441, 4.057001, 0.002203, 4.259254, 14.499797, 0.0
9518.0, 14.563441, 4.057001, 0.002203, 4.259254, 14.499797, 0.0
9535.0, 14.596498, 4.061509, 0.002127, 4.259254, 14.499797, 0.0
9535.0, 14.596498, 4.061509, 0.002127, 4.259254, 14.499797, 0.0
9550.0, 14.629511, 4.066036, 0.00204, 4.259254, 14.499797, 0.0
9568.0, 14.662489, 4.07058, 0.001946, 4.259254, 14.499797, 0.0
9568.0, 14.662489, 4.07058, 0.001946, 4.259254, 14.499797, 0.0
9584.0, 14.695428, 4.075137, 0.001856, 4.259254, 14.499797, 0.0
9584.0, 14.695428, 4.075137, 0.001856, 4.259254, 14.499797, 0.0
9600.0, 14.72834, 4.079704, 0.001767, 4.259254, 14.499797, 0.0
9617.0, 14.761234, 4.08428, 0.001682, 4.259254, 14.499797, 0.0
9617.0, 14.761234, 4.08428, 0.001682, 4.259254, 14.499797, 0.0
9634.0, 14.794116, 4.088864, 0.0016, 4.259652, 14.999802, 0.0
9634.0, 14.794116, 4.088864, 0.0016, 4.259652, 14.999802, 0.0
9650.0, 14.826988, 4.093454, 0.001525, 4.259652, 14.999802, 0.0
9667.0, 14.859854, 4.09805, 0.001457, 4.259652, 14.999802, 0.0
9667.0, 14.859854, 4.09805, 0.001457, 4.259652, 14.999802, 0.0
9684.0, 14.892726, 4.10265, 0.001392, 4.259652, 14.999802, 0.0
9684.0, 14.892726, 4.10265, 0.001392, 4.259652, 14.999802, 0.0
9700.0, 14.925597, 4.107255, 0.001336, 4.259652, 14.999802, 0.0
9717.0, 14.958464, 4.111861, 0.00129, 4.259652, 14.999802, 0.0
9717.0, 14.958464, 4.111861, 0.00129, 4.259652, 14.999802, 0.0
9734.0, 14.991326, 4.116468, 0.001253, 4.259652, 14.999802, 0.0
9734.0, 14.991326, 4.116468, 0.001253, 4.259652, 14.999802, 0.0
9750.0, 15.024185, 4.121077, 0.001224, 4.259652, 14.999802, 0.0
9769.0, 15.05704, 4.125684, 0.001202, 4.259652, 14.999802, 0.0
9769.0, 15.05704, 4.125684, 0.001202, 4.259652, 14.999802, 0.0
9784.0, 15.089891, 4.130292, 0.001185, 4.259652, 14.999802, 0.0
9784.0, 15.089891, 4.130292, 0.001185, 4.259652, 14.999802, 0.0
9800.0, 15.12274, 4.1349, 0.001173, 4.259652, 14.999802, 0.0
9818.0, 15.155586, 4.139507, 0.001164, 4.259652, 14.999802, 0.0
9818.0, 15.155586, 4.139507, 0.001164, 4.259652, 14.999802, 0.0
9834.0, 15.188432, 4.144113, 0.001157, 4.259652, 14.999802, 0.0
9834.0, 15.188432, 4.144113, 0.001157, 4.259652, 14.999802, 0.0
9849.0, 15.221274, 4.148718, 0.001153, 4.259652, 14.999802, 0.0
9867.0, 15.254116, 4.153324, 0.001149, 4.259652, 14.999802, 0.0
9867.0, 15.254116, 4.153324, 0.001149, 4.259652, 14.999802, 0.0
9883.0, 15.286945, 4.157927, 0.001152, 4.26005, 15.499805, 0.0
9883.0, 15.286945, 4.157927, 0.001152, 4.26005, 15.499805, 0.0
9900.0, 15.319769, 4.162528, 0.001155, 4.26005, 15.499805, 0.0
9916.0, 15.352592, 4.16713, 0.001155, 4.26005, 15.499805, 0.0
9916.0, 15.352592, 4.16713, 0.001155, 4.26005, 15.499805, 0.0
9933.0, 15.385418, 4.171731, 0.001155, 4.26005, 15.499805, 0.0
9933.0, 15.385418, 4.171731, 0.001155, 4.26005, 15.499805, 0.0
9950.0, 15.418244, 4.176332, 0.001155, 4.26005, 15.499805, 0.0
9967.0, 15.451073, 4.180933, 0.001151, 4.26005, 15.499805, 0.0
9967.0, 15.451073, 4.180933, 0.001151, 4.26005, 15.499805, 0.0
9983.0, 15.483915, 4.185535, 0.001143, 4.26005, 15.499805, 0.0
9983.0, 15.483915, 4.185535, 0.001143, 4.26005, 15.499805, 0.0
