1.0, 0.0, 0.0, 0.002231, 0.382773, -0.923842, 0.0
1.0, 0.0, 0.0, 0.002231, 0.382773, -0.923842, 0.0
15.0, -0.000085, -0.00025, -0.004072, 0.382773, -0.923842, 0.0
33.0, -0.000195, -0.00035, -0.009467, 0.382773, -0.923842, 0.0
33.0, -0.000195, -0.00035, -0.009467, 0.382773, -0.923842, 0.0
49.0, -0.000243, -0.000252, -0.012176, 0.382773, -0.923842, 0.0
49.0, -0.000243, -0.000252, -0.012176, 0.382773, -0.923842, 0.0
64.0, -0.000154, -0.000073, -0.013326, 0.382773, -0.923842, 0.0
82.0, 0.000134, 0.000037, -0.013369, 0.382773, -0.923842, 0.0
82.0, 0.000134, 0.000037, -0.013369, 0.382773, -0.923842, 0.0
100.0, 0.000669, -0.000071, -0.012668, 0.382773, -0.923842, 0.0
100.0, 0.000669, -0.000071, -0.012668, 0.382773, -0.923842, 0.0
114.0, 0.00149, -0.000535, -0.011508, 0.382773, -0.923842, 0.0
133.0, 0.002388, -0.001323, -0.012065, 0.382773, -0.923842, 0.0
133.0, 0.002388, -0.001323, -0.012065, 0.382773, -0.923842, 0.0
147.0, 0.003621, -0.002352, -0.013041, 0.132153, -0.831906, 0.0
147.0, 0.003621, -0.002352, -0.013041, 0.132153, -0.831906, 0.0
164.0, 0.005218, -0.003672, -0.013579, 0.132153, -0.831906, 0.0
181.0, 0.007141, -0.005209, -0.013886, 0.132153, -0.831906, 0.0
181.0, 0.007141, -0.005209, -0.013886, 0.132153, -0.831906, 0.0
198.0, 0.009451, -0.006939, -0.014087, 0.132153, -0.831906, 0.0
198.0, 0.009451, -0.006939, -0.014087, 0.132153, -0.831906, 0.0
214.0, 0.011534, -0.008435, -0.01149, 0.132153, -0.831906, 0.0
234.0, 0.014461, -0.010091, -0.010171, 0.132153, -0.831906, 0.0
234.0, 0.014461, -0.010091, -0.010171, 0.132153, -0.831906, 0.0
247.0, 0.017907, -0.011993, -0.009143, 0.132153, -0.831906, 0.0
247.0, 0.017907, -0.011993, -0.009143, 0.132153, -0.831906, 0.0
264.0, 0.021798, -0.014116, -0.00836, 0.132153, -0.831906, 0.0
282.0, 0.026122, -0.016493, -0.007914, 0.132153, -0.831906, 0.0
282.0, 0.026122, -0.016493, -0.007914, 0.132153, -0.831906, 0.0
299.0, 0.030859, -0.019121, -0.007585, 0.132153, -0.831906, 0.0
299.0, 0.030859, -0.019121, -0.007585, 0.132153, -0.831906, 0.0
314.0, 0.036018, -0.022005, -0.00737, 0.132153, -0.831906, 0.0
332.0, 0.041608, -0.025147, -0.00725, 0.132153, -0.831906, 0.0
332.0, 0.041608, -0.025147, -0.00725, 0.132153, -0.831906, 0.0
348.0, 0.047635, -0.028547, -0.007209, 0.132153, -0.831906, 0.0
348.0, 0.047635, -0.028547, -0.007209, 0.132153, -0.831906, 0.0
364.0, 0.0541, -0.032199, -0.007229, 0.132153, -0.831906, 0.0
381.0, 0.061005, -0.036099, -0.007298, 0.132153, -0.831906, 0.0
381.0, 0.061005, -0.036099, -0.007298, 0.132153, -0.831906, 0.0
398.0, 0.068352, -0.040243, -0.007404, -0.337265, -0.659707, 0.0
398.0, 0.068352, -0.040243, -0.007404, -0.337265, -0.659707, 0.0
414.0, 0.076142, -0.044627, -0.007536, -0.337265, -0.659707, 0.0
431.0, 0.084377, -0.04925, -0.007688, -0.337265, -0.659707, 0.0
431.0, 0.084377, -0.04925, -0.007688, -0.337265, -0.659707, 0.0
448.0, 0.093057, -0.054105, -0.007853, -0.337265, -0.659707, 0.0
448.0, 0.093057, -0.054105, -0.007853, -0.337265, -0.659707, 0.0
464.0, 0.102184, -0.059191, -0.008027, -0.337265, -0.659707, 0.0
481.0, 0.11176, -0.064502, -0.008204, -0.337265, -0.659707, 0.0
481.0, 0.11176, -0.064502, -0.008204, -0.337265, -0.659707, 0.0
498.0, 0.121786, -0.070037, -0.008384, -0.337265, -0.659707, 0.0
498.0, 0.121786, -0.070037, -0.008384, -0.337265, -0.659707, 0.0
514.0, 0.132262, -0.075793, -0.008563, -0.337265, -0.659707, 0.0
533.0, 0.143189, -0.081768, -0.008739, -0.337265, -0.659707, 0.0
533.0, 0.143189, -0.081768, -0.008739, -0.337265, -0.659707, 0.0
566.0, 0.154564, -0.087955, -0.008911, -0.337265, -0.659707, 0.0
566.0, 0.154564, -0.087955, -0.008911, -0.337265, -0.659707, 0.0
577.0, 0.174531, -0.098757, -0.009224, -0.337265, -0.659707, 0.0
577.0, 0.174531, -0.098757, -0.009224, -0.337265, -0.659707, 0.0
577.0, 0.174531, -0.098757, -0.009224, -0.337265, -0.659707, 0.0
593.0, 0.187025, -0.105454, -0.009576, -0.337265, -0.659707, 0.0
610.0, 0.200159, -0.112442, -0.009815, -0.337265, -0.659707, 0.0
610.0, 0.200159, -0.112442, -0.009815, -0.337265, -0.659707, 0.0
626.0, 0.21381, -0.119657, -0.010059, -0.337265, -0.659707, 0.0
626.0, 0.21381, -0.119657, -0.010059, -0.337265, -0.659707, 0.0
642.0, 0.228333, -0.127297, -0.010414, -0.797676, -0.490813, 0.0
659.0, 0.24333, -0.135151, -0.010655, -0.797676, -0.490813, 0.0
659.0, 0.24333, -0.135151, -0.010655, -0.797676, -0.490813, 0.0
678.0, 0.258602, -0.143122, -0.010728, -0.797676, -0.490813, 0.0
678.0, 0.258602, -0.143122, -0.010728, -0.797676, -0.490813, 0.0
692.0, 0.274042, -0.15116, -0.010645, -0.797676, -0.490813, 0.0
710.0, 0.28959, -0.159243, -0.01044, -0.797676, -0.490813, 0.0
710.0, 0.28959, -0.159243, -0.01044, -0.797676, -0.490813, 0.0
727.0, 0.305211, -0.167358, -0.010149, -0.797676, -0.490813, 0.0
727.0, 0.305211, -0.167358, -0.010149, -0.797676, -0.490813, 0.0
742.0, 0.320359, -0.175234, -0.00961, -0.797676, -0.490813, 0.0
761.0, 0.335299, -0.183031, -0.009045, -0.797676, -0.490813, 0.0
761.0, 0.335299, -0.183031, -0.009045, -0.797676, -0.490813, 0.0
777.0, 0.350101, -0.190801, -0.008518, -0.797676, -0.490813, 0.0
777.0, 0.350101, -0.190801, -0.008518, -0.797676, -0.490813, 0.0
793.0, 0.364756, -0.198552, -0.008039, -0.797676, -0.490813, 0.0
810.0, 0.379227, -0.206274, -0.007601, -0.797676, -0.490813, 0.0
810.0, 0.379227, -0.206274, -0.007601, -0.797676, -0.490813, 0.0
827.0, 0.393469, -0.213951, -0.007193, -0.797676, -0.490813, 0.0
827.0, 0.393469, -0.213951, -0.007193, -0.797676, -0.490813, 0.0
842.0, 0.407441, -0.221569, -0.006807, -0.797676, -0.490813, 0.0
859.0, 0.421105, -0.229115, -0.006437, -0.797676, -0.490813, 0.0
859.0, 0.421105, -0.229115, -0.006437, -0.797676, -0.490813, 0.0
876.0, 0.434429, -0.236579, -0.006083, -0.797676, -0.490813, 0.0
876.0, 0.434429, -0.236579, -0.006083, -0.797676, -0.490813, 0.0
892.0, 0.447386, -0.243952, -0.005741, -1.267093, -0.318615, 0.0
909.0, 0.459954, -0.251226, -0.005414, -1.267093, -0.318615, 0.0
909.0, 0.459954, -0.251226, -0.005414, -1.267093, -0.318615, 0.0
929.0, 0.472511, -0.258629, -0.005092, -1.267093, -0.318615, 0.0
929.0, 0.472511, -0.258629, -0.005092, -1.267093, -0.318615, 0.0
943.0, 0.484194, -0.265658, -0.004778, -1.267093, -0.318615, 0.0
960.0, 0.495433, -0.272567, -0.004482, -1.267093, -0.318615, 0.0
960.0, 0.495433, -0.272567, -0.004482, -1.267093, -0.318615, 0.0
978.0, 0.506231, -0.27936, -0.004213, -1.267093, -0.318615, 0.0
978.0, 0.506231, -0.27936, -0.004213, -1.267093, -0.318615, 0.0
993.0, 0.516632, -0.286066, -0.003967, -1.267093, -0.318615, 0.0
1010.0, 0.52654, -0.292625, -0.003744, -1.267093, -0.318615, 0.0
1010.0, 0.52654, -0.292625, -0.003744, -1.267093, -0.318615, 0.0
1028.0, 0.535997, -0.299065, -0.003541, -1.267093, -0.318615, 0.0
1028.0, 0.535997, -0.299065, -0.003541, -1.267093, -0.318615, 0.0
1043.0, 0.545073, -0.305417, -0.003384, -1.267093, -0.318615, 0.0
1061.0, 0.553806, -0.31168, -0.003278, -1.267093, -0.318615, 0.0
1061.0, 0.553806, -0.31168, -0.003278, -1.267093, -0.318615, 0.0
1077.0, 0.562246, -0.317864, -0.003226, -1.267093, -0.318615, 0.0
1077.0, 0.562246, -0.317864, -0.003226, -1.267093, -0.318615, 0.0
1092.0, 0.570439, -0.323981, -0.00323, -1.267093, -0.318615, 0.0
1109.0, 0.578431, -0.330042, -0.003286, -1.267093, -0.318615, 0.0
1109.0, 0.578431, -0.330042, -0.003286, -1.267093, -0.318615, 0.0
1127.0, 0.586258, -0.336057, -0.003385, -1.267093, -0.318615, 0.0
1127.0, 0.586258, -0.336057, -0.003385, -1.267093, -0.318615, 0.0
1142.0, 0.594006, -0.342056, -0.003543, -1.737685, -0.145985, 0.0
1159.0, 0.601757, -0.348067, -0.003765, -1.737685, -0.145985, 0.0
1159.0, 0.601757, -0.348067, -0.003765, -1.737685, -0.145985, 0.0
1177.0, 0.609771, -0.354256, -0.004059, -1.737685, -0.145985, 0.0
1177.0, 0.609771, -0.354256, -0.004059, -1.737685, -0.145985, 0.0
1193.0, 0.617756, -0.360367, -0.004409, -1.737685, -0.145985, 0.0
1210.0, 0.625955, -0.366561, -0.004808, -1.737685, -0.145985, 0.0
1210.0, 0.625955, -0.366561, -0.004808, -1.737685, -0.145985, 0.0
1228.0, 0.634416, -0.372855, -0.005242, -1.737685, -0.145985, 0.0
1228.0, 0.634416, -0.372855, -0.005242, -1.737685, -0.145985, 0.0
1243.0, 0.643153, -0.379245, -0.005689, -1.737685, -0.145985, 0.0
1260.0, 0.652215, -0.385756, -0.006147, -1.737685, -0.145985, 0.0
1260.0, 0.652215, -0.385756, -0.006147, -1.737685, -0.145985, 0.0
1277.0, 0.661635, -0.392406, -0.006608, -1.737685, -0.145985, 0.0
1277.0, 0.661635, -0.392406, -0.006608, -1.737685, -0.145985, 0.0
1295.0, 0.671436, -0.399205, -0.007062, -1.737685, -0.145985, 0.0
1311.0, 0.681636, -0.406162, -0.007502, -1.737685, -0.145985, 0.0
1311.0, 0.681636, -0.406162, -0.007502, -1.737685, -0.145985, 0.0
1327.0, 0.692249, -0.413282, -0.007921, -1.737685, -0.145985, 0.0
1327.0, 0.692249, -0.413282, -0.007921, -1.737685, -0.145985, 0.0
1343.0, 0.703314, -0.420591, -0.008326, -1.737685, -0.145985, 0.0
1360.0, 0.71482, -0.428079, -0.008703, -1.737685, -0.145985, 0.0
1360.0, 0.71482, -0.428079, -0.008703, -1.737685, -0.145985, 0.0
1377.0, 0.726763, -0.435743, -0.009047, -1.737685, -0.145985, 0.0
1377.0, 0.726763, -0.435743, -0.009047, -1.737685, -0.145985, 0.0
1392.0, 0.739145, -0.443584, -0.009357, -2.207852, 0.026488, 0.0
1409.0, 0.751968, -0.451603, -0.009637, -2.207852, 0.026488, 0.0
1409.0, 0.751968, -0.451603, -0.009637, -2.207852, 0.026488, 0.0
1428.0, 0.765237, -0.459804, -0.009889, -2.207852, 0.026488, 0.0
1428.0, 0.765237, -0.459804, -0.009889, -2.207852, 0.026488, 0.0
1443.0, 0.778948, -0.468182, -0.010115, -2.207852, 0.026488, 0.0
1460.0, 0.793108, -0.476741, -0.010322, -2.207852, 0.026488, 0.0
1460.0, 0.793108, -0.476741, -0.010322, -2.207852, 0.026488, 0.0
1477.0, 0.807722, -0.485481, -0.010514, -2.207852, 0.026488, 0.0
1477.0, 0.807722, -0.485481, -0.010514, -2.207852, 0.026488, 0.0
1493.0, 0.822792, -0.494401, -0.010692, -2.207852, 0.026488, 0.0
1511.0, 0.839613, -0.504258, -0.010875, -2.207852, 0.026488, 0.0
1511.0, 0.839613, -0.504258, -0.010875, -2.207852, 0.026488, 0.0
1530.0, 0.855624, -0.513546, -0.011055, -2.207852, 0.026488, 0.0
1530.0, 0.855624, -0.513546, -0.011055, -2.207852, 0.026488, 0.0
1546.0, 0.871976, -0.522938, -0.011172, -2.207852, 0.026488, 0.0
1546.0, 0.871976, -0.522938, -0.011172, -2.207852, 0.026488, 0.0
1561.0, 0.888757, -0.532483, -0.011286, -2.207852, 0.026488, 0.0
1579.0, 0.906004, -0.542197, -0.011413, -2.207852, 0.026488, 0.0
1579.0, 0.906004, -0.542197, -0.011413, -2.207852, 0.026488, 0.0
1596.0, 0.923734, -0.552087, -0.011554, -2.207852, 0.026488, 0.0
1596.0, 0.923734, -0.552087, -0.011554, -2.207852, 0.026488, 0.0
1611.0, 0.94195, -0.562151, -0.011707, -2.207852, 0.026488, 0.0
1631.0, 0.960655, -0.572385, -0.011866, -2.207852, 0.026488, 0.0
1631.0, 0.960655, -0.572385, -0.011866, -2.207852, 0.026488, 0.0
1644.0, 0.979915, -0.582851, -0.012047, -2.679915, 0.199657, 0.0
1644.0, 0.979915, -0.582851, -0.012047, -2.679915, 0.199657, 0.0
1660.0, 0.999487, -0.593449, -0.012139, -2.679915, 0.199657, 0.0
1680.0, 1.019198, -0.604116, -0.012097, -2.679915, 0.199657, 0.0
1680.0, 1.019198, -0.604116, -0.012097, -2.679915, 0.199657, 0.0
1695.0, 1.038918, -0.614814, -0.011916, -2.679915, 0.199657, 0.0
1695.0, 1.038918, -0.614814, -0.011916, -2.679915, 0.199657, 0.0
1712.0, 1.059644, -0.626113, -0.011592, -2.679915, 0.199657, 0.0
1733.0, 1.079084, -0.636794, -0.011185, -2.679915, 0.199657, 0.0
1733.0, 1.079084, -0.636794, -0.011185, -2.679915, 0.199657, 0.0
1746.0, 1.098176, -0.647385, -0.01066, -2.679915, 0.199657, 0.0
1746.0, 1.098176, -0.647385, -0.01066, -2.679915, 0.199657, 0.0
1761.0, 1.11695, -0.657922, -0.010094, -2.679915, 0.199657, 0.0
1781.0, 1.135396, -0.668419, -0.009525, -2.679915, 0.199657, 0.0
1781.0, 1.135396, -0.668419, -0.009525, -2.679915, 0.199657, 0.0
1796.0, 1.153494, -0.678875, -0.008973, -2.679915, 0.199657, 0.0
1796.0, 1.153494, -0.678875, -0.008973, -2.679915, 0.199657, 0.0
1813.0, 1.17122, -0.689287, -0.008449, -2.679915, 0.199657, 0.0
1831.0, 1.188555, -0.699652, -0.00796, -2.679915, 0.199657, 0.0
1831.0, 1.188555, -0.699652, -0.00796, -2.679915, 0.199657, 0.0
1846.0, 1.205581, -0.71003, -0.007551, -2.679915, 0.199657, 0.0
1846.0, 1.205581, -0.71003, -0.007551, -2.679915, 0.199657, 0.0
1863.0, 1.222208, -0.720372, -0.007176, -2.679915, 0.199657, 0.0
1880.0, 1.23839, -0.730657, -0.006823, -2.679915, 0.199657, 0.0
1880.0, 1.23839, -0.730657, -0.006823, -2.679915, 0.199657, 0.0
1895.0, 1.254107, -0.740877, -0.00649, -3.151102, 0.372505, 0.0
1895.0, 1.254107, -0.740877, -0.00649, -3.151102, 0.372505, 0.0
1912.0, 1.269346, -0.75103, -0.00618, -3.151102, 0.372505, 0.0
1931.0, 1.284103, -0.761115, -0.005895, -3.151102, 0.372505, 0.0
1931.0, 1.284103, -0.761115, -0.005895, -3.151102, 0.372505, 0.0
1945.0, 1.298374, -0.771134, -0.005637, -3.151102, 0.372505, 0.0
1945.0, 1.298374, -0.771134, -0.005637, -3.151102, 0.372505, 0.0
1962.0, 1.312156, -0.781085, -0.005406, -3.151102, 0.372505, 0.0
1980.0, 1.325449, -0.790969, -0.0052, -3.151102, 0.372505, 0.0
1980.0, 1.325449, -0.790969, -0.0052, -3.151102, 0.372505, 0.0
1996.0, 1.338252, -0.800787, -0.005017, -3.151102, 0.372505, 0.0
1996.0, 1.338252, -0.800787, -0.005017, -3.151102, 0.372505, 0.0
2012.0, 1.350564, -0.810539, -0.004854, -3.151102, 0.372505, 0.0
2031.0, 1.362386, -0.820224, -0.004709, -3.151102, 0.372505, 0.0
2031.0, 1.362386, -0.820224, -0.004709, -3.151102, 0.372505, 0.0
2046.0, 1.373712, -0.829836, -0.004576, -3.151102, 0.372505, 0.0
2046.0, 1.373712, -0.829836, -0.004576, -3.151102, 0.372505, 0.0
2062.0, 1.384547, -0.839374, -0.004454, -3.151102, 0.372505, 0.0
2080.0, 1.394893, -0.848837, -0.004341, -3.151102, 0.372505, 0.0
2080.0, 1.394893, -0.848837, -0.004341, -3.151102, 0.372505, 0.0
2095.0, 1.404749, -0.858222, -0.004234, -3.151102, 0.372505, 0.0
2095.0, 1.404749, -0.858222, -0.004234, -3.151102, 0.372505, 0.0
2112.0, 1.414117, -0.867525, -0.004131, -3.151102, 0.372505, 0.0
2129.0, 1.422997, -0.876746, -0.004029, -3.151102, 0.372505, 0.0
2129.0, 1.422997, -0.876746, -0.004029, -3.151102, 0.372505, 0.0
2146.0, 1.431491, -0.885909, -0.00397, -3.620518, 0.544703, 0.0
2146.0, 1.431491, -0.885909, -0.00397, -3.620518, 0.544703, 0.0
2162.0, 1.43972, -0.895039, -0.003989, -3.620518, 0.544703, 0.0
2179.0, 1.447806, -0.904166, -0.004107, -3.620518, 0.544703, 0.0
2179.0, 1.447806, -0.904166, -0.004107, -3.620518, 0.544703, 0.0
2196.0, 1.455858, -0.913312, -0.004331, -3.620518, 0.544703, 0.0
2196.0, 1.455858, -0.913312, -0.004331, -3.620518, 0.544703, 0.0
2212.0, 1.463971, -0.922499, -0.004654, -3.620518, 0.544703, 0.0
2230.0, 1.472223, -0.931743, -0.005062, -3.620518, 0.544703, 0.0
2230.0, 1.472223, -0.931743, -0.005062, -3.620518, 0.544703, 0.0
2246.0, 1.480677, -0.941059, -0.005534, -3.620518, 0.544703, 0.0
2246.0, 1.480677, -0.941059, -0.005534, -3.620518, 0.544703, 0.0
2264.0, 1.489388, -0.950464, -0.006053, -3.620518, 0.544703, 0.0
2280.0, 1.498398, -0.959973, -0.006598, -3.620518, 0.544703, 0.0
2280.0, 1.498398, -0.959973, -0.006598, -3.620518, 0.544703, 0.0
2296.0, 1.507743, -0.969597, -0.007154, -3.620518, 0.544703, 0.0
2296.0, 1.507743, -0.969597, -0.007154, -3.620518, 0.544703, 0.0
2312.0, 1.517449, -0.979345, -0.007704, -3.620518, 0.544703, 0.0
2331.0, 1.527541, -0.989225, -0.008239, -3.620518, 0.544703, 0.0
2331.0, 1.527541, -0.989225, -0.008239, -3.620518, 0.544703, 0.0
2346.0, 1.538038, -0.999249, -0.008749, -3.620518, 0.544703, 0.0
2346.0, 1.538038, -0.999249, -0.008749, -3.620518, 0.544703, 0.0
2362.0, 1.548952, -1.009419, -0.009229, -3.620518, 0.544703, 0.0
2380.0, 1.560291, -1.019741, -0.009673, -3.620518, 0.544703, 0.0
2380.0, 1.560291, -1.019741, -0.009673, -3.620518, 0.544703, 0.0
2396.0, 1.572064, -1.030219, -0.01008, -4.089935, 0.716901, 0.0
2396.0, 1.572064, -1.030219, -0.01008, -4.089935, 0.716901, 0.0
2413.0, 1.584276, -1.040856, -0.010451, -4.089935, 0.716901, 0.0
2433.0, 1.596933, -1.051657, -0.010788, -4.089935, 0.716901, 0.0
2433.0, 1.596933, -1.051657, -0.010788, -4.089935, 0.716901, 0.0
2450.0, 1.61004, -1.062622, -0.011092, -4.089935, 0.716901, 0.0
2450.0, 1.61004, -1.062622, -0.011092, -4.089935, 0.716901, 0.0
2463.0, 1.6236, -1.073753, -0.011367, -4.089935, 0.716901, 0.0
2480.0, 1.637615, -1.085051, -0.011616, -4.089935, 0.716901, 0.0
2480.0, 1.637615, -1.085051, -0.011616, -4.089935, 0.716901, 0.0
2497.0, 1.65209, -1.096515, -0.011843, -4.089935, 0.716901, 0.0
2497.0, 1.65209, -1.096515, -0.011843, -4.089935, 0.716901, 0.0
2512.0, 1.667025, -1.108146, -0.012051, -4.089935, 0.716901, 0.0
2530.0, 1.682423, -1.119944, -0.012241, -4.089935, 0.716901, 0.0
2530.0, 1.682423, -1.119944, -0.012241, -4.089935, 0.716901, 0.0
2545.0, 1.698279, -1.131902, -0.012416, -4.089935, 0.716901, 0.0
2545.0, 1.698279, -1.131902, -0.012416, -4.089935, 0.716901, 0.0
2562.0, 1.7146, -1.144018, -0.01258, -4.089935, 0.716901, 0.0
2579.0, 1.731391, -1.156291, -0.012736, -4.089935, 0.716901, 0.0
2579.0, 1.731391, -1.156291, -0.012736, -4.089935, 0.716901, 0.0
2596.0, 1.748654, -1.168718, -0.012886, -4.089935, 0.716901, 0.0
2596.0, 1.748654, -1.168718, -0.012886, -4.089935, 0.716901, 0.0
2611.0, 1.76639, -1.181296, -0.01303, -4.089935, 0.716901, 0.0
2631.0, 1.784601, -1.194023, -0.013171, -4.089935, 0.716901, 0.0
2631.0, 1.784601, -1.194023, -0.013171, -4.089935, 0.716901, 0.0
2649.0, 1.803197, -1.206878, -0.013268, -4.559351, 0.889099, 0.0
2649.0, 1.803197, -1.206878, -0.013268, -4.559351, 0.889099, 0.0
2662.0, 1.822046, -1.219829, -0.01328, -4.559351, 0.889099, 0.0
2680.0, 1.841023, -1.232845, -0.013185, -4.559351, 0.889099, 0.0
2680.0, 1.841023, -1.232845, -0.013185, -4.559351, 0.889099, 0.0
2697.0, 1.860015, -1.2459, -0.012979, -4.559351, 0.889099, 0.0
2697.0, 1.860015, -1.2459, -0.012979, -4.559351, 0.889099, 0.0
2713.0, 1.878929, -1.258974, -0.012671, -4.559351, 0.889099, 0.0
2731.0, 1.897682, -1.272048, -0.012276, -4.559351, 0.889099, 0.0
2731.0, 1.897682, -1.272048, -0.012276, -4.559351, 0.889099, 0.0
2746.0, 1.916204, -1.285107, -0.011814, -4.559351, 0.889099, 0.0
2746.0, 1.916204, -1.285107, -0.011814, -4.559351, 0.889099, 0.0
2763.0, 1.934445, -1.298148, -0.011309, -4.559351, 0.889099, 0.0
2779.0, 1.952364, -1.311168, -0.010783, -4.559351, 0.889099, 0.0
2779.0, 1.952364, -1.311168, -0.010783, -4.559351, 0.889099, 0.0
2795.0, 1.969926, -1.324162, -0.010256, -4.559351, 0.889099, 0.0
2795.0, 1.969926, -1.324162, -0.010256, -4.559351, 0.889099, 0.0
2811.0, 1.987105, -1.337128, -0.009741, -4.559351, 0.889099, 0.0
2829.0, 2.003877, -1.350062, -0.00925, -4.559351, 0.889099, 0.0
2829.0, 2.003877, -1.350062, -0.00925, -4.559351, 0.889099, 0.0
2846.0, 2.020231, -1.362968, -0.008793, -4.559351, 0.889099, 0.0
2846.0, 2.020231, -1.362968, -0.008793, -4.559351, 0.889099, 0.0
2862.0, 2.036149, -1.375841, -0.008372, -4.559351, 0.889099, 0.0
2879.0, 2.051618, -1.38868, -0.007989, -4.559351, 0.889099, 0.0
2879.0, 2.051618, -1.38868, -0.007989, -4.559351, 0.889099, 0.0
2896.0, 2.066627, -1.401485, -0.007644, -5.028769, 1.061298, 0.0
2896.0, 2.066627, -1.401485, -0.007644, -5.028769, 1.061298, 0.0
2914.0, 2.08117, -1.414256, -0.007337, -5.028769, 1.061298, 0.0
2933.0, 2.095242, -1.426992, -0.007065, -5.028769, 1.061298, 0.0
2933.0, 2.095242, -1.426992, -0.007065, -5.028769, 1.061298, 0.0
2949.0, 2.108832, -1.439689, -0.006823, -5.028769, 1.061298, 0.0
2949.0, 2.108832, -1.439689, -0.006823, -5.028769, 1.061298, 0.0
2963.0, 2.121941, -1.452349, -0.00661, -5.028769, 1.061298, 0.0
2979.0, 2.134569, -1.464972, -0.006423, -5.028769, 1.061298, 0.0
2979.0, 2.134569, -1.464972, -0.006423, -5.028769, 1.061298, 0.0
2997.0, 2.146713, -1.477557, -0.006259, -5.028769, 1.061298, 0.0
2997.0, 2.146713, -1.477557, -0.006259, -5.028769, 1.061298, 0.0
3012.0, 2.158371, -1.490106, -0.006112, -5.028769, 1.061298, 0.0
3031.0, 2.169544, -1.502616, -0.00598, -5.028769, 1.061298, 0.0
3031.0, 2.169544, -1.502616, -0.00598, -5.028769, 1.061298, 0.0
3045.0, 2.180333, -1.515104, -0.005903, -5.028769, 1.061298, 0.0
3045.0, 2.180333, -1.515104, -0.005903, -5.028769, 1.061298, 0.0
3062.0, 2.190861, -1.527581, -0.005915, -5.028769, 1.061298, 0.0
3078.0, 2.201252, -1.540059, -0.006036, -5.028769, 1.061298, 0.0
3078.0, 2.201252, -1.540059, -0.006036, -5.028769, 1.061298, 0.0
3096.0, 2.211616, -1.552552, -0.006269, -5.028769, 1.061298, 0.0
3096.0, 2.211616, -1.552552, -0.006269, -5.028769, 1.061298, 0.0
3111.0, 2.222049, -1.565067, -0.006605, -5.028769, 1.061298, 0.0
3131.0, 2.232633, -1.577615, -0.007028, -5.028769, 1.061298, 0.0
3131.0, 2.232633, -1.577615, -0.007028, -5.028769, 1.061298, 0.0
3146.0, 2.243432, -1.590204, -0.007518, -5.498186, 1.233496, 0.0
3146.0, 2.243432, -1.590204, -0.007518, -5.498186, 1.233496, 0.0
3162.0, 2.254502, -1.602845, -0.008052, -5.498186, 1.233496, 0.0
3179.0, 2.265886, -1.615546, -0.008609, -5.498186, 1.233496, 0.0
3179.0, 2.265886, -1.615546, -0.008609, -5.498186, 1.233496, 0.0
3196.0, 2.277619, -1.628313, -0.009172, -5.498186, 1.233496, 0.0
3196.0, 2.277619, -1.628313, -0.009172, -5.498186, 1.233496, 0.0
3212.0, 2.289729, -1.641155, -0.009726, -5.498186, 1.233496, 0.0
3231.0, 2.302238, -1.654074, -0.010258, -5.498186, 1.233496, 0.0
3231.0, 2.302238, -1.654074, -0.010258, -5.498186, 1.233496, 0.0
3246.0, 2.31516, -1.667072, -0.010758, -5.498186, 1.233496, 0.0
3246.0, 2.31516, -1.667072, -0.010758, -5.498186, 1.233496, 0.0
3262.0, 2.328511, -1.680157, -0.011223, -5.498186, 1.233496, 0.0
3279.0, 2.342305, -1.693333, -0.011651, -5.498186, 1.233496, 0.0
3279.0, 2.342305, -1.693333, -0.011651, -5.498186, 1.233496, 0.0
3296.0, 2.356551, -1.706603, -0.012039, -5.498186, 1.233496, 0.0
3296.0, 2.356551, -1.706603, -0.012039, -5.498186, 1.233496, 0.0
3311.0, 2.371255, -1.719972, -0.01239, -5.498186, 1.233496, 0.0
3331.0, 2.386424, -1.733441, -0.012704, -5.498186, 1.233496, 0.0
3331.0, 2.386424, -1.733441, -0.012704, -5.498186, 1.233496, 0.0
3346.0, 2.402067, -1.747014, -0.012986, -5.498186, 1.233496, 0.0
3346.0, 2.402067, -1.747014, -0.012986, -5.498186, 1.233496, 0.0
3363.0, 2.418185, -1.760686, -0.013237, -5.498186, 1.233496, 0.0
3379.0, 2.434779, -1.774452, -0.01346, -5.498186, 1.233496, 0.0
3379.0, 2.434779, -1.774452, -0.01346, -5.498186, 1.233496, 0.0
3397.0, 2.451852, -1.788311, -0.013657, -5.967603, 1.405694, 0.0
3397.0, 2.451852, -1.788311, -0.013657, -5.967603, 1.405694, 0.0
3412.0, 2.469405, -1.80226, -0.013833, -5.967603, 1.405694, 0.0
3429.0, 2.48744, -1.816298, -0.01399, -5.967603, 1.405694, 0.0
3429.0, 2.48744, -1.816298, -0.01399, -5.967603, 1.405694, 0.0
3445.0, 2.505851, -1.830407, -0.014085, -5.967603, 1.405694, 0.0
3445.0, 2.505851, -1.830407, -0.014085, -5.967603, 1.405694, 0.0
3462.0, 2.524516, -1.844577, -0.014088, -5.967603, 1.405694, 0.0
3479.0, 2.543311, -1.858795, -0.01398, -5.967603, 1.405694, 0.0
3479.0, 2.543311, -1.858795, -0.01398, -5.967603, 1.405694, 0.0
3495.0, 2.562124, -1.873051, -0.013758, -5.967603, 1.405694, 0.0
3495.0, 2.562124, -1.873051, -0.013758, -5.967603, 1.405694, 0.0
3512.0, 2.580864, -1.887338, -0.013432, -5.967603, 1.405694, 0.0
3530.0, 2.599442, -1.901641, -0.013021, -5.967603, 1.405694, 0.0
3530.0, 2.599442, -1.901641, -0.013021, -5.967603, 1.405694, 0.0
3546.0, 2.617801, -1.915966, -0.012549, -5.967603, 1.405694, 0.0
3546.0, 2.617801, -1.915966, -0.012549, -5.967603, 1.405694, 0.0
3562.0, 2.635882, -1.930308, -0.012035, -5.967603, 1.405694, 0.0
3579.0, 2.65364, -1.944666, -0.011502, -5.967603, 1.405694, 0.0
3579.0, 2.65364, -1.944666, -0.011502, -5.967603, 1.405694, 0.0
3596.0, 2.671039, -1.959039, -0.010968, -5.967603, 1.405694, 0.0
3596.0, 2.671039, -1.959039, -0.010968, -5.967603, 1.405694, 0.0
3612.0, 2.68805, -1.973426, -0.010447, -5.967603, 1.405694, 0.0
3630.0, 2.704651, -1.987826, -0.009953, -5.967603, 1.405694, 0.0
3630.0, 2.704651, -1.987826, -0.009953, -5.967603, 1.405694, 0.0
3647.0, 2.720825, -2.002241, -0.009493, -6.437026, 1.577895, 0.0
3647.0, 2.720825, -2.002241, -0.009493, -6.437026, 1.577895, 0.0
3662.0, 2.736558, -2.016672, -0.009074, -6.437026, 1.577895, 0.0
3678.0, 2.75184, -2.031121, -0.008697, -6.437026, 1.577895, 0.0
3678.0, 2.75184, -2.031121, -0.008697, -6.437026, 1.577895, 0.0
3695.0, 2.766663, -2.045588, -0.008363, -6.437026, 1.577895, 0.0
3695.0, 2.766663, -2.045588, -0.008363, -6.437026, 1.577895, 0.0
3712.0, 2.781019, -2.060076, -0.00807, -6.437026, 1.577895, 0.0
3730.0, 2.794905, -2.074586, -0.007816, -6.437026, 1.577895, 0.0
3730.0, 2.794905, -2.074586, -0.007816, -6.437026, 1.577895, 0.0
3745.0, 2.80831, -2.08911, -0.007594, -6.437026, 1.577895, 0.0
3745.0, 2.80831, -2.08911, -0.007594, -6.437026, 1.577895, 0.0
3762.0, 2.821234, -2.103653, -0.007404, -6.437026, 1.577895, 0.0
3779.0, 2.833688, -2.118228, -0.007241, -6.437026, 1.577895, 0.0
3779.0, 2.833688, -2.118228, -0.007241, -6.437026, 1.577895, 0.0
3796.0, 2.845648, -2.132811, -0.007101, -6.437026, 1.577895, 0.0
3796.0, 2.845648, -2.132811, -0.007101, -6.437026, 1.577895, 0.0
3812.0, 2.857122, -2.147413, -0.006981, -6.437026, 1.577895, 0.0
3831.0, 2.868109, -2.162033, -0.006875, -6.437026, 1.577895, 0.0
3831.0, 2.868109, -2.162033, -0.006875, -6.437026, 1.577895, 0.0
3846.0, 2.878609, -2.176669, -0.006782, -6.437026, 1.577895, 0.0
3846.0, 2.878609, -2.176669, -0.006782, -6.437026, 1.577895, 0.0
3862.0, 2.888618, -2.191314, -0.006697, -6.437026, 1.577895, 0.0
3879.0, 2.898137, -2.205965, -0.006617, -6.437026, 1.577895, 0.0
3879.0, 2.898137, -2.205965, -0.006617, -6.437026, 1.577895, 0.0
3896.0, 2.907164, -2.220616, -0.006542, -6.906468, 1.750102, 0.0
3896.0, 2.907164, -2.220616, -0.006542, -6.906468, 1.750102, 0.0
3912.0, 2.915698, -2.235265, -0.006468, -6.906468, 1.750102, 0.0
3930.0, 2.923738, -2.249909, -0.006395, -6.906468, 1.750102, 0.0
3930.0, 2.923738, -2.249909, -0.006395, -6.906468, 1.750102, 0.0
3946.0, 2.931388, -2.264559, -0.006366, -6.906468, 1.750102, 0.0
3946.0, 2.931388, -2.264559, -0.006366, -6.906468, 1.750102, 0.0
3962.0, 2.93877, -2.279223, -0.006416, -6.906468, 1.750102, 0.0
3980.0, 2.946007, -2.293908, -0.006568, -6.906468, 1.750102, 0.0
3980.0, 2.946007, -2.293908, -0.006568, -6.906468, 1.750102, 0.0
3997.0, 2.953212, -2.308624, -0.006825, -6.906468, 1.750102, 0.0
3997.0, 2.953212, -2.308624, -0.006825, -6.906468, 1.750102, 0.0
4012.0, 2.960481, -2.323376, -0.007181, -6.906468, 1.750102, 0.0
4031.0, 2.967894, -2.338171, -0.007619, -6.906468, 1.750102, 0.0
4031.0, 2.967894, -2.338171, -0.007619, -6.906468, 1.750102, 0.0
4047.0, 2.975519, -2.35302, -0.008122, -6.906468, 1.750102, 0.0
4047.0, 2.975519, -2.35302, -0.008122, -6.906468, 1.750102, 0.0
4062.0, 2.98341, -2.367931, -0.008666, -6.906468, 1.750102, 0.0
4079.0, 2.991609, -2.382914, -0.009233, -6.906468, 1.750102, 0.0
4079.0, 2.991609, -2.382914, -0.009233, -6.906468, 1.750102, 0.0
4095.0, 3.000154, -2.397977, -0.009805, -6.906468, 1.750102, 0.0
4095.0, 3.000154, -2.397977, -0.009805, -6.906468, 1.750102, 0.0
4112.0, 3.009071, -2.413126, -0.010367, -6.906468, 1.750102, 0.0
4130.0, 3.018384, -2.428368, -0.010908, -6.906468, 1.750102, 0.0
4130.0, 3.018384, -2.428368, -0.010908, -6.906468, 1.750102, 0.0
4146.0, 3.028106, -2.443702, -0.011418, -7.375885, 1.922301, 0.0
4146.0, 3.028106, -2.443702, -0.011418, -7.375885, 1.922301, 0.0
4162.0, 3.038254, -2.459137, -0.011894, -7.375885, 1.922301, 0.0
4178.0, 3.048839, -2.474682, -0.012334, -7.375885, 1.922301, 0.0
4178.0, 3.048839, -2.474682, -0.012334, -7.375885, 1.922301, 0.0
4196.0, 3.05987, -2.490341, -0.012735, -7.375885, 1.922301, 0.0
4196.0, 3.05987, -2.490341, -0.012735, -7.375885, 1.922301, 0.0
4212.0, 3.071355, -2.506118, -0.0131, -7.375885, 1.922301, 0.0
4230.0, 3.083298, -2.522016, -0.01343, -7.375885, 1.922301, 0.0
4230.0, 3.083298, -2.522016, -0.01343, -7.375885, 1.922301, 0.0
4245.0, 3.09571, -2.538041, -0.01373, -7.375885, 1.922301, 0.0
4245.0, 3.09571, -2.538041, -0.01373, -7.375885, 1.922301, 0.0
4262.0, 3.10859, -2.554188, -0.014, -7.375885, 1.922301, 0.0
4279.0, 3.121941, -2.570456, -0.014243, -7.375885, 1.922301, 0.0
4279.0, 3.121941, -2.570456, -0.014243, -7.375885, 1.922301, 0.0
4296.0, 3.135764, -2.586842, -0.014462, -7.375885, 1.922301, 0.0
4296.0, 3.135764, -2.586842, -0.014462, -7.375885, 1.922301, 0.0
4312.0, 3.150061, -2.603346, -0.014661, -7.375885, 1.922301, 0.0
4330.0, 3.164835, -2.619967, -0.014843, -7.375885, 1.922301, 0.0
4330.0, 3.164835, -2.619967, -0.014843, -7.375885, 1.922301, 0.0
4346.0, 3.180081, -2.636693, -0.015009, -7.375885, 1.922301, 0.0
4346.0, 3.180081, -2.636693, -0.015009, -7.375885, 1.922301, 0.0
4362.0, 3.195807, -2.653524, -0.015163, -7.375885, 1.922301, 0.0
4379.0, 3.212016, -2.670456, -0.015308, -7.375885, 1.922301, 0.0
4379.0, 3.212016, -2.670456, -0.015308, -7.375885, 1.922301, 0.0
4396.0, 3.22871, -2.687484, -0.015446, -7.845302, 2.094499, 0.0
4396.0, 3.22871, -2.687484, -0.015446, -7.845302, 2.094499, 0.0
4412.0, 3.245892, -2.704604, -0.015578, -7.845302, 2.094499, 0.0
4430.0, 3.263562, -2.721813, -0.015704, -7.845302, 2.094499, 0.0
4430.0, 3.263562, -2.721813, -0.015704, -7.845302, 2.094499, 0.0
4446.0, 3.281629, -2.739106, -0.015786, -7.845302, 2.094499, 0.0
4446.0, 3.281629, -2.739106, -0.015786, -7.845302, 2.094499, 0.0
4462.0, 3.299958, -2.756467, -0.015781, -7.845302, 2.094499, 0.0
4480.0, 3.318423, -2.773883, -0.015669, -7.845302, 2.094499, 0.0
4480.0, 3.318423, -2.773883, -0.015669, -7.845302, 2.094499, 0.0
4497.0, 3.336908, -2.791344, -0.015444, -7.845302, 2.094499, 0.0
4497.0, 3.336908, -2.791344, -0.015444, -7.845302, 2.094499, 0.0
4512.0, 3.355317, -2.808842, -0.015117, -7.845302, 2.094499, 0.0
4531.0, 3.373566, -2.82637, -0.014704, -7.845302, 2.094499, 0.0
4531.0, 3.373566, -2.82637, -0.014704, -7.845302, 2.094499, 0.0
4547.0, 3.39159, -2.84393, -0.014227, -7.845302, 2.094499, 0.0
4547.0, 3.39159, -2.84393, -0.014227, -7.845302, 2.094499, 0.0
4562.0, 3.409334, -2.861522, -0.013711, -7.845302, 2.094499, 0.0
4579.0, 3.426754, -2.879148, -0.013177, -7.845302, 2.094499, 0.0
4579.0, 3.426754, -2.879148, -0.013177, -7.845302, 2.094499, 0.0
4596.0, 3.443817, -2.89681, -0.012643, -7.845302, 2.094499, 0.0
4596.0, 3.443817, -2.89681, -0.012643, -7.845302, 2.094499, 0.0
4612.0, 3.460493, -2.914509, -0.012126, -7.845302, 2.094499, 0.0
4630.0, 3.476761, -2.932245, -0.011636, -7.845302, 2.094499, 0.0
4630.0, 3.476761, -2.932245, -0.011636, -7.845302, 2.094499, 0.0
4646.0, 3.492598, -2.950013, -0.01118, -8.314718, 2.266697, 0.0
4646.0, 3.492598, -2.950013, -0.01118, -8.314718, 2.266697, 0.0
4662.0, 3.507995, -2.967823, -0.010767, -8.314718, 2.266697, 0.0
4679.0, 3.522944, -2.985677, -0.010398, -8.314718, 2.266697, 0.0
4679.0, 3.522944, -2.985677, -0.010398, -8.314718, 2.266697, 0.0
4696.0, 3.537437, -3.003578, -0.010074, -8.314718, 2.266697, 0.0
4696.0, 3.537437, -3.003578, -0.010074, -8.314718, 2.266697, 0.0
4712.0, 3.551469, -3.02153, -0.009794, -8.314718, 2.266697, 0.0
4730.0, 3.565033, -3.039532, -0.009554, -8.314718, 2.266697, 0.0
4731.0, 3.565033, -3.039532, -0.009554, -8.314718, 2.266697, 0.0
4747.0, 3.578131, -3.057594, -0.009352, -8.314718, 2.266697, 0.0
4747.0, 3.578131, -3.057594, -0.009352, -8.314718, 2.266697, 0.0
4762.0, 3.590755, -3.075708, -0.009182, -8.314718, 2.266697, 0.0
4779.0, 3.602901, -3.093872, -0.009038, -8.314718, 2.266697, 0.0
4779.0, 3.602901, -3.093872, -0.009038, -8.314718, 2.266697, 0.0
4796.0, 3.614566, -3.112085, -0.008917, -8.314718, 2.266697, 0.0
4796.0, 3.614566, -3.112085, -0.008917, -8.314718, 2.266697, 0.0
4812.0, 3.625746, -3.130347, -0.008815, -8.314718, 2.266697, 0.0
4830.0, 3.636441, -3.148656, -0.008728, -8.314718, 2.266697, 0.0
4830.0, 3.636441, -3.148656, -0.008728, -8.314718, 2.266697, 0.0
4846.0, 3.646645, -3.167003, -0.008651, -8.314718, 2.266697, 0.0
4846.0, 3.646645, -3.167003, -0.008651, -8.314718, 2.266697, 0.0
4862.0, 3.656359, -3.185387, -0.008584, -8.314718, 2.266697, 0.0
4879.0, 3.665583, -3.203807, -0.008526, -8.314718, 2.266697, 0.0
4879.0, 3.665583, -3.203807, -0.008526, -8.314718, 2.266697, 0.0
4896.0, 3.674315, -3.222259, -0.008473, -8.784135, 2.438895, 0.0
4896.0, 3.674315, -3.222259, -0.008473, -8.784135, 2.438895, 0.0
4912.0, 3.682557, -3.24074, -0.008424, -8.784135, 2.438895, 0.0
4931.0, 3.690305, -3.259247, -0.008378, -8.784135, 2.438895, 0.0
4931.0, 3.690305, -3.259247, -0.008378, -8.784135, 2.438895, 0.0
4946.0, 3.697663, -3.277788, -0.008378, -8.784135, 2.438895, 0.0
4946.0, 3.697663, -3.277788, -0.008378, -8.784135, 2.438895, 0.0
4962.0, 3.704754, -3.296358, -0.008459, -8.784135, 2.438895, 0.0
4980.0, 3.711704, -3.314959, -0.008639, -8.784135, 2.438895, 0.0
4980.0, 3.711704, -3.314959, -0.008639, -8.784135, 2.438895, 0.0
4996.0, 3.718623, -3.33359, -0.008925, -8.784135, 2.438895, 0.0
4996.0, 3.718623, -3.33359, -0.008925, -8.784135, 2.438895, 0.0
5011.0, 3.72561, -3.352252, -0.009307, -8.784135, 2.438895, 0.0
5029.0, 3.732745, -3.370948, -0.009769, -8.784135, 2.438895, 0.0
5029.0, 3.732745, -3.370948, -0.009769, -8.784135, 2.438895, 0.0
5045.0, 3.740093, -3.389674, -0.010288, -8.784135, 2.438895, 0.0
5045.0, 3.740093, -3.389674, -0.010288, -8.784135, 2.438895, 0.0
5062.0, 3.747711, -3.408444, -0.010845, -8.784135, 2.438895, 0.0
5078.0, 3.755643, -3.427266, -0.011419, -8.784135, 2.438895, 0.0
5078.0, 3.755643, -3.427266, -0.011419, -8.784135, 2.438895, 0.0
5095.0, 3.763926, -3.446149, -0.011995, -8.784135, 2.438895, 0.0
5095.0, 3.763926, -3.446149, -0.011995, -8.784135, 2.438895, 0.0
5112.0, 3.772587, -3.465096, -0.012556, -8.784135, 2.438895, 0.0
5131.0, 3.781649, -3.484114, -0.013092, -8.784135, 2.438895, 0.0
5131.0, 3.781649, -3.484114, -0.013092, -8.784135, 2.438895, 0.0
5146.0, 3.791133, -3.503214, -0.013596, -9.253552, 2.611094, 0.0
5146.0, 3.791133, -3.503214, -0.013596, -9.253552, 2.611094, 0.0
5162.0, 3.801051, -3.522395, -0.014062, -9.253552, 2.611094, 0.0
5179.0, 3.811412, -3.541661, -0.014488, -9.253552, 2.611094, 0.0
5179.0, 3.811412, -3.541661, -0.014488, -9.253552, 2.611094, 0.0
5197.0, 3.822224, -3.561015, -0.014873, -9.253552, 2.611094, 0.0
5197.0, 3.822224, -3.561015, -0.014873, -9.253552, 2.611094, 0.0
5212.0, 3.833494, -3.580458, -0.015219, -9.253552, 2.611094, 0.0
5231.0, 3.845227, -3.599994, -0.015527, -9.253552, 2.611094, 0.0
5231.0, 3.845227, -3.599994, -0.015527, -9.253552, 2.611094, 0.0
5247.0, 3.857426, -3.619624, -0.015802, -9.253552, 2.611094, 0.0
5247.0, 3.857426, -3.619624, -0.015802, -9.253552, 2.611094, 0.0
5261.0, 3.870098, -3.639347, -0.016047, -9.253552, 2.611094, 0.0
5278.0, 3.883244, -3.659161, -0.016267, -9.253552, 2.611094, 0.0
5278.0, 3.883244, -3.659161, -0.016267, -9.253552, 2.611094, 0.0
5296.0, 3.896867, -3.679067, -0.016464, -9.253552, 2.611094, 0.0
5296.0, 3.896867, -3.679067, -0.016464, -9.253552, 2.611094, 0.0
5313.0, 3.91097, -3.699063, -0.016642, -9.253552, 2.611094, 0.0
5330.0, 3.925555, -3.719149, -0.016805, -9.253552, 2.611094, 0.0
5330.0, 3.925555, -3.719149, -0.016805, -9.253552, 2.611094, 0.0
5346.0, 3.940618, -3.739312, -0.016952, -9.253552, 2.611094, 0.0
5346.0, 3.940618, -3.739312, -0.016952, -9.253552, 2.611094, 0.0
5362.0, 3.956165, -3.75955, -0.017089, -9.253552, 2.611094, 0.0
5379.0, 3.9722, -3.779861, -0.017217, -9.253552, 2.611094, 0.0
5379.0, 3.9722, -3.779861, -0.017217, -9.253552, 2.611094, 0.0
5396.0, 3.988724, -3.80024, -0.01734, -9.72297, 2.783292, 0.0
5396.0, 3.988724, -3.80024, -0.01734, -9.72297, 2.783292, 0.0
5412.0, 4.005741, -3.820683, -0.017456, -9.72297, 2.783292, 0.0
5431.0, 4.02325, -3.841184, -0.017568, -9.72297, 2.783292, 0.0
5431.0, 4.02325, -3.841184, -0.017568, -9.72297, 2.783292, 0.0
5447.0, 4.041159, -3.861748, -0.017635, -9.72297, 2.783292, 0.0
5447.0, 4.041159, -3.861748, -0.017635, -9.72297, 2.783292, 0.0
5462.0, 4.059334, -3.882366, -0.017617, -9.72297, 2.783292, 0.0
5479.0, 4.077648, -3.903033, -0.017491, -9.72297, 2.783292, 0.0
5479.0, 4.077648, -3.903033, -0.017491, -9.72297, 2.783292, 0.0
5496.0, 4.095984, -3.923745, -0.017255, -9.72297, 2.783292, 0.0
5496.0, 4.095984, -3.923745, -0.017255, -9.72297, 2.783292, 0.0
5513.0, 4.114246, -3.944501, -0.016917, -9.72297, 2.783292, 0.0
5530.0, 4.132351, -3.965299, -0.016494, -9.72297, 2.783292, 0.0
5530.0, 4.132351, -3.965299, -0.016494, -9.72297, 2.783292, 0.0
5546.0, 4.150225, -3.986135, -0.016008, -9.72297, 2.783292, 0.0
5546.0, 4.150225, -3.986135, -0.016008, -9.72297, 2.783292, 0.0
5562.0, 4.167818, -4.00702, -0.015485, -9.72297, 2.783292, 0.0
5579.0, 4.185091, -4.027962, -0.014947, -9.72297, 2.783292, 0.0
5579.0, 4.185091, -4.027962, -0.014947, -9.72297, 2.783292, 0.0
5596.0, 4.202009, -4.048965, -0.014414, -9.72297, 2.783292, 0.0
5596.0, 4.202009, -4.048965, -0.014414, -9.72297, 2.783292, 0.0
5613.0, 4.218544, -4.070031, -0.0139, -9.72297, 2.783292, 0.0
5631.0, 4.234675, -4.091164, -0.013418, -9.72297, 2.783292, 0.0
5631.0, 4.234675, -4.091164, -0.013418, -9.72297, 2.783292, 0.0
5646.0, 4.250392, -4.112374, -0.012978, -10.192389, 2.955491, 0.0
5646.0, 4.250392, -4.112374, -0.012978, -10.192389, 2.955491, 0.0
5662.0, 4.265676, -4.133658, -0.012581, -10.192389, 2.955491, 0.0
5679.0, 4.280518, -4.155019, -0.012229, -10.192389, 2.955491, 0.0
5679.0, 4.280518, -4.155019, -0.012229, -10.192389, 2.955491, 0.0
5696.0, 4.294906, -4.176456, -0.011923, -10.192389, 2.955491, 0.0
5696.0, 4.294906, -4.176456, -0.011923, -10.192389, 2.955491, 0.0
5712.0, 4.308835, -4.197972, -0.01166, -10.192389, 2.955491, 0.0
5729.0, 4.322301, -4.219569, -0.011437, -10.192389, 2.955491, 0.0
5729.0, 4.322301, -4.219569, -0.011437, -10.192389, 2.955491, 0.0
5744.0, 4.335299, -4.241248, -0.011252, -10.192389, 2.955491, 0.0
5744.0, 4.335299, -4.241248, -0.011252, -10.192389, 2.955491, 0.0
5762.0, 4.347826, -4.263009, -0.011101, -10.192389, 2.955491, 0.0
5778.0, 4.359879, -4.284851, -0.010978, -10.192389, 2.955491, 0.0
5778.0, 4.359879, -4.284851, -0.010978, -10.192389, 2.955491, 0.0
5796.0, 4.371455, -4.306774, -0.01088, -10.192389, 2.955491, 0.0
5796.0, 4.371455, -4.306774, -0.01088, -10.192389, 2.955491, 0.0
5812.0, 4.382552, -4.328778, -0.010802, -10.192389, 2.955491, 0.0
5831.0, 4.39317, -4.350864, -0.010742, -10.192389, 2.955491, 0.0
5831.0, 4.39317, -4.350864, -0.010742, -10.192389, 2.955491, 0.0
5846.0, 4.403301, -4.373019, -0.010694, -10.192389, 2.955491, 0.0
5846.0, 4.403301, -4.373019, -0.010694, -10.192389, 2.955491, 0.0
5862.0, 4.412947, -4.395244, -0.010657, -10.192389, 2.955491, 0.0
5880.0, 4.422106, -4.417537, -0.010628, -10.192389, 2.955491, 0.0
5880.0, 4.422106, -4.417537, -0.010628, -10.192389, 2.955491, 0.0
5896.0, 4.430779, -4.439896, -0.010606, -10.661804, 3.127689, 0.0
5896.0, 4.430779, -4.439896, -0.010606, -10.661804, 3.127689, 0.0
5913.0, 4.438962, -4.462316, -0.010589, -10.661804, 3.127689, 0.0
5931.0, 4.446656, -4.484796, -0.010575, -10.661804, 3.127689, 0.0
5931.0, 4.446656, -4.484796, -0.010575, -10.661804, 3.127689, 0.0
5945.0, 4.453962, -4.507336, -0.010607, -10.661804, 3.127689, 0.0
5945.0, 4.453962, -4.507336, -0.010607, -10.661804, 3.127689, 0.0
5962.0, 4.461005, -4.529924, -0.010718, -10.661804, 3.127689, 0.0
5978.0, 4.467908, -4.552549, -0.010928, -10.661804, 3.127689, 0.0
5978.0, 4.467908, -4.552549, -0.010928, -10.661804, 3.127689, 0.0
5995.0, 4.474784, -4.575206, -0.01124, -10.661804, 3.127689, 0.0
5995.0, 4.474784, -4.575206, -0.01124, -10.661804, 3.127689, 0.0
6012.0, 4.481731, -4.597888, -0.011645, -10.661804, 3.127689, 0.0
6030.0, 4.488831, -4.620591, -0.012126, -10.661804, 3.127689, 0.0
6030.0, 4.488831, -4.620591, -0.012126, -10.661804, 3.127689, 0.0
6045.0, 4.496148, -4.643308, -0.01266, -10.661804, 3.127689, 0.0
6045.0, 4.496148, -4.643308, -0.01266, -10.661804, 3.127689, 0.0
6062.0, 4.503738, -4.666049, -0.013227, -10.661804, 3.127689, 0.0
6080.0, 4.511647, -4.688823, -0.013807, -10.661804, 3.127689, 0.0
6080.0, 4.511647, -4.688823, -0.013807, -10.661804, 3.127689, 0.0
6096.0, 4.519935, -4.711697, -0.014384, -10.661804, 3.127689, 0.0
6096.0, 4.519935, -4.711697, -0.014384, -10.661804, 3.127689, 0.0
6112.0, 4.528583, -4.734548, -0.014941, -10.661804, 3.127689, 0.0
6131.0, 4.537636, -4.757442, -0.015469, -10.661804, 3.127689, 0.0
6131.0, 4.537636, -4.757442, -0.015469, -10.661804, 3.127689, 0.0
6146.0, 4.547112, -4.780384, -0.01596, -11.13131, 3.29992, 0.0
6146.0, 4.547112, -4.780384, -0.01596, -11.13131, 3.29992, 0.0
6162.0, 4.557025, -4.803379, -0.016409, -11.13131, 3.29992, 0.0
6179.0, 4.567385, -4.826429, -0.016816, -11.13131, 3.29992, 0.0
6179.0, 4.567385, -4.826429, -0.016816, -11.13131, 3.29992, 0.0
6196.0, 4.5782, -4.849539, -0.017179, -11.13131, 3.29992, 0.0
6196.0, 4.5782, -4.849539, -0.017179, -11.13131, 3.29992, 0.0
6212.0, 4.589478, -4.87271, -0.017503, -11.13131, 3.29992, 0.0
6231.0, 4.601222, -4.895946, -0.017788, -11.13131, 3.29992, 0.0
6231.0, 4.601222, -4.895946, -0.017788, -11.13131, 3.29992, 0.0
6246.0, 4.613442, -4.919256, -0.018041, -11.13131, 3.29992, 0.0
6246.0, 4.613442, -4.919256, -0.018041, -11.13131, 3.29992, 0.0
6262.0, 4.626141, -4.942631, -0.018264, -11.13131, 3.29992, 0.0
6280.0, 4.639317, -4.966068, -0.01846, -11.13131, 3.29992, 0.0
6280.0, 4.639317, -4.966068, -0.01846, -11.13131, 3.29992, 0.0
6297.0, 4.652975, -4.989564, -0.018632, -11.13131, 3.29992, 0.0
6297.0, 4.652975, -4.989564, -0.018632, -11.13131, 3.29992, 0.0
6312.0, 4.667115, -5.01312, -0.018786, -11.13131, 3.29992, 0.0
6330.0, 4.68174, -5.036732, -0.018923, -11.13131, 3.29992, 0.0
6330.0, 4.68174, -5.036732, -0.018923, -11.13131, 3.29992, 0.0
6346.0, 4.696846, -5.060388, -0.019045, -11.13131, 3.29992, 0.0
6346.0, 4.696846, -5.060388, -0.019045, -11.13131, 3.29992, 0.0
6362.0, 4.71244, -5.084086, -0.019157, -11.13131, 3.29992, 0.0
6379.0, 4.728522, -5.107825, -0.019261, -11.13131, 3.29992, 0.0
6379.0, 4.728522, -5.107825, -0.019261, -11.13131, 3.29992, 0.0
6395.0, 4.745098, -5.131598, -0.019358, -11.600727, 3.472118, 0.0
6395.0, 4.745098, -5.131598, -0.019358, -11.600727, 3.472118, 0.0
6412.0, 4.762167, -5.155403, -0.019451, -11.600727, 3.472118, 0.0
6430.0, 4.77973, -5.179234, -0.019539, -11.600727, 3.472118, 0.0
6430.0, 4.77973, -5.179234, -0.019539, -11.600727, 3.472118, 0.0
6446.0, 4.797696, -5.203104, -0.019583, -11.600727, 3.472118, 0.0
6446.0, 4.797696, -5.203104, -0.019583, -11.600727, 3.472118, 0.0
6462.0, 4.81593, -5.227012, -0.019545, -11.600727, 3.472118, 0.0
6479.0, 4.834306, -5.25096, -0.0194, -11.600727, 3.472118, 0.0
6479.0, 4.834306, -5.25096, -0.0194, -11.600727, 3.472118, 0.0
6496.0, 4.852707, -5.274955, -0.019147, -11.600727, 3.472118, 0.0
6496.0, 4.852707, -5.274955, -0.019147, -11.600727, 3.472118, 0.0
6513.0, 4.871035, -5.298999, -0.018795, -11.600727, 3.472118, 0.0
6531.0, 4.889209, -5.323098, -0.018362, -11.600727, 3.472118, 0.0
6531.0, 4.889209, -5.323098, -0.018362, -11.600727, 3.472118, 0.0
6546.0, 4.907154, -5.347249, -0.017868, -11.600727, 3.472118, 0.0
6546.0, 4.907154, -5.347249, -0.017868, -11.600727, 3.472118, 0.0
6563.0, 4.924823, -5.371469, -0.01734, -11.600727, 3.472118, 0.0
6580.0, 4.942173, -5.395767, -0.016801, -11.600727, 3.472118, 0.0
6580.0, 4.942173, -5.395767, -0.016801, -11.600727, 3.472118, 0.0
6596.0, 4.959173, -5.420152, -0.016271, -11.600727, 3.472118, 0.0
6596.0, 4.959173, -5.420152, -0.016271, -11.600727, 3.472118, 0.0
6611.0, 4.975795, -5.444627, -0.015763, -11.600727, 3.472118, 0.0
6631.0, 4.992018, -5.469197, -0.015291, -11.600727, 3.472118, 0.0
6631.0, 4.992018, -5.469197, -0.015291, -11.600727, 3.472118, 0.0
6646.0, 5.007832, -5.493874, -0.014863, -12.070144, 3.644316, 0.0
6646.0, 5.007832, -5.493874, -0.014863, -12.070144, 3.644316, 0.0
6662.0, 5.02322, -5.518657, -0.014482, -12.070144, 3.644316, 0.0
6680.0, 5.03817, -5.543545, -0.014148, -12.070144, 3.644316, 0.0
6680.0, 5.03817, -5.543545, -0.014148, -12.070144, 3.644316, 0.0
6696.0, 5.052675, -5.568542, -0.013862, -12.070144, 3.644316, 0.0
6696.0, 5.052675, -5.568542, -0.013862, -12.070144, 3.644316, 0.0
6712.0, 5.066728, -5.593648, -0.013622, -12.070144, 3.644316, 0.0
6731.0, 5.080325, -5.618867, -0.013424, -12.070144, 3.644316, 0.0
6731.0, 5.080325, -5.618867, -0.013424, -12.070144, 3.644316, 0.0
6747.0, 5.093462, -5.6442, -0.013265, -12.070144, 3.644316, 0.0
6747.0, 5.093462, -5.6442, -0.013265, -12.070144, 3.644316, 0.0
6762.0, 5.106135, -5.669647, -0.01314, -12.070144, 3.644316, 0.0
6780.0, 5.118342, -5.695207, -0.013045, -12.070144, 3.644316, 0.0
6780.0, 5.118342, -5.695207, -0.013045, -12.070144, 3.644316, 0.0
6797.0, 5.130079, -5.720881, -0.012975, -12.070144, 3.644316, 0.0
6797.0, 5.130079, -5.720881, -0.012975, -12.070144, 3.644316, 0.0
6813.0, 5.141346, -5.74667, -0.012927, -12.070144, 3.644316, 0.0
6831.0, 5.15214, -5.772572, -0.012896, -12.070144, 3.644316, 0.0
6831.0, 5.15214, -5.772572, -0.012896, -12.070144, 3.644316, 0.0
6845.0, 5.162454, -5.798575, -0.012878, -12.070144, 3.644316, 0.0
6845.0, 5.162454, -5.798575, -0.012878, -12.070144, 3.644316, 0.0
6862.0, 5.17229, -5.824681, -0.01287, -12.070144, 3.644316, 0.0
6878.0, 5.181646, -5.850889, -0.012871, -12.070144, 3.644316, 0.0
6878.0, 5.181646, -5.850889, -0.012871, -12.070144, 3.644316, 0.0
6896.0, 5.190521, -5.877196, -0.012878, -12.539559, 3.816514, 0.0
6896.0, 5.190521, -5.877196, -0.012878, -12.539559, 3.816514, 0.0
6913.0, 5.198912, -5.903599, -0.01289, -12.539559, 3.816514, 0.0
6930.0, 5.206819, -5.930095, -0.012905, -12.539559, 3.816514, 0.0
6930.0, 5.206819, -5.930095, -0.012905, -12.539559, 3.816514, 0.0
6946.0, 5.214242, -5.956687, -0.012924, -12.539559, 3.816514, 0.0
6946.0, 5.214242, -5.956687, -0.012924, -12.539559, 3.816514, 0.0
6962.0, 5.221177, -5.983358, -0.012942, -12.539559, 3.816514, 0.0
6980.0, 5.22762, -6.010096, -0.012959, -12.539559, 3.816514, 0.0
6980.0, 5.22762, -6.010096, -0.012959, -12.539559, 3.816514, 0.0
6996.0, 5.233571, -6.036891, -0.012975, -12.539559, 3.816514, 0.0
6996.0, 5.233571, -6.036891, -0.012975, -12.539559, 3.816514, 0.0
7012.0, 5.239028, -6.063739, -0.012989, -12.539559, 3.816514, 0.0
7031.0, 5.243989, -6.090632, -0.013001, -12.539559, 3.816514, 0.0
7031.0, 5.243989, -6.090632, -0.013001, -12.539559, 3.816514, 0.0
7046.0, 5.248552, -6.117558, -0.013052, -12.539559, 3.816514, 0.0
7046.0, 5.248552, -6.117558, -0.013052, -12.539559, 3.816514, 0.0
7062.0, 5.252848, -6.144523, -0.01318, -12.539559, 3.816514, 0.0
7079.0, 5.257, -6.171527, -0.013406, -12.539559, 3.816514, 0.0
7079.0, 5.257, -6.171527, -0.013406, -12.539559, 3.816514, 0.0
7096.0, 5.261124, -6.198572, -0.013733, -12.539559, 3.816514, 0.0
7096.0, 5.261124, -6.198572, -0.013733, -12.539559, 3.816514, 0.0
7112.0, 5.265317, -6.225658, -0.014152, -12.539559, 3.816514, 0.0
7130.0, 5.269662, -6.252784, -0.014646, -12.539559, 3.816514, 0.0
7130.0, 5.269662, -6.252784, -0.014646, -12.539559, 3.816514, 0.0
7146.0, 5.274228, -6.279966, -0.015193, -13.008976, 3.988712, 0.0
7146.0, 5.274228, -6.279966, -0.015193, -13.008976, 3.988712, 0.0
7162.0, 5.279068, -6.307205, -0.015771, -13.008976, 3.988712, 0.0
7180.0, 5.284224, -6.334506, -0.01636, -13.008976, 3.988712, 0.0
7180.0, 5.284224, -6.334506, -0.01636, -13.008976, 3.988712, 0.0
7197.0, 5.289732, -6.361872, -0.016942, -13.008976, 3.988712, 0.0
7197.0, 5.289732, -6.361872, -0.016942, -13.008976, 3.988712, 0.0
7212.0, 5.295619, -6.389312, -0.017502, -13.008976, 3.988712, 0.0
7230.0, 5.301906, -6.416828, -0.018031, -13.008976, 3.988712, 0.0
7230.0, 5.301906, -6.416828, -0.018031, -13.008976, 3.988712, 0.0
7247.0, 5.30861, -6.444429, -0.018521, -13.008976, 3.988712, 0.0
7247.0, 5.30861, -6.444429, -0.018521, -13.008976, 3.988712, 0.0
7262.0, 5.315743, -6.472121, -0.018969, -13.008976, 3.988712, 0.0
7279.0, 5.323315, -6.49991, -0.019373, -13.008976, 3.988712, 0.0
7279.0, 5.323315, -6.49991, -0.019373, -13.008976, 3.988712, 0.0
7295.0, 5.331334, -6.527802, -0.019734, -13.008976, 3.988712, 0.0
7295.0, 5.331334, -6.527802, -0.019734, -13.008976, 3.988712, 0.0
7312.0, 5.339806, -6.555801, -0.020055, -13.008976, 3.988712, 0.0
7329.0, 5.348735, -6.583911, -0.020339, -13.008976, 3.988712, 0.0
7329.0, 5.348735, -6.583911, -0.020339, -13.008976, 3.988712, 0.0
7346.0, 5.358121, -6.612123, -0.020588, -13.008976, 3.988712, 0.0
7346.0, 5.358121, -6.612123, -0.020588, -13.008976, 3.988712, 0.0
7362.0, 5.367972, -6.640447, -0.020809, -13.008976, 3.988712, 0.0
7379.0, 5.37829, -6.668886, -0.021007, -13.008976, 3.988712, 0.0
7379.0, 5.37829, -6.668886, -0.021007, -13.008976, 3.988712, 0.0
7396.0, 5.389079, -6.697443, -0.021185, -13.478393, 4.16091, 0.0
7396.0, 5.389079, -6.697443, -0.021185, -13.478393, 4.16091, 0.0
7412.0, 5.400341, -6.726119, -0.021347, -13.478393, 4.16091, 0.0
7430.0, 5.412077, -6.754912, -0.021497, -13.478393, 4.16091, 0.0
7430.0, 5.412077, -6.754912, -0.021497, -13.478393, 4.16091, 0.0
7447.0, 5.424295, -6.783832, -0.021638, -13.478393, 4.16091, 0.0
7447.0, 5.424295, -6.783832, -0.021638, -13.478393, 4.16091, 0.0
7462.0, 5.436995, -6.812866, -0.021771, -13.478393, 4.16091, 0.0
7479.0, 5.450175, -6.842006, -0.021897, -13.478393, 4.16091, 0.0
7479.0, 5.450175, -6.842006, -0.021897, -13.478393, 4.16091, 0.0
7497.0, 5.463839, -6.871247, -0.022018, -13.478393, 4.16091, 0.0
7497.0, 5.463839, -6.871247, -0.022018, -13.478393, 4.16091, 0.0
7513.0, 5.477986, -6.900585, -0.022135, -13.478393, 4.16091, 0.0
7529.0, 5.492619, -6.930017, -0.022248, -13.478393, 4.16091, 0.0
7529.0, 5.492619, -6.930017, -0.022248, -13.478393, 4.16091, 0.0
7545.0, 5.507733, -6.959525, -0.022356, -13.478393, 4.16091, 0.0
7545.0, 5.507733, -6.959525, -0.022356, -13.478393, 4.16091, 0.0
7562.0, 5.523335, -6.989109, -0.022462, -13.478393, 4.16091, 0.0
7579.0, 5.539427, -7.018764, -0.022567, -13.478393, 4.16091, 0.0
7579.0, 5.539427, -7.018764, -0.022567, -13.478393, 4.16091, 0.0
7596.0, 5.556011, -7.048484, -0.02267, -13.478393, 4.16091, 0.0
7596.0, 5.556011, -7.048484, -0.02267, -13.478393, 4.16091, 0.0
7612.0, 5.573089, -7.078263, -0.022772, -13.478393, 4.16091, 0.0
7630.0, 5.590661, -7.108098, -0.022871, -13.478393, 4.16091, 0.0
7630.0, 5.590661, -7.108098, -0.022871, -13.478393, 4.16091, 0.0
7645.0, 5.608635, -7.137997, -0.022929, -13.947809, 4.333108, 0.0
7645.0, 5.608635, -7.137997, -0.022929, -13.947809, 4.333108, 0.0
7662.0, 5.626878, -7.167951, -0.022903, -13.947809, 4.333108, 0.0
7680.0, 5.645259, -7.197957, -0.022771, -13.947809, 4.333108, 0.0
7680.0, 5.645259, -7.197957, -0.022771, -13.947809, 4.333108, 0.0
7697.0, 5.663663, -7.228012, -0.022529, -13.947809, 4.333108, 0.0
7697.0, 5.663663, -7.228012, -0.022529, -13.947809, 4.333108, 0.0
7712.0, 5.681993, -7.258119, -0.022186, -13.947809, 4.333108, 0.0
7731.0, 5.700203, -7.288343, -0.021759, -13.947809, 4.333108, 0.0
7731.0, 5.700203, -7.288343, -0.021759, -13.947809, 4.333108, 0.0
7747.0, 5.71814, -7.318545, -0.02127, -13.947809, 4.333108, 0.0
7747.0, 5.71814, -7.318545, -0.02127, -13.947809, 4.333108, 0.0
7762.0, 5.735795, -7.348804, -0.020746, -13.947809, 4.333108, 0.0
7780.0, 5.753127, -7.379131, -0.020209, -13.947809, 4.333108, 0.0
7780.0, 5.753127, -7.379131, -0.020209, -13.947809, 4.333108, 0.0
7795.0, 5.770101, -7.409531, -0.019679, -13.947809, 4.333108, 0.0
7795.0, 5.770101, -7.409531, -0.019679, -13.947809, 4.333108, 0.0
7812.0, 5.786693, -7.440006, -0.019171, -13.947809, 4.333108, 0.0
7829.0, 5.80288, -7.470559, -0.018697, -13.947809, 4.333108, 0.0
7829.0, 5.80288, -7.470559, -0.018697, -13.947809, 4.333108, 0.0
7846.0, 5.818646, -7.501193, -0.018266, -13.947809, 4.333108, 0.0
7846.0, 5.818646, -7.501193, -0.018266, -13.947809, 4.333108, 0.0
7862.0, 5.83398, -7.531912, -0.017881, -13.947809, 4.333108, 0.0
7879.0, 5.848872, -7.562717, -0.017545, -13.947809, 4.333108, 0.0
7879.0, 5.848872, -7.562717, -0.017545, -13.947809, 4.333108, 0.0
7896.0, 5.863314, -7.593612, -0.017258, -14.417297, 4.505333, 0.0
7896.0, 5.863314, -7.593612, -0.017258, -14.417297, 4.505333, 0.0
7912.0, 5.877302, -7.624599, -0.017017, -14.417297, 4.505333, 0.0
7930.0, 5.890829, -7.655679, -0.01682, -14.417297, 4.505333, 0.0
7930.0, 5.890829, -7.655679, -0.01682, -14.417297, 4.505333, 0.0
7946.0, 5.903898, -7.686864, -0.016664, -14.417297, 4.505333, 0.0
7946.0, 5.903898, -7.686864, -0.016664, -14.417297, 4.505333, 0.0
7963.0, 5.916501, -7.718145, -0.016542, -14.417297, 4.505333, 0.0
7979.0, 5.928633, -7.749519, -0.016449, -14.417297, 4.505333, 0.0
7979.0, 5.928633, -7.749519, -0.016449, -14.417297, 4.505333, 0.0
7997.0, 5.940292, -7.780984, -0.01638, -14.417297, 4.505333, 0.0
7997.0, 5.940292, -7.780984, -0.01638, -14.417297, 4.505333, 0.0
8013.0, 5.951476, -7.812539, -0.016331, -14.417297, 4.505333, 0.0
8031.0, 5.962182, -7.844184, -0.016299, -14.417297, 4.505333, 0.0
8031.0, 5.962182, -7.844184, -0.016299, -14.417297, 4.505333, 0.0
8045.0, 5.972407, -7.875915, -0.016281, -14.417297, 4.505333, 0.0
8045.0, 5.972407, -7.875915, -0.016281, -14.417297, 4.505333, 0.0
8061.0, 5.982151, -7.907728, -0.016272, -14.417297, 4.505333, 0.0
8079.0, 5.991409, -7.939619, -0.016271, -14.417297, 4.505333, 0.0
8079.0, 5.991409, -7.939619, -0.016271, -14.417297, 4.505333, 0.0
8096.0, 6.000182, -7.971583, -0.016275, -14.417297, 4.505333, 0.0
8096.0, 6.000182, -7.971583, -0.016275, -14.417297, 4.505333, 0.0
8112.0, 6.008466, -8.003617, -0.016283, -14.417297, 4.505333, 0.0
8129.0, 6.016262, -8.035719, -0.016294, -14.417297, 4.505333, 0.0
8130.0, 6.016262, -8.035719, -0.016294, -14.417297, 4.505333, 0.0
8146.0, 6.023563, -8.067868, -0.016305, -14.886715, 4.677531, 0.0
8146.0, 6.023563, -8.067868, -0.016305, -14.886715, 4.677531, 0.0
8162.0, 6.030372, -8.100065, -0.016316, -14.886715, 4.677531, 0.0
8179.0, 6.036687, -8.132304, -0.016328, -14.886715, 4.677531, 0.0
8179.0, 6.036687, -8.132304, -0.016328, -14.886715, 4.677531, 0.0
8196.0, 6.042507, -8.16458, -0.016339, -14.886715, 4.677531, 0.0
8196.0, 6.042507, -8.16458, -0.016339, -14.886715, 4.677531, 0.0
8212.0, 6.047832, -8.196886, -0.016348, -14.886715, 4.677531, 0.0
8231.0, 6.052661, -8.229218, -0.016357, -14.886715, 4.677531, 0.0
8231.0, 6.052661, -8.229218, -0.016357, -14.886715, 4.677531, 0.0
8246.0, 6.057095, -8.261589, -0.016406, -14.886715, 4.677531, 0.0
8246.0, 6.057095, -8.261589, -0.016406, -14.886715, 4.677531, 0.0
8263.0, 6.06126, -8.293992, -0.016532, -14.886715, 4.677531, 0.0
8280.0, 6.065282, -8.326428, -0.016756, -14.886715, 4.677531, 0.0
8280.0, 6.065282, -8.326428, -0.016756, -14.886715, 4.677531, 0.0
8295.0, 6.069276, -8.358899, -0.017082, -14.886715, 4.677531, 0.0
8295.0, 6.069276, -8.358899, -0.017082, -14.886715, 4.677531, 0.0
8312.0, 6.073339, -8.39141, -0.017499, -14.886715, 4.677531, 0.0
8329.0, 6.077555, -8.423961, -0.017992, -14.886715, 4.677531, 0.0
8330.0, 6.077555, -8.423961, -0.017992, -14.886715, 4.677531, 0.0
8346.0, 6.081989, -8.456551, -0.018537, -14.886715, 4.677531, 0.0
8346.0, 6.081989, -8.456551, -0.018537, -14.886715, 4.677531, 0.0
8362.0, 6.086696, -8.489197, -0.019114, -14.886715, 4.677531, 0.0
8379.0, 6.09172, -8.521914, -0.019702, -14.886715, 4.677531, 0.0
8379.0, 6.09172, -8.521914, -0.019702, -14.886715, 4.677531, 0.0
8396.0, 6.097095, -8.554712, -0.020283, -15.356131, 4.84973, 0.0
8396.0, 6.097095, -8.554712, -0.020283, -15.356131, 4.84973, 0.0
8413.0, 6.102848, -8.587598, -0.020844, -15.356131, 4.84973, 0.0
8431.0, 6.109, -8.620578, -0.021374, -15.356131, 4.84973, 0.0
8431.0, 6.109, -8.620578, -0.021374, -15.356131, 4.84973, 0.0
8447.0, 6.11557, -8.653672, -0.021866, -15.356131, 4.84973, 0.0
8447.0, 6.11557, -8.653672, -0.021866, -15.356131, 4.84973, 0.0
8463.0, 6.122567, -8.686878, -0.022315, -15.356131, 4.84973, 0.0
8480.0, 6.130001, -8.720199, -0.022721, -15.356131, 4.84973, 0.0
8480.0, 6.130001, -8.720199, -0.022721, -15.356131, 4.84973, 0.0
8496.0, 6.137877, -8.753636, -0.023082, -15.356131, 4.84973, 0.0
8496.0, 6.137877, -8.753636, -0.023082, -15.356131, 4.84973, 0.0
8512.0, 6.146202, -8.787196, -0.023403, -15.356131, 4.84973, 0.0
8531.0, 6.154979, -8.820882, -0.023685, -15.356131, 4.84973, 0.0
8531.0, 6.154979, -8.820882, -0.023685, -15.356131, 4.84973, 0.0
8546.0, 6.164212, -8.854697, -0.023935, -15.356131, 4.84973, 0.0
8546.0, 6.164212, -8.854697, -0.023935, -15.356131, 4.84973, 0.0
8562.0, 6.173904, -8.888641, -0.024156, -15.356131, 4.84973, 0.0
8579.0, 6.18406, -8.922719, -0.024352, -15.356131, 4.84973, 0.0
8579.0, 6.18406, -8.922719, -0.024352, -15.356131, 4.84973, 0.0
8596.0, 6.194679, -8.956929, -0.024528, -15.356131, 4.84973, 0.0
8596.0, 6.194679, -8.956929, -0.024528, -15.356131, 4.84973, 0.0
8612.0, 6.205765, -8.991273, -0.024689, -15.356131, 4.84973, 0.0
8630.0, 6.21732, -9.025752, -0.024836, -15.356131, 4.84973, 0.0
8630.0, 6.21732, -9.025752, -0.024836, -15.356131, 4.84973, 0.0
8647.0, 6.229341, -9.060349, -0.024972, -15.825548, 5.021928, 0.0
8647.0, 6.229341, -9.060349, -0.024972, -15.825548, 5.021928, 0.0
8663.0, 6.241833, -9.095073, -0.025101, -15.825548, 5.021928, 0.0
8679.0, 6.254801, -9.129923, -0.025226, -15.825548, 5.021928, 0.0
8679.0, 6.254801, -9.129923, -0.025226, -15.825548, 5.021928, 0.0
8695.0, 6.268246, -9.164897, -0.025348, -15.825548, 5.021928, 0.0
8695.0, 6.268246, -9.164897, -0.025348, -15.825548, 5.021928, 0.0
8712.0, 6.282172, -9.199995, -0.025469, -15.825548, 5.021928, 0.0
8730.0, 6.296578, -9.235213, -0.025587, -15.825548, 5.021928, 0.0
8730.0, 6.296578, -9.235213, -0.025587, -15.825548, 5.021928, 0.0
8746.0, 6.311473, -9.270558, -0.025707, -15.825548, 5.021928, 0.0
8746.0, 6.311473, -9.270558, -0.025707, -15.825548, 5.021928, 0.0
8762.0, 6.326855, -9.306014, -0.025825, -15.825548, 5.021928, 0.0
8780.0, 6.342723, -9.341569, -0.025941, -15.825548, 5.021928, 0.0
8780.0, 6.342723, -9.341569, -0.025941, -15.825548, 5.021928, 0.0
8796.0, 6.359079, -9.377214, -0.026054, -15.825548, 5.021928, 0.0
8796.0, 6.359079, -9.377214, -0.026054, -15.825548, 5.021928, 0.0
8812.0, 6.375925, -9.412946, -0.026165, -15.825548, 5.021928, 0.0
8830.0, 6.39326, -9.448757, -0.026272, -15.825548, 5.021928, 0.0
8830.0, 6.39326, -9.448757, -0.026272, -15.825548, 5.021928, 0.0
8846.0, 6.410977, -9.484628, -0.026332, -15.825548, 5.021928, 0.0
8846.0, 6.410977, -9.484628, -0.026332, -15.825548, 5.021928, 0.0
8863.0, 6.428954, -9.520558, -0.026309, -15.825548, 5.021928, 0.0
8880.0, 6.447064, -9.556545, -0.026181, -15.825548, 5.021928, 0.0
8880.0, 6.447064, -9.556545, -0.026181, -15.825548, 5.021928, 0.0
8896.0, 6.465195, -9.592584, -0.025945, -16.294964, 5.194126, 0.0
8896.0, 6.465195, -9.592584, -0.025945, -16.294964, 5.194126, 0.0
8913.0, 6.483247, -9.628669, -0.025609, -16.294964, 5.194126, 0.0
8930.0, 6.501137, -9.664793, -0.02519, -16.294964, 5.194126, 0.0
8930.0, 6.501137, -9.664793, -0.02519, -16.294964, 5.194126, 0.0
8945.0, 6.518804, -9.700973, -0.024712, -16.294964, 5.194126, 0.0
8945.0, 6.518804, -9.700973, -0.024712, -16.294964, 5.194126, 0.0
8962.0, 6.536187, -9.737197, -0.024196, -16.294964, 5.194126, 0.0
8979.0, 6.553242, -9.773463, -0.023662, -16.294964, 5.194126, 0.0
8979.0, 6.553242, -9.773463, -0.023662, -16.294964, 5.194126, 0.0
8996.0, 6.569932, -9.809771, -0.02313, -16.294964, 5.194126, 0.0
8996.0, 6.569932, -9.809771, -0.02313, -16.294964, 5.194126, 0.0
9012.0, 6.586231, -9.84612, -0.022617, -16.294964, 5.194126, 0.0
9030.0, 6.602117, -9.882509, -0.022134, -16.294964, 5.194126, 0.0
9030.0, 6.602117, -9.882509, -0.022134, -16.294964, 5.194126, 0.0
9046.0, 6.617573, -9.918941, -0.021691, -16.294964, 5.194126, 0.0
9046.0, 6.617573, -9.918941, -0.021691, -16.294964, 5.194126, 0.0
9062.0, 6.632589, -9.955418, -0.021292, -16.294964, 5.194126, 0.0
9080.0, 6.647155, -9.99194, -0.020942, -16.294964, 5.194126, 0.0
9080.0, 6.647155, -9.99194, -0.020942, -16.294964, 5.194126, 0.0
9097.0, 6.661264, -10.028508, -0.020638, -16.294964, 5.194126, 0.0
9097.0, 6.661264, -10.028508, -0.020638, -16.294964, 5.194126, 0.0
9112.0, 6.67491, -10.065126, -0.020381, -16.294964, 5.194126, 0.0
9130.0, 6.688089, -10.101793, -0.020167, -16.294964, 5.194126, 0.0
9130.0, 6.688089, -10.101793, -0.020167, -16.294964, 5.194126, 0.0
9146.0, 6.700793, -10.138495, -0.01999, -16.764381, 5.366324, 0.0
9146.0, 6.700793, -10.138495, -0.01999, -16.764381, 5.366324, 0.0
9162.0, 6.713021, -10.175242, -0.019847, -16.764381, 5.366324, 0.0
9179.0, 6.724774, -10.212038, -0.019735, -16.764381, 5.366324, 0.0
9179.0, 6.724774, -10.212038, -0.019735, -16.764381, 5.366324, 0.0
9196.0, 6.736048, -10.24888, -0.019648, -16.764381, 5.366324, 0.0
9196.0, 6.736048, -10.24888, -0.019648, -16.764381, 5.366324, 0.0
9213.0, 6.746842, -10.285772, -0.019583, -16.764381, 5.366324, 0.0
9231.0, 6.757155, -10.322711, -0.019536, -16.764381, 5.366324, 0.0
9231.0, 6.757155, -10.322711, -0.019536, -16.764381, 5.366324, 0.0
9246.0, 6.766987, -10.359708, -0.019504, -16.764381, 5.366324, 0.0
9246.0, 6.766987, -10.359708, -0.019504, -16.764381, 5.366324, 0.0
9263.0, 6.776333, -10.396748, -0.019482, -16.764381, 5.366324, 0.0
9280.0, 6.785191, -10.43382, -0.019466, -16.764381, 5.366324, 0.0
9280.0, 6.785191, -10.43382, -0.019466, -16.764381, 5.366324, 0.0
9297.0, 6.793559, -10.470919, -0.019454, -16.764381, 5.366324, 0.0
9297.0, 6.793559, -10.470919, -0.019454, -16.764381, 5.366324, 0.0
9313.0, 6.801434, -10.508039, -0.019445, -16.764381, 5.366324, 0.0
9329.0, 6.808815, -10.545181, -0.019438, -16.764381, 5.366324, 0.0
9329.0, 6.808815, -10.545181, -0.019438, -16.764381, 5.366324, 0.0
9345.0, 6.815801, -10.582328, -0.019472, -16.764381, 5.366324, 0.0
9345.0, 6.815801, -10.582328, -0.019472, -16.764381, 5.366324, 0.0
9362.0, 6.822521, -10.61949, -0.019586, -16.764381, 5.366324, 0.0
9378.0, 6.829102, -10.656673, -0.0198, -16.764381, 5.366324, 0.0
9378.0, 6.829102, -10.656673, -0.0198, -16.764381, 5.366324, 0.0
9396.0, 6.835659, -10.693881, -0.020118, -17.233797, 5.538522, 0.0
9396.0, 6.835659, -10.693881, -0.020118, -17.233797, 5.538522, 0.0
9411.0, 6.842291, -10.731113, -0.020531, -17.233797, 5.538522, 0.0
9430.0, 6.849082, -10.768373, -0.02102, -17.233797, 5.538522, 0.0
9430.0, 6.849082, -10.768373, -0.02102, -17.233797, 5.538522, 0.0
9446.0, 6.856102, -10.805681, -0.021564, -17.233797, 5.538522, 0.0
9446.0, 6.856102, -10.805681, -0.021564, -17.233797, 5.538522, 0.0
9462.0, 6.863404, -10.843033, -0.022141, -17.233797, 5.538522, 0.0
9479.0, 6.87103, -10.88043, -0.022727, -17.233797, 5.538522, 0.0
9479.0, 6.87103, -10.88043, -0.022727, -17.233797, 5.538522, 0.0
9496.0, 6.879014, -10.917879, -0.023306, -17.233797, 5.538522, 0.0
9496.0, 6.879014, -10.917879, -0.023306, -17.233797, 5.538522, 0.0
9511.0, 6.887384, -10.955383, -0.023863, -17.233797, 5.538522, 0.0
9530.0, 6.89616, -10.992949, -0.024386, -17.233797, 5.538522, 0.0
9530.0, 6.89616, -10.992949, -0.024386, -17.233797, 5.538522, 0.0
9546.0, 6.905354, -11.030566, -0.024868, -17.233797, 5.538522, 0.0
9546.0, 6.905354, -11.030566, -0.024868, -17.233797, 5.538522, 0.0
9561.0, 6.914981, -11.068252, -0.025306, -17.233797, 5.538522, 0.0
9579.0, 6.925052, -11.106016, -0.025698, -17.233797, 5.538522, 0.0
9579.0, 6.925052, -11.106016, -0.025698, -17.233797, 5.538522, 0.0
9596.0, 6.935573, -11.143865, -0.026047, -17.233797, 5.538522, 0.0
9596.0, 6.935573, -11.143865, -0.026047, -17.233797, 5.538522, 0.0
9612.0, 6.946551, -11.181802, -0.026354, -17.233797, 5.538522, 0.0
9630.0, 6.957991, -11.21983, -0.026624, -17.233797, 5.538522, 0.0
9630.0, 6.957991, -11.21983, -0.026624, -17.233797, 5.538522, 0.0
9646.0, 6.969901, -11.257966, -0.026861, -17.703213, 5.71072, 0.0
9646.0, 6.969901, -11.257966, -0.026861, -17.703213, 5.71072, 0.0
9662.0, 6.982281, -11.296198, -0.027068, -17.703213, 5.71072, 0.0
9680.0, 6.995132, -11.334523, -0.027249, -17.703213, 5.71072, 0.0
9680.0, 6.995132, -11.334523, -0.027249, -17.703213, 5.71072, 0.0
9696.0, 7.008457, -11.37294, -0.027408, -17.703213, 5.71072, 0.0
9696.0, 7.008457, -11.37294, -0.027408, -17.703213, 5.71072, 0.0
9712.0, 7.022257, -11.411446, -0.02755, -17.703213, 5.71072, 0.0
9730.0, 7.036534, -11.450041, -0.027677, -17.703213, 5.71072, 0.0
9730.0, 7.036534, -11.450041, -0.027677, -17.703213, 5.71072, 0.0
9747.0, 7.05119, -11.488713, -0.02775, -17.703213, 5.71072, 0.0
9747.0, 7.05119, -11.488713, -0.02775, -17.703213, 5.71072, 0.0
9763.0, 7.066099, -11.527448, -0.027735, -17.703213, 5.71072, 0.0
9780.0, 7.081132, -11.566229, -0.02761, -17.703213, 5.71072, 0.0
9780.0, 7.081132, -11.566229, -0.02761, -17.703213, 5.71072, 0.0
9797.0, 7.096179, -11.605042, -0.027372, -17.703213, 5.71072, 0.0
9797.0, 7.096179, -11.605042, -0.027372, -17.703213, 5.71072, 0.0
9812.0, 7.111139, -11.643875, -0.027031, -17.703213, 5.71072, 0.0
9830.0, 7.125931, -11.682719, -0.026605, -17.703213, 5.71072, 0.0
9830.0, 7.125931, -11.682719, -0.026605, -17.703213, 5.71072, 0.0
9845.0, 7.140483, -11.721552, -0.026114, -17.703213, 5.71072, 0.0
9845.0, 7.140483, -11.721552, -0.026114, -17.703213, 5.71072, 0.0
9862.0, 7.154744, -11.76038, -0.025583, -17.703213, 5.71072, 0.0
9880.0, 7.168671, -11.799205, -0.025036, -17.703213, 5.71072, 0.0
9880.0, 7.168671, -11.799205, -0.025036, -17.703213, 5.71072, 0.0
9896.0, 7.182232, -11.838025, -0.024492, -18.172628, 5.882918, 0.0
9896.0, 7.182232, -11.838025, -0.024492, -18.172628, 5.882918, 0.0
9912.0, 7.195401, -11.876839, -0.023966, -18.172628, 5.882918, 0.0
9931.0, 7.208155, -11.915643, -0.023471, -18.172628, 5.882918, 0.0
9931.0, 7.208155, -11.915643, -0.023471, -18.172628, 5.882918, 0.0
9946.0, 7.220484, -11.954449, -0.023015, -18.172628, 5.882918, 0.0
9946.0, 7.220484, -11.954449, -0.023015, -18.172628, 5.882918, 0.0
9963.0, 7.232372, -11.993245, -0.022603, -18.172628, 5.882918, 0.0
9979.0, 7.243808, -12.032025, -0.022236, -18.172628, 5.882918, 0.0
9979.0, 7.243808, -12.032025, -0.022236, -18.172628, 5.882918, 0.0
9997.0, 7.254785, -12.070786, -0.021913, -18.172628, 5.882918, 0.0
9997.0, 7.254785, -12.070786, -0.021913, -18.172628, 5.882918, 0.0
