2.0, 0.0, 0.0, 0.002231, 0.707388, -0.706825, 0.0
2.0, 0.0, 0.0, 0.002231, 0.707388, -0.706825, 0.0
15.0, -0.000052, -0.000263, -0.004074, 0.707388, -0.706825, 0.0
15.0, -0.000052, -0.000263, -0.004074, 0.707388, -0.706825, 0.0
32.0, -0.00001, -0.000421, -0.009534, 0.707388, -0.706825, 0.0
49.0, 0.000222, -0.000419, -0.012349, 0.707388, -0.706825, 0.0
49.0, 0.000222, -0.000419, -0.012349, 0.707388, -0.706825, 0.0
66.0, 0.000715, -0.000353, -0.013615, 0.707388, -0.706825, 0.0
66.0, 0.000715, -0.000353, -0.013615, 0.707388, -0.706825, 0.0
81.0, 0.001522, -0.000362, -0.01377, 0.707388, -0.706825, 0.0
99.0, 0.002678, -0.000579, -0.013168, 0.707388, -0.706825, 0.0
99.0, 0.002678, -0.000579, -0.013168, 0.707388, -0.706825, 0.0
114.0, 0.004112, -0.001108, -0.012046, 0.707388, -0.706825, 0.0
114.0, 0.004112, -0.001108, -0.012046, 0.707388, -0.706825, 0.0
131.0, 0.005498, -0.0019, -0.012435, 0.707388, -0.706825, 0.0
148.0, 0.006916, -0.002829, -0.013388, 0.707388, -0.706825, 0.0
148.0, 0.006916, -0.002829, -0.013388, 0.707388, -0.706825, 0.0
164.0, 0.008318, -0.003898, -0.013699, 0.566564, -0.655166, 0.0
164.0, 0.008318, -0.003898, -0.013699, 0.566564, -0.655166, 0.0
180.0, 0.009564, -0.005041, -0.013529, 0.566564, -0.655166, 0.0
198.0, 0.010643, -0.00621, -0.012951, 0.566564, -0.655166, 0.0
198.0, 0.010643, -0.00621, -0.012951, 0.566564, -0.655166, 0.0
214.0, 0.011233, -0.007311, -0.012161, 0.566564, -0.655166, 0.0
214.0, 0.011233, -0.007311, -0.012161, 0.566564, -0.655166, 0.0
230.0, 0.011664, -0.008004, -0.01122, 0.566564, -0.655166, 0.0
247.0, 0.011769, -0.008629, -0.010247, 0.566564, -0.655166, 0.0
247.0, 0.011769, -0.008629, -0.010247, 0.566564, -0.655166, 0.0
264.0, 0.011702, -0.009148, -0.009583, 0.566564, -0.655166, 0.0
264.0, 0.011702, -0.009148, -0.009583, 0.566564, -0.655166, 0.0
280.0, 0.011378, -0.009676, -0.008739, 0.566564, -0.655166, 0.0
299.0, 0.010743, -0.010314, -0.007901, 0.566564, -0.655166, 0.0
299.0, 0.010743, -0.010314, -0.007901, 0.566564, -0.655166, 0.0
315.0, 0.009724, -0.011077, -0.006905, 0.566564, -0.655166, 0.0
315.0, 0.009724, -0.011077, -0.006905, 0.566564, -0.655166, 0.0
331.0, 0.008257, -0.011962, -0.005795, 0.566564, -0.655166, 0.0
348.0, 0.006305, -0.012955, -0.004625, 0.566564, -0.655166, 0.0
348.0, 0.006305, -0.012955, -0.004625, 0.566564, -0.655166, 0.0
365.0, 0.003845, -0.014042, -0.003447, 0.566564, -0.655166, 0.0
365.0, 0.003845, -0.014042, -0.003447, 0.566564, -0.655166, 0.0
380.0, 0.000867, -0.015208, -0.002305, 0.566564, -0.655166, 0.0
398.0, -0.002632, -0.016443, -0.001233, 0.566564, -0.655166, 0.0
398.0, -0.002632, -0.016443, -0.001233, 0.566564, -0.655166, 0.0
415.0, -0.006653, -0.01774, -0.000253, 0.331855, -0.569067, 0.0
415.0, -0.006653, -0.01774, -0.000253, 0.331855, -0.569067, 0.0
431.0, -0.011196, -0.019092, 0.000621, 0.331855, -0.569067, 0.0
448.0, -0.016256, -0.020492, 0.001384, 0.331855, -0.569067, 0.0
448.0, -0.016256, -0.020492, 0.001384, 0.331855, -0.569067, 0.0
465.0, -0.021833, -0.021938, 0.002037, 0.331855, -0.569067, 0.0
465.0, -0.021833, -0.021938, 0.002037, 0.331855, -0.569067, 0.0
481.0, -0.027923, -0.023427, 0.002585, 0.331855, -0.569067, 0.0
499.0, -0.034523, -0.024959, 0.003035, 0.331855, -0.569067, 0.0
499.0, -0.034523, -0.024959, 0.003035, 0.331855, -0.569067, 0.0
515.0, -0.041529, -0.026528, 0.003356, 0.331855, -0.569067, 0.0
515.0, -0.041529, -0.026528, 0.003356, 0.331855, -0.569067, 0.0
531.0, -0.04884, -0.02814, 0.003522, 0.331855, -0.569067, 0.0
549.0, -0.056267, -0.029776, 0.003525, 0.331855, -0.569067, 0.0
549.0, -0.056267, -0.029776, 0.003525, 0.331855, -0.569067, 0.0
565.0, -0.063724, -0.031443, 0.003371, 0.331855, -0.569067, 0.0
565.0, -0.063724, -0.031443, 0.003371, 0.331855, -0.569067, 0.0
581.0, -0.071114, -0.033139, 0.003081, 0.331855, -0.569067, 0.0
599.0, -0.078354, -0.034863, 0.002681, 0.331855, -0.569067, 0.0
599.0, -0.078354, -0.034863, 0.002681, 0.331855, -0.569067, 0.0
614.0, -0.085374, -0.03662, 0.002197, 0.331855, -0.569067, 0.0
614.0, -0.085374, -0.03662, 0.002197, 0.331855, -0.569067, 0.0
631.0, -0.092124, -0.038417, 0.001659, 0.331855, -0.569067, 0.0
647.0, -0.098559, -0.040261, 0.001089, 0.331855, -0.569067, 0.0
647.0, -0.098559, -0.040261, 0.001089, 0.331855, -0.569067, 0.0
664.0, -0.104647, -0.042159, 0.000509, 0.09708, -0.482943, 0.0
664.0, -0.104647, -0.042159, 0.000509, 0.09708, -0.482943, 0.0
681.0, -0.110359, -0.044115, -0.000067, 0.09708, -0.482943, 0.0
699.0, -0.115674, -0.046131, -0.000628, 0.09708, -0.482943, 0.0
699.0, -0.115674, -0.046131, -0.000628, 0.09708, -0.482943, 0.0
715.0, -0.120576, -0.048214, -0.001167, 0.09708, -0.482943, 0.0
715.0, -0.120576, -0.048214, -0.001167, 0.09708, -0.482943, 0.0
731.0, -0.125052, -0.050366, -0.00168, 0.09708, -0.482943, 0.0
748.0, -0.129091, -0.05259, -0.002167, 0.09708, -0.482943, 0.0
748.0, -0.129091, -0.05259, -0.002167, 0.09708, -0.482943, 0.0
765.0, -0.132687, -0.054889, -0.00263, 0.09708, -0.482943, 0.0
765.0, -0.132687, -0.054889, -0.00263, 0.09708, -0.482943, 0.0
782.0, -0.135836, -0.057264, -0.003071, 0.09708, -0.482943, 0.0
799.0, -0.138537, -0.059717, -0.00349, 0.09708, -0.482943, 0.0
799.0, -0.138537, -0.059717, -0.00349, 0.09708, -0.482943, 0.0
815.0, -0.140794, -0.062257, -0.003888, 0.09708, -0.482943, 0.0
815.0, -0.140794, -0.062257, -0.003888, 0.09708, -0.482943, 0.0
831.0, -0.142596, -0.064869, -0.00426, 0.09708, -0.482943, 0.0
848.0, -0.143956, -0.067572, -0.0046, 0.09708, -0.482943, 0.0
848.0, -0.143956, -0.067572, -0.0046, 0.09708, -0.482943, 0.0
864.0, -0.144863, -0.070352, -0.004898, 0.09708, -0.482943, 0.0
864.0, -0.144863, -0.070352, -0.004898, 0.09708, -0.482943, 0.0
881.0, -0.145323, -0.073225, -0.005147, 0.09708, -0.482943, 0.0
899.0, -0.14533, -0.0762, -0.005349, 0.09708, -0.482943, 0.0
899.0, -0.14533, -0.0762, -0.005349, 0.09708, -0.482943, 0.0
915.0, -0.144877, -0.079277, -0.005514, -0.137738, -0.396804, 0.0
915.0, -0.144877, -0.079277, -0.005514, -0.137738, -0.396804, 0.0
931.0, -0.143953, -0.082457, -0.005661, -0.137738, -0.396804, 0.0
948.0, -0.142545, -0.085738, -0.005806, -0.137738, -0.396804, 0.0
948.0, -0.142545, -0.085738, -0.005806, -0.137738, -0.396804, 0.0
965.0, -0.140643, -0.089114, -0.005964, -0.137738, -0.396804, 0.0
966.0, -0.140643, -0.089114, -0.005964, -0.137738, -0.396804, 0.0
981.0, -0.138237, -0.092576, -0.006141, -0.137738, -0.396804, 0.0
999.0, -0.135321, -0.096116, -0.006339, -0.137738, -0.396804, 0.0
999.0, -0.135321, -0.096116, -0.006339, -0.137738, -0.396804, 0.0
1014.0, -0.131986, -0.099725, -0.006516, -0.137738, -0.396804, 0.0
1014.0, -0.131986, -0.099725, -0.006516, -0.137738, -0.396804, 0.0
1031.0, -0.128358, -0.103383, -0.006624, -0.137738, -0.396804, 0.0
1049.0, -0.124562, -0.107076, -0.006635, -0.137738, -0.396804, 0.0
1049.0, -0.124562, -0.107076, -0.006635, -0.137738, -0.396804, 0.0
1064.0, -0.12071, -0.110793, -0.006538, -0.137738, -0.396804, 0.0
1064.0, -0.12071, -0.110793, -0.006538, -0.137738, -0.396804, 0.0
1081.0, -0.1169, -0.114525, -0.006332, -0.137738, -0.396804, 0.0
1099.0, -0.113216, -0.118268, -0.00603, -0.137738, -0.396804, 0.0
1099.0, -0.113216, -0.118268, -0.00603, -0.137738, -0.396804, 0.0
1115.0, -0.109725, -0.12202, -0.005649, -0.137738, -0.396804, 0.0
1115.0, -0.109725, -0.12202, -0.005649, -0.137738, -0.396804, 0.0
1132.0, -0.106482, -0.125781, -0.005205, -0.137738, -0.396804, 0.0
1149.0, -0.103534, -0.129553, -0.004718, -0.137738, -0.396804, 0.0
1149.0, -0.103534, -0.129553, -0.004718, -0.137738, -0.396804, 0.0
1166.0, -0.100915, -0.133337, -0.004203, -0.372446, -0.310705, 0.0
1166.0, -0.100915, -0.133337, -0.004203, -0.372446, -0.310705, 0.0
1181.0, -0.098653, -0.137135, -0.003676, -0.372446, -0.310705, 0.0
1199.0, -0.096772, -0.14095, -0.003147, -0.372446, -0.310705, 0.0
1199.0, -0.096772, -0.14095, -0.003147, -0.372446, -0.310705, 0.0
1215.0, -0.095287, -0.144784, -0.002629, -0.372446, -0.310705, 0.0
1215.0, -0.095287, -0.144784, -0.002629, -0.372446, -0.310705, 0.0
1231.0, -0.094215, -0.148642, -0.002132, -0.372446, -0.310705, 0.0
1247.0, -0.093565, -0.152527, -0.001664, -0.372446, -0.310705, 0.0
1247.0, -0.093565, -0.152527, -0.001664, -0.372446, -0.310705, 0.0
1265.0, -0.093351, -0.156445, -0.001235, -0.372446, -0.310705, 0.0
1265.0, -0.093351, -0.156445, -0.001235, -0.372446, -0.310705, 0.0
1281.0, -0.093582, -0.160401, -0.000853, -0.372446, -0.310705, 0.0
1299.0, -0.094269, -0.164399, -0.000521, -0.372446, -0.310705, 0.0
1299.0, -0.094269, -0.164399, -0.000521, -0.372446, -0.310705, 0.0
1315.0, -0.095325, -0.168437, -0.000277, -0.372446, -0.310705, 0.0
1315.0, -0.095325, -0.168437, -0.000277, -0.372446, -0.310705, 0.0
1331.0, -0.09664, -0.172511, -0.000151, -0.372446, -0.310705, 0.0
1348.0, -0.098104, -0.176612, -0.000153, -0.372446, -0.310705, 0.0
1348.0, -0.098104, -0.176612, -0.000153, -0.372446, -0.310705, 0.0
1365.0, -0.099612, -0.180735, -0.000282, -0.372446, -0.310705, 0.0
1365.0, -0.099612, -0.180735, -0.000282, -0.372446, -0.310705, 0.0
1382.0, -0.101074, -0.184873, -0.000522, -0.372446, -0.310705, 0.0
1400.0, -0.102412, -0.189024, -0.000853, -0.372446, -0.310705, 0.0
1400.0, -0.102412, -0.189024, -0.000853, -0.372446, -0.310705, 0.0
1415.0, -0.103561, -0.193191, -0.00125, -0.607154, -0.224606, 0.0
1415.0, -0.103561, -0.193191, -0.00125, -0.607154, -0.224606, 0.0
1430.0, -0.104469, -0.19738, -0.001689, -0.607154, -0.224606, 0.0
1447.0, -0.105091, -0.201599, -0.002149, -0.607154, -0.224606, 0.0
1447.0, -0.105091, -0.201599, -0.002149, -0.607154, -0.224606, 0.0
1465.0, -0.105392, -0.205856, -0.002611, -0.607154, -0.224606, 0.0
1465.0, -0.105392, -0.205856, -0.002611, -0.607154, -0.224606, 0.0
1480.0, -0.105339, -0.210158, -0.003065, -0.607154, -0.224606, 0.0
1499.0, -0.104908, -0.214512, -0.003502, -0.607154, -0.224606, 0.0
1499.0, -0.104908, -0.214512, -0.003502, -0.607154, -0.224606, 0.0
1514.0, -0.104076, -0.218925, -0.003921, -0.607154, -0.224606, 0.0
1514.0, -0.104076, -0.218925, -0.003921, -0.607154, -0.224606, 0.0
1531.0, -0.102824, -0.223402, -0.004325, -0.607154, -0.224606, 0.0
1548.0, -0.101134, -0.227948, -0.004714, -0.607154, -0.224606, 0.0
1548.0, -0.101134, -0.227948, -0.004714, -0.607154, -0.224606, 0.0
1565.0, -0.098992, -0.232565, -0.005093, -0.607154, -0.224606, 0.0
1565.0, -0.098992, -0.232565, -0.005093, -0.607154, -0.224606, 0.0
1581.0, -0.096386, -0.237255, -0.005464, -0.607154, -0.224606, 0.0
1599.0, -0.093307, -0.242016, -0.005827, -0.607154, -0.224606, 0.0
1599.0, -0.093307, -0.242016, -0.005827, -0.607154, -0.224606, 0.0
1615.0, -0.089746, -0.246846, -0.006182, -0.607154, -0.224606, 0.0
1615.0, -0.089746, -0.246846, -0.006182, -0.607154, -0.224606, 0.0
1632.0, -0.085697, -0.25174, -0.006527, -0.607154, -0.224606, 0.0
1649.0, -0.081155, -0.256692, -0.006859, -0.607154, -0.224606, 0.0
1649.0, -0.081155, -0.256692, -0.006859, -0.607154, -0.224606, 0.0
1665.0, -0.076116, -0.261698, -0.007176, -0.841867, -0.138505, 0.0
1665.0, -0.076116, -0.261698, -0.007176, -0.841867, -0.138505, 0.0
1681.0, -0.070577, -0.266753, -0.007477, -0.841867, -0.138505, 0.0
1699.0, -0.064537, -0.271855, -0.007758, -0.841867, -0.138505, 0.0
1699.0, -0.064537, -0.271855, -0.007758, -0.841867, -0.138505, 0.0
1715.0, -0.058096, -0.276997, -0.007976, -0.841867, -0.138505, 0.0
1715.0, -0.058096, -0.276997, -0.007976, -0.841867, -0.138505, 0.0
1731.0, -0.05138, -0.282172, -0.008093, -0.841867, -0.138505, 0.0
1748.0, -0.044515, -0.287373, -0.008087, -0.841867, -0.138505, 0.0
1748.0, -0.044515, -0.287373, -0.008087, -0.841867, -0.138505, 0.0
1765.0, -0.037615, -0.292597, -0.007955, -0.841867, -0.138505, 0.0
1765.0, -0.037615, -0.292597, -0.007955, -0.841867, -0.138505, 0.0
1781.0, -0.030776, -0.297838, -0.007706, -0.841867, -0.138505, 0.0
1799.0, -0.024081, -0.303096, -0.007358, -0.841867, -0.138505, 0.0
1799.0, -0.024081, -0.303096, -0.007358, -0.841867, -0.138505, 0.0
1815.0, -0.017596, -0.308372, -0.006934, -0.841867, -0.138505, 0.0
1815.0, -0.017596, -0.308372, -0.006934, -0.841867, -0.138505, 0.0
1831.0, -0.011377, -0.313668, -0.006455, -0.841867, -0.138505, 0.0
1849.0, -0.005467, -0.318986, -0.005944, -0.841867, -0.138505, 0.0
1849.0, -0.005467, -0.318986, -0.005944, -0.841867, -0.138505, 0.0
1866.0, 0.000097, -0.32433, -0.005418, -0.841867, -0.138505, 0.0
1866.0, 0.000097, -0.32433, -0.005418, -0.841867, -0.138505, 0.0
1881.0, 0.005288, -0.329701, -0.004894, -0.841867, -0.138505, 0.0
1899.0, 0.010082, -0.3351, -0.004381, -0.841867, -0.138505, 0.0
1899.0, 0.010082, -0.3351, -0.004381, -0.841867, -0.138505, 0.0
1915.0, 0.014464, -0.34053, -0.00389, -1.076575, -0.052406, 0.0
1915.0, 0.014464, -0.34053, -0.00389, -1.076575, -0.052406, 0.0
1931.0, 0.018418, -0.345992, -0.003423, -1.076575, -0.052406, 0.0
1948.0, 0.021933, -0.351487, -0.002985, -1.076575, -0.052406, 0.0
1948.0, 0.021933, -0.351487, -0.002985, -1.076575, -0.052406, 0.0
1965.0, 0.025, -0.357015, -0.002576, -1.076575, -0.052406, 0.0
1965.0, 0.025, -0.357015, -0.002576, -1.076575, -0.052406, 0.0
1982.0, 0.027614, -0.362579, -0.002197, -1.076575, -0.052406, 0.0
2000.0, 0.029769, -0.368181, -0.001848, -1.076575, -0.052406, 0.0
2000.0, 0.029769, -0.368181, -0.001848, -1.076575, -0.052406, 0.0
2015.0, 0.031558, -0.373816, -0.001572, -1.076575, -0.052406, 0.0
2015.0, 0.031558, -0.373816, -0.001572, -1.076575, -0.052406, 0.0
2031.0, 0.033098, -0.379484, -0.001401, -1.076575, -0.052406, 0.0
2048.0, 0.034502, -0.385182, -0.001353, -1.076575, -0.052406, 0.0
2048.0, 0.034502, -0.385182, -0.001353, -1.076575, -0.052406, 0.0
2065.0, 0.035875, -0.390905, -0.001432, -1.076575, -0.052406, 0.0
2065.0, 0.035875, -0.390905, -0.001432, -1.076575, -0.052406, 0.0
2080.0, 0.037307, -0.396649, -0.001626, -1.076575, -0.052406, 0.0
2098.0, 0.038876, -0.402412, -0.00192, -1.076575, -0.052406, 0.0
2098.0, 0.038876, -0.402412, -0.00192, -1.076575, -0.052406, 0.0
2114.0, 0.040647, -0.408195, -0.002295, -1.076575, -0.052406, 0.0
2114.0, 0.040647, -0.408195, -0.002295, -1.076575, -0.052406, 0.0
2131.0, 0.042675, -0.414001, -0.002732, -1.076575, -0.052406, 0.0
2148.0, 0.045006, -0.419834, -0.003212, -1.076575, -0.052406, 0.0
2148.0, 0.045006, -0.419834, -0.003212, -1.076575, -0.052406, 0.0
2164.0, 0.047677, -0.425697, -0.00372, -1.311284, 0.033693, 0.0
2164.0, 0.047677, -0.425697, -0.00372, -1.311284, 0.033693, 0.0
2180.0, 0.050721, -0.431592, -0.00424, -1.311284, 0.033693, 0.0
2198.0, 0.054161, -0.437522, -0.004763, -1.311284, 0.033693, 0.0
2198.0, 0.054161, -0.437522, -0.004763, -1.311284, 0.033693, 0.0
2213.0, 0.058021, -0.443486, -0.005277, -1.311284, 0.033693, 0.0
2213.0, 0.058021, -0.443486, -0.005277, -1.311284, 0.033693, 0.0
2230.0, 0.062316, -0.449486, -0.005776, -1.311284, 0.033693, 0.0
2247.0, 0.067061, -0.455522, -0.006254, -1.311284, 0.033693, 0.0
2247.0, 0.067061, -0.455522, -0.006254, -1.311284, 0.033693, 0.0
2265.0, 0.072267, -0.461594, -0.006705, -1.311284, 0.033693, 0.0
2265.0, 0.072267, -0.461594, -0.006705, -1.311284, 0.033693, 0.0
2280.0, 0.077943, -0.467702, -0.007127, -1.311284, 0.033693, 0.0
2298.0, 0.084096, -0.473846, -0.007518, -1.311284, 0.033693, 0.0
2298.0, 0.084096, -0.473846, -0.007518, -1.311284, 0.033693, 0.0
2314.0, 0.09063, -0.480022, -0.007834, -1.311284, 0.033693, 0.0
2314.0, 0.09063, -0.480022, -0.007834, -1.311284, 0.033693, 0.0
2330.0, 0.097422, -0.486222, -0.008038, -1.311284, 0.033693, 0.0
2348.0, 0.10435, -0.49244, -0.008108, -1.311284, 0.033693, 0.0
2348.0, 0.10435, -0.49244, -0.008108, -1.311284, 0.033693, 0.0
2364.0, 0.111304, -0.498673, -0.008041, -1.311284, 0.033693, 0.0
2364.0, 0.111304, -0.498673, -0.008041, -1.311284, 0.033693, 0.0
2380.0, 0.118187, -0.504916, -0.007847, -1.311284, 0.033693, 0.0
2398.0, 0.12492, -0.511167, -0.007544, -1.311284, 0.033693, 0.0
2398.0, 0.12492, -0.511167, -0.007544, -1.311284, 0.033693, 0.0
2414.0, 0.131436, -0.517427, -0.007154, -1.545994, 0.119793, 0.0
2414.0, 0.131436, -0.517427, -0.007154, -1.545994, 0.119793, 0.0
2430.0, 0.137682, -0.523699, -0.006703, -1.545994, 0.119793, 0.0
2448.0, 0.143614, -0.529986, -0.006212, -1.545994, 0.119793, 0.0
2448.0, 0.143614, -0.529986, -0.006212, -1.545994, 0.119793, 0.0
2464.0, 0.149202, -0.536294, -0.0057, -1.545994, 0.119793, 0.0
2464.0, 0.149202, -0.536294, -0.0057, -1.545994, 0.119793, 0.0
2480.0, 0.154408, -0.542616, -0.005185, -1.545994, 0.119793, 0.0
2499.0, 0.159214, -0.548958, -0.004678, -1.545994, 0.119793, 0.0
2499.0, 0.159214, -0.548958, -0.004678, -1.545994, 0.119793, 0.0
2515.0, 0.163603, -0.555322, -0.00419, -1.545994, 0.119793, 0.0
2515.0, 0.163603, -0.555322, -0.00419, -1.545994, 0.119793, 0.0
2531.0, 0.167562, -0.561708, -0.003727, -1.545994, 0.119793, 0.0
2548.0, 0.171079, -0.568116, -0.003292, -1.545994, 0.119793, 0.0
2548.0, 0.171079, -0.568116, -0.003292, -1.545994, 0.119793, 0.0
2565.0, 0.174145, -0.574549, -0.002889, -1.545994, 0.119793, 0.0
2565.0, 0.174145, -0.574549, -0.002889, -1.545994, 0.119793, 0.0
2581.0, 0.176755, -0.581007, -0.002518, -1.545994, 0.119793, 0.0
2597.0, 0.178901, -0.587491, -0.002181, -1.545994, 0.119793, 0.0
2598.0, 0.178901, -0.587491, -0.002181, -1.545994, 0.119793, 0.0
2614.0, 0.18068, -0.594002, -0.001918, -1.545994, 0.119793, 0.0
2614.0, 0.18068, -0.594002, -0.001918, -1.545994, 0.119793, 0.0
2631.0, 0.182206, -0.600542, -0.001764, -1.545994, 0.119793, 0.0
2647.0, 0.183596, -0.60711, -0.001735, -1.545994, 0.119793, 0.0
2647.0, 0.183596, -0.60711, -0.001735, -1.545994, 0.119793, 0.0
2664.0, 0.184955, -0.613707, -0.001833, -1.780716, 0.205897, 0.0
2664.0, 0.184955, -0.613707, -0.001833, -1.780716, 0.205897, 0.0
2681.0, 0.186374, -0.620331, -0.002048, -1.780716, 0.205897, 0.0
2699.0, 0.187932, -0.626982, -0.002363, -1.780716, 0.205897, 0.0
2699.0, 0.187932, -0.626982, -0.002363, -1.780716, 0.205897, 0.0
2715.0, 0.189694, -0.633665, -0.002757, -1.780716, 0.205897, 0.0
2715.0, 0.189694, -0.633665, -0.002757, -1.780716, 0.205897, 0.0
2731.0, 0.191715, -0.640385, -0.003209, -1.780716, 0.205897, 0.0
2747.0, 0.194041, -0.647154, -0.003702, -1.780716, 0.205897, 0.0
2747.0, 0.194041, -0.647154, -0.003702, -1.780716, 0.205897, 0.0
2765.0, 0.196706, -0.653966, -0.004217, -1.780716, 0.205897, 0.0
2765.0, 0.196706, -0.653966, -0.004217, -1.780716, 0.205897, 0.0
2781.0, 0.199743, -0.66083, -0.004742, -1.780716, 0.205897, 0.0
2799.0, 0.203176, -0.66775, -0.005263, -1.780716, 0.205897, 0.0
2799.0, 0.203176, -0.66775, -0.005263, -1.780716, 0.205897, 0.0
2814.0, 0.207026, -0.674727, -0.005773, -1.780716, 0.205897, 0.0
2814.0, 0.207026, -0.674727, -0.005773, -1.780716, 0.205897, 0.0
2830.0, 0.21131, -0.681765, -0.006265, -1.780716, 0.205897, 0.0
2848.0, 0.21604, -0.688863, -0.006733, -1.780716, 0.205897, 0.0
2848.0, 0.21604, -0.688863, -0.006733, -1.780716, 0.205897, 0.0
2864.0, 0.221229, -0.696023, -0.007174, -1.780716, 0.205897, 0.0
2864.0, 0.221229, -0.696023, -0.007174, -1.780716, 0.205897, 0.0
2882.0, 0.226883, -0.703246, -0.007586, -1.780716, 0.205897, 0.0
2899.0, 0.233011, -0.71053, -0.007969, -1.780716, 0.205897, 0.0
2899.0, 0.233011, -0.71053, -0.007969, -1.780716, 0.205897, 0.0
2915.0, 0.239517, -0.717869, -0.008278, -2.015438, 0.292001, 0.0
2915.0, 0.239517, -0.717869, -0.008278, -2.015438, 0.292001, 0.0
2931.0, 0.246278, -0.725248, -0.008478, -2.015438, 0.292001, 0.0
2948.0, 0.253173, -0.732656, -0.008545, -2.015438, 0.292001, 0.0
2948.0, 0.253173, -0.732656, -0.008545, -2.015438, 0.292001, 0.0
2965.0, 0.260091, -0.740083, -0.008477, -2.015438, 0.292001, 0.0
2965.0, 0.260091, -0.740083, -0.008477, -2.015438, 0.292001, 0.0
2981.0, 0.266937, -0.74752, -0.008282, -2.015438, 0.292001, 0.0
2998.0, 0.273632, -0.754962, -0.007979, -2.015438, 0.292001, 0.0
2998.0, 0.273632, -0.754962, -0.007979, -2.015438, 0.292001, 0.0
3015.0, 0.280109, -0.762407, -0.007589, -2.015438, 0.292001, 0.0
3015.0, 0.280109, -0.762407, -0.007589, -2.015438, 0.292001, 0.0
3031.0, 0.286315, -0.769856, -0.007136, -2.015438, 0.292001, 0.0
3047.0, 0.292206, -0.777309, -0.006643, -2.015438, 0.292001, 0.0
3048.0, 0.292206, -0.777309, -0.006643, -2.015438, 0.292001, 0.0
3064.0, 0.297746, -0.784767, -0.00613, -2.015438, 0.292001, 0.0
3064.0, 0.297746, -0.784767, -0.00613, -2.015438, 0.292001, 0.0
3081.0, 0.302908, -0.792231, -0.005612, -2.015438, 0.292001, 0.0
3099.0, 0.307669, -0.799703, -0.005104, -2.015438, 0.292001, 0.0
3099.0, 0.307669, -0.799703, -0.005104, -2.015438, 0.292001, 0.0
3114.0, 0.312012, -0.807183, -0.004616, -2.015438, 0.292001, 0.0
3114.0, 0.312012, -0.807183, -0.004616, -2.015438, 0.292001, 0.0
3132.0, 0.315923, -0.814671, -0.004154, -2.015438, 0.292001, 0.0
3148.0, 0.31939, -0.822165, -0.003722, -2.015438, 0.292001, 0.0
3148.0, 0.31939, -0.822165, -0.003722, -2.015438, 0.292001, 0.0
3165.0, 0.322403, -0.829666, -0.003324, -2.250146, 0.3781, 0.0
3165.0, 0.322403, -0.829666, -0.003324, -2.250146, 0.3781, 0.0
3180.0, 0.324958, -0.837175, -0.002961, -2.250146, 0.3781, 0.0
3199.0, 0.327046, -0.844692, -0.002634, -2.250146, 0.3781, 0.0
3199.0, 0.327046, -0.844692, -0.002634, -2.250146, 0.3781, 0.0
3215.0, 0.328763, -0.852219, -0.002384, -2.250146, 0.3781, 0.0
3215.0, 0.328763, -0.852219, -0.002384, -2.250146, 0.3781, 0.0
3231.0, 0.330226, -0.859766, -0.002244, -2.250146, 0.3781, 0.0
3247.0, 0.331553, -0.867338, -0.002231, -2.250146, 0.3781, 0.0
3247.0, 0.331553, -0.867338, -0.002231, -2.250146, 0.3781, 0.0
3265.0, 0.332848, -0.87494, -0.002347, -2.250146, 0.3781, 0.0
3265.0, 0.332848, -0.87494, -0.002347, -2.250146, 0.3781, 0.0
3280.0, 0.334205, -0.882577, -0.002579, -2.250146, 0.3781, 0.0
3299.0, 0.335702, -0.890251, -0.002911, -2.250146, 0.3781, 0.0
3299.0, 0.335702, -0.890251, -0.002911, -2.250146, 0.3781, 0.0
3315.0, 0.337403, -0.897971, -0.00332, -2.250146, 0.3781, 0.0
3315.0, 0.337403, -0.897971, -0.00332, -2.250146, 0.3781, 0.0
3331.0, 0.339364, -0.905745, -0.003786, -2.250146, 0.3781, 0.0
3348.0, 0.341628, -0.913582, -0.004289, -2.250146, 0.3781, 0.0
3348.0, 0.341628, -0.913582, -0.004289, -2.250146, 0.3781, 0.0
3365.0, 0.344232, -0.92149, -0.004811, -2.250146, 0.3781, 0.0
3365.0, 0.344232, -0.92149, -0.004811, -2.250146, 0.3781, 0.0
3381.0, 0.347205, -0.929473, -0.005338, -2.250146, 0.3781, 0.0
3399.0, 0.350571, -0.937538, -0.005858, -2.250146, 0.3781, 0.0
3399.0, 0.350571, -0.937538, -0.005858, -2.250146, 0.3781, 0.0
3415.0, 0.354351, -0.945687, -0.006364, -2.484855, 0.4642, 0.0
3415.0, 0.354351, -0.945687, -0.006364, -2.484855, 0.4642, 0.0
3430.0, 0.35856, -0.953924, -0.006848, -2.484855, 0.4642, 0.0
3447.0, 0.363212, -0.96225, -0.007307, -2.484855, 0.4642, 0.0
3447.0, 0.363212, -0.96225, -0.007307, -2.484855, 0.4642, 0.0
3465.0, 0.368315, -0.970666, -0.007739, -2.484855, 0.4642, 0.0
3465.0, 0.368315, -0.970666, -0.007739, -2.484855, 0.4642, 0.0
3480.0, 0.37388, -0.979175, -0.008141, -2.484855, 0.4642, 0.0
3498.0, 0.379912, -0.987777, -0.008514, -2.484855, 0.4642, 0.0
3498.0, 0.379912, -0.987777, -0.008514, -2.484855, 0.4642, 0.0
3514.0, 0.386417, -0.996467, -0.008858, -2.484855, 0.4642, 0.0
3514.0, 0.386417, -0.996467, -0.008858, -2.484855, 0.4642, 0.0
3531.0, 0.3934, -1.005241, -0.009175, -2.484855, 0.4642, 0.0
3548.0, 0.400877, -1.014105, -0.009467, -2.484855, 0.4642, 0.0
3548.0, 0.400877, -1.014105, -0.009467, -2.484855, 0.4642, 0.0
3565.0, 0.408828, -1.023028, -0.009734, -2.484855, 0.4642, 0.0
3565.0, 0.408828, -1.023028, -0.009734, -2.484855, 0.4642, 0.0
3581.0, 0.417267, -1.032019, -0.009978, -2.484855, 0.4642, 0.0
3599.0, 0.426196, -1.041074, -0.010202, -2.484855, 0.4642, 0.0
3599.0, 0.426196, -1.041074, -0.010202, -2.484855, 0.4642, 0.0
3615.0, 0.435517, -1.050187, -0.010364, -2.484855, 0.4642, 0.0
3615.0, 0.435517, -1.050187, -0.010364, -2.484855, 0.4642, 0.0
3632.0, 0.445102, -1.05935, -0.010428, -2.484855, 0.4642, 0.0
3649.0, 0.454826, -1.068556, -0.010374, -2.484855, 0.4642, 0.0
3649.0, 0.454826, -1.068556, -0.010374, -2.484855, 0.4642, 0.0
3665.0, 0.464578, -1.0778, -0.010199, -2.719588, 0.550308, 0.0
3665.0, 0.464578, -1.0778, -0.010199, -2.719588, 0.550308, 0.0
3680.0, 0.47426, -1.087078, -0.009914, -2.719588, 0.550308, 0.0
3698.0, 0.483791, -1.096386, -0.009535, -2.719588, 0.550308, 0.0
3698.0, 0.483791, -1.096386, -0.009535, -2.719588, 0.550308, 0.0
3715.0, 0.493105, -1.105726, -0.009086, -2.719588, 0.550308, 0.0
3715.0, 0.493105, -1.105726, -0.009086, -2.719588, 0.550308, 0.0
3730.0, 0.502147, -1.115101, -0.008588, -2.719588, 0.550308, 0.0
3747.0, 0.510873, -1.124514, -0.008065, -2.719588, 0.550308, 0.0
3747.0, 0.510873, -1.124514, -0.008065, -2.719588, 0.550308, 0.0
3764.0, 0.519249, -1.133968, -0.007536, -2.719588, 0.550308, 0.0
3764.0, 0.519249, -1.133968, -0.007536, -2.719588, 0.550308, 0.0
3780.0, 0.527247, -1.143466, -0.007015, -2.719588, 0.550308, 0.0
3799.0, 0.534843, -1.153008, -0.006514, -2.719588, 0.550308, 0.0
3799.0, 0.534843, -1.153008, -0.006514, -2.719588, 0.550308, 0.0
3814.0, 0.54202, -1.162596, -0.006042, -2.719588, 0.550308, 0.0
3814.0, 0.54202, -1.162596, -0.006042, -2.719588, 0.550308, 0.0
3831.0, 0.548764, -1.172233, -0.005605, -2.719588, 0.550308, 0.0
3849.0, 0.555064, -1.181917, -0.005205, -2.719588, 0.550308, 0.0
3849.0, 0.555064, -1.181917, -0.005205, -2.719588, 0.550308, 0.0
3866.0, 0.56091, -1.191651, -0.004843, -2.719588, 0.550308, 0.0
3866.0, 0.56091, -1.191651, -0.004843, -2.719588, 0.550308, 0.0
3881.0, 0.566297, -1.201435, -0.004519, -2.719588, 0.550308, 0.0
3899.0, 0.571219, -1.211271, -0.00423, -2.719588, 0.550308, 0.0
3899.0, 0.571219, -1.211271, -0.00423, -2.719588, 0.550308, 0.0
3914.0, 0.57577, -1.221151, -0.004016, -2.954296, 0.636407, 0.0
3914.0, 0.57577, -1.221151, -0.004016, -2.954296, 0.636407, 0.0
3930.0, 0.580071, -1.231068, -0.003911, -2.954296, 0.636407, 0.0
3948.0, 0.584241, -1.241014, -0.003931, -2.954296, 0.636407, 0.0
3948.0, 0.584241, -1.241014, -0.003931, -2.954296, 0.636407, 0.0
3964.0, 0.58839, -1.250983, -0.004078, -2.954296, 0.636407, 0.0
3964.0, 0.58839, -1.250983, -0.004078, -2.954296, 0.636407, 0.0
3981.0, 0.592609, -1.260967, -0.004342, -2.954296, 0.636407, 0.0
3999.0, 0.596979, -1.270961, -0.004704, -2.954296, 0.636407, 0.0
3999.0, 0.596979, -1.270961, -0.004704, -2.954296, 0.636407, 0.0
4015.0, 0.601565, -1.280965, -0.005142, -2.954296, 0.636407, 0.0
4015.0, 0.601565, -1.280965, -0.005142, -2.954296, 0.636407, 0.0
4031.0, 0.606422, -1.290978, -0.005634, -2.954296, 0.636407, 0.0
4049.0, 0.611595, -1.301004, -0.006159, -2.954296, 0.636407, 0.0
4049.0, 0.611595, -1.301004, -0.006159, -2.954296, 0.636407, 0.0
4066.0, 0.617119, -1.311043, -0.006698, -2.954296, 0.636407, 0.0
4066.0, 0.617119, -1.311043, -0.006698, -2.954296, 0.636407, 0.0
4081.0, 0.623025, -1.321097, -0.007235, -2.954296, 0.636407, 0.0
4098.0, 0.629335, -1.331167, -0.007758, -2.954296, 0.636407, 0.0
4098.0, 0.629335, -1.331167, -0.007758, -2.954296, 0.636407, 0.0
4114.0, 0.635968, -1.34125, -0.008216, -2.954296, 0.636407, 0.0
4114.0, 0.635968, -1.34125, -0.008216, -2.954296, 0.636407, 0.0
4130.0, 0.642813, -1.351341, -0.008562, -2.954296, 0.636407, 0.0
4147.0, 0.649757, -1.361435, -0.008772, -2.954296, 0.636407, 0.0
4147.0, 0.649757, -1.361435, -0.008772, -2.954296, 0.636407, 0.0
4164.0, 0.656695, -1.37153, -0.008835, -3.189004, 0.722506, 0.0
4164.0, 0.656695, -1.37153, -0.008835, -3.189004, 0.722506, 0.0
4180.0, 0.663539, -1.381622, -0.008761, -3.189004, 0.722506, 0.0
4198.0, 0.670212, -1.39171, -0.008565, -3.189004, 0.722506, 0.0
4198.0, 0.670212, -1.39171, -0.008565, -3.189004, 0.722506, 0.0
4214.0, 0.676654, -1.401797, -0.00827, -3.189004, 0.722506, 0.0
4214.0, 0.676654, -1.401797, -0.00827, -3.189004, 0.722506, 0.0
4230.0, 0.682811, -1.411882, -0.0079, -3.189004, 0.722506, 0.0
4247.0, 0.688641, -1.421968, -0.007478, -3.189004, 0.722506, 0.0
4247.0, 0.688641, -1.421968, -0.007478, -3.189004, 0.722506, 0.0
4264.0, 0.694111, -1.432055, -0.007026, -3.189004, 0.722506, 0.0
4264.0, 0.694111, -1.432055, -0.007026, -3.189004, 0.722506, 0.0
4281.0, 0.699194, -1.442146, -0.006562, -3.189004, 0.722506, 0.0
4298.0, 0.703869, -1.45224, -0.006101, -3.189004, 0.722506, 0.0
4298.0, 0.703869, -1.45224, -0.006101, -3.189004, 0.722506, 0.0
4314.0, 0.708216, -1.462337, -0.005697, -3.189004, 0.722506, 0.0
4314.0, 0.708216, -1.462337, -0.005697, -3.189004, 0.722506, 0.0
4330.0, 0.712349, -1.472438, -0.005395, -3.189004, 0.722506, 0.0
4348.0, 0.71638, -1.482545, -0.005222, -3.189004, 0.722506, 0.0
4348.0, 0.71638, -1.482545, -0.005222, -3.189004, 0.722506, 0.0
4365.0, 0.720411, -1.492658, -0.005186, -3.189004, 0.722506, 0.0
4365.0, 0.720411, -1.492658, -0.005186, -3.189004, 0.722506, 0.0
4381.0, 0.724532, -1.502779, -0.00528, -3.189004, 0.722506, 0.0
4398.0, 0.728818, -1.512905, -0.005489, -3.189004, 0.722506, 0.0
4398.0, 0.728818, -1.512905, -0.005489, -3.189004, 0.722506, 0.0
4414.0, 0.733333, -1.52304, -0.005792, -3.423713, 0.808605, 0.0
4414.0, 0.733333, -1.52304, -0.005792, -3.423713, 0.808605, 0.0
4431.0, 0.738129, -1.533187, -0.006168, -3.423713, 0.808605, 0.0
4448.0, 0.743249, -1.543349, -0.006594, -3.423713, 0.808605, 0.0
4448.0, 0.743249, -1.543349, -0.006594, -3.423713, 0.808605, 0.0
4465.0, 0.748729, -1.553529, -0.00705, -3.423713, 0.808605, 0.0
4465.0, 0.748729, -1.553529, -0.00705, -3.423713, 0.808605, 0.0
4481.0, 0.754595, -1.563728, -0.007521, -3.423713, 0.808605, 0.0
4499.0, 0.760871, -1.57395, -0.007989, -3.423713, 0.808605, 0.0
4499.0, 0.760871, -1.57395, -0.007989, -3.423713, 0.808605, 0.0
4514.0, 0.767475, -1.58419, -0.008404, -3.423713, 0.808605, 0.0
4514.0, 0.767475, -1.58419, -0.008404, -3.423713, 0.808605, 0.0
4531.0, 0.774294, -1.594441, -0.008718, -3.423713, 0.808605, 0.0
4549.0, 0.781215, -1.604699, -0.008902, -3.423713, 0.808605, 0.0
4549.0, 0.781215, -1.604699, -0.008902, -3.423713, 0.808605, 0.0
4565.0, 0.788134, -1.614958, -0.008947, -3.423713, 0.808605, 0.0
4565.0, 0.788134, -1.614958, -0.008947, -3.423713, 0.808605, 0.0
4581.0, 0.794961, -1.625215, -0.00886, -3.423713, 0.808605, 0.0
4598.0, 0.801619, -1.635467, -0.008655, -3.423713, 0.808605, 0.0
4598.0, 0.801619, -1.635467, -0.008655, -3.423713, 0.808605, 0.0
4614.0, 0.808046, -1.645715, -0.008353, -3.423713, 0.808605, 0.0
4614.0, 0.808046, -1.645715, -0.008353, -3.423713, 0.808605, 0.0
4630.0, 0.814189, -1.655961, -0.007979, -3.423713, 0.808605, 0.0
4648.0, 0.820008, -1.666205, -0.007555, -3.423713, 0.808605, 0.0
4648.0, 0.820008, -1.666205, -0.007555, -3.423713, 0.808605, 0.0
4665.0, 0.825467, -1.676449, -0.007102, -3.658421, 0.894704, 0.0
4665.0, 0.825467, -1.676449, -0.007102, -3.658421, 0.894704, 0.0
4680.0, 0.830541, -1.686694, -0.006638, -3.658421, 0.894704, 0.0
4698.0, 0.835206, -1.696942, -0.006178, -3.658421, 0.894704, 0.0
4698.0, 0.835206, -1.696942, -0.006178, -3.658421, 0.894704, 0.0
4715.0, 0.839548, -1.707195, -0.005775, -3.658421, 0.894704, 0.0
4715.0, 0.839548, -1.707195, -0.005775, -3.658421, 0.894704, 0.0
4731.0, 0.843676, -1.717453, -0.005475, -3.658421, 0.894704, 0.0
4748.0, 0.847705, -1.727726, -0.005304, -3.658421, 0.894704, 0.0
4748.0, 0.847705, -1.727726, -0.005304, -3.658421, 0.894704, 0.0
4765.0, 0.851732, -1.737996, -0.005268, -3.658421, 0.894704, 0.0
4765.0, 0.851732, -1.737996, -0.005268, -3.658421, 0.894704, 0.0
4782.0, 0.855849, -1.748272, -0.005364, -3.658421, 0.894704, 0.0
4799.0, 0.860131, -1.758556, -0.005574, -3.658421, 0.894704, 0.0
4799.0, 0.860131, -1.758556, -0.005574, -3.658421, 0.894704, 0.0
4814.0, 0.864641, -1.768846, -0.005877, -3.658421, 0.894704, 0.0
4814.0, 0.864641, -1.768846, -0.005877, -3.658421, 0.894704, 0.0
4830.0, 0.869431, -1.779149, -0.006252, -3.658421, 0.894704, 0.0
4848.0, 0.874546, -1.789469, -0.006678, -3.658421, 0.894704, 0.0
4848.0, 0.874546, -1.789469, -0.006678, -3.658421, 0.894704, 0.0
4864.0, 0.88002, -1.799809, -0.007135, -3.658421, 0.894704, 0.0
4865.0, 0.88002, -1.799809, -0.007135, -3.658421, 0.894704, 0.0
4880.0, 0.885881, -1.810174, -0.007605, -3.658421, 0.894704, 0.0
4899.0, 0.892152, -1.820563, -0.008074, -3.658421, 0.894704, 0.0
4899.0, 0.892152, -1.820563, -0.008074, -3.658421, 0.894704, 0.0
4915.0, 0.898759, -1.830988, -0.00849, -3.893143, 0.980808, 0.0
4915.0, 0.898759, -1.830988, -0.00849, -3.893143, 0.980808, 0.0
4930.0, 0.905575, -1.841416, -0.008804, -3.893143, 0.980808, 0.0
4948.0, 0.912493, -1.851851, -0.008989, -3.893143, 0.980808, 0.0
4948.0, 0.912493, -1.851851, -0.008989, -3.893143, 0.980808, 0.0
4965.0, 0.919409, -1.862288, -0.009034, -3.893143, 0.980808, 0.0
4965.0, 0.919409, -1.862288, -0.009034, -3.893143, 0.980808, 0.0
4981.0, 0.926232, -1.872723, -0.008947, -3.893143, 0.980808, 0.0
4998.0, 0.932886, -1.883153, -0.008741, -3.893143, 0.980808, 0.0
4998.0, 0.932886, -1.883153, -0.008741, -3.893143, 0.980808, 0.0
5015.0, 0.93931, -1.893578, -0.008439, -3.893143, 0.980808, 0.0
5015.0, 0.93931, -1.893578, -0.008439, -3.893143, 0.980808, 0.0
5030.0, 0.945449, -1.903998, -0.008064, -3.893143, 0.980808, 0.0
5048.0, 0.951263, -1.914415, -0.00764, -3.893143, 0.980808, 0.0
5048.0, 0.951263, -1.914415, -0.00764, -3.893143, 0.980808, 0.0
5065.0, 0.956717, -1.92483, -0.007186, -3.893143, 0.980808, 0.0
5065.0, 0.956717, -1.92483, -0.007186, -3.893143, 0.980808, 0.0
5080.0, 0.961786, -1.935245, -0.006722, -3.893143, 0.980808, 0.0
5099.0, 0.966446, -1.94566, -0.006262, -3.893143, 0.980808, 0.0
5099.0, 0.966446, -1.94566, -0.006262, -3.893143, 0.980808, 0.0
5115.0, 0.970781, -1.956077, -0.005859, -3.893143, 0.980808, 0.0
5115.0, 0.970781, -1.956077, -0.005859, -3.893143, 0.980808, 0.0
5131.0, 0.974902, -1.966498, -0.005559, -3.893143, 0.980808, 0.0
5148.0, 0.978921, -1.976925, -0.005388, -3.893143, 0.980808, 0.0
5148.0, 0.978921, -1.976925, -0.005388, -3.893143, 0.980808, 0.0
5165.0, 0.982941, -1.987358, -0.005354, -4.127872, 1.066915, 0.0
5165.0, 0.982941, -1.987358, -0.005354, -4.127872, 1.066915, 0.0
5180.0, 0.987051, -1.9978, -0.00545, -4.127872, 1.066915, 0.0
5199.0, 0.991327, -2.00825, -0.005661, -4.127872, 1.066915, 0.0
5199.0, 0.991327, -2.00825, -0.005661, -4.127872, 1.066915, 0.0
5215.0, 0.995833, -2.018712, -0.005966, -4.127872, 1.066915, 0.0
5215.0, 0.995833, -2.018712, -0.005966, -4.127872, 1.066915, 0.0
5231.0, 1.000619, -2.02919, -0.006343, -4.127872, 1.066915, 0.0
5248.0, 1.00573, -2.039688, -0.00677, -4.127872, 1.066915, 0.0
5248.0, 1.00573, -2.039688, -0.00677, -4.127872, 1.066915, 0.0
5265.0, 1.0112, -2.050209, -0.007227, -4.127872, 1.066915, 0.0
5265.0, 1.0112, -2.050209, -0.007227, -4.127872, 1.066915, 0.0
5281.0, 1.017057, -2.060756, -0.007697, -4.127872, 1.066915, 0.0
5299.0, 1.023324, -2.071332, -0.008166, -4.127872, 1.066915, 0.0
5299.0, 1.023324, -2.071332, -0.008166, -4.127872, 1.066915, 0.0
5315.0, 1.029918, -2.081931, -0.008581, -4.127872, 1.066915, 0.0
5315.0, 1.029918, -2.081931, -0.008581, -4.127872, 1.066915, 0.0
5332.0, 1.036727, -2.092545, -0.008894, -4.127872, 1.066915, 0.0
5348.0, 1.043638, -2.103168, -0.009078, -4.127872, 1.066915, 0.0
5348.0, 1.043638, -2.103168, -0.009078, -4.127872, 1.066915, 0.0
5365.0, 1.050547, -2.113794, -0.009123, -4.127872, 1.066915, 0.0
5365.0, 1.050547, -2.113794, -0.009123, -4.127872, 1.066915, 0.0
5381.0, 1.057363, -2.124417, -0.009035, -4.127872, 1.066915, 0.0
5400.0, 1.06401, -2.135033, -0.008829, -4.127872, 1.066915, 0.0
5400.0, 1.06401, -2.135033, -0.008829, -4.127872, 1.066915, 0.0
5415.0, 1.070427, -2.145646, -0.008528, -4.362581, 1.153014, 0.0
5415.0, 1.070427, -2.145646, -0.008528, -4.362581, 1.153014, 0.0
5430.0, 1.076561, -2.156253, -0.008154, -4.362581, 1.153014, 0.0
5447.0, 1.082369, -2.166856, -0.007729, -4.362581, 1.153014, 0.0
5447.0, 1.082369, -2.166856, -0.007729, -4.362581, 1.153014, 0.0
5464.0, 1.087818, -2.177456, -0.007276, -4.362581, 1.153014, 0.0
5464.0, 1.087818, -2.177456, -0.007276, -4.362581, 1.153014, 0.0
5481.0, 1.09288, -2.188054, -0.006811, -4.362581, 1.153014, 0.0
5498.0, 1.097533, -2.198649, -0.006351, -4.362581, 1.153014, 0.0
5498.0, 1.097533, -2.198649, -0.006351, -4.362581, 1.153014, 0.0
5515.0, 1.101861, -2.209243, -0.005949, -4.362581, 1.153014, 0.0
5515.0, 1.101861, -2.209243, -0.005949, -4.362581, 1.153014, 0.0
5531.0, 1.105973, -2.219838, -0.005649, -4.362581, 1.153014, 0.0
5548.0, 1.109985, -2.23044, -0.005478, -4.362581, 1.153014, 0.0
5548.0, 1.109985, -2.23044, -0.005478, -4.362581, 1.153014, 0.0
5565.0, 1.113997, -2.241048, -0.005444, -4.362581, 1.153014, 0.0
5565.0, 1.113997, -2.241048, -0.005444, -4.362581, 1.153014, 0.0
5581.0, 1.118099, -2.251666, -0.005541, -4.362581, 1.153014, 0.0
5599.0, 1.122367, -2.262294, -0.005753, -4.362581, 1.153014, 0.0
5599.0, 1.122367, -2.262294, -0.005753, -4.362581, 1.153014, 0.0
5615.0, 1.126865, -2.272936, -0.006059, -4.362581, 1.153014, 0.0
5615.0, 1.126865, -2.272936, -0.006059, -4.362581, 1.153014, 0.0
5631.0, 1.131645, -2.283596, -0.006437, -4.362581, 1.153014, 0.0
5649.0, 1.136748, -2.294279, -0.006865, -4.362581, 1.153014, 0.0
5649.0, 1.136748, -2.294279, -0.006865, -4.362581, 1.153014, 0.0
5665.0, 1.142211, -2.304988, -0.007323, -4.597289, 1.239113, 0.0
5665.0, 1.142211, -2.304988, -0.007323, -4.597289, 1.239113, 0.0
5681.0, 1.148061, -2.315726, -0.007793, -4.597289, 1.239113, 0.0
5698.0, 1.154321, -2.326496, -0.008263, -4.597289, 1.239113, 0.0
5698.0, 1.154321, -2.326496, -0.008263, -4.597289, 1.239113, 0.0
5714.0, 1.160908, -2.337291, -0.008678, -4.597289, 1.239113, 0.0
5714.0, 1.160908, -2.337291, -0.008678, -4.597289, 1.239113, 0.0
5732.0, 1.16771, -2.348105, -0.008991, -4.597289, 1.239113, 0.0
5748.0, 1.174613, -2.358928, -0.009175, -4.597289, 1.239113, 0.0
5748.0, 1.174613, -2.358928, -0.009175, -4.597289, 1.239113, 0.0
5764.0, 1.181515, -2.369754, -0.00922, -4.597289, 1.239113, 0.0
5764.0, 1.181515, -2.369754, -0.00922, -4.597289, 1.239113, 0.0
5781.0, 1.188323, -2.380577, -0.009132, -4.597289, 1.239113, 0.0
5800.0, 1.194963, -2.391393, -0.008926, -4.597289, 1.239113, 0.0
5800.0, 1.194963, -2.391393, -0.008926, -4.597289, 1.239113, 0.0
5815.0, 1.201371, -2.402202, -0.008624, -4.597289, 1.239113, 0.0
5815.0, 1.201371, -2.402202, -0.008624, -4.597289, 1.239113, 0.0
5832.0, 1.207495, -2.413004, -0.008249, -4.597289, 1.239113, 0.0
5849.0, 1.213294, -2.4238, -0.007824, -4.597289, 1.239113, 0.0
5849.0, 1.213294, -2.4238, -0.007824, -4.597289, 1.239113, 0.0
5866.0, 1.218763, -2.43465, -0.007368, -4.597289, 1.239113, 0.0
5866.0, 1.218763, -2.43465, -0.007368, -4.597289, 1.239113, 0.0
5881.0, 1.223814, -2.445437, -0.006904, -4.597289, 1.239113, 0.0
5899.0, 1.228456, -2.456221, -0.006444, -4.597289, 1.239113, 0.0
5899.0, 1.228456, -2.456221, -0.006444, -4.597289, 1.239113, 0.0
5916.0, 1.23277, -2.466997, -0.006041, -4.832088, 1.325245, 0.0
5916.0, 1.23277, -2.466997, -0.006041, -4.832088, 1.325245, 0.0
5932.0, 1.236869, -2.477773, -0.005742, -4.832088, 1.325245, 0.0
5950.0, 1.240866, -2.488555, -0.005572, -4.832088, 1.325245, 0.0
5950.0, 1.240866, -2.488555, -0.005572, -4.832088, 1.325245, 0.0
5965.0, 1.244864, -2.499346, -0.005539, -4.832088, 1.325245, 0.0
5965.0, 1.244864, -2.499346, -0.005539, -4.832088, 1.325245, 0.0
5981.0, 1.248953, -2.510147, -0.005638, -4.832088, 1.325245, 0.0
6000.0, 1.253209, -2.520961, -0.005851, -4.832088, 1.325245, 0.0
6000.0, 1.253209, -2.520961, -0.005851, -4.832088, 1.325245, 0.0
6016.0, 1.257706, -2.531821, -0.006161, -4.832088, 1.325245, 0.0
6016.0, 1.257706, -2.531821, -0.006161, -4.832088, 1.325245, 0.0
6032.0, 1.262477, -2.54268, -0.006541, -4.832088, 1.325245, 0.0
6049.0, 1.267572, -2.553565, -0.006971, -4.832088, 1.325245, 0.0
6049.0, 1.267572, -2.553565, -0.006971, -4.832088, 1.325245, 0.0
6065.0, 1.273027, -2.564478, -0.007431, -4.832088, 1.325245, 0.0
6065.0, 1.273027, -2.564478, -0.007431, -4.832088, 1.325245, 0.0
6081.0, 1.278868, -2.575423, -0.007902, -4.832088, 1.325245, 0.0
6099.0, 1.285118, -2.586402, -0.008372, -4.832088, 1.325245, 0.0
6099.0, 1.285118, -2.586402, -0.008372, -4.832088, 1.325245, 0.0
6114.0, 1.291695, -2.597407, -0.008786, -4.832088, 1.325245, 0.0
6114.0, 1.291695, -2.597407, -0.008786, -4.832088, 1.325245, 0.0
6131.0, 1.298485, -2.60843, -0.009098, -4.832088, 1.325245, 0.0
6147.0, 1.305388, -2.619482, -0.009281, -4.832088, 1.325245, 0.0
6147.0, 1.305388, -2.619482, -0.009281, -4.832088, 1.325245, 0.0
6165.0, 1.312277, -2.630518, -0.009325, -5.066855, 1.411366, 0.0
6165.0, 1.312277, -2.630518, -0.009325, -5.066855, 1.411366, 0.0
6180.0, 1.319073, -2.641552, -0.009237, -5.066855, 1.411366, 0.0
6199.0, 1.325701, -2.652578, -0.00903, -5.066855, 1.411366, 0.0
6199.0, 1.325701, -2.652578, -0.00903, -5.066855, 1.411366, 0.0
6214.0, 1.332098, -2.663597, -0.008729, -5.066855, 1.411366, 0.0
6214.0, 1.332098, -2.663597, -0.008729, -5.066855, 1.411366, 0.0
6231.0, 1.338212, -2.67461, -0.008354, -5.066855, 1.411366, 0.0
6248.0, 1.344003, -2.68562, -0.007929, -5.066855, 1.411366, 0.0
6248.0, 1.344003, -2.68562, -0.007929, -5.066855, 1.411366, 0.0
6264.0, 1.349431, -2.696617, -0.007475, -5.066855, 1.411366, 0.0
6264.0, 1.349431, -2.696617, -0.007475, -5.066855, 1.411366, 0.0
6281.0, 1.354471, -2.707607, -0.007011, -5.066855, 1.411366, 0.0
6300.0, 1.359103, -2.718592, -0.006551, -5.066855, 1.411366, 0.0
6300.0, 1.359103, -2.718592, -0.006551, -5.066855, 1.411366, 0.0
6315.0, 1.363409, -2.729571, -0.006149, -5.066855, 1.411366, 0.0
6315.0, 1.363409, -2.729571, -0.006149, -5.066855, 1.411366, 0.0
6331.0, 1.3675, -2.74055, -0.00585, -5.066855, 1.411366, 0.0
6348.0, 1.371489, -2.751534, -0.005681, -5.066855, 1.411366, 0.0
6348.0, 1.371489, -2.751534, -0.005681, -5.066855, 1.411366, 0.0
6365.0, 1.375479, -2.762527, -0.005648, -5.066855, 1.411366, 0.0
6365.0, 1.375479, -2.762527, -0.005648, -5.066855, 1.411366, 0.0
6381.0, 1.379559, -2.773531, -0.005747, -5.066855, 1.411366, 0.0
6399.0, 1.383805, -2.784547, -0.00596, -5.066855, 1.411366, 0.0
6399.0, 1.383805, -2.784547, -0.00596, -5.066855, 1.411366, 0.0
6415.0, 1.388283, -2.795585, -0.006268, -5.301575, 1.497469, 0.0
6415.0, 1.388283, -2.795585, -0.006268, -5.301575, 1.497469, 0.0
6432.0, 1.393043, -2.806647, -0.006649, -5.301575, 1.497469, 0.0
6452.0, 1.399133, -2.819929, -0.007149, -5.301575, 1.497469, 0.0
6452.0, 1.399133, -2.819929, -0.007149, -5.301575, 1.497469, 0.0
6468.0, 1.404628, -2.83104, -0.007639, -5.301575, 1.497469, 0.0
6468.0, 1.404628, -2.83104, -0.007639, -5.301575, 1.497469, 0.0
6485.0, 1.410545, -2.842206, -0.008138, -5.301575, 1.497469, 0.0
6485.0, 1.410545, -2.842206, -0.008138, -5.301575, 1.497469, 0.0
6503.0, 1.416887, -2.853416, -0.008626, -5.301575, 1.497469, 0.0
6519.0, 1.423415, -2.864419, -0.008993, -5.301575, 1.497469, 0.0
6519.0, 1.423415, -2.864419, -0.008993, -5.301575, 1.497469, 0.0
6535.0, 1.430116, -2.875376, -0.009259, -5.301575, 1.497469, 0.0
6535.0, 1.430116, -2.875376, -0.009259, -5.301575, 1.497469, 0.0
6552.0, 1.43692, -2.886349, -0.009416, -5.301575, 1.497469, 0.0
6569.0, 1.443739, -2.897357, -0.009459, -5.301575, 1.497469, 0.0
6569.0, 1.443739, -2.897357, -0.009459, -5.301575, 1.497469, 0.0
6586.0, 1.450492, -2.9084, -0.009389, -5.301575, 1.497469, 0.0
6586.0, 1.450492, -2.9084, -0.009389, -5.301575, 1.497469, 0.0
6602.0, 1.457103, -2.919471, -0.009216, -5.301575, 1.497469, 0.0
6618.0, 1.463645, -2.930808, -0.009005, -5.301575, 1.497469, 0.0
6618.0, 1.463645, -2.930808, -0.009005, -5.301575, 1.497469, 0.0
6635.0, 1.469959, -2.942231, -0.008712, -5.301575, 1.497469, 0.0
6635.0, 1.469959, -2.942231, -0.008712, -5.301575, 1.497469, 0.0
6651.0, 1.475957, -2.953663, -0.008341, -5.301575, 1.497469, 0.0
6668.0, 1.481587, -2.965073, -0.007911, -5.539458, 1.584733, 0.0
6668.0, 1.481587, -2.965073, -0.007911, -5.539458, 1.584733, 0.0
6685.0, 1.486815, -2.976452, -0.007447, -5.539458, 1.584733, 0.0
6685.0, 1.486815, -2.976452, -0.007447, -5.539458, 1.584733, 0.0
6702.0, 1.49162, -2.987799, -0.006969, -5.539458, 1.584733, 0.0
6718.0, 1.496084, -2.99912, -0.006539, -5.539458, 1.584733, 0.0
6719.0, 1.496084, -2.99912, -0.006539, -5.539458, 1.584733, 0.0
6736.0, 1.500321, -3.01042, -0.006205, -5.539458, 1.584733, 0.0
6736.0, 1.500321, -3.01042, -0.006205, -5.539458, 1.584733, 0.0
6751.0, 1.504445, -3.021709, -0.006, -5.539458, 1.584733, 0.0
6770.0, 1.508561, -3.032991, -0.005932, -5.539458, 1.584733, 0.0
6770.0, 1.508561, -3.032991, -0.005932, -5.539458, 1.584733, 0.0
6786.0, 1.512759, -3.044273, -0.005998, -5.539458, 1.584733, 0.0
6786.0, 1.512759, -3.044273, -0.005998, -5.539458, 1.584733, 0.0
6802.0, 1.517118, -3.055557, -0.006183, -5.539458, 1.584733, 0.0
6818.0, 1.521703, -3.066854, -0.006467, -5.539458, 1.584733, 0.0
6818.0, 1.521703, -3.066854, -0.006467, -5.539458, 1.584733, 0.0
6835.0, 1.526565, -3.078168, -0.006827, -5.539458, 1.584733, 0.0
6835.0, 1.526565, -3.078168, -0.006827, -5.539458, 1.584733, 0.0
6851.0, 1.531749, -3.089503, -0.00724, -5.539458, 1.584733, 0.0
6868.0, 1.537289, -3.100866, -0.007686, -5.539458, 1.584733, 0.0
6868.0, 1.537289, -3.100866, -0.007686, -5.539458, 1.584733, 0.0
6886.0, 1.543215, -3.112259, -0.008147, -5.539458, 1.584733, 0.0
6886.0, 1.543215, -3.112259, -0.008147, -5.539458, 1.584733, 0.0
6903.0, 1.549548, -3.123687, -0.00861, -5.539458, 1.584733, 0.0
6918.0, 1.556206, -3.135141, -0.009018, -5.774167, 1.670832, 0.0
6918.0, 1.556206, -3.135141, -0.009018, -5.774167, 1.670832, 0.0
6936.0, 1.563077, -3.146614, -0.009327, -5.774167, 1.670832, 0.0
6936.0, 1.563077, -3.146614, -0.009327, -5.774167, 1.670832, 0.0
6951.0, 1.570048, -3.158098, -0.009508, -5.774167, 1.670832, 0.0
6969.0, 1.577016, -3.169583, -0.009551, -5.774167, 1.670832, 0.0
6969.0, 1.577016, -3.169583, -0.009551, -5.774167, 1.670832, 0.0
6986.0, 1.583891, -3.181066, -0.009462, -5.774167, 1.670832, 0.0
6986.0, 1.583891, -3.181066, -0.009462, -5.774167, 1.670832, 0.0
7002.0, 1.590596, -3.19254, -0.009256, -5.774167, 1.670832, 0.0
7018.0, 1.597069, -3.204004, -0.008954, -5.774167, 1.670832, 0.0
7018.0, 1.597069, -3.204004, -0.008954, -5.774167, 1.670832, 0.0
7035.0, 1.603258, -3.215459, -0.008579, -5.774167, 1.670832, 0.0
7035.0, 1.603258, -3.215459, -0.008579, -5.774167, 1.670832, 0.0
7052.0, 1.60912, -3.226905, -0.008156, -5.774167, 1.670832, 0.0
7068.0, 1.614623, -3.238344, -0.007704, -5.774167, 1.670832, 0.0
7068.0, 1.614623, -3.238344, -0.007704, -5.774167, 1.670832, 0.0
7085.0, 1.619738, -3.249775, -0.007242, -5.774167, 1.670832, 0.0
7085.0, 1.619738, -3.249775, -0.007242, -5.774167, 1.670832, 0.0
7103.0, 1.624445, -3.2612, -0.006784, -5.774167, 1.670832, 0.0
7118.0, 1.628826, -3.27262, -0.006385, -5.774167, 1.670832, 0.0
7118.0, 1.628826, -3.27262, -0.006385, -5.774167, 1.670832, 0.0
7135.0, 1.632992, -3.284042, -0.00609, -5.774167, 1.670832, 0.0
7135.0, 1.632992, -3.284042, -0.00609, -5.774167, 1.670832, 0.0
7152.0, 1.637056, -3.295469, -0.005924, -5.774167, 1.670832, 0.0
7169.0, 1.641122, -3.306903, -0.005895, -6.008875, 1.756931, 0.0
7169.0, 1.641122, -3.306903, -0.005895, -6.008875, 1.756931, 0.0
7185.0, 1.645278, -3.318349, -0.005996, -6.008875, 1.756931, 0.0
7185.0, 1.645278, -3.318349, -0.005996, -6.008875, 1.756931, 0.0
7203.0, 1.649601, -3.329809, -0.006213, -6.008875, 1.756931, 0.0
7219.0, 1.654154, -3.341287, -0.006523, -6.008875, 1.756931, 0.0
7219.0, 1.654154, -3.341287, -0.006523, -6.008875, 1.756931, 0.0
7236.0, 1.658998, -3.352812, -0.006904, -6.008875, 1.756931, 0.0
7236.0, 1.658998, -3.352812, -0.006904, -6.008875, 1.756931, 0.0
7252.0, 1.664158, -3.364343, -0.007335, -6.008875, 1.756931, 0.0
7270.0, 1.669678, -3.375907, -0.007795, -6.008875, 1.756931, 0.0
7270.0, 1.669678, -3.375907, -0.007795, -6.008875, 1.756931, 0.0
7286.0, 1.675584, -3.387509, -0.008266, -6.008875, 1.756931, 0.0
7286.0, 1.675584, -3.387509, -0.008266, -6.008875, 1.756931, 0.0
7303.0, 1.6819, -3.399151, -0.008736, -6.008875, 1.756931, 0.0
7319.0, 1.688542, -3.410824, -0.009149, -6.008875, 1.756931, 0.0
7319.0, 1.688542, -3.410824, -0.009149, -6.008875, 1.756931, 0.0
7336.0, 1.695398, -3.422519, -0.00946, -6.008875, 1.756931, 0.0
7336.0, 1.695398, -3.422519, -0.00946, -6.008875, 1.756931, 0.0
7352.0, 1.702355, -3.434227, -0.009642, -6.008875, 1.756931, 0.0
7369.0, 1.709309, -3.44594, -0.009685, -6.008875, 1.756931, 0.0
7369.0, 1.709309, -3.44594, -0.009685, -6.008875, 1.756931, 0.0
7386.0, 1.716169, -3.45765, -0.009595, -6.008875, 1.756931, 0.0
7386.0, 1.716169, -3.45765, -0.009595, -6.008875, 1.756931, 0.0
7402.0, 1.722862, -3.469352, -0.009387, -6.008875, 1.756931, 0.0
7419.0, 1.729323, -3.481045, -0.009084, -6.243616, 1.843042, 0.0
7419.0, 1.729323, -3.481045, -0.009084, -6.243616, 1.843042, 0.0
7434.0, 1.7355, -3.49273, -0.008709, -6.243616, 1.843042, 0.0
7434.0, 1.7355, -3.49273, -0.008709, -6.243616, 1.843042, 0.0
7451.0, 1.741351, -3.504405, -0.008284, -6.243616, 1.843042, 0.0
7468.0, 1.746842, -3.516072, -0.00783, -6.243616, 1.843042, 0.0
7468.0, 1.746842, -3.516072, -0.00783, -6.243616, 1.843042, 0.0
7485.0, 1.751945, -3.527729, -0.007366, -6.243616, 1.843042, 0.0
7485.0, 1.751945, -3.527729, -0.007366, -6.243616, 1.843042, 0.0
7503.0, 1.75664, -3.539378, -0.006908, -6.243616, 1.843042, 0.0
7518.0, 1.761008, -3.551023, -0.006508, -6.243616, 1.843042, 0.0
7518.0, 1.761008, -3.551023, -0.006508, -6.243616, 1.843042, 0.0
7535.0, 1.765163, -3.56267, -0.006212, -6.243616, 1.843042, 0.0
7535.0, 1.765163, -3.56267, -0.006212, -6.243616, 1.843042, 0.0
7552.0, 1.769215, -3.574321, -0.006046, -6.243616, 1.843042, 0.0
7568.0, 1.773269, -3.585979, -0.006017, -6.243616, 1.843042, 0.0
7568.0, 1.773269, -3.585979, -0.006017, -6.243616, 1.843042, 0.0
7586.0, 1.777413, -3.59765, -0.006118, -6.243616, 1.843042, 0.0
7586.0, 1.777413, -3.59765, -0.006118, -6.243616, 1.843042, 0.0
7603.0, 1.781723, -3.609334, -0.006335, -6.243616, 1.843042, 0.0
7618.0, 1.786263, -3.621034, -0.006645, -6.243616, 1.843042, 0.0
7618.0, 1.786263, -3.621034, -0.006645, -6.243616, 1.843042, 0.0
7635.0, 1.791085, -3.632759, -0.007026, -6.243616, 1.843042, 0.0
7635.0, 1.791085, -3.632759, -0.007026, -6.243616, 1.843042, 0.0
7652.0, 1.796231, -3.644515, -0.007456, -6.243616, 1.843042, 0.0
7668.0, 1.801736, -3.656306, -0.007915, -6.478324, 1.929141, 0.0
7668.0, 1.801736, -3.656306, -0.007915, -6.478324, 1.929141, 0.0
7684.0, 1.807628, -3.668137, -0.008386, -6.478324, 1.929141, 0.0
7684.0, 1.807628, -3.668137, -0.008386, -6.478324, 1.929141, 0.0
7702.0, 1.813929, -3.680011, -0.008855, -6.478324, 1.929141, 0.0
7717.0, 1.820558, -3.69192, -0.009269, -6.478324, 1.929141, 0.0
7717.0, 1.820558, -3.69192, -0.009269, -6.478324, 1.929141, 0.0
7734.0, 1.827401, -3.703853, -0.00958, -6.478324, 1.929141, 0.0
7734.0, 1.827401, -3.703853, -0.00958, -6.478324, 1.929141, 0.0
7751.0, 1.834345, -3.7158, -0.009762, -6.478324, 1.929141, 0.0
7768.0, 1.841285, -3.727751, -0.009804, -6.478324, 1.929141, 0.0
7768.0, 1.841285, -3.727751, -0.009804, -6.478324, 1.929141, 0.0
7785.0, 1.848133, -3.7397, -0.009714, -6.478324, 1.929141, 0.0
7785.0, 1.848133, -3.7397, -0.009714, -6.478324, 1.929141, 0.0
7802.0, 1.854811, -3.751639, -0.009506, -6.478324, 1.929141, 0.0
7818.0, 1.861257, -3.763567, -0.009201, -6.478324, 1.929141, 0.0
7818.0, 1.861257, -3.763567, -0.009201, -6.478324, 1.929141, 0.0
7834.0, 1.867418, -3.775484, -0.008825, -6.478324, 1.929141, 0.0
7834.0, 1.867418, -3.775484, -0.008825, -6.478324, 1.929141, 0.0
7851.0, 1.873253, -3.78739, -0.008399, -6.478324, 1.929141, 0.0
7869.0, 1.878728, -3.799285, -0.007945, -6.478324, 1.929141, 0.0
7869.0, 1.878728, -3.799285, -0.007945, -6.478324, 1.929141, 0.0
7885.0, 1.883815, -3.811171, -0.007482, -6.478324, 1.929141, 0.0
7885.0, 1.883815, -3.811171, -0.007482, -6.478324, 1.929141, 0.0
7902.0, 1.888492, -3.823046, -0.007024, -6.478324, 1.929141, 0.0
7918.0, 1.892844, -3.834916, -0.006625, -6.713032, 2.01524, 0.0
7918.0, 1.892844, -3.834916, -0.006625, -6.713032, 2.01524, 0.0
7935.0, 1.896981, -3.846785, -0.00633, -6.713032, 2.01524, 0.0
7935.0, 1.896981, -3.846785, -0.00633, -6.713032, 2.01524, 0.0
7951.0, 1.901016, -3.858658, -0.006164, -6.713032, 2.01524, 0.0
7969.0, 1.905053, -3.87054, -0.006137, -6.713032, 2.01524, 0.0
7969.0, 1.905053, -3.87054, -0.006137, -6.713032, 2.01524, 0.0
7985.0, 1.90918, -3.882434, -0.00624, -6.713032, 2.01524, 0.0
7985.0, 1.90918, -3.882434, -0.00624, -6.713032, 2.01524, 0.0
8002.0, 1.913475, -3.894343, -0.006457, -6.713032, 2.01524, 0.0
8019.0, 1.917999, -3.906273, -0.006769, -6.713032, 2.01524, 0.0
8019.0, 1.917999, -3.906273, -0.006769, -6.713032, 2.01524, 0.0
8035.0, 1.922806, -3.91823, -0.007151, -6.713032, 2.01524, 0.0
8035.0, 1.922806, -3.91823, -0.007151, -6.713032, 2.01524, 0.0
8051.0, 1.927937, -3.93022, -0.007583, -6.713032, 2.01524, 0.0
8069.0, 1.933427, -3.942247, -0.008042, -6.713032, 2.01524, 0.0
8069.0, 1.933427, -3.942247, -0.008042, -6.713032, 2.01524, 0.0
8084.0, 1.939305, -3.954316, -0.008514, -6.713032, 2.01524, 0.0
8084.0, 1.939305, -3.954316, -0.008514, -6.713032, 2.01524, 0.0
8101.0, 1.945591, -3.966429, -0.008983, -6.713032, 2.01524, 0.0
8117.0, 1.952205, -3.978583, -0.009396, -6.713032, 2.01524, 0.0
8117.0, 1.952205, -3.978583, -0.009396, -6.713032, 2.01524, 0.0
8134.0, 1.959035, -3.990762, -0.009708, -6.713032, 2.01524, 0.0
8134.0, 1.959035, -3.990762, -0.009708, -6.713032, 2.01524, 0.0
8151.0, 1.965964, -4.002956, -0.009889, -6.713032, 2.01524, 0.0
8168.0, 1.972891, -4.015154, -0.009931, -6.94774, 2.101339, 0.0
8168.0, 1.972891, -4.015154, -0.009931, -6.94774, 2.101339, 0.0
8184.0, 1.979724, -4.027349, -0.009839, -6.94774, 2.101339, 0.0
8184.0, 1.979724, -4.027349, -0.009839, -6.94774, 2.101339, 0.0
8201.0, 1.986387, -4.039532, -0.00963, -6.94774, 2.101339, 0.0
8218.0, 1.992815, -4.051702, -0.009324, -6.94774, 2.101339, 0.0
8218.0, 1.992815, -4.051702, -0.009324, -6.94774, 2.101339, 0.0
8236.0, 1.998959, -4.063857, -0.008946, -6.94774, 2.101339, 0.0
8236.0, 1.998959, -4.063857, -0.008946, -6.94774, 2.101339, 0.0
8251.0, 2.004776, -4.076, -0.00852, -6.94774, 2.101339, 0.0
8268.0, 2.010233, -4.088131, -0.008066, -6.94774, 2.101339, 0.0
8268.0, 2.010233, -4.088131, -0.008066, -6.94774, 2.101339, 0.0
8284.0, 2.015302, -4.10025, -0.007602, -6.94774, 2.101339, 0.0
8284.0, 2.015302, -4.10025, -0.007602, -6.94774, 2.101339, 0.0
8301.0, 2.019962, -4.112359, -0.007144, -6.94774, 2.101339, 0.0
8318.0, 2.024296, -4.124459, -0.006746, -6.94774, 2.101339, 0.0
8318.0, 2.024296, -4.124459, -0.006746, -6.94774, 2.101339, 0.0
8334.0, 2.028424, -4.136585, -0.006451, -6.94774, 2.101339, 0.0
8334.0, 2.028424, -4.136585, -0.006451, -6.94774, 2.101339, 0.0
8351.0, 2.032441, -4.148688, -0.006286, -6.94774, 2.101339, 0.0
8368.0, 2.03646, -4.1608, -0.00626, -6.94774, 2.101339, 0.0
8368.0, 2.03646, -4.1608, -0.00626, -6.94774, 2.101339, 0.0
8384.0, 2.040571, -4.172926, -0.006365, -6.94774, 2.101339, 0.0
8384.0, 2.040571, -4.172926, -0.006365, -6.94774, 2.101339, 0.0
8402.0, 2.044848, -4.185068, -0.006584, -6.94774, 2.101339, 0.0
8418.0, 2.049355, -4.197229, -0.006896, -7.182484, 2.187451, 0.0
8418.0, 2.049355, -4.197229, -0.006896, -7.182484, 2.187451, 0.0
8451.0, 2.054144, -4.209419, -0.00728, -7.182484, 2.187451, 0.0
8451.0, 2.054144, -4.209419, -0.00728, -7.182484, 2.187451, 0.0
8463.0, 2.062465, -4.229307, -0.007924, -7.182484, 2.187451, 0.0
8463.0, 2.062465, -4.229307, -0.007924, -7.182484, 2.187451, 0.0
8463.0, 2.062465, -4.229307, -0.007924, -7.182484, 2.187451, 0.0
8483.0, 2.068668, -4.242734, -0.008541, -7.182484, 2.187451, 0.0
8499.0, 2.074863, -4.255103, -0.0091, -7.182484, 2.187451, 0.0
8499.0, 2.074863, -4.255103, -0.0091, -7.182484, 2.187451, 0.0
8514.0, 2.081622, -4.267895, -0.009727, -7.182484, 2.187451, 0.0
8514.0, 2.081622, -4.267895, -0.009727, -7.182484, 2.187451, 0.0
8531.0, 2.088662, -4.280819, -0.010158, -7.182484, 2.187451, 0.0
8547.0, 2.09579, -4.293735, -0.010451, -7.182484, 2.187451, 0.0
8547.0, 2.09579, -4.293735, -0.010451, -7.182484, 2.187451, 0.0
8565.0, 2.102876, -4.306602, -0.010483, -7.182484, 2.187451, 0.0
8565.0, 2.102876, -4.306602, -0.010483, -7.182484, 2.187451, 0.0
8581.0, 2.109816, -4.31939, -0.010391, -7.182484, 2.187451, 0.0
8599.0, 2.116535, -4.332108, -0.010086, -7.182484, 2.187451, 0.0
8599.0, 2.116535, -4.332108, -0.010086, -7.182484, 2.187451, 0.0
8613.0, 2.122805, -4.344411, -0.009668, -7.182484, 2.187451, 0.0
8613.0, 2.122805, -4.344411, -0.009668, -7.182484, 2.187451, 0.0
8630.0, 2.128711, -4.356566, -0.009121, -7.182484, 2.187451, 0.0
8646.0, 2.134267, -4.368676, -0.008627, -7.182484, 2.187451, 0.0
8646.0, 2.134267, -4.368676, -0.008627, -7.182484, 2.187451, 0.0
8664.0, 2.139466, -4.380793, -0.008076, -7.413228, 2.272096, 0.0
8664.0, 2.139466, -4.380793, -0.008076, -7.413228, 2.272096, 0.0
8680.0, 2.14429, -4.39293, -0.00762, -7.413228, 2.272096, 0.0
8699.0, 2.148717, -4.405085, -0.007122, -7.413228, 2.272096, 0.0
8699.0, 2.148717, -4.405085, -0.007122, -7.413228, 2.272096, 0.0
8714.0, 2.152831, -4.417254, -0.006775, -7.413228, 2.272096, 0.0
8714.0, 2.152831, -4.417254, -0.006775, -7.413228, 2.272096, 0.0
8730.0, 2.156743, -4.429454, -0.006467, -7.413228, 2.272096, 0.0
8747.0, 2.160564, -4.441675, -0.006371, -7.413228, 2.272096, 0.0
8747.0, 2.160564, -4.441675, -0.006371, -7.413228, 2.272096, 0.0
8764.0, 2.164397, -4.453931, -0.006342, -7.413228, 2.272096, 0.0
8765.0, 2.164397, -4.453931, -0.006342, -7.413228, 2.272096, 0.0
8782.0, 2.168329, -4.466212, -0.006517, -7.413228, 2.272096, 0.0
8799.0, 2.172711, -4.479356, -0.006743, -7.413228, 2.272096, 0.0
8799.0, 2.172711, -4.479356, -0.006743, -7.413228, 2.272096, 0.0
8816.0, 2.177032, -4.49161, -0.007121, -7.413228, 2.272096, 0.0
8816.0, 2.177032, -4.49161, -0.007121, -7.413228, 2.272096, 0.0
8831.0, 2.18164, -4.503894, -0.007496, -7.413228, 2.272096, 0.0
8849.0, 2.186578, -4.516223, -0.007987, -7.413228, 2.272096, 0.0
8849.0, 2.186578, -4.516223, -0.007987, -7.413228, 2.272096, 0.0
8865.0, 2.191881, -4.528622, -0.008442, -7.413228, 2.272096, 0.0
8865.0, 2.191881, -4.528622, -0.008442, -7.413228, 2.272096, 0.0
8882.0, 2.197576, -4.541086, -0.008971, -7.413228, 2.272096, 0.0
8900.0, 2.203686, -4.553626, -0.009437, -7.413228, 2.272096, 0.0
8900.0, 2.203686, -4.553626, -0.009437, -7.413228, 2.272096, 0.0
8915.0, 2.210173, -4.566316, -0.009925, -7.649016, 2.358592, 0.0
8915.0, 2.210173, -4.566316, -0.009925, -7.649016, 2.358592, 0.0
8933.0, 2.217243, -4.579736, -0.010262, -7.649016, 2.358592, 0.0
8933.0, 2.217243, -4.579736, -0.010262, -7.649016, 2.358592, 0.0
8949.0, 2.224066, -4.592516, -0.010508, -7.649016, 2.358592, 0.0
8966.0, 2.230885, -4.605307, -0.010539, -7.649016, 2.358592, 0.0
8966.0, 2.230885, -4.605307, -0.010539, -7.649016, 2.358592, 0.0
8982.0, 2.237604, -4.618079, -0.010485, -7.649016, 2.358592, 0.0
8982.0, 2.237604, -4.618079, -0.010485, -7.649016, 2.358592, 0.0
8999.0, 2.244148, -4.630833, -0.010243, -7.649016, 2.358592, 0.0
9018.0, 2.250417, -4.643487, -0.009948, -7.649016, 2.358592, 0.0
9018.0, 2.250417, -4.643487, -0.009948, -7.649016, 2.358592, 0.0
9033.0, 2.25639, -4.656101, -0.009515, -7.649016, 2.358592, 0.0
9033.0, 2.25639, -4.656101, -0.009515, -7.649016, 2.358592, 0.0
9049.0, 2.262033, -4.668686, -0.009103, -7.649016, 2.358592, 0.0
9067.0, 2.267323, -4.68127, -0.008599, -7.649016, 2.358592, 0.0
9067.0, 2.267323, -4.68127, -0.008599, -7.649016, 2.358592, 0.0
9083.0, 2.272225, -4.693826, -0.00816, -7.649016, 2.358592, 0.0
9083.0, 2.272225, -4.693826, -0.00816, -7.649016, 2.358592, 0.0
9100.0, 2.276721, -4.706373, -0.007657, -7.649016, 2.358592, 0.0
9116.0, 2.280916, -4.718976, -0.007297, -7.649016, 2.358592, 0.0
9116.0, 2.280916, -4.718976, -0.007297, -7.649016, 2.358592, 0.0
9133.0, 2.284904, -4.731603, -0.006965, -7.649016, 2.358592, 0.0
9133.0, 2.284904, -4.731603, -0.006965, -7.649016, 2.358592, 0.0
9149.0, 2.288789, -4.744229, -0.006834, -7.649016, 2.358592, 0.0
9165.0, 2.292674, -4.756864, -0.006763, -7.884557, 2.444996, 0.0
9165.0, 2.292674, -4.756864, -0.006763, -7.884557, 2.444996, 0.0
9182.0, 2.296645, -4.7695, -0.006895, -7.884557, 2.444996, 0.0
9182.0, 2.296645, -4.7695, -0.006895, -7.884557, 2.444996, 0.0
9200.0, 2.30078, -4.782154, -0.007068, -7.884557, 2.444996, 0.0
9215.0, 2.305142, -4.794823, -0.007406, -7.884557, 2.444996, 0.0
9215.0, 2.305142, -4.794823, -0.007406, -7.884557, 2.444996, 0.0
9233.0, 2.309784, -4.807527, -0.007748, -7.884557, 2.444996, 0.0
9233.0, 2.309784, -4.807527, -0.007748, -7.884557, 2.444996, 0.0
9249.0, 2.314746, -4.820263, -0.008207, -7.884557, 2.444996, 0.0
9267.0, 2.320067, -4.833049, -0.008632, -7.884557, 2.444996, 0.0
9267.0, 2.320067, -4.833049, -0.008632, -7.884557, 2.444996, 0.0
9283.0, 2.32577, -4.845881, -0.009133, -7.884557, 2.444996, 0.0
9283.0, 2.32577, -4.845881, -0.009133, -7.884557, 2.444996, 0.0
9300.0, 2.331882, -4.858772, -0.009573, -7.884557, 2.444996, 0.0
9316.0, 2.338416, -4.871716, -0.010061, -7.884557, 2.444996, 0.0
9316.0, 2.338416, -4.871716, -0.010061, -7.884557, 2.444996, 0.0
9335.0, 2.34558, -4.885073, -0.010481, -7.884557, 2.444996, 0.0
9335.0, 2.34558, -4.885073, -0.010481, -7.884557, 2.444996, 0.0
9350.0, 2.353012, -4.898132, -0.010929, -7.884557, 2.444996, 0.0
9367.0, 2.360912, -4.911257, -0.011294, -7.884557, 2.444996, 0.0
9367.0, 2.360912, -4.911257, -0.011294, -7.884557, 2.444996, 0.0
9385.0, 2.369278, -4.924435, -0.011678, -7.884557, 2.444996, 0.0
9385.0, 2.369278, -4.924435, -0.011678, -7.884557, 2.444996, 0.0
9400.0, 2.378121, -4.937677, -0.011981, -7.884557, 2.444996, 0.0
9417.0, 2.387329, -4.950954, -0.012249, -8.119695, 2.531253, 0.0
9417.0, 2.387329, -4.950954, -0.012249, -8.119695, 2.531253, 0.0
9433.0, 2.396766, -4.964248, -0.012362, -8.119695, 2.531253, 0.0
9433.0, 2.396766, -4.964248, -0.012362, -8.119695, 2.531253, 0.0
9449.0, 2.406331, -4.977581, -0.012398, -8.119695, 2.531253, 0.0
9468.0, 2.41592, -4.990962, -0.012259, -8.119695, 2.531253, 0.0
9468.0, 2.41592, -4.990962, -0.012259, -8.119695, 2.531253, 0.0
9483.0, 2.425435, -5.00438, -0.012051, -8.119695, 2.531253, 0.0
9483.0, 2.425435, -5.00438, -0.012051, -8.119695, 2.531253, 0.0
9501.0, 2.4348, -5.017841, -0.011693, -8.119695, 2.531253, 0.0
9516.0, 2.443969, -5.031376, -0.011317, -8.119695, 2.531253, 0.0
9516.0, 2.443969, -5.031376, -0.011317, -8.119695, 2.531253, 0.0
9534.0, 2.452874, -5.044971, -0.010833, -8.119695, 2.531253, 0.0
9534.0, 2.452874, -5.044971, -0.010833, -8.119695, 2.531253, 0.0
9550.0, 2.461459, -5.058611, -0.010366, -8.119695, 2.531253, 0.0
9567.0, 2.469691, -5.072304, -0.009827, -8.119695, 2.531253, 0.0
9567.0, 2.469691, -5.072304, -0.009827, -8.119695, 2.531253, 0.0
9584.0, 2.477537, -5.086043, -0.009348, -8.119695, 2.531253, 0.0
9584.0, 2.477537, -5.086043, -0.009348, -8.119695, 2.531253, 0.0
9601.0, 2.484979, -5.09984, -0.008826, -8.119695, 2.531253, 0.0
9615.0, 2.491998, -5.113693, -0.008394, -8.119695, 2.531253, 0.0
9615.0, 2.491998, -5.113693, -0.008394, -8.119695, 2.531253, 0.0
9632.0, 2.498582, -5.127609, -0.007931, -8.119695, 2.531253, 0.0
9632.0, 2.498582, -5.127609, -0.007931, -8.119695, 2.531253, 0.0
9649.0, 2.504716, -5.141578, -0.007574, -8.119695, 2.531253, 0.0
9666.0, 2.510396, -5.155609, -0.007188, -8.354435, 2.617363, 0.0
9666.0, 2.510396, -5.155609, -0.007188, -8.354435, 2.617363, 0.0
9683.0, 2.51561, -5.169694, -0.006913, -8.354435, 2.617363, 0.0
9683.0, 2.51561, -5.169694, -0.006913, -8.354435, 2.617363, 0.0
9701.0, 2.520357, -5.183843, -0.006605, -8.354435, 2.617363, 0.0
9716.0, 2.52463, -5.198037, -0.006408, -8.354435, 2.617363, 0.0
9716.0, 2.52463, -5.198037, -0.006408, -8.354435, 2.617363, 0.0
9733.0, 2.528426, -5.212282, -0.006168, -8.354435, 2.617363, 0.0
9733.0, 2.528426, -5.212282, -0.006168, -8.354435, 2.617363, 0.0
9749.0, 2.531741, -5.22656, -0.006036, -8.354435, 2.617363, 0.0
9767.0, 2.534573, -5.240875, -0.005851, -8.354435, 2.617363, 0.0
9767.0, 2.534573, -5.240875, -0.005851, -8.354435, 2.617363, 0.0
9784.0, 2.53692, -5.255212, -0.005769, -8.354435, 2.617363, 0.0
9784.0, 2.53692, -5.255212, -0.005769, -8.354435, 2.617363, 0.0
9802.0, 2.538829, -5.269947, -0.00562, -8.354435, 2.617363, 0.0
9817.0, 2.540291, -5.284291, -0.005617, -8.354435, 2.617363, 0.0
9817.0, 2.540291, -5.284291, -0.005617, -8.354435, 2.617363, 0.0
9834.0, 2.541488, -5.298666, -0.00562, -8.354435, 2.617363, 0.0
9834.0, 2.541488, -5.298666, -0.00562, -8.354435, 2.617363, 0.0
9850.0, 2.542542, -5.313085, -0.005819, -8.354435, 2.617363, 0.0
9867.0, 2.543564, -5.327565, -0.006046, -8.354435, 2.617363, 0.0
9867.0, 2.543564, -5.327565, -0.006046, -8.354435, 2.617363, 0.0
9883.0, 2.54465, -5.342109, -0.006459, -8.354435, 2.617363, 0.0
9883.0, 2.54465, -5.342109, -0.006459, -8.354435, 2.617363, 0.0
9901.0, 2.545879, -5.356728, -0.006873, -8.354435, 2.617363, 0.0
9917.0, 2.547321, -5.371472, -0.007434, -8.589555, 2.703614, 0.0
9917.0, 2.547321, -5.371472, -0.007434, -8.589555, 2.703614, 0.0
9933.0, 2.549026, -5.386327, -0.007954, -8.589555, 2.703614, 0.0
9933.0, 2.549026, -5.386327, -0.007954, -8.589555, 2.703614, 0.0
9950.0, 2.551033, -5.401282, -0.008573, -8.589555, 2.703614, 0.0
9969.0, 2.553465, -5.416908, -0.009131, -8.589555, 2.703614, 0.0
9969.0, 2.553465, -5.416908, -0.009131, -8.589555, 2.703614, 0.0
9984.0, 2.556184, -5.432085, -0.009742, -8.589555, 2.703614, 0.0
9984.0, 2.556184, -5.432085, -0.009742, -8.589555, 2.703614, 0.0
