1.0, 0.0, 0.0, 0.002231, 1.414777, -1.41365, 0.0
14.0, -0.000053, -0.000266, -0.004073, 1.414777, -1.41365, 0.0
14.0, -0.000053, -0.000266, -0.004073, 1.414777, -1.41365, 0.0
32.0, -0.000018, -0.000441, -0.009529, 1.414777, -1.41365, 0.0
32.0, -0.000018, -0.000441, -0.009529, 1.414777, -1.41365, 0.0
50.0, 0.000198, -0.000474, -0.01234, 1.414777, -1.41365, 0.0
67.0, 0.000665, -0.000468, -0.013603, 1.414777, -1.41365, 0.0
67.0, 0.000665, -0.000468, -0.013603, 1.414777, -1.41365, 0.0
84.0, 0.001433, -0.000565, -0.013754, 1.414777, -1.41365, 0.0
84.0, 0.001433, -0.000565, -0.013754, 1.414777, -1.41365, 0.0
99.0, 0.002536, -0.000902, -0.013149, 1.414777, -1.41365, 0.0
116.0, 0.003903, -0.001585, -0.012026, 1.414777, -1.41365, 0.0
116.0, 0.003903, -0.001585, -0.012026, 1.414777, -1.41365, 0.0
132.0, 0.005225, -0.002548, -0.012287, 1.414777, -1.41365, 0.0
132.0, 0.005225, -0.002548, -0.012287, 1.414777, -1.41365, 0.0
149.0, 0.006563, -0.00367, -0.013134, 1.414777, -1.41365, 0.0
165.0, 0.007869, -0.004973, -0.013392, 1.133118, -1.310328, 0.0
165.0, 0.007869, -0.004973, -0.013392, 1.133118, -1.310328, 0.0
182.0, 0.009004, -0.006385, -0.013281, 1.133118, -1.310328, 0.0
182.0, 0.009004, -0.006385, -0.013281, 1.133118, -1.310328, 0.0
199.0, 0.009959, -0.007864, -0.012806, 1.133118, -1.310328, 0.0
215.0, 0.010447, -0.009187, -0.012373, 1.133118, -1.310328, 0.0
215.0, 0.010447, -0.009187, -0.012373, 1.133118, -1.310328, 0.0
232.0, 0.010789, -0.010213, -0.011665, 1.133118, -1.310328, 0.0
232.0, 0.010789, -0.010213, -0.011665, 1.133118, -1.310328, 0.0
249.0, 0.010819, -0.011223, -0.010675, 1.133118, -1.310328, 0.0
264.0, 0.010669, -0.012225, -0.009798, 1.133118, -1.310328, 0.0
264.0, 0.010669, -0.012225, -0.009798, 1.133118, -1.310328, 0.0
281.0, 0.010228, -0.013323, -0.008694, 1.133118, -1.310328, 0.0
281.0, 0.010228, -0.013323, -0.008694, 1.133118, -1.310328, 0.0
299.0, 0.009451, -0.014587, -0.007665, 1.133118, -1.310328, 0.0
314.0, 0.008281, -0.01602, -0.006564, 1.133118, -1.310328, 0.0
314.0, 0.008281, -0.01602, -0.006564, 1.133118, -1.310328, 0.0
331.0, 0.006672, -0.017629, -0.005435, 1.133118, -1.310328, 0.0
331.0, 0.006672, -0.017629, -0.005435, 1.133118, -1.310328, 0.0
348.0, 0.004593, -0.019409, -0.004317, 1.133118, -1.310328, 0.0
364.0, 0.002027, -0.021353, -0.003244, 1.133118, -1.310328, 0.0
364.0, 0.002027, -0.021353, -0.003244, 1.133118, -1.310328, 0.0
382.0, -0.001035, -0.023448, -0.002246, 1.133118, -1.310328, 0.0
382.0, -0.001035, -0.023448, -0.002246, 1.133118, -1.310328, 0.0
399.0, -0.004598, -0.025691, -0.001342, 1.133118, -1.310328, 0.0
415.0, -0.00867, -0.028078, -0.000541, 0.663678, -1.138122, 0.0
415.0, -0.00867, -0.028078, -0.000541, 0.663678, -1.138122, 0.0
432.0, -0.013238, -0.030594, 0.00015, 0.663678, -1.138122, 0.0
432.0, -0.013238, -0.030594, 0.00015, 0.663678, -1.138122, 0.0
448.0, -0.018306, -0.033239, 0.000733, 0.663678, -1.138122, 0.0
465.0, -0.023874, -0.036009, 0.001215, 0.663678, -1.138122, 0.0
465.0, -0.023874, -0.036009, 0.001215, 0.663678, -1.138122, 0.0
482.0, -0.029938, -0.038903, 0.001602, 0.663678, -1.138122, 0.0
482.0, -0.029938, -0.038903, 0.001602, 0.663678, -1.138122, 0.0
500.0, -0.036498, -0.041919, 0.001905, 0.663678, -1.138122, 0.0
515.0, -0.04355, -0.04505, 0.002134, 0.663678, -1.138122, 0.0
515.0, -0.04355, -0.04505, 0.002134, 0.663678, -1.138122, 0.0
531.0, -0.051094, -0.048292, 0.002301, 0.663678, -1.138122, 0.0
531.0, -0.051094, -0.048292, 0.002301, 0.663678, -1.138122, 0.0
548.0, -0.059131, -0.05164, 0.002416, 0.663678, -1.138122, 0.0
564.0, -0.067659, -0.055089, 0.00249, 0.663678, -1.138122, 0.0
564.0, -0.067659, -0.055089, 0.00249, 0.663678, -1.138122, 0.0
581.0, -0.076681, -0.058636, 0.002532, 0.663678, -1.138122, 0.0
581.0, -0.076681, -0.058636, 0.002532, 0.663678, -1.138122, 0.0
599.0, -0.086194, -0.062277, 0.002548, 0.663678, -1.138122, 0.0
615.0, -0.0961, -0.065998, 0.002505, 0.663678, -1.138122, 0.0
615.0, -0.0961, -0.065998, 0.002505, 0.663678, -1.138122, 0.0
631.0, -0.106269, -0.069781, 0.002372, 0.663678, -1.138122, 0.0
631.0, -0.106269, -0.069781, 0.002372, 0.663678, -1.138122, 0.0
648.0, -0.116575, -0.073608, 0.002133, 0.663678, -1.138122, 0.0
665.0, -0.126904, -0.077466, 0.00179, 0.194198, -0.9659, 0.0
665.0, -0.126904, -0.077466, 0.00179, 0.194198, -0.9659, 0.0
681.0, -0.137159, -0.081342, 0.001355, 0.194198, -0.9659, 0.0
681.0, -0.137159, -0.081342, 0.001355, 0.194198, -0.9659, 0.0
698.0, -0.14726, -0.085228, 0.000848, 0.194198, -0.9659, 0.0
715.0, -0.157141, -0.089118, 0.000292, 0.194198, -0.9659, 0.0
715.0, -0.157141, -0.089118, 0.000292, 0.194198, -0.9659, 0.0
731.0, -0.166746, -0.093012, -0.000292, 0.194198, -0.9659, 0.0
731.0, -0.166746, -0.093012, -0.000292, 0.194198, -0.9659, 0.0
748.0, -0.176033, -0.096908, -0.000883, 0.194198, -0.9659, 0.0
764.0, -0.184966, -0.100804, -0.001466, 0.194198, -0.9659, 0.0
764.0, -0.184966, -0.100804, -0.001466, 0.194198, -0.9659, 0.0
781.0, -0.193517, -0.104701, -0.002027, 0.194198, -0.9659, 0.0
781.0, -0.193517, -0.104701, -0.002027, 0.194198, -0.9659, 0.0
798.0, -0.201663, -0.108598, -0.002556, 0.194198, -0.9659, 0.0
815.0, -0.209386, -0.112496, -0.003049, 0.194198, -0.9659, 0.0
815.0, -0.209386, -0.112496, -0.003049, 0.194198, -0.9659, 0.0
831.0, -0.216672, -0.116395, -0.003502, 0.194198, -0.9659, 0.0
831.0, -0.216672, -0.116395, -0.003502, 0.194198, -0.9659, 0.0
848.0, -0.22351, -0.120298, -0.003914, 0.194198, -0.9659, 0.0
865.0, -0.229892, -0.124206, -0.004287, 0.194198, -0.9659, 0.0
865.0, -0.229892, -0.124206, -0.004287, 0.194198, -0.9659, 0.0
882.0, -0.235811, -0.12812, -0.004625, 0.194198, -0.9659, 0.0
882.0, -0.235811, -0.12812, -0.004625, 0.194198, -0.9659, 0.0
899.0, -0.241261, -0.13204, -0.00493, 0.194198, -0.9659, 0.0
915.0, -0.24624, -0.135968, -0.005206, -0.275219, -0.793702, 0.0
915.0, -0.24624, -0.135968, -0.005206, -0.275219, -0.793702, 0.0
932.0, -0.250744, -0.139903, -0.005457, -0.275219, -0.793702, 0.0
932.0, -0.250744, -0.139903, -0.005457, -0.275219, -0.793702, 0.0
948.0, -0.254773, -0.143847, -0.005687, -0.275219, -0.793702, 0.0
965.0, -0.258324, -0.147798, -0.005898, -0.275219, -0.793702, 0.0
965.0, -0.258324, -0.147798, -0.005898, -0.275219, -0.793702, 0.0
982.0, -0.261399, -0.151759, -0.006091, -0.275219, -0.793702, 0.0
982.0, -0.261399, -0.151759, -0.006091, -0.275219, -0.793702, 0.0
998.0, -0.263998, -0.155729, -0.006265, -0.275219, -0.793702, 0.0
1015.0, -0.266122, -0.15971, -0.006418, -0.275219, -0.793702, 0.0
1015.0, -0.266122, -0.15971, -0.006418, -0.275219, -0.793702, 0.0
1030.0, -0.267773, -0.163702, -0.006548, -0.275219, -0.793702, 0.0
1030.0, -0.267773, -0.163702, -0.006548, -0.275219, -0.793702, 0.0
1047.0, -0.26895, -0.167707, -0.006651, -0.275219, -0.793702, 0.0
1064.0, -0.269654, -0.171727, -0.006723, -0.275219, -0.793702, 0.0
1064.0, -0.269654, -0.171727, -0.006723, -0.275219, -0.793702, 0.0
1081.0, -0.269885, -0.175766, -0.006768, -0.275219, -0.793702, 0.0
1081.0, -0.269885, -0.175766, -0.006768, -0.275219, -0.793702, 0.0
1099.0, -0.269639, -0.179829, -0.006791, -0.275219, -0.793702, 0.0
1115.0, -0.269008, -0.18392, -0.006763, -0.275219, -0.793702, 0.0
1115.0, -0.269008, -0.18392, -0.006763, -0.275219, -0.793702, 0.0
1131.0, -0.268106, -0.188039, -0.00666, -0.275219, -0.793702, 0.0
1131.0, -0.268106, -0.188039, -0.00666, -0.275219, -0.793702, 0.0
1148.0, -0.267044, -0.192189, -0.006471, -0.275219, -0.793702, 0.0
1165.0, -0.265928, -0.196354, -0.006194, -0.744675, -0.621489, 0.0
1165.0, -0.265928, -0.196354, -0.006194, -0.744675, -0.621489, 0.0
1183.0, -0.26485, -0.200539, -0.005837, -0.744675, -0.621489, 0.0
1183.0, -0.26485, -0.200539, -0.005837, -0.744675, -0.621489, 0.0
1198.0, -0.263887, -0.20474, -0.005413, -0.744675, -0.621489, 0.0
1215.0, -0.263105, -0.208956, -0.004939, -0.744675, -0.621489, 0.0
1215.0, -0.263105, -0.208956, -0.004939, -0.744675, -0.621489, 0.0
1231.0, -0.262558, -0.21319, -0.004434, -0.744675, -0.621489, 0.0
1231.0, -0.262558, -0.21319, -0.004434, -0.744675, -0.621489, 0.0
1248.0, -0.262292, -0.217446, -0.003917, -0.744675, -0.621489, 0.0
1265.0, -0.262345, -0.221726, -0.003405, -0.744675, -0.621489, 0.0
1265.0, -0.262345, -0.221726, -0.003405, -0.744675, -0.621489, 0.0
1281.0, -0.26275, -0.226035, -0.002912, -0.744675, -0.621489, 0.0
1281.0, -0.26275, -0.226035, -0.002912, -0.744675, -0.621489, 0.0
1299.0, -0.263532, -0.230375, -0.002449, -0.744675, -0.621489, 0.0
1314.0, -0.26462, -0.234744, -0.002063, -0.744675, -0.621489, 0.0
1314.0, -0.26462, -0.234744, -0.002063, -0.744675, -0.621489, 0.0
1332.0, -0.265913, -0.239135, -0.001787, -0.744675, -0.621489, 0.0
1332.0, -0.265913, -0.239135, -0.001787, -0.744675, -0.621489, 0.0
1349.0, -0.267307, -0.243538, -0.001639, -0.744675, -0.621489, 0.0
1365.0, -0.268708, -0.247945, -0.001619, -0.744675, -0.621489, 0.0
1365.0, -0.268708, -0.247945, -0.001619, -0.744675, -0.621489, 0.0
1381.0, -0.270039, -0.252381, -0.001718, -0.744675, -0.621489, 0.0
1381.0, -0.270039, -0.252381, -0.001718, -0.744675, -0.621489, 0.0
1399.0, -0.27121, -0.256782, -0.001914, -0.744675, -0.621489, 0.0
1399.0, -0.27121, -0.256782, -0.001914, -0.744675, -0.621489, 0.0
1414.0, -0.272169, -0.261177, -0.002186, -1.214313, -0.44921, 0.0
1432.0, -0.272868, -0.26557, -0.002508, -1.214313, -0.44921, 0.0
1432.0, -0.272868, -0.26557, -0.002508, -1.214313, -0.44921, 0.0
1448.0, -0.273264, -0.269966, -0.002862, -1.214313, -0.44921, 0.0
1448.0, -0.273264, -0.269966, -0.002862, -1.214313, -0.44921, 0.0
1465.0, -0.273324, -0.274369, -0.003229, -1.214313, -0.44921, 0.0
1482.0, -0.27302, -0.278785, -0.003598, -1.214313, -0.44921, 0.0
1482.0, -0.27302, -0.278785, -0.003598, -1.214313, -0.44921, 0.0
1500.0, -0.272325, -0.283217, -0.003963, -1.214313, -0.44921, 0.0
1500.0, -0.272325, -0.283217, -0.003963, -1.214313, -0.44921, 0.0
1515.0, -0.271218, -0.287672, -0.004321, -1.214313, -0.44921, 0.0
1530.0, -0.269681, -0.292152, -0.004674, -1.214313, -0.44921, 0.0
1530.0, -0.269681, -0.292152, -0.004674, -1.214313, -0.44921, 0.0
1548.0, -0.267698, -0.296659, -0.005022, -1.214313, -0.44921, 0.0
1548.0, -0.267698, -0.296659, -0.005022, -1.214313, -0.44921, 0.0
1565.0, -0.265255, -0.301193, -0.005367, -1.214313, -0.44921, 0.0
1581.0, -0.262341, -0.305753, -0.00571, -1.214313, -0.44921, 0.0
1581.0, -0.262341, -0.305753, -0.00571, -1.214313, -0.44921, 0.0
1599.0, -0.258946, -0.310339, -0.00605, -1.214313, -0.44921, 0.0
1599.0, -0.258946, -0.310339, -0.00605, -1.214313, -0.44921, 0.0
1614.0, -0.255063, -0.314949, -0.006384, -1.214313, -0.44921, 0.0
1631.0, -0.250686, -0.319578, -0.006709, -1.214313, -0.44921, 0.0
1631.0, -0.250686, -0.319578, -0.006709, -1.214313, -0.44921, 0.0
1649.0, -0.245811, -0.324223, -0.007021, -1.214313, -0.44921, 0.0
1649.0, -0.245811, -0.324223, -0.007021, -1.214313, -0.44921, 0.0
1665.0, -0.240435, -0.32888, -0.007318, -1.683729, -0.277012, 0.0
1682.0, -0.234556, -0.333548, -0.007596, -1.683729, -0.277012, 0.0
1682.0, -0.234556, -0.333548, -0.007596, -1.683729, -0.277012, 0.0
1700.0, -0.228172, -0.338223, -0.007852, -1.683729, -0.277012, 0.0
1700.0, -0.228172, -0.338223, -0.007852, -1.683729, -0.277012, 0.0
1715.0, -0.221383, -0.342907, -0.008044, -1.683729, -0.277012, 0.0
1732.0, -0.214284, -0.34762, -0.008134, -1.683729, -0.277012, 0.0
1732.0, -0.214284, -0.34762, -0.008134, -1.683729, -0.277012, 0.0
1748.0, -0.207069, -0.352319, -0.008102, -1.683729, -0.277012, 0.0
1748.0, -0.207069, -0.352319, -0.008102, -1.683729, -0.277012, 0.0
1764.0, -0.199816, -0.357029, -0.007944, -1.683729, -0.277012, 0.0
1781.0, -0.192624, -0.361751, -0.007672, -1.683729, -0.277012, 0.0
1781.0, -0.192624, -0.361751, -0.007672, -1.683729, -0.277012, 0.0
1799.0, -0.185575, -0.366486, -0.007304, -1.683729, -0.277012, 0.0
1799.0, -0.185575, -0.366486, -0.007304, -1.683729, -0.277012, 0.0
1814.0, -0.178739, -0.371238, -0.006861, -1.683729, -0.277012, 0.0
1831.0, -0.172169, -0.37601, -0.006369, -1.683729, -0.277012, 0.0
1831.0, -0.172169, -0.37601, -0.006369, -1.683729, -0.277012, 0.0
1849.0, -0.165908, -0.380808, -0.005849, -1.683729, -0.277012, 0.0
1849.0, -0.165908, -0.380808, -0.005849, -1.683729, -0.277012, 0.0
1864.0, -0.159993, -0.385633, -0.00532, -1.683729, -0.277012, 0.0
1882.0, -0.15445, -0.390487, -0.004795, -1.683729, -0.277012, 0.0
1882.0, -0.15445, -0.390487, -0.004795, -1.683729, -0.277012, 0.0
1900.0, -0.149303, -0.395374, -0.004286, -1.683729, -0.277012, 0.0
1900.0, -0.149303, -0.395374, -0.004286, -1.683729, -0.277012, 0.0
1915.0, -0.144569, -0.400293, -0.003801, -2.153298, -0.104758, 0.0
1932.0, -0.140261, -0.405245, -0.003342, -2.153298, -0.104758, 0.0
1932.0, -0.140261, -0.405245, -0.003342, -2.153298, -0.104758, 0.0
1948.0, -0.136393, -0.410226, -0.002912, -2.153298, -0.104758, 0.0
1948.0, -0.136393, -0.410226, -0.002912, -2.153298, -0.104758, 0.0
1964.0, -0.132972, -0.415238, -0.002509, -2.153298, -0.104758, 0.0
1981.0, -0.130005, -0.42028, -0.002133, -2.153298, -0.104758, 0.0
1981.0, -0.130005, -0.42028, -0.002133, -2.153298, -0.104758, 0.0
1999.0, -0.127497, -0.425352, -0.001784, -2.153298, -0.104758, 0.0
1999.0, -0.127497, -0.425352, -0.001784, -2.153298, -0.104758, 0.0
2015.0, -0.125354, -0.430454, -0.001501, -2.153298, -0.104758, 0.0
2031.0, -0.123459, -0.435588, -0.001319, -2.153298, -0.104758, 0.0
2031.0, -0.123459, -0.435588, -0.001319, -2.153298, -0.104758, 0.0
2048.0, -0.121698, -0.440751, -0.001258, -2.153298, -0.104758, 0.0
2048.0, -0.121698, -0.440751, -0.001258, -2.153298, -0.104758, 0.0
2064.0, -0.119968, -0.445944, -0.00132, -2.153298, -0.104758, 0.0
2082.0, -0.118178, -0.451165, -0.0015, -2.153298, -0.104758, 0.0
2082.0, -0.118178, -0.451165, -0.0015, -2.153298, -0.104758, 0.0
2100.0, -0.116251, -0.456413, -0.001782, -2.153298, -0.104758, 0.0
2100.0, -0.116251, -0.456413, -0.001782, -2.153298, -0.104758, 0.0
2115.0, -0.114121, -0.461688, -0.002148, -2.153298, -0.104758, 0.0
2132.0, -0.111734, -0.466995, -0.002581, -2.153298, -0.104758, 0.0
2132.0, -0.111734, -0.466995, -0.002581, -2.153298, -0.104758, 0.0
2148.0, -0.109044, -0.472335, -0.003061, -2.153298, -0.104758, 0.0
2148.0, -0.109044, -0.472335, -0.003061, -2.153298, -0.104758, 0.0
2165.0, -0.106013, -0.477711, -0.003573, -2.622715, 0.06744, 0.0
2182.0, -0.10261, -0.483125, -0.004101, -2.622715, 0.06744, 0.0
2182.0, -0.10261, -0.483125, -0.004101, -2.622715, 0.06744, 0.0
2199.0, -0.098808, -0.488577, -0.004634, -2.622715, 0.06744, 0.0
2199.0, -0.098808, -0.488577, -0.004634, -2.622715, 0.06744, 0.0
2215.0, -0.094587, -0.494069, -0.00516, -2.622715, 0.06744, 0.0
2232.0, -0.089929, -0.499601, -0.005671, -2.622715, 0.06744, 0.0
2232.0, -0.089929, -0.499601, -0.005671, -2.622715, 0.06744, 0.0
2249.0, -0.084821, -0.505174, -0.006159, -2.622715, 0.06744, 0.0
2249.0, -0.084821, -0.505174, -0.006159, -2.622715, 0.06744, 0.0
2264.0, -0.079251, -0.510788, -0.006619, -2.622715, 0.06744, 0.0
2281.0, -0.073212, -0.516443, -0.007047, -2.622715, 0.06744, 0.0
2281.0, -0.073212, -0.516443, -0.007047, -2.622715, 0.06744, 0.0
2298.0, -0.066696, -0.52214, -0.007441, -2.622715, 0.06744, 0.0
2298.0, -0.066696, -0.52214, -0.007441, -2.622715, 0.06744, 0.0
2314.0, -0.059698, -0.527875, -0.007801, -2.622715, 0.06744, 0.0
2331.0, -0.052213, -0.533647, -0.008125, -2.622715, 0.06744, 0.0
2331.0, -0.052213, -0.533647, -0.008125, -2.622715, 0.06744, 0.0
2348.0, -0.04424, -0.539453, -0.008415, -2.622715, 0.06744, 0.0
2348.0, -0.04424, -0.539453, -0.008415, -2.622715, 0.06744, 0.0
2364.0, -0.035774, -0.54529, -0.008673, -2.622715, 0.06744, 0.0
2382.0, -0.026815, -0.551157, -0.008899, -2.622715, 0.06744, 0.0
2382.0, -0.026815, -0.551157, -0.008899, -2.622715, 0.06744, 0.0
2399.0, -0.01736, -0.557052, -0.009097, -2.622715, 0.06744, 0.0
2399.0, -0.01736, -0.557052, -0.009097, -2.622715, 0.06744, 0.0
2414.0, -0.007509, -0.562974, -0.009228, -3.092131, 0.239638, 0.0
2432.0, 0.002611, -0.56892, -0.009257, -3.092131, 0.239638, 0.0
2432.0, 0.002611, -0.56892, -0.009257, -3.092131, 0.239638, 0.0
2448.0, 0.012871, -0.574886, -0.009166, -3.092131, 0.239638, 0.0
2449.0, 0.012871, -0.574886, -0.009166, -3.092131, 0.239638, 0.0
2465.0, 0.023158, -0.580872, -0.008954, -3.092131, 0.239638, 0.0
2481.0, 0.033376, -0.586878, -0.008635, -3.092131, 0.239638, 0.0
2481.0, 0.033376, -0.586878, -0.008635, -3.092131, 0.239638, 0.0
2500.0, 0.043443, -0.592901, -0.008226, -3.092131, 0.239638, 0.0
2500.0, 0.043443, -0.592901, -0.008226, -3.092131, 0.239638, 0.0
2514.0, 0.05329, -0.598943, -0.007751, -3.092131, 0.239638, 0.0
2530.0, 0.062864, -0.605008, -0.007235, -3.092131, 0.239638, 0.0
2530.0, 0.062864, -0.605008, -0.007235, -3.092131, 0.239638, 0.0
2547.0, 0.072122, -0.611098, -0.0067, -3.092131, 0.239638, 0.0
2547.0, 0.072122, -0.611098, -0.0067, -3.092131, 0.239638, 0.0
2564.0, 0.081028, -0.617215, -0.006163, -3.092131, 0.239638, 0.0
2580.0, 0.089555, -0.623361, -0.00564, -3.092131, 0.239638, 0.0
2580.0, 0.089555, -0.623361, -0.00564, -3.092131, 0.239638, 0.0
2599.0, 0.09768, -0.629535, -0.005142, -3.092131, 0.239638, 0.0
2599.0, 0.09768, -0.629535, -0.005142, -3.092131, 0.239638, 0.0
2615.0, 0.105384, -0.635738, -0.004676, -3.092131, 0.239638, 0.0
2631.0, 0.112654, -0.641969, -0.004245, -3.092131, 0.239638, 0.0
2631.0, 0.112654, -0.641969, -0.004245, -3.092131, 0.239638, 0.0
2648.0, 0.119479, -0.648226, -0.003851, -3.092131, 0.239638, 0.0
2648.0, 0.119479, -0.648226, -0.003851, -3.092131, 0.239638, 0.0
2665.0, 0.125849, -0.654509, -0.003494, -3.561547, 0.411836, 0.0
2681.0, 0.131758, -0.660816, -0.00317, -3.561547, 0.411836, 0.0
2681.0, 0.131758, -0.660816, -0.00317, -3.561547, 0.411836, 0.0
2699.0, 0.1372, -0.667149, -0.002877, -3.561547, 0.411836, 0.0
2699.0, 0.1372, -0.667149, -0.002877, -3.561547, 0.411836, 0.0
2715.0, 0.142272, -0.673504, -0.002652, -3.561547, 0.411836, 0.0
2731.0, 0.147094, -0.679884, -0.00253, -3.561547, 0.411836, 0.0
2731.0, 0.147094, -0.679884, -0.00253, -3.561547, 0.411836, 0.0
2748.0, 0.151786, -0.68629, -0.002529, -3.561547, 0.411836, 0.0
2748.0, 0.151786, -0.68629, -0.002529, -3.561547, 0.411836, 0.0
2764.0, 0.156456, -0.692722, -0.002653, -3.561547, 0.411836, 0.0
2780.0, 0.161196, -0.699179, -0.002894, -3.561547, 0.411836, 0.0
2780.0, 0.161196, -0.699179, -0.002894, -3.561547, 0.411836, 0.0
2798.0, 0.166087, -0.705661, -0.003236, -3.561547, 0.411836, 0.0
2798.0, 0.166087, -0.705661, -0.003236, -3.561547, 0.411836, 0.0
2814.0, 0.171192, -0.712169, -0.003658, -3.561547, 0.411836, 0.0
2831.0, 0.176567, -0.718707, -0.004139, -3.561547, 0.411836, 0.0
2831.0, 0.176567, -0.718707, -0.004139, -3.561547, 0.411836, 0.0
2847.0, 0.182256, -0.725277, -0.004658, -3.561547, 0.411836, 0.0
2847.0, 0.182256, -0.725277, -0.004658, -3.561547, 0.411836, 0.0
2864.0, 0.188296, -0.73188, -0.005197, -3.561547, 0.411836, 0.0
2881.0, 0.194715, -0.73852, -0.005739, -3.561547, 0.411836, 0.0
2881.0, 0.194715, -0.73852, -0.005739, -3.561547, 0.411836, 0.0
2899.0, 0.20154, -0.745196, -0.006271, -3.561547, 0.411836, 0.0
2899.0, 0.20154, -0.745196, -0.006271, -3.561547, 0.411836, 0.0
2914.0, 0.208788, -0.751912, -0.006783, -4.030964, 0.584035, 0.0
2932.0, 0.216476, -0.758667, -0.007265, -4.030964, 0.584035, 0.0
2932.0, 0.216476, -0.758667, -0.007265, -4.030964, 0.584035, 0.0
2949.0, 0.224616, -0.76546, -0.007713, -4.030964, 0.584035, 0.0
2949.0, 0.224616, -0.76546, -0.007713, -4.030964, 0.584035, 0.0
2964.0, 0.233215, -0.772293, -0.008123, -4.030964, 0.584035, 0.0
2982.0, 0.242283, -0.779165, -0.008494, -4.030964, 0.584035, 0.0
2982.0, 0.242283, -0.779165, -0.008494, -4.030964, 0.584035, 0.0
2998.0, 0.251825, -0.786077, -0.008827, -4.030964, 0.584035, 0.0
2998.0, 0.251825, -0.786077, -0.008827, -4.030964, 0.584035, 0.0
3014.0, 0.261845, -0.793025, -0.009121, -4.030964, 0.584035, 0.0
3031.0, 0.272347, -0.800006, -0.00938, -4.030964, 0.584035, 0.0
3031.0, 0.272347, -0.800006, -0.00938, -4.030964, 0.584035, 0.0
3047.0, 0.283335, -0.807017, -0.009607, -4.030964, 0.584035, 0.0
3047.0, 0.283335, -0.807017, -0.009607, -4.030964, 0.584035, 0.0
3064.0, 0.294813, -0.814056, -0.009804, -4.030964, 0.584035, 0.0
3081.0, 0.306781, -0.82112, -0.009974, -4.030964, 0.584035, 0.0
3081.0, 0.306781, -0.82112, -0.009974, -4.030964, 0.584035, 0.0
3099.0, 0.319242, -0.828207, -0.010121, -4.030964, 0.584035, 0.0
3099.0, 0.319242, -0.828207, -0.010121, -4.030964, 0.584035, 0.0
3114.0, 0.332096, -0.835317, -0.010205, -4.030964, 0.584035, 0.0
3132.0, 0.345214, -0.842452, -0.010192, -4.030964, 0.584035, 0.0
3132.0, 0.345214, -0.842452, -0.010192, -4.030964, 0.584035, 0.0
3149.0, 0.358472, -0.849613, -0.010065, -4.030964, 0.584035, 0.0
3149.0, 0.358472, -0.849613, -0.010065, -4.030964, 0.584035, 0.0
3165.0, 0.371755, -0.856802, -0.009824, -4.500381, 0.756233, 0.0
3182.0, 0.384968, -0.864023, -0.009481, -4.500381, 0.756233, 0.0
3182.0, 0.384968, -0.864023, -0.009481, -4.500381, 0.756233, 0.0
3199.0, 0.398027, -0.871276, -0.009054, -4.500381, 0.756233, 0.0
3199.0, 0.398027, -0.871276, -0.009054, -4.500381, 0.756233, 0.0
3214.0, 0.410868, -0.878566, -0.008568, -4.500381, 0.756233, 0.0
3231.0, 0.423436, -0.885898, -0.008046, -4.500381, 0.756233, 0.0
3231.0, 0.423436, -0.885898, -0.008046, -4.500381, 0.756233, 0.0
3248.0, 0.435687, -0.893276, -0.007509, -4.500381, 0.756233, 0.0
3248.0, 0.435687, -0.893276, -0.007509, -4.500381, 0.756233, 0.0
3265.0, 0.447587, -0.900703, -0.006977, -4.500381, 0.756233, 0.0
3281.0, 0.459106, -0.908181, -0.006463, -4.500381, 0.756233, 0.0
3281.0, 0.459106, -0.908181, -0.006463, -4.500381, 0.756233, 0.0
3299.0, 0.470231, -0.915717, -0.005978, -4.500381, 0.756233, 0.0
3299.0, 0.470231, -0.915717, -0.005978, -4.500381, 0.756233, 0.0
3315.0, 0.480937, -0.923309, -0.00553, -4.500381, 0.756233, 0.0
3331.0, 0.491201, -0.930949, -0.005123, -4.500381, 0.756233, 0.0
3331.0, 0.491201, -0.930949, -0.005123, -4.500381, 0.756233, 0.0
3348.0, 0.501019, -0.938643, -0.004758, -4.500381, 0.756233, 0.0
3348.0, 0.501019, -0.938643, -0.004758, -4.500381, 0.756233, 0.0
3365.0, 0.510382, -0.946391, -0.004435, -4.500381, 0.756233, 0.0
3381.0, 0.519285, -0.954193, -0.00415, -4.500381, 0.756233, 0.0
3381.0, 0.519285, -0.954193, -0.00415, -4.500381, 0.756233, 0.0
3400.0, 0.527721, -0.962049, -0.0039, -4.500381, 0.756233, 0.0
3400.0, 0.527721, -0.962049, -0.0039, -4.500381, 0.756233, 0.0
3415.0, 0.535787, -0.969951, -0.003723, -4.969846, 0.928449, 0.0
3432.0, 0.543604, -0.977892, -0.003651, -4.969846, 0.928449, 0.0
3432.0, 0.543604, -0.977892, -0.003651, -4.969846, 0.928449, 0.0
3450.0, 0.551295, -0.985862, -0.003703, -4.969846, 0.928449, 0.0
3450.0, 0.551295, -0.985862, -0.003703, -4.969846, 0.928449, 0.0
3465.0, 0.558968, -0.993855, -0.003879, -4.969846, 0.928449, 0.0
3482.0, 0.566717, -1.001862, -0.004168, -4.969846, 0.928449, 0.0
3482.0, 0.566717, -1.001862, -0.004168, -4.969846, 0.928449, 0.0
3501.0, 0.574621, -1.009878, -0.004552, -4.969846, 0.928449, 0.0
3501.0, 0.574621, -1.009878, -0.004552, -4.969846, 0.928449, 0.0
3514.0, 0.582747, -1.017899, -0.005009, -4.969846, 0.928449, 0.0
3531.0, 0.591166, -1.025942, -0.005517, -4.969846, 0.928449, 0.0
3531.0, 0.591166, -1.025942, -0.005517, -4.969846, 0.928449, 0.0
3548.0, 0.599887, -1.033972, -0.006052, -4.969846, 0.928449, 0.0
3548.0, 0.599887, -1.033972, -0.006052, -4.969846, 0.928449, 0.0
3564.0, 0.608964, -1.042006, -0.006597, -4.969846, 0.928449, 0.0
3581.0, 0.618425, -1.050044, -0.007133, -4.969846, 0.928449, 0.0
3581.0, 0.618425, -1.050044, -0.007133, -4.969846, 0.928449, 0.0
3600.0, 0.628294, -1.058086, -0.00765, -4.969846, 0.928449, 0.0
3600.0, 0.628294, -1.058086, -0.00765, -4.969846, 0.928449, 0.0
3615.0, 0.638588, -1.06613, -0.008135, -4.969846, 0.928449, 0.0
3631.0, 0.649321, -1.074175, -0.008584, -4.969846, 0.928449, 0.0
3631.0, 0.649321, -1.074175, -0.008584, -4.969846, 0.928449, 0.0
3648.0, 0.660506, -1.082221, -0.008993, -4.969846, 0.928449, 0.0
3648.0, 0.660506, -1.082221, -0.008993, -4.969846, 0.928449, 0.0
3664.0, 0.672153, -1.090267, -0.00936, -5.439328, 1.100671, 0.0
3682.0, 0.68427, -1.098314, -0.009685, -5.439328, 1.100671, 0.0
3682.0, 0.68427, -1.098314, -0.009685, -5.439328, 1.100671, 0.0
3700.0, 0.696862, -1.106359, -0.00997, -5.439328, 1.100671, 0.0
3700.0, 0.696862, -1.106359, -0.00997, -5.439328, 1.100671, 0.0
3715.0, 0.709836, -1.114411, -0.010175, -5.439328, 1.100671, 0.0
3732.0, 0.723063, -1.122473, -0.010267, -5.439328, 1.100671, 0.0
3732.0, 0.723063, -1.122473, -0.010267, -5.439328, 1.100671, 0.0
3748.0, 0.736421, -1.13055, -0.010228, -5.439328, 1.100671, 0.0
3748.0, 0.736421, -1.13055, -0.010228, -5.439328, 1.100671, 0.0
3764.0, 0.749798, -1.138649, -0.01006, -5.439328, 1.100671, 0.0
3781.0, 0.763097, -1.146775, -0.009774, -5.439328, 1.100671, 0.0
3781.0, 0.763097, -1.146775, -0.009774, -5.439328, 1.100671, 0.0
3800.0, 0.776239, -1.154932, -0.009394, -5.439328, 1.100671, 0.0
3800.0, 0.776239, -1.154932, -0.009394, -5.439328, 1.100671, 0.0
3815.0, 0.789158, -1.163127, -0.008943, -5.439328, 1.100671, 0.0
3832.0, 0.801801, -1.171367, -0.008448, -5.439328, 1.100671, 0.0
3832.0, 0.801801, -1.171367, -0.008448, -5.439328, 1.100671, 0.0
3848.0, 0.814125, -1.179656, -0.00793, -5.439328, 1.100671, 0.0
3848.0, 0.814125, -1.179656, -0.00793, -5.439328, 1.100671, 0.0
3864.0, 0.826095, -1.188, -0.007411, -5.439328, 1.100671, 0.0
3882.0, 0.837685, -1.196401, -0.006906, -5.439328, 1.100671, 0.0
3882.0, 0.837685, -1.196401, -0.006906, -5.439328, 1.100671, 0.0
3900.0, 0.848871, -1.204862, -0.006427, -5.439328, 1.100671, 0.0
3900.0, 0.848871, -1.204862, -0.006427, -5.439328, 1.100671, 0.0
3915.0, 0.859637, -1.213383, -0.005982, -5.908745, 1.272869, 0.0
3933.0, 0.869968, -1.221966, -0.005576, -5.908745, 1.272869, 0.0
3933.0, 0.869968, -1.221966, -0.005576, -5.908745, 1.272869, 0.0
3949.0, 0.879854, -1.23061, -0.00521, -5.908745, 1.272869, 0.0
3949.0, 0.879854, -1.23061, -0.00521, -5.908745, 1.272869, 0.0
3964.0, 0.889285, -1.239315, -0.004885, -5.908745, 1.272869, 0.0
3982.0, 0.898256, -1.248082, -0.004598, -5.908745, 1.272869, 0.0
3982.0, 0.898256, -1.248082, -0.004598, -5.908745, 1.272869, 0.0
3999.0, 0.906761, -1.256911, -0.004346, -5.908745, 1.272869, 0.0
3999.0, 0.906761, -1.256911, -0.004346, -5.908745, 1.272869, 0.0
4014.0, 0.914895, -1.265792, -0.004167, -5.908745, 1.272869, 0.0
4031.0, 0.922782, -1.274716, -0.004094, -5.908745, 1.272869, 0.0
4031.0, 0.922782, -1.274716, -0.004094, -5.908745, 1.272869, 0.0
4050.0, 0.930541, -1.283671, -0.004145, -5.908745, 1.272869, 0.0
4050.0, 0.930541, -1.283671, -0.004145, -5.908745, 1.272869, 0.0
4065.0, 0.938282, -1.29265, -0.00432, -5.908745, 1.272869, 0.0
4082.0, 0.946099, -1.301643, -0.004609, -5.908745, 1.272869, 0.0
4082.0, 0.946099, -1.301643, -0.004609, -5.908745, 1.272869, 0.0
4101.0, 0.954072, -1.310642, -0.004994, -5.908745, 1.272869, 0.0
4101.0, 0.954072, -1.310642, -0.004994, -5.908745, 1.272869, 0.0
4116.0, 0.962433, -1.319827, -0.005461, -5.908745, 1.272869, 0.0
4132.0, 0.970908, -1.328832, -0.005973, -5.908745, 1.272869, 0.0
4132.0, 0.970908, -1.328832, -0.005973, -5.908745, 1.272869, 0.0
4149.0, 0.979706, -1.337839, -0.006512, -5.908745, 1.272869, 0.0
4149.0, 0.979706, -1.337839, -0.006512, -5.908745, 1.272869, 0.0
4166.0, 0.988861, -1.346846, -0.007059, -6.378807, 1.445304, 0.0
4183.0, 0.998402, -1.355853, -0.007597, -6.378807, 1.445304, 0.0
4183.0, 0.998402, -1.355853, -0.007597, -6.378807, 1.445304, 0.0
4200.0, 1.00835, -1.36486, -0.008114, -6.378807, 1.445304, 0.0
4200.0, 1.00835, -1.36486, -0.008114, -6.378807, 1.445304, 0.0
4216.0, 1.018596, -1.373844, -0.008549, -6.378807, 1.445304, 0.0
4232.0, 1.029046, -1.382822, -0.008868, -6.378807, 1.445304, 0.0
4232.0, 1.029046, -1.382822, -0.008868, -6.378807, 1.445304, 0.0
4250.0, 1.039592, -1.391802, -0.009052, -6.378807, 1.445304, 0.0
4250.0, 1.039592, -1.391802, -0.009052, -6.378807, 1.445304, 0.0
4264.0, 1.050134, -1.400789, -0.009093, -6.378807, 1.445304, 0.0
4281.0, 1.060583, -1.409783, -0.009001, -6.378807, 1.445304, 0.0
4281.0, 1.060583, -1.409783, -0.009001, -6.378807, 1.445304, 0.0
4299.0, 1.070862, -1.418787, -0.008792, -6.378807, 1.445304, 0.0
4299.0, 1.070862, -1.418787, -0.008792, -6.378807, 1.445304, 0.0
4315.0, 1.080934, -1.427827, -0.008498, -6.378807, 1.445304, 0.0
4331.0, 1.090728, -1.436887, -0.008131, -6.378807, 1.445304, 0.0
4332.0, 1.090728, -1.436887, -0.008131, -6.378807, 1.445304, 0.0
4348.0, 1.100194, -1.445963, -0.007713, -6.378807, 1.445304, 0.0
4348.0, 1.100194, -1.445963, -0.007713, -6.378807, 1.445304, 0.0
4365.0, 1.109296, -1.455053, -0.007264, -6.378807, 1.445304, 0.0
4382.0, 1.118005, -1.464159, -0.006803, -6.378807, 1.445304, 0.0
4382.0, 1.118005, -1.464159, -0.006803, -6.378807, 1.445304, 0.0
4400.0, 1.126301, -1.47328, -0.006346, -6.378807, 1.445304, 0.0
4400.0, 1.126301, -1.47328, -0.006346, -6.378807, 1.445304, 0.0
4415.0, 1.134265, -1.482412, -0.005945, -6.848224, 1.617502, 0.0
4432.0, 1.142012, -1.491556, -0.005648, -6.848224, 1.617502, 0.0
4432.0, 1.142012, -1.491556, -0.005648, -6.848224, 1.617502, 0.0
4449.0, 1.149658, -1.50071, -0.005481, -6.848224, 1.617502, 0.0
4449.0, 1.149658, -1.50071, -0.005481, -6.848224, 1.617502, 0.0
4465.0, 1.157306, -1.509872, -0.005454, -6.848224, 1.617502, 0.0
4482.0, 1.165047, -1.51904, -0.005558, -6.848224, 1.617502, 0.0
4482.0, 1.165047, -1.51904, -0.005558, -6.848224, 1.617502, 0.0
4500.0, 1.172957, -1.528211, -0.005779, -6.848224, 1.617502, 0.0
4500.0, 1.172957, -1.528211, -0.005779, -6.848224, 1.617502, 0.0
4515.0, 1.1811, -1.537386, -0.006095, -6.848224, 1.617502, 0.0
4531.0, 1.189527, -1.546565, -0.006482, -6.848224, 1.617502, 0.0
4531.0, 1.189527, -1.546565, -0.006482, -6.848224, 1.617502, 0.0
4548.0, 1.198282, -1.55575, -0.006917, -6.848224, 1.617502, 0.0
4548.0, 1.198282, -1.55575, -0.006917, -6.848224, 1.617502, 0.0
4564.0, 1.207399, -1.56494, -0.00738, -6.848224, 1.617502, 0.0
4582.0, 1.216907, -1.574138, -0.007852, -6.848224, 1.617502, 0.0
4582.0, 1.216907, -1.574138, -0.007852, -6.848224, 1.617502, 0.0
4602.0, 1.227192, -1.583682, -0.008335, -6.848224, 1.617502, 0.0
4602.0, 1.227192, -1.583682, -0.008335, -6.848224, 1.617502, 0.0
4617.0, 1.23751, -1.592857, -0.008776, -6.848224, 1.617502, 0.0
4634.0, 1.248268, -1.602029, -0.009191, -6.848224, 1.617502, 0.0
4634.0, 1.248268, -1.602029, -0.009191, -6.848224, 1.617502, 0.0
4649.0, 1.259483, -1.611209, -0.00958, -6.848224, 1.617502, 0.0
4649.0, 1.259483, -1.611209, -0.00958, -6.848224, 1.617502, 0.0
4666.0, 1.271167, -1.620396, -0.009938, -7.318816, 1.790132, 0.0
4683.0, 1.283327, -1.629592, -0.010262, -7.318816, 1.790132, 0.0
4683.0, 1.283327, -1.629592, -0.010262, -7.318816, 1.790132, 0.0
4701.0, 1.295969, -1.638796, -0.010553, -7.318816, 1.790132, 0.0
4701.0, 1.295969, -1.638796, -0.010553, -7.318816, 1.790132, 0.0
4716.0, 1.309047, -1.648046, -0.010788, -7.318816, 1.790132, 0.0
4733.0, 1.322399, -1.657323, -0.010909, -7.318816, 1.790132, 0.0
4733.0, 1.322399, -1.657323, -0.010909, -7.318816, 1.790132, 0.0
4750.0, 1.335888, -1.666621, -0.010891, -7.318816, 1.790132, 0.0
4750.0, 1.335888, -1.666621, -0.010891, -7.318816, 1.790132, 0.0
4765.0, 1.349393, -1.67594, -0.010734, -7.318816, 1.790132, 0.0
4782.0, 1.362818, -1.685284, -0.010452, -7.318816, 1.790132, 0.0
4782.0, 1.362818, -1.685284, -0.010452, -7.318816, 1.790132, 0.0
4800.0, 1.376083, -1.694659, -0.010069, -7.318816, 1.790132, 0.0
4800.0, 1.376083, -1.694659, -0.010069, -7.318816, 1.790132, 0.0
4815.0, 1.38912, -1.704072, -0.009612, -7.318816, 1.790132, 0.0
4833.0, 1.401878, -1.713528, -0.009107, -7.318816, 1.790132, 0.0
4833.0, 1.401878, -1.713528, -0.009107, -7.318816, 1.790132, 0.0
4849.0, 1.414314, -1.723036, -0.00858, -7.318816, 1.790132, 0.0
4849.0, 1.414314, -1.723036, -0.00858, -7.318816, 1.790132, 0.0
4865.0, 1.426395, -1.732599, -0.008049, -7.318816, 1.790132, 0.0
4883.0, 1.438092, -1.742221, -0.007534, -7.318816, 1.790132, 0.0
4883.0, 1.438092, -1.742221, -0.007534, -7.318816, 1.790132, 0.0
4901.0, 1.449384, -1.751906, -0.007045, -7.318816, 1.790132, 0.0
4901.0, 1.449384, -1.751906, -0.007045, -7.318816, 1.790132, 0.0
4916.0, 1.460256, -1.761654, -0.006591, -7.788233, 1.96233, 0.0
4933.0, 1.470692, -1.771468, -0.006176, -7.788233, 1.96233, 0.0
4933.0, 1.470692, -1.771468, -0.006176, -7.788233, 1.96233, 0.0
4950.0, 1.480682, -1.781346, -0.005804, -7.788233, 1.96233, 0.0
4950.0, 1.480682, -1.781346, -0.005804, -7.788233, 1.96233, 0.0
4966.0, 1.490218, -1.79129, -0.005473, -7.788233, 1.96233, 0.0
4983.0, 1.499294, -1.801299, -0.005181, -7.788233, 1.96233, 0.0
4983.0, 1.499294, -1.801299, -0.005181, -7.788233, 1.96233, 0.0
4999.0, 1.507903, -1.811375, -0.004926, -7.788233, 1.96233, 0.0
5000.0, 1.507903, -1.811375, -0.004926, -7.788233, 1.96233, 0.0
5015.0, 1.516041, -1.821513, -0.004704, -7.788233, 1.96233, 0.0
5032.0, 1.523705, -1.831708, -0.00451, -7.788233, 1.96233, 0.0
5032.0, 1.523705, -1.831708, -0.00451, -7.788233, 1.96233, 0.0
5049.0, 1.53089, -1.841956, -0.004339, -7.788233, 1.96233, 0.0
5049.0, 1.53089, -1.841956, -0.004339, -7.788233, 1.96233, 0.0
5065.0, 1.537596, -1.852253, -0.004188, -7.788233, 1.96233, 0.0
5084.0, 1.543818, -1.862594, -0.004052, -7.788233, 1.96233, 0.0
5084.0, 1.543818, -1.862594, -0.004052, -7.788233, 1.96233, 0.0
5101.0, 1.549555, -1.872979, -0.003929, -7.788233, 1.96233, 0.0
5101.0, 1.549555, -1.872979, -0.003929, -7.788233, 1.96233, 0.0
5118.0, 1.554907, -1.883406, -0.003859, -7.788233, 1.96233, 0.0
5133.0, 1.559997, -1.893874, -0.003875, -7.788233, 1.96233, 0.0
5133.0, 1.559997, -1.893874, -0.003875, -7.788233, 1.96233, 0.0
5150.0, 1.564947, -1.904381, -0.003999, -7.788233, 1.96233, 0.0
5150.0, 1.564947, -1.904381, -0.003999, -7.788233, 1.96233, 0.0
5166.0, 1.569866, -1.914927, -0.004232, -8.257649, 2.134528, 0.0
5183.0, 1.574851, -1.925511, -0.004569, -8.257649, 2.134528, 0.0
5184.0, 1.574851, -1.925511, -0.004569, -8.257649, 2.134528, 0.0
5200.0, 1.57998, -1.93613, -0.004991, -8.257649, 2.134528, 0.0
5200.0, 1.57998, -1.93613, -0.004991, -8.257649, 2.134528, 0.0
5216.0, 1.585321, -1.946788, -0.005479, -8.257649, 2.134528, 0.0
5232.0, 1.590929, -1.957489, -0.006013, -8.257649, 2.134528, 0.0
5232.0, 1.590929, -1.957489, -0.006013, -8.257649, 2.134528, 0.0
5249.0, 1.596847, -1.968239, -0.006573, -8.257649, 2.134528, 0.0
5249.0, 1.596847, -1.968239, -0.006573, -8.257649, 2.134528, 0.0
5265.0, 1.603113, -1.979042, -0.007141, -8.257649, 2.134528, 0.0
5282.0, 1.609756, -1.989902, -0.007703, -8.257649, 2.134528, 0.0
5282.0, 1.609756, -1.989902, -0.007703, -8.257649, 2.134528, 0.0
5300.0, 1.616804, -2.000826, -0.008248, -8.257649, 2.134528, 0.0
5300.0, 1.616804, -2.000826, -0.008248, -8.257649, 2.134528, 0.0
5316.0, 1.624267, -2.011806, -0.008765, -8.257649, 2.134528, 0.0
5334.0, 1.632164, -2.022849, -0.00925, -8.257649, 2.134528, 0.0
5334.0, 1.632164, -2.022849, -0.00925, -8.257649, 2.134528, 0.0
5350.0, 1.640508, -2.033957, -0.009699, -8.257649, 2.134528, 0.0
5350.0, 1.640508, -2.033957, -0.009699, -8.257649, 2.134528, 0.0
5366.0, 1.649308, -2.045128, -0.01011, -8.257649, 2.134528, 0.0
5383.0, 1.658572, -2.056366, -0.010484, -8.257649, 2.134528, 0.0
5383.0, 1.658572, -2.056366, -0.010484, -8.257649, 2.134528, 0.0
5401.0, 1.668305, -2.06767, -0.010822, -8.257649, 2.134528, 0.0
5401.0, 1.668305, -2.06767, -0.010822, -8.257649, 2.134528, 0.0
5416.0, 1.678514, -2.079037, -0.011124, -8.727081, 2.306732, 0.0
5433.0, 1.689201, -2.090462, -0.011396, -8.727081, 2.306732, 0.0
5433.0, 1.689201, -2.090462, -0.011396, -8.727081, 2.306732, 0.0
5450.0, 1.700371, -2.101942, -0.011638, -8.727081, 2.306732, 0.0
5450.0, 1.700371, -2.101942, -0.011638, -8.727081, 2.306732, 0.0
5465.0, 1.712026, -2.113472, -0.011854, -8.727081, 2.306732, 0.0
5484.0, 1.72417, -2.125049, -0.012046, -8.727081, 2.306732, 0.0
5484.0, 1.72417, -2.125049, -0.012046, -8.727081, 2.306732, 0.0
5501.0, 1.736803, -2.13667, -0.012219, -8.727081, 2.306732, 0.0
5501.0, 1.736803, -2.13667, -0.012219, -8.727081, 2.306732, 0.0
5515.0, 1.749826, -2.148333, -0.012331, -8.727081, 2.306732, 0.0
5532.0, 1.763112, -2.160034, -0.012347, -8.727081, 2.306732, 0.0
5532.0, 1.763112, -2.160034, -0.012347, -8.727081, 2.306732, 0.0
5549.0, 1.776536, -2.171773, -0.012249, -8.727081, 2.306732, 0.0
5549.0, 1.776536, -2.171773, -0.012249, -8.727081, 2.306732, 0.0
5566.0, 1.789985, -2.183548, -0.012034, -8.727081, 2.306732, 0.0
5582.0, 1.803361, -2.195359, -0.011713, -8.727081, 2.306732, 0.0
5582.0, 1.803361, -2.195359, -0.011713, -8.727081, 2.306732, 0.0
5601.0, 1.816584, -2.207204, -0.011304, -8.727081, 2.306732, 0.0
5601.0, 1.816584, -2.207204, -0.011304, -8.727081, 2.306732, 0.0
5615.0, 1.829586, -2.219088, -0.010831, -8.727081, 2.306732, 0.0
5633.0, 1.842314, -2.231014, -0.010316, -8.727081, 2.306732, 0.0
5633.0, 1.842314, -2.231014, -0.010316, -8.727081, 2.306732, 0.0
5650.0, 1.854724, -2.242985, -0.009782, -8.727081, 2.306732, 0.0
5650.0, 1.854724, -2.242985, -0.009782, -8.727081, 2.306732, 0.0
5665.0, 1.866781, -2.255004, -0.009248, -9.196499, 2.47893, 0.0
5684.0, 1.878457, -2.267075, -0.008728, -9.196499, 2.47893, 0.0
5684.0, 1.878457, -2.267075, -0.008728, -9.196499, 2.47893, 0.0
5701.0, 1.88973, -2.279197, -0.008234, -9.196499, 2.47893, 0.0
5701.0, 1.88973, -2.279197, -0.008234, -9.196499, 2.47893, 0.0
5716.0, 1.900582, -2.291371, -0.007775, -9.196499, 2.47893, 0.0
5733.0, 1.910998, -2.303598, -0.007355, -9.196499, 2.47893, 0.0
5733.0, 1.910998, -2.303598, -0.007355, -9.196499, 2.47893, 0.0
5748.0, 1.920969, -2.315877, -0.006976, -9.196499, 2.47893, 0.0
5748.0, 1.920969, -2.315877, -0.006976, -9.196499, 2.47893, 0.0
5765.0, 1.930485, -2.328208, -0.006638, -9.196499, 2.47893, 0.0
5782.0, 1.939538, -2.340591, -0.00634, -9.196499, 2.47893, 0.0
5782.0, 1.939538, -2.340591, -0.00634, -9.196499, 2.47893, 0.0
5802.0, 1.948125, -2.353026, -0.006079, -9.196499, 2.47893, 0.0
5802.0, 1.948125, -2.353026, -0.006079, -9.196499, 2.47893, 0.0
5816.0, 1.95634, -2.365505, -0.005893, -9.196499, 2.47893, 0.0
5832.0, 1.964306, -2.378022, -0.005817, -9.196499, 2.47893, 0.0
5832.0, 1.964306, -2.378022, -0.005817, -9.196499, 2.47893, 0.0
5849.0, 1.972145, -2.390567, -0.005866, -9.196499, 2.47893, 0.0
5849.0, 1.972145, -2.390567, -0.005866, -9.196499, 2.47893, 0.0
5865.0, 1.979967, -2.403134, -0.006043, -9.196499, 2.47893, 0.0
5883.0, 1.987865, -2.415715, -0.006335, -9.196499, 2.47893, 0.0
5883.0, 1.987865, -2.415715, -0.006335, -9.196499, 2.47893, 0.0
5900.0, 1.995921, -2.428305, -0.006725, -9.196499, 2.47893, 0.0
5900.0, 1.995921, -2.428305, -0.006725, -9.196499, 2.47893, 0.0
5915.0, 2.0042, -2.440906, -0.007188, -9.665915, 2.651129, 0.0
5933.0, 2.012758, -2.453513, -0.007702, -9.665915, 2.651129, 0.0
5933.0, 2.012758, -2.453513, -0.007702, -9.665915, 2.651129, 0.0
5948.0, 2.021636, -2.46613, -0.008244, -9.665915, 2.651129, 0.0
5949.0, 2.021636, -2.46613, -0.008244, -9.665915, 2.651129, 0.0
5965.0, 2.030872, -2.478754, -0.008793, -9.665915, 2.651129, 0.0
5983.0, 2.040492, -2.491388, -0.009335, -9.665915, 2.651129, 0.0
5983.0, 2.040492, -2.491388, -0.009335, -9.665915, 2.651129, 0.0
6000.0, 2.05052, -2.504032, -0.009856, -9.665915, 2.651129, 0.0
6000.0, 2.05052, -2.504032, -0.009856, -9.665915, 2.651129, 0.0
6016.0, 2.060973, -2.516683, -0.010347, -9.665915, 2.651129, 0.0
6033.0, 2.071866, -2.529343, -0.010802, -9.665915, 2.651129, 0.0
6033.0, 2.071866, -2.529343, -0.010802, -9.665915, 2.651129, 0.0
6049.0, 2.08321, -2.542012, -0.011217, -9.665915, 2.651129, 0.0
6049.0, 2.08321, -2.542012, -0.011217, -9.665915, 2.651129, 0.0
6065.0, 2.095016, -2.554688, -0.011592, -9.665915, 2.651129, 0.0
6083.0, 2.107291, -2.567373, -0.011927, -9.665915, 2.651129, 0.0
6083.0, 2.107291, -2.567373, -0.011927, -9.665915, 2.651129, 0.0
6100.0, 2.12004, -2.580065, -0.012222, -9.665915, 2.651129, 0.0
6100.0, 2.12004, -2.580065, -0.012222, -9.665915, 2.651129, 0.0
6116.0, 2.133168, -2.592768, -0.01244, -9.665915, 2.651129, 0.0
6133.0, 2.146548, -2.605487, -0.012544, -9.665915, 2.651129, 0.0
6133.0, 2.146548, -2.605487, -0.012544, -9.665915, 2.651129, 0.0
6149.0, 2.160058, -2.618228, -0.012518, -9.665915, 2.651129, 0.0
6149.0, 2.160058, -2.618228, -0.012518, -9.665915, 2.651129, 0.0
6166.0, 2.173588, -2.630995, -0.012362, -10.135331, 2.823327, 0.0
6183.0, 2.187039, -2.643792, -0.012087, -10.135331, 2.823327, 0.0
6183.0, 2.187039, -2.643792, -0.012087, -10.135331, 2.823327, 0.0
6200.0, 2.200333, -2.656624, -0.011714, -10.135331, 2.823327, 0.0
6200.0, 2.200333, -2.656624, -0.011714, -10.135331, 2.823327, 0.0
6215.0, 2.213403, -2.669496, -0.011268, -10.135331, 2.823327, 0.0
6233.0, 2.226196, -2.682415, -0.010773, -10.135331, 2.823327, 0.0
6233.0, 2.226196, -2.682415, -0.010773, -10.135331, 2.823327, 0.0
6250.0, 2.238669, -2.695387, -0.010254, -10.135331, 2.823327, 0.0
6250.0, 2.238669, -2.695387, -0.010254, -10.135331, 2.823327, 0.0
6265.0, 2.250787, -2.708415, -0.009731, -10.135331, 2.823327, 0.0
6282.0, 2.262524, -2.721503, -0.009219, -10.135331, 2.823327, 0.0
6282.0, 2.262524, -2.721503, -0.009219, -10.135331, 2.823327, 0.0
6300.0, 2.273857, -2.734653, -0.008733, -10.135331, 2.823327, 0.0
6300.0, 2.273857, -2.734653, -0.008733, -10.135331, 2.823327, 0.0
6315.0, 2.284768, -2.747866, -0.008279, -10.135331, 2.823327, 0.0
6332.0, 2.295245, -2.761142, -0.007864, -10.135331, 2.823327, 0.0
6332.0, 2.295245, -2.761142, -0.007864, -10.135331, 2.823327, 0.0
6348.0, 2.305276, -2.774483, -0.007491, -10.135331, 2.823327, 0.0
6348.0, 2.305276, -2.774483, -0.007491, -10.135331, 2.823327, 0.0
6365.0, 2.314852, -2.787887, -0.007158, -10.135331, 2.823327, 0.0
6383.0, 2.323967, -2.801354, -0.006867, -10.135331, 2.823327, 0.0
6383.0, 2.323967, -2.801354, -0.006867, -10.135331, 2.823327, 0.0
6400.0, 2.332616, -2.814886, -0.006613, -10.135331, 2.823327, 0.0
6400.0, 2.332616, -2.814886, -0.006613, -10.135331, 2.823327, 0.0
6416.0, 2.340895, -2.828474, -0.006435, -10.604748, 2.995525, 0.0
6433.0, 2.348926, -2.842105, -0.006367, -10.604748, 2.995525, 0.0
6433.0, 2.348926, -2.842105, -0.006367, -10.604748, 2.995525, 0.0
6450.0, 2.356831, -2.855768, -0.006425, -10.604748, 2.995525, 0.0
6450.0, 2.356831, -2.855768, -0.006425, -10.604748, 2.995525, 0.0
6466.0, 2.364718, -2.869452, -0.00661, -10.604748, 2.995525, 0.0
6483.0, 2.372683, -2.883149, -0.006909, -10.604748, 2.995525, 0.0
6483.0, 2.372683, -2.883149, -0.006909, -10.604748, 2.995525, 0.0
6500.0, 2.380805, -2.896849, -0.007304, -10.604748, 2.995525, 0.0
6500.0, 2.380805, -2.896849, -0.007304, -10.604748, 2.995525, 0.0
6515.0, 2.389148, -2.910548, -0.00777, -10.604748, 2.995525, 0.0
6532.0, 2.397768, -2.924247, -0.008285, -10.604748, 2.995525, 0.0
6532.0, 2.397768, -2.924247, -0.008285, -10.604748, 2.995525, 0.0
6549.0, 2.40671, -2.937945, -0.008826, -10.604748, 2.995525, 0.0
6549.0, 2.40671, -2.937945, -0.008826, -10.604748, 2.995525, 0.0
6565.0, 2.416008, -2.951644, -0.009376, -10.604748, 2.995525, 0.0
6582.0, 2.425693, -2.965343, -0.009916, -10.604748, 2.995525, 0.0
6582.0, 2.425693, -2.965343, -0.009916, -10.604748, 2.995525, 0.0
6599.0, 2.435786, -2.979044, -0.010435, -10.604748, 2.995525, 0.0
6599.0, 2.435786, -2.979044, -0.010435, -10.604748, 2.995525, 0.0
6615.0, 2.446206, -2.992747, -0.01088, -10.604748, 2.995525, 0.0
6632.0, 2.456837, -3.006452, -0.011209, -10.604748, 2.995525, 0.0
6632.0, 2.456837, -3.006452, -0.011209, -10.604748, 2.995525, 0.0
6650.0, 2.467565, -3.020162, -0.011396, -10.604748, 2.995525, 0.0
6650.0, 2.467565, -3.020162, -0.011396, -10.604748, 2.995525, 0.0
6666.0, 2.478285, -3.033877, -0.011435, -11.074163, 3.167723, 0.0
6683.0, 2.488907, -3.047599, -0.011335, -11.074163, 3.167723, 0.0
6683.0, 2.488907, -3.047599, -0.011335, -11.074163, 3.167723, 0.0
6700.0, 2.499354, -3.06133, -0.011115, -11.074163, 3.167723, 0.0
6700.0, 2.499354, -3.06133, -0.011115, -11.074163, 3.167723, 0.0
6716.0, 2.509563, -3.075073, -0.010797, -11.074163, 3.167723, 0.0
6733.0, 2.519482, -3.08883, -0.010409, -11.074163, 3.167723, 0.0
6733.0, 2.519482, -3.08883, -0.010409, -11.074163, 3.167723, 0.0
6750.0, 2.529069, -3.102603, -0.009974, -11.074163, 3.167723, 0.0
6750.0, 2.529069, -3.102603, -0.009974, -11.074163, 3.167723, 0.0
6765.0, 2.538291, -3.116395, -0.009514, -11.074163, 3.167723, 0.0
6782.0, 2.547122, -3.130207, -0.009049, -11.074163, 3.167723, 0.0
6782.0, 2.547122, -3.130207, -0.009049, -11.074163, 3.167723, 0.0
6800.0, 2.55554, -3.144038, -0.008592, -11.074163, 3.167723, 0.0
6800.0, 2.55554, -3.144038, -0.008592, -11.074163, 3.167723, 0.0
6815.0, 2.563628, -3.157888, -0.008197, -11.074163, 3.167723, 0.0
6832.0, 2.571501, -3.171751, -0.007909, -11.074163, 3.167723, 0.0
6832.0, 2.571501, -3.171751, -0.007909, -11.074163, 3.167723, 0.0
6849.0, 2.579273, -3.185626, -0.007754, -11.074163, 3.167723, 0.0
6849.0, 2.579273, -3.185626, -0.007754, -11.074163, 3.167723, 0.0
6865.0, 2.587049, -3.199508, -0.00774, -11.074163, 3.167723, 0.0
6882.0, 2.594919, -3.213394, -0.007859, -11.074163, 3.167723, 0.0
6882.0, 2.594919, -3.213394, -0.007859, -11.074163, 3.167723, 0.0
6900.0, 2.602961, -3.227283, -0.008094, -11.074163, 3.167723, 0.0
6900.0, 2.602961, -3.227283, -0.008094, -11.074163, 3.167723, 0.0
6916.0, 2.611238, -3.241173, -0.008422, -11.543579, 3.339921, 0.0
6933.0, 2.619802, -3.255065, -0.008819, -11.543579, 3.339921, 0.0
6933.0, 2.619802, -3.255065, -0.008819, -11.543579, 3.339921, 0.0
6950.0, 2.628695, -3.268961, -0.009263, -11.543579, 3.339921, 0.0
6950.0, 2.628695, -3.268961, -0.009263, -11.543579, 3.339921, 0.0
6965.0, 2.637954, -3.282862, -0.009731, -11.543579, 3.339921, 0.0
6983.0, 2.647604, -3.296769, -0.010206, -11.543579, 3.339921, 0.0
6983.0, 2.647604, -3.296769, -0.010206, -11.543579, 3.339921, 0.0
6999.0, 2.657668, -3.310683, -0.010674, -11.543579, 3.339921, 0.0
6999.0, 2.657668, -3.310683, -0.010674, -11.543579, 3.339921, 0.0
7015.0, 2.668165, -3.324605, -0.011124, -11.543579, 3.339921, 0.0
7032.0, 2.679108, -3.338534, -0.011547, -11.543579, 3.339921, 0.0
7032.0, 2.679108, -3.338534, -0.011547, -11.543579, 3.339921, 0.0
7049.0, 2.690507, -3.352466, -0.011937, -11.543579, 3.339921, 0.0
7049.0, 2.690507, -3.352466, -0.011937, -11.543579, 3.339921, 0.0
7065.0, 2.70237, -3.3664, -0.012292, -11.543579, 3.339921, 0.0
7082.0, 2.714704, -3.380336, -0.012611, -11.543579, 3.339921, 0.0
7082.0, 2.714704, -3.380336, -0.012611, -11.543579, 3.339921, 0.0
7100.0, 2.727514, -3.394272, -0.012894, -11.543579, 3.339921, 0.0
7100.0, 2.727514, -3.394272, -0.012894, -11.543579, 3.339921, 0.0
7116.0, 2.7407, -3.408212, -0.0131, -11.543579, 3.339921, 0.0
7133.0, 2.754141, -3.422165, -0.013197, -11.543579, 3.339921, 0.0
7133.0, 2.754141, -3.422165, -0.013197, -11.543579, 3.339921, 0.0
7150.0, 2.767713, -3.436138, -0.013165, -11.543579, 3.339921, 0.0
7150.0, 2.767713, -3.436138, -0.013165, -11.543579, 3.339921, 0.0
7166.0, 2.781305, -3.450139, -0.013004, -12.012996, 3.512119, 0.0
7183.0, 2.794822, -3.464175, -0.012726, -12.012996, 3.512119, 0.0
7183.0, 2.794822, -3.464175, -0.012726, -12.012996, 3.512119, 0.0
7200.0, 2.808182, -3.47825, -0.012352, -12.012996, 3.512119, 0.0
7200.0, 2.808182, -3.47825, -0.012352, -12.012996, 3.512119, 0.0
7215.0, 2.82132, -3.492371, -0.011905, -12.012996, 3.512119, 0.0
7232.0, 2.834182, -3.506547, -0.011411, -12.012996, 3.512119, 0.0
7232.0, 2.834182, -3.506547, -0.011411, -12.012996, 3.512119, 0.0
7249.0, 2.846726, -3.520784, -0.010893, -12.012996, 3.512119, 0.0
7249.0, 2.846726, -3.520784, -0.010893, -12.012996, 3.512119, 0.0
7265.0, 2.858916, -3.535085, -0.010372, -12.012996, 3.512119, 0.0
7282.0, 2.870726, -3.549456, -0.009863, -12.012996, 3.512119, 0.0
7282.0, 2.870726, -3.549456, -0.009863, -12.012996, 3.512119, 0.0
7300.0, 2.882134, -3.563899, -0.00938, -12.012996, 3.512119, 0.0
7300.0, 2.882134, -3.563899, -0.00938, -12.012996, 3.512119, 0.0
7315.0, 2.893122, -3.578416, -0.008931, -12.012996, 3.512119, 0.0
7332.0, 2.903677, -3.593006, -0.008521, -12.012996, 3.512119, 0.0
7332.0, 2.903677, -3.593006, -0.008521, -12.012996, 3.512119, 0.0
7350.0, 2.913788, -3.607672, -0.008154, -12.012996, 3.512119, 0.0
7350.0, 2.913788, -3.607672, -0.008154, -12.012996, 3.512119, 0.0
7366.0, 2.923446, -3.622412, -0.007829, -12.012996, 3.512119, 0.0
7382.0, 2.932645, -3.637227, -0.007545, -12.012996, 3.512119, 0.0
7382.0, 2.932645, -3.637227, -0.007545, -12.012996, 3.512119, 0.0
7401.0, 2.941379, -3.652117, -0.0073, -12.012996, 3.512119, 0.0
7401.0, 2.941379, -3.652117, -0.0073, -12.012996, 3.512119, 0.0
7416.0, 2.949643, -3.667078, -0.007091, -12.482411, 3.684317, 0.0
7433.0, 2.957433, -3.682106, -0.006912, -12.482411, 3.684317, 0.0
7433.0, 2.957433, -3.682106, -0.006912, -12.482411, 3.684317, 0.0
7449.0, 2.964746, -3.697194, -0.006761, -12.482411, 3.684317, 0.0
7449.0, 2.964746, -3.697194, -0.006761, -12.482411, 3.684317, 0.0
7465.0, 2.971579, -3.712339, -0.006632, -12.482411, 3.684317, 0.0
7483.0, 2.977929, -3.727537, -0.006523, -12.482411, 3.684317, 0.0
7483.0, 2.977929, -3.727537, -0.006523, -12.482411, 3.684317, 0.0
7500.0, 2.983794, -3.742785, -0.00643, -12.482411, 3.684317, 0.0
7500.0, 2.983794, -3.742785, -0.00643, -12.482411, 3.684317, 0.0
7515.0, 2.989273, -3.758079, -0.006392, -12.482411, 3.684317, 0.0
7532.0, 2.99449, -3.773416, -0.006444, -12.482411, 3.684317, 0.0
7532.0, 2.99449, -3.773416, -0.006444, -12.482411, 3.684317, 0.0
7549.0, 2.999569, -3.788793, -0.006604, -12.482411, 3.684317, 0.0
7549.0, 2.999569, -3.788793, -0.006604, -12.482411, 3.684317, 0.0
7565.0, 3.00462, -3.804206, -0.006873, -12.482411, 3.684317, 0.0
7582.0, 3.00974, -3.819653, -0.007243, -12.482411, 3.684317, 0.0
7582.0, 3.00974, -3.819653, -0.007243, -12.482411, 3.684317, 0.0
7600.0, 3.01501, -3.835131, -0.007696, -12.482411, 3.684317, 0.0
7600.0, 3.01501, -3.835131, -0.007696, -12.482411, 3.684317, 0.0
7615.0, 3.020498, -3.850647, -0.008209, -12.482411, 3.684317, 0.0
7632.0, 3.026257, -3.866203, -0.008762, -12.482411, 3.684317, 0.0
7632.0, 3.026257, -3.866203, -0.008762, -12.482411, 3.684317, 0.0
7649.0, 3.032331, -3.8818, -0.009334, -12.482411, 3.684317, 0.0
7649.0, 3.032331, -3.8818, -0.009334, -12.482411, 3.684317, 0.0
7665.0, 3.038756, -3.897444, -0.009907, -12.951829, 3.856515, 0.0
7682.0, 3.045561, -3.913137, -0.010466, -12.951829, 3.856515, 0.0
7682.0, 3.045561, -3.913137, -0.010466, -12.951829, 3.856515, 0.0
7700.0, 3.052769, -3.928882, -0.011001, -12.951829, 3.856515, 0.0
7700.0, 3.052769, -3.928882, -0.011001, -12.951829, 3.856515, 0.0
7715.0, 3.060395, -3.944678, -0.011502, -12.951829, 3.856515, 0.0
7732.0, 3.068457, -3.960529, -0.011967, -12.951829, 3.856515, 0.0
7732.0, 3.068457, -3.960529, -0.011967, -12.951829, 3.856515, 0.0
7748.0, 3.076965, -3.976437, -0.012392, -12.951829, 3.856515, 0.0
7748.0, 3.076965, -3.976437, -0.012392, -12.951829, 3.856515, 0.0
7764.0, 3.085929, -3.992404, -0.012778, -12.951829, 3.856515, 0.0
7782.0, 3.095357, -4.008429, -0.013125, -12.951829, 3.856515, 0.0
7782.0, 3.095357, -4.008429, -0.013125, -12.951829, 3.856515, 0.0
7799.0, 3.105254, -4.024515, -0.013436, -12.951829, 3.856515, 0.0
7799.0, 3.105254, -4.024515, -0.013436, -12.951829, 3.856515, 0.0
7816.0, 3.115626, -4.040657, -0.013713, -12.951829, 3.856515, 0.0
7832.0, 3.126476, -4.05685, -0.013959, -12.951829, 3.856515, 0.0
7832.0, 3.126476, -4.05685, -0.013959, -12.951829, 3.856515, 0.0
7849.0, 3.137807, -4.07309, -0.014178, -12.951829, 3.856515, 0.0
7849.0, 3.137807, -4.07309, -0.014178, -12.951829, 3.856515, 0.0
7866.0, 3.149624, -4.089372, -0.014373, -12.951829, 3.856515, 0.0
7883.0, 3.161927, -4.105693, -0.014547, -12.951829, 3.856515, 0.0
7883.0, 3.161927, -4.105693, -0.014547, -12.951829, 3.856515, 0.0
7900.0, 3.17472, -4.12205, -0.014704, -12.951829, 3.856515, 0.0
7900.0, 3.17472, -4.12205, -0.014704, -12.951829, 3.856515, 0.0
7916.0, 3.187902, -4.138442, -0.014802, -13.421247, 4.028713, 0.0
7933.0, 3.201347, -4.154871, -0.014808, -13.421247, 4.028713, 0.0
7933.0, 3.201347, -4.154871, -0.014808, -13.421247, 4.028713, 0.0
7949.0, 3.21493, -4.171338, -0.014701, -13.421247, 4.028713, 0.0
7949.0, 3.21493, -4.171338, -0.014701, -13.421247, 4.028713, 0.0
7965.0, 3.228537, -4.187843, -0.014479, -13.421247, 4.028713, 0.0
7982.0, 3.242072, -4.204391, -0.014152, -13.421247, 4.028713, 0.0
7982.0, 3.242072, -4.204391, -0.014152, -13.421247, 4.028713, 0.0
7999.0, 3.255454, -4.22098, -0.01374, -13.421247, 4.028713, 0.0
7999.0, 3.255454, -4.22098, -0.01374, -13.421247, 4.028713, 0.0
8016.0, 3.268614, -4.237616, -0.013263, -13.421247, 4.028713, 0.0
8032.0, 3.2815, -4.254304, -0.012747, -13.421247, 4.028713, 0.0
8032.0, 3.2815, -4.254304, -0.012747, -13.421247, 4.028713, 0.0
8049.0, 3.294068, -4.27105, -0.012212, -13.421247, 4.028713, 0.0
8049.0, 3.294068, -4.27105, -0.012212, -13.421247, 4.028713, 0.0
8066.0, 3.306283, -4.287856, -0.011679, -13.421247, 4.028713, 0.0
8083.0, 3.318117, -4.304726, -0.011161, -13.421247, 4.028713, 0.0
8083.0, 3.318117, -4.304726, -0.011161, -13.421247, 4.028713, 0.0
8101.0, 3.329549, -4.321661, -0.010673, -13.421247, 4.028713, 0.0
8101.0, 3.329549, -4.321661, -0.010673, -13.421247, 4.028713, 0.0
8116.0, 3.34056, -4.338663, -0.010221, -13.421247, 4.028713, 0.0
8132.0, 3.351137, -4.355731, -0.00981, -13.421247, 4.028713, 0.0
8132.0, 3.351137, -4.355731, -0.00981, -13.421247, 4.028713, 0.0
8149.0, 3.36127, -4.372867, -0.009444, -13.421247, 4.028713, 0.0
8149.0, 3.36127, -4.372867, -0.009444, -13.421247, 4.028713, 0.0
8165.0, 3.370949, -4.390069, -0.009121, -13.890663, 4.200912, 0.0
8182.0, 3.380167, -4.407338, -0.008841, -13.890663, 4.200912, 0.0
8182.0, 3.380167, -4.407338, -0.008841, -13.890663, 4.200912, 0.0
8201.0, 3.388973, -4.424778, -0.008599, -13.890663, 4.200912, 0.0
8201.0, 3.388973, -4.424778, -0.008599, -13.890663, 4.200912, 0.0
8215.0, 3.397249, -4.442165, -0.008393, -13.890663, 4.200912, 0.0
8233.0, 3.405048, -4.459609, -0.008219, -13.890663, 4.200912, 0.0
8233.0, 3.405048, -4.459609, -0.008219, -13.890663, 4.200912, 0.0
8250.0, 3.41237, -4.477104, -0.008073, -13.890663, 4.200912, 0.0
8250.0, 3.41237, -4.477104, -0.008073, -13.890663, 4.200912, 0.0
8265.0, 3.419212, -4.494649, -0.007953, -13.890663, 4.200912, 0.0
8281.0, 3.42557, -4.512239, -0.007853, -13.890663, 4.200912, 0.0
8281.0, 3.42557, -4.512239, -0.007853, -13.890663, 4.200912, 0.0
8300.0, 3.431445, -4.529872, -0.00777, -13.890663, 4.200912, 0.0
8300.0, 3.431445, -4.529872, -0.00777, -13.890663, 4.200912, 0.0
8315.0, 3.436938, -4.547558, -0.007745, -13.890663, 4.200912, 0.0
8332.0, 3.44217, -4.565287, -0.00781, -13.890663, 4.200912, 0.0
8332.0, 3.44217, -4.565287, -0.00781, -13.890663, 4.200912, 0.0
8349.0, 3.447264, -4.583053, -0.007982, -13.890663, 4.200912, 0.0
8349.0, 3.447264, -4.583053, -0.007982, -13.890663, 4.200912, 0.0
8365.0, 3.452331, -4.600852, -0.008262, -13.890663, 4.200912, 0.0
8382.0, 3.457468, -4.618684, -0.008641, -13.890663, 4.200912, 0.0
8382.0, 3.457468, -4.618684, -0.008641, -13.890663, 4.200912, 0.0
8400.0, 3.462755, -4.636549, -0.009101, -13.890663, 4.200912, 0.0
8400.0, 3.462755, -4.636549, -0.009101, -13.890663, 4.200912, 0.0
8415.0, 3.468259, -4.654445, -0.00962, -14.360269, 4.373179, 0.0
8433.0, 3.474034, -4.672383, -0.010176, -14.360269, 4.373179, 0.0
8433.0, 3.474034, -4.672383, -0.010176, -14.360269, 4.373179, 0.0
8450.0, 3.480125, -4.690367, -0.01075, -14.360269, 4.373179, 0.0
8450.0, 3.480125, -4.690367, -0.01075, -14.360269, 4.373179, 0.0
8466.0, 3.486568, -4.708404, -0.011323, -14.360269, 4.373179, 0.0
8483.0, 3.49339, -4.726498, -0.011881, -14.360269, 4.373179, 0.0
8483.0, 3.49339, -4.726498, -0.011881, -14.360269, 4.373179, 0.0
8501.0, 3.500615, -4.744651, -0.012413, -14.360269, 4.373179, 0.0
8501.0, 3.500615, -4.744651, -0.012413, -14.360269, 4.373179, 0.0
8515.0, 3.508259, -4.762868, -0.012912, -14.360269, 4.373179, 0.0
8532.0, 3.516339, -4.781149, -0.013372, -14.360269, 4.373179, 0.0
8532.0, 3.516339, -4.781149, -0.013372, -14.360269, 4.373179, 0.0
8549.0, 3.524863, -4.799497, -0.013793, -14.360269, 4.373179, 0.0
8549.0, 3.524863, -4.799497, -0.013793, -14.360269, 4.373179, 0.0
8565.0, 3.533843, -4.817911, -0.014172, -14.360269, 4.373179, 0.0
8582.0, 3.543285, -4.836394, -0.014513, -14.360269, 4.373179, 0.0
8582.0, 3.543285, -4.836394, -0.014513, -14.360269, 4.373179, 0.0
8600.0, 3.553194, -4.854947, -0.014816, -14.360269, 4.373179, 0.0
8600.0, 3.553194, -4.854947, -0.014816, -14.360269, 4.373179, 0.0
8615.0, 3.563575, -4.873566, -0.015086, -14.360269, 4.373179, 0.0
8633.0, 3.574433, -4.892245, -0.015326, -14.360269, 4.373179, 0.0
8633.0, 3.574433, -4.892245, -0.015326, -14.360269, 4.373179, 0.0
8649.0, 3.585771, -4.910982, -0.015539, -14.360269, 4.373179, 0.0
8649.0, 3.585771, -4.910982, -0.015539, -14.360269, 4.373179, 0.0
8665.0, 3.597591, -4.929771, -0.015729, -14.829685, 4.545377, 0.0
8683.0, 3.609898, -4.948609, -0.015899, -14.829685, 4.545377, 0.0
8683.0, 3.609898, -4.948609, -0.015899, -14.829685, 4.545377, 0.0
8701.0, 3.622691, -4.967493, -0.016052, -14.829685, 4.545377, 0.0
8701.0, 3.622691, -4.967493, -0.016052, -14.829685, 4.545377, 0.0
8716.0, 3.635873, -4.986421, -0.016148, -14.829685, 4.545377, 0.0
8733.0, 3.649317, -5.005392, -0.016152, -14.829685, 4.545377, 0.0
8733.0, 3.649317, -5.005392, -0.016152, -14.829685, 4.545377, 0.0
8750.0, 3.662897, -5.024404, -0.016044, -14.829685, 4.545377, 0.0
8750.0, 3.662897, -5.024404, -0.016044, -14.829685, 4.545377, 0.0
8765.0, 3.676499, -5.043457, -0.015822, -14.829685, 4.545377, 0.0
8781.0, 3.690028, -5.06255, -0.015495, -14.829685, 4.545377, 0.0
8781.0, 3.690028, -5.06255, -0.015495, -14.829685, 4.545377, 0.0
8800.0, 3.7034, -5.081683, -0.015082, -14.829685, 4.545377, 0.0
8800.0, 3.7034, -5.081683, -0.015082, -14.829685, 4.545377, 0.0
8816.0, 3.71655, -5.10086, -0.014605, -14.829685, 4.545377, 0.0
8832.0, 3.729424, -5.120083, -0.014088, -14.829685, 4.545377, 0.0
8832.0, 3.729424, -5.120083, -0.014088, -14.829685, 4.545377, 0.0
8849.0, 3.741976, -5.139358, -0.013553, -14.829685, 4.545377, 0.0
8849.0, 3.741976, -5.139358, -0.013553, -14.829685, 4.545377, 0.0
8865.0, 3.754173, -5.158687, -0.013019, -14.829685, 4.545377, 0.0
8882.0, 3.765988, -5.178071, -0.012502, -14.829685, 4.545377, 0.0
8882.0, 3.765988, -5.178071, -0.012502, -14.829685, 4.545377, 0.0
8900.0, 3.777397, -5.197514, -0.012014, -14.829685, 4.545377, 0.0
8900.0, 3.777397, -5.197514, -0.012014, -14.829685, 4.545377, 0.0
8916.0, 3.788386, -5.217018, -0.011563, -15.299102, 4.717576, 0.0
8933.0, 3.79894, -5.23658, -0.011155, -15.299102, 4.717576, 0.0
8933.0, 3.79894, -5.23658, -0.011155, -15.299102, 4.717576, 0.0
8950.0, 3.809047, -5.256199, -0.01079, -15.299102, 4.717576, 0.0
8950.0, 3.809047, -5.256199, -0.01079, -15.299102, 4.717576, 0.0
8966.0, 3.818699, -5.275875, -0.010469, -15.299102, 4.717576, 0.0
8984.0, 3.827888, -5.295607, -0.010192, -15.299102, 4.717576, 0.0
8984.0, 3.827888, -5.295607, -0.010192, -15.299102, 4.717576, 0.0
9000.0, 3.83661, -5.315393, -0.009955, -15.299102, 4.717576, 0.0
9000.0, 3.83661, -5.315393, -0.009955, -15.299102, 4.717576, 0.0
9015.0, 3.844958, -5.335224, -0.009795, -15.299102, 4.717576, 0.0
9032.0, 3.853059, -5.355091, -0.009746, -15.299102, 4.717576, 0.0
9032.0, 3.853059, -5.355091, -0.009746, -15.299102, 4.717576, 0.0
9049.0, 3.861034, -5.374985, -0.009826, -15.299102, 4.717576, 0.0
9049.0, 3.861034, -5.374985, -0.009826, -15.299102, 4.717576, 0.0
9065.0, 3.868994, -5.394898, -0.010033, -15.299102, 4.717576, 0.0
9082.0, 3.877039, -5.414831, -0.010354, -15.299102, 4.717576, 0.0
9082.0, 3.877039, -5.414831, -0.010354, -15.299102, 4.717576, 0.0
9100.0, 3.885243, -5.434762, -0.010768, -15.299102, 4.717576, 0.0
9100.0, 3.885243, -5.434762, -0.010768, -15.299102, 4.717576, 0.0
9115.0, 3.893674, -5.454696, -0.011252, -15.299102, 4.717576, 0.0
9132.0, 3.902388, -5.474634, -0.011781, -15.299102, 4.717576, 0.0
9132.0, 3.902388, -5.474634, -0.011781, -15.299102, 4.717576, 0.0
9149.0, 3.911427, -5.494576, -0.012332, -15.299102, 4.717576, 0.0
9149.0, 3.911427, -5.494576, -0.012332, -15.299102, 4.717576, 0.0
9166.0, 3.920827, -5.514523, -0.012886, -15.76853, 4.889778, 0.0
9183.0, 3.930615, -5.534476, -0.013426, -15.76853, 4.889778, 0.0
9183.0, 3.930615, -5.534476, -0.013426, -15.76853, 4.889778, 0.0
9199.0, 3.940814, -5.554437, -0.013941, -15.76853, 4.889778, 0.0
9199.0, 3.940814, -5.554437, -0.013941, -15.76853, 4.889778, 0.0
9215.0, 3.951441, -5.574405, -0.014421, -15.76853, 4.889778, 0.0
9233.0, 3.96251, -5.594379, -0.014861, -15.76853, 4.889778, 0.0
9233.0, 3.96251, -5.594379, -0.014861, -15.76853, 4.889778, 0.0
9249.0, 3.97403, -5.614359, -0.015259, -15.76853, 4.889778, 0.0
9249.0, 3.97403, -5.614359, -0.015259, -15.76853, 4.889778, 0.0
9265.0, 3.986012, -5.634345, -0.015614, -15.76853, 4.889778, 0.0
9282.0, 3.998461, -5.654334, -0.015927, -15.76853, 4.889778, 0.0
9283.0, 3.998461, -5.654334, -0.015927, -15.76853, 4.889778, 0.0
9300.0, 4.011384, -5.674328, -0.016201, -15.76853, 4.889778, 0.0
9300.0, 4.011384, -5.674328, -0.016201, -15.76853, 4.889778, 0.0
9316.0, 4.024683, -5.694332, -0.016397, -15.76853, 4.889778, 0.0
9333.0, 4.038233, -5.714353, -0.016482, -15.76853, 4.889778, 0.0
9333.0, 4.038233, -5.714353, -0.016482, -15.76853, 4.889778, 0.0
9349.0, 4.051912, -5.734397, -0.016437, -15.76853, 4.889778, 0.0
9349.0, 4.051912, -5.734397, -0.016437, -15.76853, 4.889778, 0.0
9366.0, 4.065607, -5.754472, -0.016264, -15.76853, 4.889778, 0.0
9383.0, 4.079222, -5.774582, -0.015974, -15.76853, 4.889778, 0.0
9383.0, 4.079222, -5.774582, -0.015974, -15.76853, 4.889778, 0.0
9401.0, 4.092677, -5.794734, -0.015588, -15.76853, 4.889778, 0.0
9401.0, 4.092677, -5.794734, -0.015588, -15.76853, 4.889778, 0.0
9416.0, 4.105906, -5.814934, -0.015132, -16.237946, 5.061976, 0.0
9433.0, 4.118854, -5.835187, -0.01463, -16.237946, 5.061976, 0.0
9433.0, 4.118854, -5.835187, -0.01463, -16.237946, 5.061976, 0.0
9450.0, 4.13148, -5.855502, -0.014106, -16.237946, 5.061976, 0.0
9450.0, 4.13148, -5.855502, -0.014106, -16.237946, 5.061976, 0.0
9466.0, 4.143749, -5.875881, -0.013581, -16.237946, 5.061976, 0.0
9483.0, 4.155635, -5.896328, -0.013071, -16.237946, 5.061976, 0.0
9483.0, 4.155635, -5.896328, -0.013071, -16.237946, 5.061976, 0.0
9501.0, 4.167115, -5.916846, -0.01259, -16.237946, 5.061976, 0.0
9501.0, 4.167115, -5.916846, -0.01259, -16.237946, 5.061976, 0.0
9515.0, 4.178173, -5.937436, -0.012146, -16.237946, 5.061976, 0.0
9532.0, 4.188795, -5.958097, -0.011744, -16.237946, 5.061976, 0.0
9532.0, 4.188795, -5.958097, -0.011744, -16.237946, 5.061976, 0.0
9548.0, 4.198971, -5.97883, -0.011388, -16.237946, 5.061976, 0.0
9548.0, 4.198971, -5.97883, -0.011388, -16.237946, 5.061976, 0.0
9565.0, 4.208694, -5.999635, -0.011077, -16.237946, 5.061976, 0.0
9582.0, 4.217955, -6.020511, -0.01081, -16.237946, 5.061976, 0.0
9582.0, 4.217955, -6.020511, -0.01081, -16.237946, 5.061976, 0.0
9600.0, 4.226751, -6.041458, -0.010584, -16.237946, 5.061976, 0.0
9600.0, 4.226751, -6.041458, -0.010584, -16.237946, 5.061976, 0.0
9615.0, 4.235078, -6.062477, -0.010396, -16.237946, 5.061976, 0.0
9632.0, 4.242931, -6.083557, -0.010241, -16.237946, 5.061976, 0.0
9632.0, 4.242931, -6.083557, -0.010241, -16.237946, 5.061976, 0.0
9650.0, 4.250307, -6.104696, -0.010114, -16.237946, 5.061976, 0.0
9650.0, 4.250307, -6.104696, -0.010114, -16.237946, 5.061976, 0.0
9665.0, 4.2572, -6.125882, -0.010011, -16.707367, 5.234176, 0.0
9683.0, 4.26361, -6.147115, -0.009928, -16.707367, 5.234176, 0.0
9683.0, 4.26361, -6.147115, -0.009928, -16.707367, 5.234176, 0.0
9700.0, 4.269535, -6.16839, -0.009861, -16.707367, 5.234176, 0.0
9700.0, 4.269535, -6.16839, -0.009861, -16.707367, 5.234176, 0.0
9716.0, 4.275071, -6.189702, -0.00985, -16.707367, 5.234176, 0.0
9733.0, 4.280346, -6.21105, -0.009928, -16.707367, 5.234176, 0.0
9733.0, 4.280346, -6.21105, -0.009928, -16.707367, 5.234176, 0.0
9749.0, 4.285484, -6.232434, -0.010113, -16.707367, 5.234176, 0.0
9749.0, 4.285484, -6.232434, -0.010113, -16.707367, 5.234176, 0.0
9765.0, 4.290597, -6.253853, -0.010407, -16.707367, 5.234176, 0.0
9782.0, 4.295784, -6.275306, -0.0108, -16.707367, 5.234176, 0.0
9782.0, 4.295784, -6.275306, -0.0108, -16.707367, 5.234176, 0.0
9800.0, 4.301123, -6.296793, -0.011272, -16.707367, 5.234176, 0.0
9800.0, 4.301123, -6.296793, -0.011272, -16.707367, 5.234176, 0.0
9816.0, 4.306684, -6.318316, -0.011802, -16.707367, 5.234176, 0.0
9832.0, 4.312519, -6.33988, -0.012368, -16.707367, 5.234176, 0.0
9832.0, 4.312519, -6.33988, -0.012368, -16.707367, 5.234176, 0.0
9849.0, 4.318673, -6.361493, -0.012948, -16.707367, 5.234176, 0.0
9849.0, 4.318673, -6.361493, -0.012948, -16.707367, 5.234176, 0.0
9866.0, 4.32518, -6.383157, -0.013525, -16.707367, 5.234176, 0.0
9883.0, 4.332069, -6.404878, -0.014084, -16.707367, 5.234176, 0.0
9883.0, 4.332069, -6.404878, -0.014084, -16.707367, 5.234176, 0.0
9900.0, 4.339362, -6.426658, -0.014614, -16.707367, 5.234176, 0.0
9900.0, 4.339362, -6.426658, -0.014614, -16.707367, 5.234176, 0.0
9916.0, 4.347076, -6.448501, -0.015107, -17.176785, 5.406374, 0.0
9933.0, 4.355225, -6.470407, -0.01556, -17.176785, 5.406374, 0.0
9933.0, 4.355225, -6.470407, -0.01556, -17.176785, 5.406374, 0.0
9949.0, 4.363864, -6.492496, -0.015973, -17.176785, 5.406374, 0.0
9949.0, 4.363864, -6.492496, -0.015973, -17.176785, 5.406374, 0.0
9966.0, 4.372915, -6.514537, -0.016343, -17.176785, 5.406374, 0.0
9982.0, 4.382478, -6.536761, -0.016673, -17.176785, 5.406374, 0.0
9982.0, 4.382478, -6.536761, -0.016673, -17.176785, 5.406374, 0.0
