0.0, 0.0, 0.0, 0.002231, 0.382773, -0.923842, 0.0
0.0, 0.0, 0.0, 0.002231, 0.382773, -0.923842, 0.0
12.0, -0.000105, -0.000221, -0.004075, 0.382773, -0.923842, 0.0
29.0, -0.000304, -0.000183, -0.009508, 0.382773, -0.923842, 0.0
29.0, -0.000304, -0.000183, -0.009508, 0.382773, -0.923842, 0.0
46.0, -0.000583, 0.00024, -0.012156, 0.382773, -0.923842, 0.0
46.0, -0.000583, 0.00024, -0.012156, 0.382773, -0.923842, 0.0
62.0, -0.000875, 0.000951, -0.013179, 0.382773, -0.923842, 0.0
80.0, -0.001101, 0.001795, -0.013058, 0.382773, -0.923842, 0.0
80.0, -0.001101, 0.001795, -0.013058, 0.382773, -0.923842, 0.0
97.0, -0.001188, 0.002608, -0.01218, 0.382773, -0.923842, 0.0
97.0, -0.001188, 0.002608, -0.01218, 0.382773, -0.923842, 0.0
112.0, -0.001071, 0.003237, -0.010847, 0.382773, -0.923842, 0.0
130.0, -0.000883, 0.003536, -0.01123, 0.382773, -0.923842, 0.0
130.0, -0.000883, 0.003536, -0.01123, 0.382773, -0.923842, 0.0
150.0, -0.000369, 0.003723, -0.011875, 0.382773, -0.923842, 0.0
150.0, -0.000369, 0.003723, -0.011875, 0.382773, -0.923842, 0.0
163.0, 0.000486, 0.003871, -0.011787, 0.169834, -0.712517, 0.0
180.0, 0.001617, 0.003942, -0.011298, 0.169834, -0.712517, 0.0
180.0, 0.001617, 0.003942, -0.011298, 0.169834, -0.712517, 0.0
196.0, 0.003103, 0.003965, -0.010732, 0.169834, -0.712517, 0.0
196.0, 0.003103, 0.003965, -0.010732, 0.169834, -0.712517, 0.0
213.0, 0.00441, 0.003814, -0.008311, 0.169834, -0.712517, 0.0
229.0, 0.006434, 0.003929, -0.006956, 0.169834, -0.712517, 0.0
229.0, 0.006434, 0.003929, -0.006956, 0.169834, -0.712517, 0.0
246.0, 0.008932, 0.004016, -0.006112, 0.169834, -0.712517, 0.0
246.0, 0.008932, 0.004016, -0.006112, 0.169834, -0.712517, 0.0
262.0, 0.011851, 0.003977, -0.00552, 0.169834, -0.712517, 0.0
279.0, 0.015245, 0.003766, -0.005191, 0.169834, -0.712517, 0.0
279.0, 0.015245, 0.003766, -0.005191, 0.169834, -0.712517, 0.0
298.0, 0.019057, 0.003353, -0.00501, 0.169834, -0.712517, 0.0
298.0, 0.019057, 0.003353, -0.00501, 0.169834, -0.712517, 0.0
313.0, 0.023301, 0.002722, -0.004959, 0.169834, -0.712517, 0.0
329.0, 0.027986, 0.001861, -0.005008, 0.169834, -0.712517, 0.0
329.0, 0.027986, 0.001861, -0.005008, 0.169834, -0.712517, 0.0
347.0, 0.033117, 0.000763, -0.005132, 0.169834, -0.712517, 0.0
347.0, 0.033117, 0.000763, -0.005132, 0.169834, -0.712517, 0.0
363.0, 0.038692, -0.000575, -0.005305, 0.169834, -0.712517, 0.0
380.0, 0.044713, -0.002155, -0.005512, 0.169834, -0.712517, 0.0
380.0, 0.044713, -0.002155, -0.005512, 0.169834, -0.712517, 0.0
396.0, 0.051179, -0.00398, -0.005738, 0.169834, -0.712517, 0.0
396.0, 0.051179, -0.00398, -0.005738, 0.169834, -0.712517, 0.0
412.0, 0.05809, -0.006051, -0.005973, -0.185079, -0.360296, 0.0
429.0, 0.065445, -0.008367, -0.00621, -0.185079, -0.360296, 0.0
429.0, 0.065445, -0.008367, -0.00621, -0.185079, -0.360296, 0.0
447.0, 0.073243, -0.01093, -0.006442, -0.185079, -0.360296, 0.0
447.0, 0.073243, -0.01093, -0.006442, -0.185079, -0.360296, 0.0
462.0, 0.081487, -0.013739, -0.006668, -0.185079, -0.360296, 0.0
480.0, 0.090174, -0.016795, -0.006886, -0.185079, -0.360296, 0.0
480.0, 0.090174, -0.016795, -0.006886, -0.185079, -0.360296, 0.0
497.0, 0.0993, -0.020097, -0.007093, -0.185079, -0.360296, 0.0
497.0, 0.0993, -0.020097, -0.007093, -0.185079, -0.360296, 0.0
512.0, 0.108867, -0.023645, -0.00729, -0.185079, -0.360296, 0.0
530.0, 0.118872, -0.027439, -0.007477, -0.185079, -0.360296, 0.0
530.0, 0.118872, -0.027439, -0.007477, -0.185079, -0.360296, 0.0
548.0, 0.129315, -0.031478, -0.007655, -0.185079, -0.360296, 0.0
548.0, 0.129315, -0.031478, -0.007655, -0.185079, -0.360296, 0.0
563.0, 0.140192, -0.03576, -0.007825, -0.185079, -0.360296, 0.0
581.0, 0.151541, -0.040302, -0.007989, -0.185079, -0.360296, 0.0
581.0, 0.151541, -0.040302, -0.007989, -0.185079, -0.360296, 0.0
596.0, 0.163292, -0.045074, -0.00815, -0.185079, -0.360296, 0.0
596.0, 0.163292, -0.045074, -0.00815, -0.185079, -0.360296, 0.0
612.0, 0.175481, -0.050091, -0.008307, -0.185079, -0.360296, 0.0
629.0, 0.188108, -0.055353, -0.008461, -0.185079, -0.360296, 0.0
629.0, 0.188108, -0.055353, -0.008461, -0.185079, -0.360296, 0.0
647.0, 0.201173, -0.06086, -0.008614, -0.185079, -0.360296, 0.0
647.0, 0.201173, -0.06086, -0.008614, -0.185079, -0.360296, 0.0
662.0, 0.214675, -0.06661, -0.008766, -0.540057, -0.008009, 0.0
679.0, 0.228615, -0.072605, -0.008916, -0.540057, -0.008009, 0.0
679.0, 0.228615, -0.072605, -0.008916, -0.540057, -0.008009, 0.0
696.0, 0.242992, -0.078842, -0.009066, -0.540057, -0.008009, 0.0
696.0, 0.242992, -0.078842, -0.009066, -0.540057, -0.008009, 0.0
712.0, 0.25783, -0.085333, -0.009215, -0.540057, -0.008009, 0.0
730.0, 0.27315, -0.092085, -0.009366, -0.540057, -0.008009, 0.0
730.0, 0.27315, -0.092085, -0.009366, -0.540057, -0.008009, 0.0
746.0, 0.288842, -0.099051, -0.009516, -0.540057, -0.008009, 0.0
746.0, 0.288842, -0.099051, -0.009516, -0.540057, -0.008009, 0.0
762.0, 0.304967, -0.106257, -0.009665, -0.540057, -0.008009, 0.0
780.0, 0.321528, -0.113703, -0.009814, -0.540057, -0.008009, 0.0
780.0, 0.321528, -0.113703, -0.009814, -0.540057, -0.008009, 0.0
795.0, 0.338528, -0.121389, -0.009963, -0.540057, -0.008009, 0.0
795.0, 0.338528, -0.121389, -0.009963, -0.540057, -0.008009, 0.0
814.0, 0.355976, -0.12932, -0.010114, -0.540057, -0.008009, 0.0
829.0, 0.373855, -0.137487, -0.010266, -0.540057, -0.008009, 0.0
829.0, 0.373855, -0.137487, -0.010266, -0.540057, -0.008009, 0.0
846.0, 0.392175, -0.145893, -0.010418, -0.540057, -0.008009, 0.0
846.0, 0.392175, -0.145893, -0.010418, -0.540057, -0.008009, 0.0
862.0, 0.410941, -0.154542, -0.010574, -0.540057, -0.008009, 0.0
879.0, 0.430151, -0.163429, -0.010729, -0.540057, -0.008009, 0.0
879.0, 0.430151, -0.163429, -0.010729, -0.540057, -0.008009, 0.0
897.0, 0.450033, -0.172661, -0.010886, -0.540057, -0.008009, 0.0
897.0, 0.450033, -0.172661, -0.010886, -0.540057, -0.008009, 0.0
912.0, 0.470127, -0.182024, -0.011042, -0.895393, 0.344633, 0.0
931.0, 0.490707, -0.191643, -0.011197, -0.895393, 0.344633, 0.0
931.0, 0.490707, -0.191643, -0.011197, -0.895393, 0.344633, 0.0
948.0, 0.511685, -0.201477, -0.01135, -0.895393, 0.344633, 0.0
948.0, 0.511685, -0.201477, -0.01135, -0.895393, 0.344633, 0.0
962.0, 0.53299, -0.211488, -0.011453, -0.895393, 0.344633, 0.0
980.0, 0.554521, -0.221625, -0.01148, -0.895393, 0.344633, 0.0
980.0, 0.554521, -0.221625, -0.01148, -0.895393, 0.344633, 0.0
996.0, 0.576173, -0.231835, -0.011414, -0.895393, 0.344633, 0.0
996.0, 0.576173, -0.231835, -0.011414, -0.895393, 0.344633, 0.0
1012.0, 0.597847, -0.242069, -0.011247, -0.895393, 0.344633, 0.0
1030.0, 0.619456, -0.252284, -0.010987, -0.895393, 0.344633, 0.0
1030.0, 0.619456, -0.252284, -0.010987, -0.895393, 0.344633, 0.0
1048.0, 0.640928, -0.262444, -0.010645, -0.895393, 0.344633, 0.0
1048.0, 0.640928, -0.262444, -0.010645, -0.895393, 0.344633, 0.0
1063.0, 0.662659, -0.272737, -0.010244, -0.895393, 0.344633, 0.0
1079.0, 0.683721, -0.282721, -0.009803, -0.895393, 0.344633, 0.0
1079.0, 0.683721, -0.282721, -0.009803, -0.895393, 0.344633, 0.0
1096.0, 0.704494, -0.292574, -0.009328, -0.895393, 0.344633, 0.0
1096.0, 0.704494, -0.292574, -0.009328, -0.895393, 0.344633, 0.0
1112.0, 0.724944, -0.302279, -0.008836, -0.895393, 0.344633, 0.0
1130.0, 0.745043, -0.311819, -0.008342, -0.895393, 0.344633, 0.0
1130.0, 0.745043, -0.311819, -0.008342, -0.895393, 0.344633, 0.0
1147.0, 0.764772, -0.321183, -0.007858, -0.895393, 0.344633, 0.0
1147.0, 0.764772, -0.321183, -0.007858, -0.895393, 0.344633, 0.0
1163.0, 0.784169, -0.33039, -0.007416, -1.25082, 0.697365, 0.0
1180.0, 0.803356, -0.339498, -0.007079, -1.25082, 0.697365, 0.0
1180.0, 0.803356, -0.339498, -0.007079, -1.25082, 0.697365, 0.0
1198.0, 0.822458, -0.348568, -0.006877, -1.25082, 0.697365, 0.0
1198.0, 0.822458, -0.348568, -0.006877, -1.25082, 0.697365, 0.0
1213.0, 0.841575, -0.357645, -0.006817, -1.25082, 0.697365, 0.0
1230.0, 0.860789, -0.366768, -0.006891, -1.25082, 0.697365, 0.0
1230.0, 0.860789, -0.366768, -0.006891, -1.25082, 0.697365, 0.0
1249.0, 0.880168, -0.37597, -0.007081, -1.25082, 0.697365, 0.0
1249.0, 0.880168, -0.37597, -0.007081, -1.25082, 0.697365, 0.0
1263.0, 0.899806, -0.385294, -0.007381, -1.25082, 0.697365, 0.0
1282.0, 0.91972, -0.394749, -0.007751, -1.25082, 0.697365, 0.0
1282.0, 0.91972, -0.394749, -0.007751, -1.25082, 0.697365, 0.0
1296.0, 0.939935, -0.404349, -0.008162, -1.25082, 0.697365, 0.0
1296.0, 0.939935, -0.404349, -0.008162, -1.25082, 0.697365, 0.0
1314.0, 0.960476, -0.414108, -0.008595, -1.25082, 0.697365, 0.0
1330.0, 0.981363, -0.424037, -0.009036, -1.25082, 0.697365, 0.0
1330.0, 0.981363, -0.424037, -0.009036, -1.25082, 0.697365, 0.0
1347.0, 1.002617, -0.434149, -0.009471, -1.25082, 0.697365, 0.0
1347.0, 1.002617, -0.434149, -0.009471, -1.25082, 0.697365, 0.0
1362.0, 1.024259, -0.444457, -0.009896, -1.25082, 0.697365, 0.0
1381.0, 1.046296, -0.454966, -0.010302, -1.25082, 0.697365, 0.0
1381.0, 1.046296, -0.454966, -0.010302, -1.25082, 0.697365, 0.0
1396.0, 1.068735, -0.465682, -0.010682, -1.25082, 0.697365, 0.0
1396.0, 1.068735, -0.465682, -0.010682, -1.25082, 0.697365, 0.0
1414.0, 1.091583, -0.476611, -0.011036, -1.605729, 1.049583, 0.0
1431.0, 1.114844, -0.487757, -0.011362, -1.605729, 1.049583, 0.0
1431.0, 1.114844, -0.487757, -0.011362, -1.605729, 1.049583, 0.0
1448.0, 1.138524, -0.499124, -0.011663, -1.605729, 1.049583, 0.0
1448.0, 1.138524, -0.499124, -0.011663, -1.605729, 1.049583, 0.0
1463.0, 1.163374, -0.511073, -0.01191, -1.605729, 1.049583, 0.0
1480.0, 1.187604, -0.522738, -0.012054, -1.605729, 1.049583, 0.0
1480.0, 1.187604, -0.522738, -0.012054, -1.605729, 1.049583, 0.0
1497.0, 1.211944, -0.53447, -0.012079, -1.605729, 1.049583, 0.0
1497.0, 1.211944, -0.53447, -0.012079, -1.605729, 1.049583, 0.0
1513.0, 1.236292, -0.546218, -0.011983, -1.605729, 1.049583, 0.0
1530.0, 1.260561, -0.557939, -0.011773, -1.605729, 1.049583, 0.0
1530.0, 1.260561, -0.557939, -0.011773, -1.605729, 1.049583, 0.0
1549.0, 1.28468, -0.569599, -0.011466, -1.605729, 1.049583, 0.0
1549.0, 1.28468, -0.569599, -0.011466, -1.605729, 1.049583, 0.0
1563.0, 1.30849, -0.58112, -0.011044, -1.605729, 1.049583, 0.0
1580.0, 1.33203, -0.59252, -0.010574, -1.605729, 1.049583, 0.0
1580.0, 1.33203, -0.59252, -0.010574, -1.605729, 1.049583, 0.0
1597.0, 1.355266, -0.603784, -0.010089, -1.605729, 1.049583, 0.0
1597.0, 1.355266, -0.603784, -0.010089, -1.605729, 1.049583, 0.0
1613.0, 1.378192, -0.614904, -0.009605, -1.605729, 1.049583, 0.0
1630.0, 1.400787, -0.625868, -0.009134, -1.605729, 1.049583, 0.0
1630.0, 1.400787, -0.625868, -0.009134, -1.605729, 1.049583, 0.0
1649.0, 1.423031, -0.636663, -0.008682, -1.605729, 1.049583, 0.0
1649.0, 1.423031, -0.636663, -0.008682, -1.605729, 1.049583, 0.0
1663.0, 1.445089, -0.647369, -0.00833, -1.961476, 1.402632, 0.0
1681.0, 1.466995, -0.658002, -0.008073, -1.961476, 1.402632, 0.0
1681.0, 1.466995, -0.658002, -0.008073, -1.961476, 1.402632, 0.0
1697.0, 1.488824, -0.668599, -0.007925, -1.961476, 1.402632, 0.0
1697.0, 1.488824, -0.668599, -0.007925, -1.961476, 1.402632, 0.0
1714.0, 1.510658, -0.679197, -0.007891, -1.961476, 1.402632, 0.0
1731.0, 1.532575, -0.689834, -0.007969, -1.961476, 1.402632, 0.0
1731.0, 1.532575, -0.689834, -0.007969, -1.961476, 1.402632, 0.0
1750.0, 1.554641, -0.700542, -0.008147, -1.961476, 1.402632, 0.0
1750.0, 1.554641, -0.700542, -0.008147, -1.961476, 1.402632, 0.0
1764.0, 1.576913, -0.711349, -0.00841, -1.961476, 1.402632, 0.0
1779.0, 1.599437, -0.722278, -0.008739, -1.961476, 1.402632, 0.0
1779.0, 1.599437, -0.722278, -0.008739, -1.961476, 1.402632, 0.0
1797.0, 1.622251, -0.73335, -0.009116, -1.961476, 1.402632, 0.0
1797.0, 1.622251, -0.73335, -0.009116, -1.961476, 1.402632, 0.0
1813.0, 1.645385, -0.744579, -0.009523, -1.961476, 1.402632, 0.0
1830.0, 1.668864, -0.755982, -0.009945, -1.961476, 1.402632, 0.0
1830.0, 1.668864, -0.755982, -0.009945, -1.961476, 1.402632, 0.0
1848.0, 1.692708, -0.767568, -0.010368, -1.961476, 1.402632, 0.0
1848.0, 1.692708, -0.767568, -0.010368, -1.961476, 1.402632, 0.0
1862.0, 1.716921, -0.779344, -0.01078, -1.961476, 1.402632, 0.0
1881.0, 1.741725, -0.791417, -0.01118, -1.961476, 1.402632, 0.0
1881.0, 1.741725, -0.791417, -0.01118, -1.961476, 1.402632, 0.0
1897.0, 1.766731, -0.803604, -0.01156, -1.961476, 1.402632, 0.0
1897.0, 1.766731, -0.803604, -0.01156, -1.961476, 1.402632, 0.0
1914.0, 1.792149, -0.816006, -0.011918, -2.31657, 1.755034, 0.0
1931.0, 1.817984, -0.828628, -0.012253, -2.31657, 1.755034, 0.0
1931.0, 1.817984, -0.828628, -0.012253, -2.31657, 1.755034, 0.0
1949.0, 1.844241, -0.841475, -0.012563, -2.31657, 1.755034, 0.0
1949.0, 1.844241, -0.841475, -0.012563, -2.31657, 1.755034, 0.0
1964.0, 1.870811, -0.854491, -0.012802, -2.31657, 1.755034, 0.0
1980.0, 1.897596, -0.867628, -0.012945, -2.31657, 1.755034, 0.0
1980.0, 1.897596, -0.867628, -0.012945, -2.31657, 1.755034, 0.0
1998.0, 1.924492, -0.880833, -0.012973, -2.31657, 1.755034, 0.0
1998.0, 1.924492, -0.880833, -0.012973, -2.31657, 1.755034, 0.0
2014.0, 1.951399, -0.894058, -0.012884, -2.31657, 1.755034, 0.0
2031.0, 1.978233, -0.907262, -0.012685, -2.31657, 1.755034, 0.0
2031.0, 1.978233, -0.907262, -0.012685, -2.31657, 1.755034, 0.0
2048.0, 2.004922, -0.92041, -0.01239, -2.31657, 1.755034, 0.0
2048.0, 2.004922, -0.92041, -0.01239, -2.31657, 1.755034, 0.0
2063.0, 2.031438, -0.933488, -0.012032, -2.31657, 1.755034, 0.0
2080.0, 2.057709, -0.946462, -0.011616, -2.31657, 1.755034, 0.0
2080.0, 2.057709, -0.946462, -0.011616, -2.31657, 1.755034, 0.0
2098.0, 2.083687, -0.959306, -0.01116, -2.31657, 1.755034, 0.0
2098.0, 2.083687, -0.959306, -0.01116, -2.31657, 1.755034, 0.0
2113.0, 2.109338, -0.972002, -0.010682, -2.31657, 1.755034, 0.0
2130.0, 2.134635, -0.984535, -0.010197, -2.31657, 1.755034, 0.0
2130.0, 2.134635, -0.984535, -0.010197, -2.31657, 1.755034, 0.0
2149.0, 2.15956, -0.996893, -0.009719, -2.31657, 1.755034, 0.0
2149.0, 2.15956, -0.996893, -0.009719, -2.31657, 1.755034, 0.0
2164.0, 2.184098, -1.009065, -0.009258, -2.671468, 2.107241, 0.0
2181.0, 2.208236, -1.021043, -0.008823, -2.671468, 2.107241, 0.0
2181.0, 2.208236, -1.021043, -0.008823, -2.671468, 2.107241, 0.0
2199.0, 2.231966, -1.032819, -0.008416, -2.671468, 2.107241, 0.0
2199.0, 2.231966, -1.032819, -0.008416, -2.671468, 2.107241, 0.0
2214.0, 2.255281, -1.044388, -0.008041, -2.671468, 2.107241, 0.0
2230.0, 2.278199, -1.055754, -0.007696, -2.671468, 2.107241, 0.0
2230.0, 2.278199, -1.055754, -0.007696, -2.671468, 2.107241, 0.0
2249.0, 2.30067, -1.066891, -0.007382, -2.671468, 2.107241, 0.0
2249.0, 2.30067, -1.066891, -0.007382, -2.671468, 2.107241, 0.0
2263.0, 2.322796, -1.077851, -0.007132, -2.671468, 2.107241, 0.0
2280.0, 2.344695, -1.088694, -0.006983, -2.671468, 2.107241, 0.0
2280.0, 2.344695, -1.088694, -0.006983, -2.671468, 2.107241, 0.0
2296.0, 2.366481, -1.099478, -0.006955, -2.671468, 2.107241, 0.0
2296.0, 2.366481, -1.099478, -0.006955, -2.671468, 2.107241, 0.0
2313.0, 2.388254, -1.110254, -0.007051, -2.671468, 2.107241, 0.0
2330.0, 2.4101, -1.121064, -0.007261, -2.671468, 2.107241, 0.0
2330.0, 2.4101, -1.121064, -0.007261, -2.671468, 2.107241, 0.0
2349.0, 2.432224, -1.132009, -0.00757, -2.671468, 2.107241, 0.0
2349.0, 2.432224, -1.132009, -0.00757, -2.671468, 2.107241, 0.0
2365.0, 2.455034, -1.143295, -0.007963, -2.671468, 2.107241, 0.0
2381.0, 2.47747, -1.154397, -0.008405, -2.671468, 2.107241, 0.0
2381.0, 2.47747, -1.154397, -0.008405, -2.671468, 2.107241, 0.0
2398.0, 2.500198, -1.165648, -0.008882, -2.671468, 2.107241, 0.0
2398.0, 2.500198, -1.165648, -0.008882, -2.671468, 2.107241, 0.0
2414.0, 2.523246, -1.177067, -0.009374, -3.027213, 2.460289, 0.0
2431.0, 2.546638, -1.188665, -0.009866, -3.027213, 2.460289, 0.0
2431.0, 2.546638, -1.188665, -0.009866, -3.027213, 2.460289, 0.0
2449.0, 2.57039, -1.200457, -0.010347, -3.027213, 2.460289, 0.0
2449.0, 2.57039, -1.200457, -0.010347, -3.027213, 2.460289, 0.0
2465.0, 2.594537, -1.21246, -0.010787, -3.027213, 2.460289, 0.0
2481.0, 2.618981, -1.224631, -0.011203, -3.027213, 2.460289, 0.0
2481.0, 2.618981, -1.224631, -0.011203, -3.027213, 2.460289, 0.0
2497.0, 2.643822, -1.237021, -0.011599, -3.027213, 2.460289, 0.0
2497.0, 2.643822, -1.237021, -0.011599, -3.027213, 2.460289, 0.0
2516.0, 2.669082, -1.249644, -0.011975, -3.027213, 2.460289, 0.0
2533.0, 2.697015, -1.26363, -0.012362, -3.027213, 2.460289, 0.0
2533.0, 2.697015, -1.26363, -0.012362, -3.027213, 2.460289, 0.0
2551.0, 2.723435, -1.276887, -0.012715, -3.027213, 2.460289, 0.0
2551.0, 2.723435, -1.276887, -0.012715, -3.027213, 2.460289, 0.0
2566.0, 2.749691, -1.290085, -0.012918, -3.027213, 2.460289, 0.0
2566.0, 2.749691, -1.290085, -0.012918, -3.027213, 2.460289, 0.0
2583.0, 2.776119, -1.30339, -0.013028, -3.027213, 2.460289, 0.0
2600.0, 2.802665, -1.316771, -0.013049, -3.027213, 2.460289, 0.0
2600.0, 2.802665, -1.316771, -0.013049, -3.027213, 2.460289, 0.0
2616.0, 2.829251, -1.330189, -0.012979, -3.027213, 2.460289, 0.0
2616.0, 2.829251, -1.330189, -0.012979, -3.027213, 2.460289, 0.0
2633.0, 2.855798, -1.343603, -0.012818, -3.027213, 2.460289, 0.0
2651.0, 2.882236, -1.356974, -0.012574, -3.027213, 2.460289, 0.0
2651.0, 2.882236, -1.356974, -0.012574, -3.027213, 2.460289, 0.0
2666.0, 2.908782, -1.370415, -0.012369, -3.384583, 2.814949, 0.0
2666.0, 2.908782, -1.370415, -0.012369, -3.384583, 2.814949, 0.0
2683.0, 2.93518, -1.383791, -0.012091, -3.384583, 2.814949, 0.0
2700.0, 2.961303, -1.397036, -0.011721, -3.384583, 2.814949, 0.0
2700.0, 2.961303, -1.397036, -0.011721, -3.384583, 2.814949, 0.0
2716.0, 2.987084, -1.410115, -0.011278, -3.384583, 2.814949, 0.0
2716.0, 2.987084, -1.410115, -0.011278, -3.384583, 2.814949, 0.0
2733.0, 3.013332, -1.423437, -0.01077, -3.384583, 2.814949, 0.0
2751.0, 3.038326, -1.436129, -0.010258, -3.384583, 2.814949, 0.0
2751.0, 3.038326, -1.436129, -0.010258, -3.384583, 2.814949, 0.0
2767.0, 3.062832, -1.448576, -0.009715, -3.384583, 2.814949, 0.0
2767.0, 3.062832, -1.448576, -0.009715, -3.384583, 2.814949, 0.0
2783.0, 3.086898, -1.4608, -0.009194, -3.384583, 2.814949, 0.0
2800.0, 3.110544, -1.472809, -0.008714, -3.384583, 2.814949, 0.0
2800.0, 3.110544, -1.472809, -0.008714, -3.384583, 2.814949, 0.0
2817.0, 3.133774, -1.4846, -0.008283, -3.384583, 2.814949, 0.0
2817.0, 3.133774, -1.4846, -0.008283, -3.384583, 2.814949, 0.0
2836.0, 3.156587, -1.496169, -0.007898, -3.384583, 2.814949, 0.0
2851.0, 3.178983, -1.507514, -0.007558, -3.384583, 2.814949, 0.0
2851.0, 3.178983, -1.507514, -0.007558, -3.384583, 2.814949, 0.0
2868.0, 3.201115, -1.518714, -0.007321, -3.384583, 2.814949, 0.0
2868.0, 3.201115, -1.518714, -0.007321, -3.384583, 2.814949, 0.0
2884.0, 3.223044, -1.529803, -0.007189, -3.384583, 2.814949, 0.0
2899.0, 3.24486, -1.540829, -0.007169, -3.384583, 2.814949, 0.0
2899.0, 3.24486, -1.540829, -0.007169, -3.384583, 2.814949, 0.0
2919.0, 3.266654, -1.551841, -0.007261, -3.740276, 3.167945, 0.0
2919.0, 3.266654, -1.551841, -0.007261, -3.740276, 3.167945, 0.0
2932.0, 3.288508, -1.562883, -0.00746, -3.740276, 3.167945, 0.0
2955.0, 3.310492, -1.573993, -0.007751, -3.740276, 3.167945, 0.0
2955.0, 3.310492, -1.573993, -0.007751, -3.740276, 3.167945, 0.0
2966.0, 3.332673, -1.585206, -0.008118, -3.740276, 3.167945, 0.0
2966.0, 3.332673, -1.585206, -0.008118, -3.740276, 3.167945, 0.0
2983.0, 3.355092, -1.596549, -0.00854, -3.740276, 3.167945, 0.0
3003.0, 3.37783, -1.608064, -0.008997, -3.740276, 3.167945, 0.0
3003.0, 3.37783, -1.608064, -0.008997, -3.740276, 3.167945, 0.0
3016.0, 3.400829, -1.619727, -0.00947, -3.740276, 3.167945, 0.0
3016.0, 3.400829, -1.619727, -0.00947, -3.740276, 3.167945, 0.0
3034.0, 3.424157, -1.631575, -0.009946, -3.740276, 3.167945, 0.0
3050.0, 3.447834, -1.643623, -0.010414, -3.740276, 3.167945, 0.0
3050.0, 3.447834, -1.643623, -0.010414, -3.740276, 3.167945, 0.0
3068.0, 3.471898, -1.655892, -0.010862, -3.740276, 3.167945, 0.0
3068.0, 3.471898, -1.655892, -0.010862, -3.740276, 3.167945, 0.0
3092.0, 3.497174, -1.668808, -0.011303, -3.740276, 3.167945, 0.0
3108.0, 3.53077, -1.686017, -0.011867, -3.740276, 3.167945, 0.0
3108.0, 3.53077, -1.686017, -0.011867, -3.740276, 3.167945, 0.0
3108.0, 3.53077, -1.686017, -0.011867, -3.740276, 3.167945, 0.0
3123.0, 3.556058, -1.699013, -0.01233, -3.740276, 3.167945, 0.0
3141.0, 3.581831, -1.712293, -0.012757, -3.740276, 3.167945, 0.0
3141.0, 3.581831, -1.712293, -0.012757, -3.740276, 3.167945, 0.0
3182.0, 3.631018, -1.737703, -0.013492, -3.740276, 3.167945, 0.0
3183.0, 3.631018, -1.737703, -0.013492, -3.740276, 3.167945, 0.0
3183.0, 3.631018, -1.737703, -0.013492, -3.740276, 3.167945, 0.0
3216.0, 3.678228, -1.762151, -0.012214, -4.125711, 3.550458, 0.0
3216.0, 3.678228, -1.762151, -0.012214, -4.125711, 3.550458, 0.0
3216.0, 3.678228, -1.762151, -0.012214, -4.125711, 3.550458, 0.0
3216.0, 3.678228, -1.762151, -0.012214, -4.125711, 3.550458, 0.0
3231.0, 3.703751, -1.77546, -0.012673, -4.125711, 3.550458, 0.0
3231.0, 3.703751, -1.77546, -0.012673, -4.125711, 3.550458, 0.0
3257.0, 3.731294, -1.789867, -0.013518, -4.125711, 3.550458, 0.0
3257.0, 3.731294, -1.789867, -0.013518, -4.125711, 3.550458, 0.0
3278.0, 3.794981, -1.823305, -0.021909, -4.125711, 3.550458, 0.0
3278.0, 3.794981, -1.823305, -0.021909, -4.125711, 3.550458, 0.0
3278.0, 3.794981, -1.823305, -0.021909, -4.125711, 3.550458, 0.0
3293.0, 3.834808, -1.844025, -0.025594, -4.125711, 3.550458, 0.0
3319.0, 3.890976, -1.873055, -0.027345, -4.125711, 3.550458, 0.0
3319.0, 3.890976, -1.873055, -0.027345, -4.125711, 3.550458, 0.0
3319.0, 3.890976, -1.873055, -0.027345, -4.125711, 3.550458, 0.0
3334.0, 3.928125, -1.892267, -0.026201, -4.125711, 3.550458, 0.0
3359.0, 3.96324, -1.910525, -0.023523, -4.125711, 3.550458, 0.0
3359.0, 3.96324, -1.910525, -0.023523, -4.125711, 3.550458, 0.0
3368.0, 3.991597, -1.925354, -0.018325, -4.125711, 3.550458, 0.0
3368.0, 3.991597, -1.925354, -0.018325, -4.125711, 3.550458, 0.0
3384.0, 4.017226, -1.938917, -0.013371, -4.125711, 3.550458, 0.0
3401.0, 4.041852, -1.952127, -0.00952, -4.125711, 3.550458, 0.0
3401.0, 4.041852, -1.952127, -0.00952, -4.125711, 3.550458, 0.0
3418.0, 4.066185, -1.96532, -0.006891, -4.451086, 3.873365, 0.0
3418.0, 4.066185, -1.96532, -0.006891, -4.451086, 3.873365, 0.0
3433.0, 4.09049, -1.978587, -0.005326, -4.451086, 3.873365, 0.0
3456.0, 4.114837, -1.991916, -0.004585, -4.451086, 3.873365, 0.0
3456.0, 4.114837, -1.991916, -0.004585, -4.451086, 3.873365, 0.0
3469.0, 4.139546, -2.005445, -0.004569, -4.451086, 3.873365, 0.0
3469.0, 4.139546, -2.005445, -0.004569, -4.451086, 3.873365, 0.0
3487.0, 4.164336, -2.018988, -0.004923, -4.451086, 3.873365, 0.0
3513.0, 4.20526, -2.041266, -0.005807, -4.451086, 3.873365, 0.0
3513.0, 4.20526, -2.041266, -0.005807, -4.451086, 3.873365, 0.0
3513.0, 4.20526, -2.041266, -0.005807, -4.451086, 3.873365, 0.0
3528.0, 4.229642, -2.054464, -0.006363, -4.451086, 3.873365, 0.0
3528.0, 4.229642, -2.054464, -0.006363, -4.451086, 3.873365, 0.0
3546.0, 4.25381, -2.067489, -0.006756, -4.451086, 3.873365, 0.0
3578.0, 4.277698, -2.080324, -0.007107, -4.451086, 3.873365, 0.0
3579.0, 4.277698, -2.080324, -0.007107, -4.451086, 3.873365, 0.0
3601.0, 4.321584, -2.103844, -0.006572, -4.451086, 3.873365, 0.0
3601.0, 4.321584, -2.103844, -0.006572, -4.451086, 3.873365, 0.0
3601.0, 4.321584, -2.103844, -0.006572, -4.451086, 3.873365, 0.0
3601.0, 4.321584, -2.103844, -0.006572, -4.451086, 3.873365, 0.0
3616.0, 4.343894, -2.115798, -0.006801, -4.451086, 3.873365, 0.0
3616.0, 4.343894, -2.115798, -0.006801, -4.451086, 3.873365, 0.0
3638.0, 4.366537, -2.12793, -0.007181, -4.451086, 3.873365, 0.0
3660.0, 4.402033, -2.146946, -0.008087, -4.451086, 3.873365, 0.0
3660.0, 4.402033, -2.146946, -0.008087, -4.451086, 3.873365, 0.0
3660.0, 4.402033, -2.146946, -0.008087, -4.451086, 3.873365, 0.0
3675.0, 4.427503, -2.160602, -0.009754, -4.817499, 4.237, 0.0
3675.0, 4.427503, -2.160602, -0.009754, -4.817499, 4.237, 0.0
3698.0, 4.454953, -2.175296, -0.011351, -4.817499, 4.237, 0.0
3710.0, 4.481833, -2.189662, -0.012513, -4.817499, 4.237, 0.0
3710.0, 4.481833, -2.189662, -0.012513, -4.817499, 4.237, 0.0
3725.0, 4.508833, -2.204077, -0.013184, -4.817499, 4.237, 0.0
3725.0, 4.508833, -2.204077, -0.013184, -4.817499, 4.237, 0.0
3742.0, 4.535871, -2.218519, -0.01354, -4.817499, 4.237, 0.0
3768.0, 4.562962, -2.233015, -0.013673, -4.817499, 4.237, 0.0
3768.0, 4.562962, -2.233015, -0.013673, -4.817499, 4.237, 0.0
3792.0, 4.613238, -2.25997, -0.013179, -4.817499, 4.237, 0.0
3792.0, 4.613238, -2.25997, -0.013179, -4.817499, 4.237, 0.0
3792.0, 4.613238, -2.25997, -0.013179, -4.817499, 4.237, 0.0
3808.0, 4.639366, -2.274037, -0.01288, -4.817499, 4.237, 0.0
3808.0, 4.639366, -2.274037, -0.01288, -4.817499, 4.237, 0.0
3824.0, 4.665414, -2.288104, -0.01245, -4.817499, 4.237, 0.0
3841.0, 4.691338, -2.302134, -0.012051, -4.817499, 4.237, 0.0
3841.0, 4.691338, -2.302134, -0.012051, -4.817499, 4.237, 0.0
3859.0, 4.717078, -2.316091, -0.011669, -4.817499, 4.237, 0.0
3859.0, 4.717078, -2.316091, -0.011669, -4.817499, 4.237, 0.0
3876.0, 4.742936, -2.330131, -0.011427, -4.817499, 4.237, 0.0
3895.0, 4.768628, -2.34409, -0.011171, -4.817499, 4.237, 0.0
3895.0, 4.768628, -2.34409, -0.011171, -4.817499, 4.237, 0.0
3908.0, 4.794021, -2.357892, -0.010859, -4.817499, 4.237, 0.0
3908.0, 4.794021, -2.357892, -0.010859, -4.817499, 4.237, 0.0
3925.0, 4.819051, -2.371498, -0.010494, -5.171178, 4.587998, 0.0
3943.0, 4.843685, -2.384888, -0.010092, -5.171178, 4.587998, 0.0
3943.0, 4.843685, -2.384888, -0.010092, -5.171178, 4.587998, 0.0
3965.0, 4.867936, -2.39807, -0.009672, -5.171178, 4.587998, 0.0
3965.0, 4.867936, -2.39807, -0.009672, -5.171178, 4.587998, 0.0
3975.0, 4.891598, -2.41093, -0.009199, -5.171178, 4.587998, 0.0
3992.0, 4.914976, -2.42364, -0.008827, -5.171178, 4.587998, 0.0
3992.0, 4.914976, -2.42364, -0.008827, -5.171178, 4.587998, 0.0
4008.0, 4.938247, -2.436297, -0.008614, -5.171178, 4.587998, 0.0
4008.0, 4.938247, -2.436297, -0.008614, -5.171178, 4.587998, 0.0
4057.0, 4.98435, -2.46138, -0.008568, -5.171178, 4.587998, 0.0
4058.0, 4.98435, -2.46138, -0.008568, -5.171178, 4.587998, 0.0
4058.0, 4.98435, -2.46138, -0.008568, -5.171178, 4.587998, 0.0
4058.0, 4.98435, -2.46138, -0.008568, -5.171178, 4.587998, 0.0
4101.0, 5.036696, -2.489897, -0.011599, -5.171178, 4.587998, 0.0
4101.0, 5.036696, -2.489897, -0.011599, -5.171178, 4.587998, 0.0
4101.0, 5.036696, -2.489897, -0.011599, -5.171178, 4.587998, 0.0
4101.0, 5.036696, -2.489897, -0.011599, -5.171178, 4.587998, 0.0
4101.0, 5.036696, -2.489897, -0.011599, -5.171178, 4.587998, 0.0
4117.0, 5.068082, -2.50694, -0.014817, -5.171178, 4.587998, 0.0
4117.0, 5.068082, -2.50694, -0.014817, -5.171178, 4.587998, 0.0
4133.0, 5.100945, -2.524705, -0.017399, -5.171178, 4.587998, 0.0
4151.0, 5.133747, -2.542377, -0.01878, -5.171178, 4.587998, 0.0
4151.0, 5.133747, -2.542377, -0.01878, -5.171178, 4.587998, 0.0
4166.0, 5.162845, -2.558023, -0.017864, -5.515158, 4.929369, 0.0
4166.0, 5.162845, -2.558023, -0.017864, -5.515158, 4.929369, 0.0
4183.0, 5.19027, -2.57281, -0.016276, -5.515158, 4.929369, 0.0
4201.0, 5.216888, -2.587247, -0.014661, -5.515158, 4.929369, 0.0
4201.0, 5.216888, -2.587247, -0.014661, -5.515158, 4.929369, 0.0
4217.0, 5.243054, -2.601534, -0.013248, -5.515158, 4.929369, 0.0
4217.0, 5.243054, -2.601534, -0.013248, -5.515158, 4.929369, 0.0
4233.0, 5.268902, -2.615733, -0.012093, -5.515158, 4.929369, 0.0
4252.0, 5.294473, -2.629849, -0.011185, -5.515158, 4.929369, 0.0
4252.0, 5.294473, -2.629849, -0.011185, -5.515158, 4.929369, 0.0
4268.0, 5.320405, -2.644221, -0.010738, -5.515158, 4.929369, 0.0
4268.0, 5.320405, -2.644221, -0.010738, -5.515158, 4.929369, 0.0
4283.0, 5.34622, -2.65856, -0.010422, -5.515158, 4.929369, 0.0
4301.0, 5.371708, -2.672732, -0.010118, -5.515158, 4.929369, 0.0
4301.0, 5.371708, -2.672732, -0.010118, -5.515158, 4.929369, 0.0
4316.0, 5.396781, -2.686682, -0.009794, -5.515158, 4.929369, 0.0
4316.0, 5.396781, -2.686682, -0.009794, -5.515158, 4.929369, 0.0
4333.0, 5.421402, -2.700385, -0.009452, -5.515158, 4.929369, 0.0
4351.0, 5.44556, -2.713834, -0.009101, -5.515158, 4.929369, 0.0
4351.0, 5.44556, -2.713834, -0.009101, -5.515158, 4.929369, 0.0
4367.0, 5.469341, -2.727077, -0.008793, -5.515158, 4.929369, 0.0
4367.0, 5.469341, -2.727077, -0.008793, -5.515158, 4.929369, 0.0
4383.0, 5.49286, -2.740179, -0.008573, -5.515158, 4.929369, 0.0
4400.0, 5.516231, -2.753204, -0.008469, -5.515158, 4.929369, 0.0
4400.0, 5.516231, -2.753204, -0.008469, -5.515158, 4.929369, 0.0
4417.0, 5.539558, -2.766208, -0.008489, -5.870057, 5.281578, 0.0
4417.0, 5.539558, -2.766208, -0.008489, -5.870057, 5.281578, 0.0
4433.0, 5.56293, -2.779239, -0.008631, -5.870057, 5.281578, 0.0
4452.0, 5.586421, -2.792337, -0.008879, -5.870057, 5.281578, 0.0
4452.0, 5.586421, -2.792337, -0.008879, -5.870057, 5.281578, 0.0
4467.0, 5.610082, -2.805532, -0.00921, -5.870057, 5.281578, 0.0
4467.0, 5.610082, -2.805532, -0.00921, -5.870057, 5.281578, 0.0
4484.0, 5.63397, -2.818854, -0.009607, -5.870057, 5.281578, 0.0
4500.0, 5.658126, -2.83233, -0.010051, -5.870057, 5.281578, 0.0
4500.0, 5.658126, -2.83233, -0.010051, -5.870057, 5.281578, 0.0
4516.0, 5.682584, -2.845979, -0.010522, -5.870057, 5.281578, 0.0
4516.0, 5.682584, -2.845979, -0.010522, -5.870057, 5.281578, 0.0
4533.0, 5.707369, -2.859819, -0.011003, -5.870057, 5.281578, 0.0
4551.0, 5.732501, -2.873864, -0.011481, -5.870057, 5.281578, 0.0
4551.0, 5.732501, -2.873864, -0.011481, -5.870057, 5.281578, 0.0
4566.0, 5.758005, -2.888129, -0.011949, -5.870057, 5.281578, 0.0
4566.0, 5.758005, -2.888129, -0.011949, -5.870057, 5.281578, 0.0
4583.0, 5.783887, -2.902622, -0.012397, -5.870057, 5.281578, 0.0
4601.0, 5.810154, -2.917347, -0.012818, -5.870057, 5.281578, 0.0
4601.0, 5.810154, -2.917347, -0.012818, -5.870057, 5.281578, 0.0
4617.0, 5.836812, -2.932312, -0.013209, -5.870057, 5.281578, 0.0
4617.0, 5.836812, -2.932312, -0.013209, -5.870057, 5.281578, 0.0
4633.0, 5.863868, -2.94752, -0.01357, -5.870057, 5.281578, 0.0
4652.0, 5.891325, -2.962977, -0.013903, -5.870057, 5.281578, 0.0
4652.0, 5.891325, -2.962977, -0.013903, -5.870057, 5.281578, 0.0
4667.0, 5.919088, -2.978628, -0.014166, -6.224957, 5.633787, 0.0
4667.0, 5.919088, -2.978628, -0.014166, -6.224957, 5.633787, 0.0
4684.0, 5.947057, -2.994415, -0.014331, -6.224957, 5.633787, 0.0
4700.0, 5.975127, -3.010278, -0.014381, -6.224957, 5.633787, 0.0
4700.0, 5.975127, -3.010278, -0.014381, -6.224957, 5.633787, 0.0
4716.0, 6.003202, -3.026163, -0.014311, -6.224957, 5.633787, 0.0
4716.0, 6.003202, -3.026163, -0.014311, -6.224957, 5.633787, 0.0
4732.0, 6.0312, -3.042024, -0.014131, -6.224957, 5.633787, 0.0
4750.0, 6.059052, -3.057823, -0.013854, -6.224957, 5.633787, 0.0
4750.0, 6.059052, -3.057823, -0.013854, -6.224957, 5.633787, 0.0
4766.0, 6.08671, -3.073534, -0.013505, -6.224957, 5.633787, 0.0
4766.0, 6.08671, -3.073534, -0.013505, -6.224957, 5.633787, 0.0
4783.0, 6.114121, -3.089126, -0.013098, -6.224957, 5.633787, 0.0
4800.0, 6.141243, -3.104575, -0.012653, -6.224957, 5.633787, 0.0
4800.0, 6.141243, -3.104575, -0.012653, -6.224957, 5.633787, 0.0
4817.0, 6.168046, -3.119863, -0.012186, -6.224957, 5.633787, 0.0
4817.0, 6.168046, -3.119863, -0.012186, -6.224957, 5.633787, 0.0
4833.0, 6.194504, -3.134973, -0.011714, -6.224957, 5.633787, 0.0
4852.0, 6.2206, -3.149892, -0.011249, -6.224957, 5.633787, 0.0
4852.0, 6.2206, -3.149892, -0.011249, -6.224957, 5.633787, 0.0
4867.0, 6.246319, -3.164609, -0.0108, -6.224957, 5.633787, 0.0
4867.0, 6.246319, -3.164609, -0.0108, -6.224957, 5.633787, 0.0
4884.0, 6.271651, -3.179115, -0.010374, -6.224957, 5.633787, 0.0
4900.0, 6.296586, -3.193399, -0.009974, -6.224957, 5.633787, 0.0
4900.0, 6.296586, -3.193399, -0.009974, -6.224957, 5.633787, 0.0
4917.0, 6.321118, -3.207457, -0.009603, -6.579856, 5.985995, 0.0
4917.0, 6.321118, -3.207457, -0.009603, -6.579856, 5.985995, 0.0
4934.0, 6.345243, -3.221281, -0.009261, -6.579856, 5.985995, 0.0
4950.0, 6.368956, -3.234867, -0.008946, -6.579856, 5.985995, 0.0
4950.0, 6.368956, -3.234867, -0.008946, -6.579856, 5.985995, 0.0
4966.0, 6.392332, -3.248258, -0.008692, -6.579856, 5.985995, 0.0
4966.0, 6.392332, -3.248258, -0.008692, -6.579856, 5.985995, 0.0
4983.0, 6.415488, -3.261523, -0.008536, -6.579856, 5.985995, 0.0
5000.0, 6.438534, -3.274724, -0.008497, -6.579856, 5.985995, 0.0
5000.0, 6.438534, -3.274724, -0.008497, -6.579856, 5.985995, 0.0
5016.0, 6.461568, -3.287917, -0.00858, -6.579856, 5.985995, 0.0
5016.0, 6.461568, -3.287917, -0.00858, -6.579856, 5.985995, 0.0
5033.0, 6.484673, -3.30115, -0.008775, -6.579856, 5.985995, 0.0
5051.0, 6.507918, -3.314461, -0.009067, -6.579856, 5.985995, 0.0
5051.0, 6.507918, -3.314461, -0.009067, -6.579856, 5.985995, 0.0
5067.0, 6.531367, -3.327888, -0.009439, -6.579856, 5.985995, 0.0
5067.0, 6.531367, -3.327888, -0.009439, -6.579856, 5.985995, 0.0
5083.0, 6.555061, -3.341456, -0.009867, -6.579856, 5.985995, 0.0
5100.0, 6.579032, -3.355187, -0.010328, -6.579856, 5.985995, 0.0
5100.0, 6.579032, -3.355187, -0.010328, -6.579856, 5.985995, 0.0
5118.0, 6.60331, -3.3691, -0.010805, -6.579856, 5.985995, 0.0
5118.0, 6.60331, -3.3691, -0.010805, -6.579856, 5.985995, 0.0
5133.0, 6.627916, -3.383209, -0.011284, -6.579856, 5.985995, 0.0
5151.0, 6.652869, -3.397531, -0.011754, -6.579856, 5.985995, 0.0
5151.0, 6.652869, -3.397531, -0.011754, -6.579856, 5.985995, 0.0
5167.0, 6.678173, -3.412069, -0.012203, -6.934755, 6.338203, 0.0
5167.0, 6.678173, -3.412069, -0.012203, -6.934755, 6.338203, 0.0
5183.0, 6.703848, -3.426837, -0.012629, -6.934755, 6.338203, 0.0
5200.0, 6.729906, -3.441845, -0.013031, -6.934755, 6.338203, 0.0
5200.0, 6.729906, -3.441845, -0.013031, -6.934755, 6.338203, 0.0
5217.0, 6.756354, -3.457099, -0.013407, -6.934755, 6.338203, 0.0
5217.0, 6.756354, -3.457099, -0.013407, -6.934755, 6.338203, 0.0
5233.0, 6.783199, -3.472605, -0.013757, -6.934755, 6.338203, 0.0
5251.0, 6.810446, -3.488368, -0.014081, -6.934755, 6.338203, 0.0
5251.0, 6.810446, -3.488368, -0.014081, -6.934755, 6.338203, 0.0
5267.0, 6.838021, -3.504343, -0.014348, -6.934755, 6.338203, 0.0
5267.0, 6.838021, -3.504343, -0.014348, -6.934755, 6.338203, 0.0
5283.0, 6.865808, -3.520461, -0.014518, -6.934755, 6.338203, 0.0
5301.0, 6.893697, -3.536658, -0.01457, -6.934755, 6.338203, 0.0
5301.0, 6.893697, -3.536658, -0.01457, -6.934755, 6.338203, 0.0
5318.0, 6.921589, -3.552876, -0.014502, -6.934755, 6.338203, 0.0
5318.0, 6.921589, -3.552876, -0.014502, -6.934755, 6.338203, 0.0
5333.0, 6.949402, -3.56907, -0.01432, -6.934755, 6.338203, 0.0
5351.0, 6.977067, -3.585198, -0.014041, -6.934755, 6.338203, 0.0
5351.0, 6.977067, -3.585198, -0.014041, -6.934755, 6.338203, 0.0
5366.0, 7.004517, -3.601223, -0.013681, -6.934755, 6.338203, 0.0
5366.0, 7.004517, -3.601223, -0.013681, -6.934755, 6.338203, 0.0
5383.0, 7.031712, -3.617123, -0.013264, -6.934755, 6.338203, 0.0
5400.0, 7.058619, -3.632877, -0.012813, -6.934755, 6.338203, 0.0
5400.0, 7.058619, -3.632877, -0.012813, -6.934755, 6.338203, 0.0
5417.0, 7.08521, -3.648468, -0.012344, -7.289655, 6.690412, 0.0
5417.0, 7.08521, -3.648468, -0.012344, -7.289655, 6.690412, 0.0
5433.0, 7.111462, -3.663879, -0.011873, -7.289655, 6.690412, 0.0
5451.0, 7.137355, -3.679097, -0.011411, -7.289655, 6.690412, 0.0
5451.0, 7.137355, -3.679097, -0.011411, -7.289655, 6.690412, 0.0
5467.0, 7.162886, -3.694117, -0.01097, -7.289655, 6.690412, 0.0
5467.0, 7.162886, -3.694117, -0.01097, -7.289655, 6.690412, 0.0
5482.0, 7.188036, -3.708923, -0.010552, -7.289655, 6.690412, 0.0
5499.0, 7.212793, -3.723505, -0.010158, -7.289655, 6.690412, 0.0
5499.0, 7.212793, -3.723505, -0.010158, -7.289655, 6.690412, 0.0
5517.0, 7.237151, -3.737855, -0.009791, -7.289655, 6.690412, 0.0
5517.0, 7.237151, -3.737855, -0.009791, -7.289655, 6.690412, 0.0
5533.0, 7.261102, -3.751968, -0.00945, -7.289655, 6.690412, 0.0
5550.0, 7.284643, -3.765837, -0.009135, -7.289655, 6.690412, 0.0
5550.0, 7.284643, -3.765837, -0.009135, -7.289655, 6.690412, 0.0
5567.0, 7.307859, -3.779514, -0.008883, -7.289655, 6.690412, 0.0
5567.0, 7.307859, -3.779514, -0.008883, -7.289655, 6.690412, 0.0
5582.0, 7.330857, -3.793063, -0.008727, -7.289655, 6.690412, 0.0
5599.0, 7.353744, -3.806546, -0.008687, -7.289655, 6.690412, 0.0
5599.0, 7.353744, -3.806546, -0.008687, -7.289655, 6.690412, 0.0
5617.0, 7.376618, -3.820022, -0.008765, -7.289655, 6.690412, 0.0
5617.0, 7.376618, -3.820022, -0.008765, -7.289655, 6.690412, 0.0
5633.0, 7.39956, -3.833536, -0.008955, -7.289655, 6.690412, 0.0
5651.0, 7.42264, -3.84713, -0.00924, -7.289655, 6.690412, 0.0
5651.0, 7.42264, -3.84713, -0.00924, -7.289655, 6.690412, 0.0
5667.0, 7.445903, -3.860832, -0.009598, -7.644554, 7.04262, 0.0
5667.0, 7.445903, -3.860832, -0.009598, -7.644554, 7.04262, 0.0
5683.0, 7.469402, -3.874675, -0.010012, -7.644554, 7.04262, 0.0
5700.0, 7.493176, -3.888684, -0.010463, -7.644554, 7.04262, 0.0
5700.0, 7.493176, -3.888684, -0.010463, -7.644554, 7.04262, 0.0
5716.0, 7.517255, -3.902879, -0.010935, -7.644554, 7.04262, 0.0
5716.0, 7.517255, -3.902879, -0.010935, -7.644554, 7.04262, 0.0
5734.0, 7.541662, -3.917276, -0.011412, -7.644554, 7.04262, 0.0
5752.0, 7.566415, -3.931891, -0.011882, -7.644554, 7.04262, 0.0
5752.0, 7.566415, -3.931891, -0.011882, -7.644554, 7.04262, 0.0
5767.0, 7.591538, -3.94674, -0.012341, -7.644554, 7.04262, 0.0
5767.0, 7.591538, -3.94674, -0.012341, -7.644554, 7.04262, 0.0
5784.0, 7.617037, -3.961828, -0.012777, -7.644554, 7.04262, 0.0
5801.0, 7.642916, -3.97716, -0.013186, -7.644554, 7.04262, 0.0
5801.0, 7.642916, -3.97716, -0.013186, -7.644554, 7.04262, 0.0
5818.0, 7.669182, -3.992742, -0.013566, -7.644554, 7.04262, 0.0
5818.0, 7.669182, -3.992742, -0.013566, -7.644554, 7.04262, 0.0
5833.0, 7.69584, -4.00858, -0.013918, -7.644554, 7.04262, 0.0
5851.0, 7.722895, -4.024678, -0.014242, -7.644554, 7.04262, 0.0
5851.0, 7.722895, -4.024678, -0.014242, -7.644554, 7.04262, 0.0
5866.0, 7.750339, -4.041032, -0.014538, -7.644554, 7.04262, 0.0
5866.0, 7.750339, -4.041032, -0.014538, -7.644554, 7.04262, 0.0
5883.0, 7.778184, -4.057648, -0.014812, -7.644554, 7.04262, 0.0
5900.0, 7.806437, -4.074528, -0.015068, -7.644554, 7.04262, 0.0
5900.0, 7.806437, -4.074528, -0.015068, -7.644554, 7.04262, 0.0
5916.0, 7.835101, -4.091674, -0.01531, -7.999454, 7.394829, 0.0
5916.0, 7.835101, -4.091674, -0.01531, -7.999454, 7.394829, 0.0
5933.0, 7.864179, -4.109086, -0.01554, -7.999454, 7.394829, 0.0
5951.0, 7.893673, -4.126765, -0.015759, -7.999454, 7.394829, 0.0
5951.0, 7.893673, -4.126765, -0.015759, -7.999454, 7.394829, 0.0
5967.0, 7.923508, -4.144666, -0.015934, -7.999454, 7.394829, 0.0
5967.0, 7.923508, -4.144666, -0.015934, -7.999454, 7.394829, 0.0
5983.0, 7.953563, -4.162718, -0.016027, -7.999454, 7.394829, 0.0
6001.0, 7.983726, -4.180859, -0.016015, -7.999454, 7.394829, 0.0
6001.0, 7.983726, -4.180859, -0.016015, -7.999454, 7.394829, 0.0
6018.0, 8.013895, -4.19903, -0.015892, -7.999454, 7.394829, 0.0
6018.0, 8.013895, -4.19903, -0.015892, -7.999454, 7.394829, 0.0
6033.0, 8.043987, -4.217185, -0.015666, -7.999454, 7.394829, 0.0
6051.0, 8.07393, -4.235286, -0.015351, -7.999454, 7.394829, 0.0
6051.0, 8.07393, -4.235286, -0.015351, -7.999454, 7.394829, 0.0
6066.0, 8.103667, -4.2533, -0.014965, -7.999454, 7.394829, 0.0
6066.0, 8.103667, -4.2533, -0.014965, -7.999454, 7.394829, 0.0
6083.0, 8.133149, -4.271203, -0.014529, -7.999454, 7.394829, 0.0
6100.0, 8.162338, -4.288971, -0.014062, -7.999454, 7.394829, 0.0
6100.0, 8.162338, -4.288971, -0.014062, -7.999454, 7.394829, 0.0
6117.0, 8.191206, -4.306588, -0.01358, -7.999454, 7.394829, 0.0
6117.0, 8.191206, -4.306588, -0.01358, -7.999454, 7.394829, 0.0
6133.0, 8.219726, -4.324037, -0.013098, -7.999454, 7.394829, 0.0
6151.0, 8.24788, -4.341307, -0.012627, -7.999454, 7.394829, 0.0
6151.0, 8.24788, -4.341307, -0.012627, -7.999454, 7.394829, 0.0
6168.0, 8.275643, -4.358378, -0.012171, -8.354352, 7.747036, 0.0
6168.0, 8.275643, -4.358378, -0.012171, -8.354352, 7.747036, 0.0
6184.0, 8.303011, -4.375247, -0.011741, -8.354352, 7.747036, 0.0
6201.0, 8.329979, -4.391907, -0.011341, -8.354352, 7.747036, 0.0
6201.0, 8.329979, -4.391907, -0.011341, -8.354352, 7.747036, 0.0
6217.0, 8.35654, -4.408352, -0.010973, -8.354352, 7.747036, 0.0
6217.0, 8.35654, -4.408352, -0.010973, -8.354352, 7.747036, 0.0
6233.0, 8.382689, -4.424577, -0.010636, -8.354352, 7.747036, 0.0
6251.0, 8.408423, -4.440578, -0.010328, -8.354352, 7.747036, 0.0
6251.0, 8.408423, -4.440578, -0.010328, -8.354352, 7.747036, 0.0
6268.0, 8.433749, -4.456354, -0.01005, -8.354352, 7.747036, 0.0
6268.0, 8.433749, -4.456354, -0.01005, -8.354352, 7.747036, 0.0
6283.0, 8.458655, -4.471898, -0.009795, -8.354352, 7.747036, 0.0
6299.0, 8.483139, -4.487203, -0.009559, -8.354352, 7.747036, 0.0
6299.0, 8.483139, -4.487203, -0.009559, -8.354352, 7.747036, 0.0
6316.0, 8.507197, -4.502265, -0.009339, -8.354352, 7.747036, 0.0
6316.0, 8.507197, -4.502265, -0.009339, -8.354352, 7.747036, 0.0
6333.0, 8.530829, -4.517082, -0.009133, -8.354352, 7.747036, 0.0
6351.0, 8.554034, -4.531652, -0.008937, -8.354352, 7.747036, 0.0
6351.0, 8.554034, -4.531652, -0.008937, -8.354352, 7.747036, 0.0
6366.0, 8.57689, -4.546021, -0.008786, -8.354352, 7.747036, 0.0
6366.0, 8.57689, -4.546021, -0.008786, -8.354352, 7.747036, 0.0
6383.0, 8.599514, -4.560257, -0.008717, -8.354352, 7.747036, 0.0
6400.0, 8.622019, -4.574428, -0.008751, -8.354352, 7.747036, 0.0
6401.0, 8.622019, -4.574428, -0.008751, -8.354352, 7.747036, 0.0
6417.0, 8.644503, -4.588591, -0.008892, -8.70925, 8.099244, 0.0
6417.0, 8.644503, -4.588591, -0.008892, -8.70925, 8.099244, 0.0
6433.0, 8.667049, -4.602793, -0.009135, -8.70925, 8.099244, 0.0
6451.0, 8.68973, -4.617075, -0.009465, -8.70925, 8.099244, 0.0
6451.0, 8.68973, -4.617075, -0.009465, -8.70925, 8.099244, 0.0
6467.0, 8.712609, -4.631476, -0.009866, -8.70925, 8.099244, 0.0
6467.0, 8.712609, -4.631476, -0.009866, -8.70925, 8.099244, 0.0
6483.0, 8.735727, -4.646021, -0.010316, -8.70925, 8.099244, 0.0
6501.0, 8.759118, -4.660733, -0.010795, -8.70925, 8.099244, 0.0
6501.0, 8.759118, -4.660733, -0.010795, -8.70925, 8.099244, 0.0
6518.0, 8.782809, -4.67563, -0.011285, -8.70925, 8.099244, 0.0
6518.0, 8.782809, -4.67563, -0.011285, -8.70925, 8.099244, 0.0
6533.0, 8.806825, -4.690728, -0.011774, -8.70925, 8.099244, 0.0
6551.0, 8.831182, -4.706042, -0.012251, -8.70925, 8.099244, 0.0
6551.0, 8.831182, -4.706042, -0.012251, -8.70925, 8.099244, 0.0
6566.0, 8.855898, -4.721583, -0.012709, -8.70925, 8.099244, 0.0
6566.0, 8.855898, -4.721583, -0.012709, -8.70925, 8.099244, 0.0
6583.0, 8.880982, -4.73736, -0.013143, -8.70925, 8.099244, 0.0
6601.0, 8.906446, -4.753382, -0.01355, -8.70925, 8.099244, 0.0
6601.0, 8.906446, -4.753382, -0.01355, -8.70925, 8.099244, 0.0
6617.0, 8.932295, -4.769654, -0.013929, -8.70925, 8.099244, 0.0
6617.0, 8.932295, -4.769654, -0.013929, -8.70925, 8.099244, 0.0
6633.0, 8.958535, -4.786182, -0.014281, -8.70925, 8.099244, 0.0
6652.0, 8.985172, -4.80297, -0.014606, -8.70925, 8.099244, 0.0
6652.0, 8.985172, -4.80297, -0.014606, -8.70925, 8.099244, 0.0
6668.0, 9.012113, -4.819962, -0.014864, -9.064151, 8.451453, 0.0
6668.0, 9.012113, -4.819962, -0.014864, -9.064151, 8.451453, 0.0
6684.0, 9.039255, -4.837094, -0.015027, -9.064151, 8.451453, 0.0
6701.0, 9.066497, -4.854307, -0.015077, -9.064151, 8.451453, 0.0
6701.0, 9.066497, -4.854307, -0.015077, -9.064151, 8.451453, 0.0
6717.0, 9.093742, -4.871543, -0.01501, -9.064151, 8.451453, 0.0
6717.0, 9.093742, -4.871543, -0.01501, -9.064151, 8.451453, 0.0
6732.0, 9.120911, -4.888755, -0.014833, -9.064151, 8.451453, 0.0
6751.0, 9.147934, -4.905903, -0.014561, -9.064151, 8.451453, 0.0
6751.0, 9.147934, -4.905903, -0.014561, -9.064151, 8.451453, 0.0
6766.0, 9.174766, -4.92296, -0.014218, -9.064151, 8.451453, 0.0
6767.0, 9.174766, -4.92296, -0.014218, -9.064151, 8.451453, 0.0
6783.0, 9.201351, -4.939894, -0.013816, -9.064151, 8.451453, 0.0
6800.0, 9.227652, -4.95668, -0.013376, -9.064151, 8.451453, 0.0
6800.0, 9.227652, -4.95668, -0.013376, -9.064151, 8.451453, 0.0
6817.0, 9.253633, -4.973299, -0.012914, -9.064151, 8.451453, 0.0
6817.0, 9.253633, -4.973299, -0.012914, -9.064151, 8.451453, 0.0
6834.0, 9.279276, -4.989734, -0.012446, -9.064151, 8.451453, 0.0
6852.0, 9.304559, -5.005972, -0.011984, -9.064151, 8.451453, 0.0
6852.0, 9.304559, -5.005972, -0.011984, -9.064151, 8.451453, 0.0
6867.0, 9.329459, -5.021994, -0.011533, -9.064151, 8.451453, 0.0
6867.0, 9.329459, -5.021994, -0.011533, -9.064151, 8.451453, 0.0
6883.0, 9.353973, -5.037796, -0.011105, -9.064151, 8.451453, 0.0
6901.0, 9.378096, -5.05337, -0.010705, -9.064151, 8.451453, 0.0
6901.0, 9.378096, -5.05337, -0.010705, -9.064151, 8.451453, 0.0
6917.0, 9.401821, -5.068709, -0.010333, -9.41905, 8.803661, 0.0
6917.0, 9.401821, -5.068709, -0.010333, -9.41905, 8.803661, 0.0
6934.0, 9.425145, -5.083808, -0.009991, -9.41905, 8.803661, 0.0
6952.0, 9.448064, -5.098662, -0.009677, -9.41905, 8.803661, 0.0
6952.0, 9.448064, -5.098662, -0.009677, -9.41905, 8.803661, 0.0
6968.0, 9.470669, -5.113328, -0.009429, -9.41905, 8.803661, 0.0
6968.0, 9.470669, -5.113328, -0.009429, -9.41905, 8.803661, 0.0
6982.0, 9.493062, -5.127866, -0.009278, -9.41905, 8.803661, 0.0
7000.0, 9.515347, -5.142339, -0.009239, -9.41905, 8.803661, 0.0
7000.0, 9.515347, -5.142339, -0.009239, -9.41905, 8.803661, 0.0
7017.0, 9.537617, -5.156804, -0.009318, -9.41905, 8.803661, 0.0
7017.0, 9.537617, -5.156804, -0.009318, -9.41905, 8.803661, 0.0
7033.0, 9.559955, -5.17131, -0.009505, -9.41905, 8.803661, 0.0
7050.0, 9.582428, -5.185897, -0.009788, -9.41905, 8.803661, 0.0
7050.0, 9.582428, -5.185897, -0.009788, -9.41905, 8.803661, 0.0
7066.0, 9.605083, -5.200594, -0.010142, -9.41905, 8.803661, 0.0
7066.0, 9.605083, -5.200594, -0.010142, -9.41905, 8.803661, 0.0
7083.0, 9.627972, -5.215436, -0.010552, -9.41905, 8.803661, 0.0
7100.0, 9.651133, -5.230446, -0.011, -9.41905, 8.803661, 0.0
7100.0, 9.651133, -5.230446, -0.011, -9.41905, 8.803661, 0.0
7117.0, 9.674596, -5.245647, -0.011468, -9.41905, 8.803661, 0.0
7117.0, 9.674596, -5.245647, -0.011468, -9.41905, 8.803661, 0.0
7133.0, 9.698384, -5.261056, -0.011943, -9.41905, 8.803661, 0.0
7151.0, 9.722516, -5.276687, -0.012411, -9.41905, 8.803661, 0.0
7151.0, 9.722516, -5.276687, -0.012411, -9.41905, 8.803661, 0.0
7167.0, 9.747014, -5.292556, -0.012867, -9.77395, 9.15587, 0.0
7167.0, 9.747014, -5.292556, -0.012867, -9.77395, 9.15587, 0.0
7183.0, 9.771884, -5.30867, -0.013303, -9.77395, 9.15587, 0.0
7201.0, 9.797132, -5.325033, -0.013712, -9.77395, 9.15587, 0.0
7201.0, 9.797132, -5.325033, -0.013712, -9.77395, 9.15587, 0.0
7216.0, 9.822762, -5.341651, -0.014093, -9.77395, 9.15587, 0.0
7216.0, 9.822762, -5.341651, -0.014093, -9.77395, 9.15587, 0.0
7233.0, 9.848782, -5.35853, -0.014445, -9.77395, 9.15587, 0.0
7251.0, 9.875194, -5.375674, -0.014771, -9.77395, 9.15587, 0.0
7251.0, 9.875194, -5.375674, -0.014771, -9.77395, 9.15587, 0.0
7266.0, 9.902002, -5.393085, -0.015073, -9.77395, 9.15587, 0.0
7266.0, 9.902002, -5.393085, -0.015073, -9.77395, 9.15587, 0.0
7283.0, 9.929213, -5.410764, -0.015353, -9.77395, 9.15587, 0.0
7300.0, 9.956826, -5.428713, -0.015614, -9.77395, 9.15587, 0.0
7300.0, 9.956826, -5.428713, -0.015614, -9.77395, 9.15587, 0.0
7317.0, 9.984847, -5.446932, -0.015859, -9.77395, 9.15587, 0.0
7317.0, 9.984847, -5.446932, -0.015859, -9.77395, 9.15587, 0.0
7333.0, 10.013277, -5.465422, -0.016091, -9.77395, 9.15587, 0.0
7351.0, 10.042119, -5.484182, -0.016311, -9.77395, 9.15587, 0.0
7351.0, 10.042119, -5.484182, -0.016311, -9.77395, 9.15587, 0.0
7367.0, 10.071274, -5.503152, -0.016479, -9.77395, 9.15587, 0.0
7367.0, 10.071274, -5.503152, -0.016479, -9.77395, 9.15587, 0.0
7384.0, 10.100639, -5.522274, -0.016565, -9.77395, 9.15587, 0.0
7401.0, 10.130111, -5.541483, -0.016551, -9.77395, 9.15587, 0.0
7401.0, 10.130111, -5.541483, -0.016551, -9.77395, 9.15587, 0.0
7418.0, 10.15959, -5.560727, -0.01643, -10.128849, 9.508079, 0.0
7418.0, 10.15959, -5.560727, -0.01643, -10.128849, 9.508079, 0.0
7434.0, 10.188993, -5.579956, -0.01621, -10.128849, 9.508079, 0.0
7452.0, 10.21825, -5.599131, -0.015903, -10.128849, 9.508079, 0.0
7452.0, 10.21825, -5.599131, -0.015903, -10.128849, 9.508079, 0.0
7466.0, 10.247315, -5.618227, -0.015531, -10.128849, 9.508079, 0.0
7466.0, 10.247315, -5.618227, -0.015531, -10.128849, 9.508079, 0.0
7483.0, 10.276133, -5.637212, -0.015109, -10.128849, 9.508079, 0.0
7500.0, 10.304659, -5.656062, -0.014651, -10.128849, 9.508079, 0.0
7500.0, 10.304659, -5.656062, -0.014651, -10.128849, 9.508079, 0.0
7516.0, 10.332864, -5.674757, -0.014177, -10.128849, 9.508079, 0.0
7516.0, 10.332864, -5.674757, -0.014177, -10.128849, 9.508079, 0.0
7534.0, 10.360722, -5.693282, -0.013699, -10.128849, 9.508079, 0.0
7551.0, 10.388214, -5.711624, -0.01323, -10.128849, 9.508079, 0.0
7551.0, 10.388214, -5.711624, -0.01323, -10.128849, 9.508079, 0.0
7566.0, 10.415317, -5.729763, -0.012775, -10.128849, 9.508079, 0.0
7566.0, 10.415317, -5.729763, -0.012775, -10.128849, 9.508079, 0.0
7583.0, 10.442025, -5.747696, -0.012344, -10.128849, 9.508079, 0.0
7600.0, 10.468333, -5.765418, -0.011943, -10.128849, 9.508079, 0.0
7600.0, 10.468333, -5.765418, -0.011943, -10.128849, 9.508079, 0.0
7617.0, 10.494241, -5.782923, -0.011572, -10.128849, 9.508079, 0.0
7617.0, 10.494241, -5.782923, -0.011572, -10.128849, 9.508079, 0.0
7633.0, 10.519736, -5.800204, -0.011232, -10.128849, 9.508079, 0.0
7651.0, 10.544815, -5.817255, -0.01092, -10.128849, 9.508079, 0.0
7651.0, 10.544815, -5.817255, -0.01092, -10.128849, 9.508079, 0.0
7668.0, 10.569486, -5.834079, -0.010639, -10.483754, 9.860292, 0.0
7668.0, 10.569486, -5.834079, -0.010639, -10.483754, 9.860292, 0.0
7683.0, 10.59374, -5.850666, -0.010381, -10.483754, 9.860292, 0.0
7701.0, 10.617575, -5.86701, -0.010141, -10.483754, 9.860292, 0.0
7701.0, 10.617575, -5.86701, -0.010141, -10.483754, 9.860292, 0.0
7716.0, 10.640986, -5.883107, -0.009918, -10.483754, 9.860292, 0.0
7716.0, 10.640986, -5.883107, -0.009918, -10.483754, 9.860292, 0.0
7733.0, 10.663974, -5.898954, -0.009709, -10.483754, 9.860292, 0.0
7751.0, 10.686537, -5.914549, -0.00951, -10.483754, 9.860292, 0.0
7751.0, 10.686537, -5.914549, -0.00951, -10.483754, 9.860292, 0.0
7766.0, 10.708753, -5.929939, -0.009356, -10.483754, 9.860292, 0.0
7766.0, 10.708753, -5.929939, -0.009356, -10.483754, 9.860292, 0.0
7783.0, 10.730739, -5.945195, -0.009282, -10.483754, 9.860292, 0.0
7800.0, 10.752605, -5.960384, -0.009312, -10.483754, 9.860292, 0.0
7800.0, 10.752605, -5.960384, -0.009312, -10.483754, 9.860292, 0.0
7817.0, 10.774452, -5.975565, -0.009449, -10.483754, 9.860292, 0.0
7817.0, 10.774452, -5.975565, -0.009449, -10.483754, 9.860292, 0.0
7833.0, 10.796361, -5.990787, -0.009687, -10.483754, 9.860292, 0.0
7852.0, 10.818401, -6.006092, -0.010012, -10.483754, 9.860292, 0.0
7852.0, 10.818401, -6.006092, -0.010012, -10.483754, 9.860292, 0.0
7867.0, 10.840639, -6.021519, -0.010409, -10.483754, 9.860292, 0.0
7867.0, 10.840639, -6.021519, -0.010409, -10.483754, 9.860292, 0.0
7884.0, 10.863113, -6.037095, -0.010855, -10.483754, 9.860292, 0.0
7901.0, 10.885858, -6.05284, -0.01133, -10.483754, 9.860292, 0.0
7901.0, 10.885858, -6.05284, -0.01133, -10.483754, 9.860292, 0.0
7917.0, 10.9089, -6.068776, -0.011818, -10.838654, 10.212502, 0.0
7917.0, 10.9089, -6.068776, -0.011818, -10.838654, 10.212502, 0.0
7933.0, 10.932264, -6.084918, -0.012305, -10.838654, 10.212502, 0.0
7952.0, 10.955968, -6.101281, -0.012781, -10.838654, 10.212502, 0.0
7952.0, 10.955968, -6.101281, -0.012781, -10.838654, 10.212502, 0.0
7966.0, 10.980026, -6.117877, -0.013238, -10.838654, 10.212502, 0.0
7966.0, 10.980026, -6.117877, -0.013238, -10.838654, 10.212502, 0.0
7983.0, 11.00445, -6.134714, -0.013673, -10.838654, 10.212502, 0.0
8001.0, 11.029248, -6.1518, -0.01408, -10.838654, 10.212502, 0.0
8001.0, 11.029248, -6.1518, -0.01408, -10.838654, 10.212502, 0.0
8017.0, 11.054429, -6.169143, -0.01446, -10.838654, 10.212502, 0.0
8017.0, 11.054429, -6.169143, -0.01446, -10.838654, 10.212502, 0.0
8034.0, 11.079998, -6.186747, -0.014813, -10.838654, 10.212502, 0.0
8052.0, 11.10596, -6.204618, -0.01514, -10.838654, 10.212502, 0.0
8052.0, 11.10596, -6.204618, -0.01514, -10.838654, 10.212502, 0.0
8068.0, 11.132221, -6.222694, -0.015401, -10.838654, 10.212502, 0.0
8068.0, 11.132221, -6.222694, -0.015401, -10.838654, 10.212502, 0.0
8083.0, 11.158699, -6.240927, -0.015568, -10.838654, 10.212502, 0.0
8101.0, 11.185259, -6.259229, -0.015622, -10.838654, 10.212502, 0.0
8101.0, 11.185259, -6.259229, -0.015622, -10.838654, 10.212502, 0.0
8118.0, 11.211823, -6.277555, -0.015559, -10.838654, 10.212502, 0.0
8118.0, 11.211823, -6.277555, -0.015559, -10.838654, 10.212502, 0.0
8133.0, 11.238309, -6.295857, -0.015388, -10.838654, 10.212502, 0.0
8151.0, 11.26465, -6.314091, -0.015121, -10.838654, 10.212502, 0.0
8151.0, 11.26465, -6.314091, -0.015121, -10.838654, 10.212502, 0.0
8166.0, 11.290802, -6.332232, -0.014781, -11.193568, 10.564725, 0.0
8166.0, 11.290802, -6.332232, -0.014781, -11.193568, 10.564725, 0.0
8183.0, 11.316708, -6.350246, -0.014384, -11.193568, 10.564725, 0.0
8200.0, 11.34233, -6.368108, -0.013947, -11.193568, 10.564725, 0.0
8200.0, 11.34233, -6.368108, -0.013947, -11.193568, 10.564725, 0.0
8216.0, 11.367638, -6.385798, -0.013488, -11.193568, 10.564725, 0.0
8216.0, 11.367638, -6.385798, -0.013488, -11.193568, 10.564725, 0.0
8233.0, 11.392607, -6.403299, -0.013022, -11.193568, 10.564725, 0.0
8251.0, 11.41722, -6.420598, -0.012562, -11.193568, 10.564725, 0.0
8251.0, 11.41722, -6.420598, -0.012562, -11.193568, 10.564725, 0.0
8267.0, 11.44154, -6.43773, -0.01215, -11.193568, 10.564725, 0.0
8267.0, 11.44154, -6.43773, -0.01215, -11.193568, 10.564725, 0.0
8283.0, 11.465673, -6.454757, -0.011834, -11.193568, 10.564725, 0.0
8301.0, 11.489725, -6.47174, -0.01164, -11.193568, 10.564725, 0.0
8301.0, 11.489725, -6.47174, -0.01164, -11.193568, 10.564725, 0.0
8317.0, 11.513786, -6.488731, -0.011578, -11.193568, 10.564725, 0.0
8317.0, 11.513786, -6.488731, -0.011578, -11.193568, 10.564725, 0.0
8333.0, 11.537937, -6.505774, -0.011641, -11.193568, 10.564725, 0.0
8352.0, 11.562243, -6.522906, -0.011815, -11.193568, 10.564725, 0.0
8352.0, 11.562243, -6.522906, -0.011815, -11.193568, 10.564725, 0.0
8366.0, 11.586767, -6.540164, -0.012085, -11.193568, 10.564725, 0.0
8366.0, 11.586767, -6.540164, -0.012085, -11.193568, 10.564725, 0.0
8383.0, 11.611546, -6.557569, -0.012426, -11.193568, 10.564725, 0.0
8400.0, 11.636612, -6.575139, -0.012815, -11.193568, 10.564725, 0.0
8400.0, 11.636612, -6.575139, -0.012815, -11.193568, 10.564725, 0.0
8416.0, 11.661994, -6.592894, -0.013234, -11.548468, 10.916933, 0.0
8416.0, 11.661994, -6.592894, -0.013234, -11.548468, 10.916933, 0.0
8433.0, 11.687711, -6.610847, -0.013667, -11.548468, 10.916933, 0.0
8451.0, 11.713782, -6.62901, -0.014101, -11.548468, 10.916933, 0.0
8451.0, 11.713782, -6.62901, -0.014101, -11.548468, 10.916933, 0.0
8466.0, 11.740125, -6.647335, -0.014483, -11.548468, 10.916933, 0.0
8467.0, 11.740125, -6.647335, -0.014483, -11.548468, 10.916933, 0.0
8483.0, 11.766644, -6.665766, -0.014777, -11.548468, 10.916933, 0.0
8501.0, 11.793245, -6.684247, -0.014956, -11.548468, 10.916933, 0.0
8501.0, 11.793245, -6.684247, -0.014956, -11.548468, 10.916933, 0.0
8518.0, 11.819836, -6.702727, -0.015011, -11.548468, 10.916933, 0.0
8518.0, 11.819836, -6.702727, -0.015011, -11.548468, 10.916933, 0.0
8533.0, 11.846338, -6.721163, -0.014946, -11.548468, 10.916933, 0.0
8551.0, 11.872687, -6.739516, -0.014774, -11.548468, 10.916933, 0.0
8551.0, 11.872687, -6.739516, -0.014774, -11.548468, 10.916933, 0.0
8567.0, 11.898836, -6.757765, -0.014516, -11.548468, 10.916933, 0.0
8567.0, 11.898836, -6.757765, -0.014516, -11.548468, 10.916933, 0.0
8584.0, 11.924735, -6.775879, -0.014187, -11.548468, 10.916933, 0.0
8601.0, 11.950343, -6.793835, -0.013808, -11.548468, 10.916933, 0.0
8601.0, 11.950343, -6.793835, -0.013808, -11.548468, 10.916933, 0.0
8616.0, 11.975632, -6.811614, -0.013394, -11.548468, 10.916933, 0.0
8616.0, 11.975632, -6.811614, -0.013394, -11.548468, 10.916933, 0.0
8633.0, 12.000576, -6.829201, -0.012965, -11.548468, 10.916933, 0.0
8651.0, 12.025161, -6.846585, -0.012532, -11.548468, 10.916933, 0.0
8651.0, 12.025161, -6.846585, -0.012532, -11.548468, 10.916933, 0.0
8666.0, 12.049371, -6.863753, -0.012107, -11.903367, 11.269142, 0.0
8666.0, 12.049371, -6.863753, -0.012107, -11.903367, 11.269142, 0.0
8682.0, 12.073196, -6.880697, -0.011697, -11.903367, 11.269142, 0.0
8700.0, 12.09663, -6.897406, -0.011308, -11.903367, 11.269142, 0.0
8700.0, 12.09663, -6.897406, -0.011308, -11.903367, 11.269142, 0.0
8717.0, 12.119667, -6.913875, -0.010943, -11.903367, 11.269142, 0.0
8717.0, 12.119667, -6.913875, -0.010943, -11.903367, 11.269142, 0.0
8733.0, 12.142301, -6.930098, -0.010603, -11.903367, 11.269142, 0.0
8751.0, 12.164556, -6.946088, -0.010287, -11.903367, 11.269142, 0.0
8751.0, 12.164556, -6.946088, -0.010287, -11.903367, 11.269142, 0.0
8767.0, 12.186453, -6.961854, -0.010029, -11.903367, 11.269142, 0.0
8767.0, 12.186453, -6.961854, -0.010029, -11.903367, 11.269142, 0.0
8784.0, 12.208132, -6.977486, -0.009866, -11.903367, 11.269142, 0.0
8801.0, 12.229703, -6.993052, -0.009819, -11.903367, 11.269142, 0.0
8801.0, 12.229703, -6.993052, -0.009819, -11.903367, 11.269142, 0.0
8818.0, 12.25126, -7.008613, -0.00989, -11.903367, 11.269142, 0.0
8818.0, 12.25126, -7.008613, -0.00989, -11.903367, 11.269142, 0.0
8834.0, 12.272885, -7.024217, -0.010074, -11.903367, 11.269142, 0.0
8851.0, 12.294646, -7.039907, -0.010354, -11.903367, 11.269142, 0.0
8851.0, 12.294646, -7.039907, -0.010354, -11.903367, 11.269142, 0.0
8867.0, 12.316599, -7.055717, -0.01071, -11.903367, 11.269142, 0.0
8867.0, 12.316599, -7.055717, -0.01071, -11.903367, 11.269142, 0.0
8884.0, 12.338787, -7.071677, -0.011123, -11.903367, 11.269142, 0.0
8901.0, 12.361246, -7.087811, -0.011573, -11.903367, 11.269142, 0.0
8901.0, 12.361246, -7.087811, -0.011573, -11.903367, 11.269142, 0.0
8917.0, 12.384004, -7.104142, -0.012043, -12.258294, 11.621378, 0.0
8917.0, 12.384004, -7.104142, -0.012043, -12.258294, 11.621378, 0.0
8933.0, 12.407084, -7.120684, -0.012517, -12.258294, 11.621378, 0.0
8951.0, 12.430503, -7.137452, -0.012984, -12.258294, 11.621378, 0.0
8951.0, 12.430503, -7.137452, -0.012984, -12.258294, 11.621378, 0.0
8966.0, 12.454286, -7.154465, -0.01344, -12.258294, 11.621378, 0.0
8967.0, 12.454286, -7.154465, -0.01344, -12.258294, 11.621378, 0.0
8984.0, 12.478435, -7.171727, -0.013875, -12.258294, 11.621378, 0.0
9001.0, 12.502958, -7.189245, -0.014284, -12.258294, 11.621378, 0.0
9001.0, 12.502958, -7.189245, -0.014284, -12.258294, 11.621378, 0.0
9017.0, 12.527861, -7.207023, -0.014664, -12.258294, 11.621378, 0.0
9017.0, 12.527861, -7.207023, -0.014664, -12.258294, 11.621378, 0.0
9033.0, 12.553147, -7.225067, -0.015018, -12.258294, 11.621378, 0.0
9052.0, 12.578822, -7.243382, -0.015345, -12.258294, 11.621378, 0.0
9052.0, 12.578822, -7.243382, -0.015345, -12.258294, 11.621378, 0.0
9068.0, 12.60489, -7.26197, -0.015648, -12.258294, 11.621378, 0.0
9068.0, 12.60489, -7.26197, -0.015648, -12.258294, 11.621378, 0.0
9084.0, 12.631354, -7.280831, -0.01593, -12.258294, 11.621378, 0.0
9100.0, 12.658218, -7.299969, -0.016193, -12.258294, 11.621378, 0.0
9100.0, 12.658218, -7.299969, -0.016193, -12.258294, 11.621378, 0.0
9118.0, 12.685486, -7.319382, -0.016441, -12.258294, 11.621378, 0.0
9118.0, 12.685486, -7.319382, -0.016441, -12.258294, 11.621378, 0.0
9134.0, 12.713158, -7.339072, -0.016676, -12.258294, 11.621378, 0.0
9152.0, 12.741236, -7.359037, -0.0169, -12.258294, 11.621378, 0.0
9152.0, 12.741236, -7.359037, -0.0169, -12.258294, 11.621378, 0.0
9166.0, 12.769625, -7.379219, -0.017072, -12.613193, 11.973586, 0.0
9166.0, 12.769625, -7.379219, -0.017072, -12.613193, 11.973586, 0.0
9183.0, 12.798223, -7.399554, -0.017163, -12.613193, 11.973586, 0.0
9200.0, 12.826924, -7.419979, -0.017154, -12.613193, 11.973586, 0.0
9200.0, 12.826924, -7.419979, -0.017154, -12.613193, 11.973586, 0.0
9216.0, 12.855633, -7.440437, -0.01704, -12.613193, 11.973586, 0.0
9216.0, 12.855633, -7.440437, -0.01704, -12.613193, 11.973586, 0.0
9233.0, 12.884265, -7.46088, -0.016825, -12.613193, 11.973586, 0.0
9252.0, 12.912753, -7.481267, -0.016524, -12.613193, 11.973586, 0.0
9252.0, 12.912753, -7.481267, -0.016524, -12.613193, 11.973586, 0.0
9267.0, 12.941049, -7.501573, -0.016158, -12.613193, 11.973586, 0.0
9267.0, 12.941049, -7.501573, -0.016158, -12.613193, 11.973586, 0.0
9283.0, 12.969097, -7.521763, -0.015739, -12.613193, 11.973586, 0.0
9301.0, 12.996857, -7.541815, -0.015286, -12.613193, 11.973586, 0.0
9301.0, 12.996857, -7.541815, -0.015286, -12.613193, 11.973586, 0.0
9318.0, 13.024297, -7.561707, -0.014815, -12.613193, 11.973586, 0.0
9318.0, 13.024297, -7.561707, -0.014815, -12.613193, 11.973586, 0.0
9333.0, 13.051393, -7.581424, -0.014341, -12.613193, 11.973586, 0.0
9352.0, 13.078125, -7.600952, -0.013875, -12.613193, 11.973586, 0.0
9352.0, 13.078125, -7.600952, -0.013875, -12.613193, 11.973586, 0.0
9367.0, 13.10447, -7.620272, -0.013421, -12.613193, 11.973586, 0.0
9367.0, 13.10447, -7.620272, -0.013421, -12.613193, 11.973586, 0.0
9383.0, 13.130424, -7.63938, -0.012992, -12.613193, 11.973586, 0.0
9400.0, 13.155981, -7.65827, -0.012591, -12.613193, 11.973586, 0.0
9400.0, 13.155981, -7.65827, -0.012591, -12.613193, 11.973586, 0.0
9416.0, 13.181136, -7.676936, -0.01222, -12.968092, 12.325793, 0.0
9416.0, 13.181136, -7.676936, -0.01222, -12.968092, 12.325793, 0.0
9433.0, 13.205885, -7.695372, -0.011879, -12.968092, 12.325793, 0.0
9450.0, 13.230223, -7.713573, -0.011565, -12.968092, 12.325793, 0.0
9450.0, 13.230223, -7.713573, -0.011565, -12.968092, 12.325793, 0.0
9467.0, 13.254174, -7.731555, -0.011281, -12.968092, 12.325793, 0.0
9467.0, 13.254174, -7.731555, -0.011281, -12.968092, 12.325793, 0.0
9483.0, 13.277695, -7.74928, -0.011021, -12.968092, 12.325793, 0.0
9500.0, 13.300798, -7.766755, -0.010778, -12.968092, 12.325793, 0.0
9500.0, 13.300798, -7.766755, -0.010778, -12.968092, 12.325793, 0.0
9518.0, 13.323484, -7.783977, -0.010552, -12.968092, 12.325793, 0.0
9518.0, 13.323484, -7.783977, -0.010552, -12.968092, 12.325793, 0.0
9533.0, 13.34575, -7.800941, -0.010338, -12.968092, 12.325793, 0.0
9551.0, 13.367596, -7.817647, -0.010136, -12.968092, 12.325793, 0.0
9551.0, 13.367596, -7.817647, -0.010136, -12.968092, 12.325793, 0.0
9568.0, 13.389098, -7.834141, -0.009976, -12.968092, 12.325793, 0.0
9568.0, 13.389098, -7.834141, -0.009976, -12.968092, 12.325793, 0.0
9583.0, 13.410373, -7.850497, -0.009898, -12.968092, 12.325793, 0.0
9601.0, 13.43153, -7.866785, -0.009921, -12.968092, 12.325793, 0.0
9601.0, 13.43153, -7.866785, -0.009921, -12.968092, 12.325793, 0.0
9617.0, 13.452666, -7.883064, -0.010052, -12.968092, 12.325793, 0.0
9617.0, 13.452666, -7.883064, -0.010052, -12.968092, 12.325793, 0.0
9633.0, 13.473865, -7.899386, -0.010283, -12.968092, 12.325793, 0.0
9651.0, 13.495193, -7.915793, -0.010601, -12.968092, 12.325793, 0.0
9651.0, 13.495193, -7.915793, -0.010601, -12.968092, 12.325793, 0.0
9666.0, 13.516717, -7.932327, -0.010992, -13.323009, 12.67802, 0.0
9666.0, 13.516717, -7.932327, -0.010992, -13.323009, 12.67802, 0.0
9684.0, 13.538475, -7.949013, -0.011432, -13.323009, 12.67802, 0.0
9700.0, 13.560501, -7.965874, -0.011901, -13.323009, 12.67802, 0.0
9700.0, 13.560501, -7.965874, -0.011901, -13.323009, 12.67802, 0.0
9717.0, 13.582841, -7.982945, -0.012385, -13.323009, 12.67802, 0.0
9717.0, 13.582841, -7.982945, -0.012385, -13.323009, 12.67802, 0.0
9733.0, 13.60548, -8.000215, -0.012869, -13.323009, 12.67802, 0.0
9752.0, 13.628455, -8.01771, -0.013342, -13.323009, 12.67802, 0.0
9752.0, 13.628455, -8.01771, -0.013342, -13.323009, 12.67802, 0.0
9767.0, 13.651771, -8.035437, -0.013795, -13.323009, 12.67802, 0.0
9767.0, 13.651771, -8.035437, -0.013795, -13.323009, 12.67802, 0.0
9783.0, 13.675447, -8.05341, -0.014225, -13.323009, 12.67802, 0.0
9801.0, 13.699504, -8.071647, -0.014631, -13.323009, 12.67802, 0.0
9801.0, 13.699504, -8.071647, -0.014631, -13.323009, 12.67802, 0.0
9817.0, 13.723929, -8.090138, -0.015013, -13.323009, 12.67802, 0.0
9817.0, 13.723929, -8.090138, -0.015013, -13.323009, 12.67802, 0.0
9833.0, 13.748739, -8.1089, -0.015369, -13.323009, 12.67802, 0.0
9851.0, 13.773939, -8.127934, -0.0157, -13.323009, 12.67802, 0.0
9851.0, 13.773939, -8.127934, -0.0157, -13.323009, 12.67802, 0.0
9868.0, 13.799541, -8.147253, -0.016012, -13.323009, 12.67802, 0.0
9868.0, 13.799541, -8.147253, -0.016012, -13.323009, 12.67802, 0.0
9883.0, 13.825543, -8.16685, -0.016303, -13.323009, 12.67802, 0.0
9901.0, 13.851946, -8.186725, -0.016574, -13.323009, 12.67802, 0.0
9901.0, 13.851946, -8.186725, -0.016574, -13.323009, 12.67802, 0.0
9917.0, 13.878749, -8.206877, -0.016827, -13.677941, 13.030261, 0.0
9917.0, 13.878749, -8.206877, -0.016827, -13.677941, 13.030261, 0.0
9933.0, 13.905956, -8.227305, -0.017065, -13.677941, 13.030261, 0.0
9952.0, 13.933568, -8.248013, -0.017291, -13.677941, 13.030261, 0.0
9952.0, 13.933568, -8.248013, -0.017291, -13.677941, 13.030261, 0.0
9968.0, 13.961489, -8.268935, -0.017464, -13.677941, 13.030261, 0.0
9968.0, 13.961489, -8.268935, -0.017464, -13.677941, 13.030261, 0.0
9984.0, 13.989616, -8.290011, -0.017556, -13.677941, 13.030261, 0.0
