3.0, 0.0, 0.0, 0.002231, 1.913866, -4.619212, 0.0
3.0, 0.0, 0.0, 0.002231, 1.913866, -4.619212, 0.0
15.0, -0.000054, -0.000267, -0.004073, 1.913866, -4.619212, 0.0
31.0, -0.00002, -0.000445, -0.009528, 1.913866, -4.619212, 0.0
31.0, -0.00002, -0.000445, -0.009528, 1.913866, -4.619212, 0.0
48.0, 0.000193, -0.000484, -0.012338, 1.913866, -4.619212, 0.0
48.0, 0.000193, -0.000484, -0.012338, 1.913866, -4.619212, 0.0
64.0, 0.000655, -0.000489, -0.013599, 1.913866, -4.619212, 0.0
82.0, 0.001414, -0.000601, -0.013749, 1.913866, -4.619212, 0.0
82.0, 0.001414, -0.000601, -0.013749, 1.913866, -4.619212, 0.0
98.0, 0.002411, -0.000924, -0.013102, 1.854717, -4.56051, 0.0
98.0, 0.002411, -0.000924, -0.013102, 1.854717, -4.56051, 0.0
114.0, 0.003552, -0.001537, -0.011899, 1.854717, -4.56051, 0.0
132.0, 0.004531, -0.002356, -0.012044, 1.854717, -4.56051, 0.0
132.0, 0.004531, -0.002356, -0.012044, 1.854717, -4.56051, 0.0
148.0, 0.005445, -0.003266, -0.012645, 1.854717, -4.56051, 0.0
148.0, 0.005445, -0.003266, -0.012645, 1.854717, -4.56051, 0.0
164.0, 0.006261, -0.004277, -0.012528, 1.854717, -4.56051, 0.0
182.0, 0.006839, -0.00532, -0.011941, 1.854717, -4.56051, 0.0
182.0, 0.006839, -0.00532, -0.011941, 1.854717, -4.56051, 0.0
198.0, 0.007187, -0.006333, -0.010946, 1.854717, -4.56051, 0.0
198.0, 0.007187, -0.006333, -0.010946, 1.854717, -4.56051, 0.0
214.0, 0.00728, -0.00734, -0.01069, 1.854717, -4.56051, 0.0
231.0, 0.007099, -0.007769, -0.010525, 1.854717, -4.56051, 0.0
231.0, 0.007099, -0.007769, -0.010525, 1.854717, -4.56051, 0.0
248.0, 0.006593, -0.008068, -0.009575, 1.854717, -4.56051, 0.0
248.0, 0.006593, -0.008068, -0.009575, 1.854717, -4.56051, 0.0
265.0, 0.005847, -0.008315, -0.008602, 1.854717, -4.56051, 0.0
282.0, 0.004725, -0.008571, -0.007395, 1.854717, -4.56051, 0.0
282.0, 0.004725, -0.008571, -0.007395, 1.854717, -4.56051, 0.0
298.0, 0.003151, -0.008842, -0.006126, 1.854717, -4.56051, 0.0
298.0, 0.003151, -0.008842, -0.006126, 1.854717, -4.56051, 0.0
315.0, 0.001102, -0.00913, -0.004807, 1.854717, -4.56051, 0.0
331.0, -0.001447, -0.009419, -0.003471, 1.854717, -4.56051, 0.0
331.0, -0.001447, -0.009419, -0.003471, 1.854717, -4.56051, 0.0
348.0, -0.004508, -0.009702, -0.002167, 1.677266, -4.384406, 0.0
348.0, -0.004508, -0.009702, -0.002167, 1.677266, -4.384406, 0.0
365.0, -0.008085, -0.009973, -0.000932, 1.677266, -4.384406, 0.0
383.0, -0.012179, -0.010227, 0.000206, 1.677266, -4.384406, 0.0
383.0, -0.012179, -0.010227, 0.000206, 1.677266, -4.384406, 0.0
399.0, -0.016791, -0.010457, 0.001233, 1.677266, -4.384406, 0.0
399.0, -0.016791, -0.010457, 0.001233, 1.677266, -4.384406, 0.0
415.0, -0.021918, -0.010663, 0.002139, 1.677266, -4.384406, 0.0
432.0, -0.027556, -0.010841, 0.002922, 1.677266, -4.384406, 0.0
432.0, -0.027556, -0.010841, 0.002922, 1.677266, -4.384406, 0.0
449.0, -0.033704, -0.01099, 0.003589, 1.677266, -4.384406, 0.0
449.0, -0.033704, -0.01099, 0.003589, 1.677266, -4.384406, 0.0
465.0, -0.040359, -0.011109, 0.004147, 1.677266, -4.384406, 0.0
483.0, -0.047519, -0.011198, 0.004605, 1.677266, -4.384406, 0.0
483.0, -0.047519, -0.011198, 0.004605, 1.677266, -4.384406, 0.0
499.0, -0.055183, -0.011258, 0.004976, 1.677266, -4.384406, 0.0
499.0, -0.055183, -0.011258, 0.004976, 1.677266, -4.384406, 0.0
514.0, -0.063349, -0.01129, 0.005271, 1.677266, -4.384406, 0.0
531.0, -0.072016, -0.011297, 0.005502, 1.677266, -4.384406, 0.0
531.0, -0.072016, -0.011297, 0.005502, 1.677266, -4.384406, 0.0
548.0, -0.081184, -0.011279, 0.005679, 1.677266, -4.384406, 0.0
548.0, -0.081184, -0.011279, 0.005679, 1.677266, -4.384406, 0.0
565.0, -0.090851, -0.011237, 0.005812, 1.677266, -4.384406, 0.0
583.0, -0.101017, -0.011174, 0.005909, 1.677266, -4.384406, 0.0
583.0, -0.101017, -0.011174, 0.005909, 1.677266, -4.384406, 0.0
598.0, -0.111678, -0.01109, 0.005977, 1.499817, -4.208301, 0.0
598.0, -0.111678, -0.01109, 0.005977, 1.499817, -4.208301, 0.0
615.0, -0.122837, -0.01099, 0.006024, 1.499817, -4.208301, 0.0
632.0, -0.134494, -0.010875, 0.006055, 1.499817, -4.208301, 0.0
632.0, -0.134494, -0.010875, 0.006055, 1.499817, -4.208301, 0.0
648.0, -0.14665, -0.010747, 0.006076, 1.499817, -4.208301, 0.0
648.0, -0.14665, -0.010747, 0.006076, 1.499817, -4.208301, 0.0
665.0, -0.159306, -0.010607, 0.006087, 1.499817, -4.208301, 0.0
683.0, -0.172461, -0.010459, 0.006094, 1.499817, -4.208301, 0.0
683.0, -0.172461, -0.010459, 0.006094, 1.499817, -4.208301, 0.0
698.0, -0.18612, -0.010302, 0.006098, 1.499817, -4.208301, 0.0
698.0, -0.18612, -0.010302, 0.006098, 1.499817, -4.208301, 0.0
715.0, -0.200281, -0.010142, 0.006099, 1.499817, -4.208301, 0.0
732.0, -0.214941, -0.009981, 0.006098, 1.499817, -4.208301, 0.0
732.0, -0.214941, -0.009981, 0.006098, 1.499817, -4.208301, 0.0
748.0, -0.2301, -0.00982, 0.006095, 1.499817, -4.208301, 0.0
748.0, -0.2301, -0.00982, 0.006095, 1.499817, -4.208301, 0.0
765.0, -0.245759, -0.009662, 0.00609, 1.499817, -4.208301, 0.0
783.0, -0.261916, -0.009509, 0.006084, 1.499817, -4.208301, 0.0
783.0, -0.261916, -0.009509, 0.006084, 1.499817, -4.208301, 0.0
798.0, -0.278565, -0.009363, 0.006075, 1.499817, -4.208301, 0.0
798.0, -0.278565, -0.009363, 0.006075, 1.499817, -4.208301, 0.0
815.0, -0.295712, -0.009228, 0.006065, 1.499817, -4.208301, 0.0
832.0, -0.313358, -0.009107, 0.006056, 1.499817, -4.208301, 0.0
832.0, -0.313358, -0.009107, 0.006056, 1.499817, -4.208301, 0.0
848.0, -0.331503, -0.009001, 0.006047, 1.322367, -4.032197, 0.0
848.0, -0.331503, -0.009001, 0.006047, 1.322367, -4.032197, 0.0
865.0, -0.350149, -0.008914, 0.006038, 1.322367, -4.032197, 0.0
883.0, -0.369294, -0.008847, 0.006029, 1.322367, -4.032197, 0.0
883.0, -0.369294, -0.008847, 0.006029, 1.322367, -4.032197, 0.0
898.0, -0.388948, -0.008802, 0.006021, 1.322367, -4.032197, 0.0
898.0, -0.388948, -0.008802, 0.006021, 1.322367, -4.032197, 0.0
915.0, -0.409103, -0.008782, 0.006012, 1.322367, -4.032197, 0.0
932.0, -0.429758, -0.00879, 0.006001, 1.322367, -4.032197, 0.0
932.0, -0.429758, -0.00879, 0.006001, 1.322367, -4.032197, 0.0
949.0, -0.450911, -0.008829, 0.005986, 1.322367, -4.032197, 0.0
949.0, -0.450911, -0.008829, 0.005986, 1.322367, -4.032197, 0.0
964.0, -0.472562, -0.008899, 0.005968, 1.322367, -4.032197, 0.0
982.0, -0.494712, -0.009003, 0.005948, 1.322367, -4.032197, 0.0
982.0, -0.494712, -0.009003, 0.005948, 1.322367, -4.032197, 0.0
997.0, -0.517359, -0.009142, 0.005926, 1.322367, -4.032197, 0.0
998.0, -0.517359, -0.009142, 0.005926, 1.322367, -4.032197, 0.0
1014.0, -0.540505, -0.00932, 0.005903, 1.322367, -4.032197, 0.0
1031.0, -0.564148, -0.009536, 0.005878, 1.322367, -4.032197, 0.0
1031.0, -0.564148, -0.009536, 0.005878, 1.322367, -4.032197, 0.0
1048.0, -0.588289, -0.009793, 0.005852, 1.322367, -4.032197, 0.0
1048.0, -0.588289, -0.009793, 0.005852, 1.322367, -4.032197, 0.0
1064.0, -0.612928, -0.010093, 0.005825, 1.322367, -4.032197, 0.0
1083.0, -0.638065, -0.010436, 0.005797, 1.322367, -4.032197, 0.0
1083.0, -0.638065, -0.010436, 0.005797, 1.322367, -4.032197, 0.0
1098.0, -0.663689, -0.010823, 0.005764, 1.144918, -3.856093, 0.0
1098.0, -0.663689, -0.010823, 0.005764, 1.144918, -3.856093, 0.0
1114.0, -0.689809, -0.011254, 0.005731, 1.144918, -3.856093, 0.0
1131.0, -0.716426, -0.011731, 0.005699, 1.144918, -3.856093, 0.0
1131.0, -0.716426, -0.011731, 0.005699, 1.144918, -3.856093, 0.0
1149.0, -0.743681, -0.012256, 0.005668, 1.144918, -3.856093, 0.0
1149.0, -0.743681, -0.012256, 0.005668, 1.144918, -3.856093, 0.0
1165.0, -0.771298, -0.012825, 0.005639, 1.144918, -3.856093, 0.0
1183.0, -0.799415, -0.01344, 0.005611, 1.144918, -3.856093, 0.0
1183.0, -0.799415, -0.01344, 0.005611, 1.144918, -3.856093, 0.0
1198.0, -0.82802, -0.0141, 0.005578, 1.144918, -3.856093, 0.0
1198.0, -0.82802, -0.0141, 0.005578, 1.144918, -3.856093, 0.0
1213.0, -0.857122, -0.014801, 0.005545, 1.144918, -3.856093, 0.0
1231.0, -0.886723, -0.015543, 0.005514, 1.144918, -3.856093, 0.0
1231.0, -0.886723, -0.015543, 0.005514, 1.144918, -3.856093, 0.0
1248.0, -0.916824, -0.016323, 0.005485, 1.144918, -3.856093, 0.0
1248.0, -0.916824, -0.016323, 0.005485, 1.144918, -3.856093, 0.0
1264.0, -0.947425, -0.017139, 0.005458, 1.144918, -3.856093, 0.0
1282.0, -0.978528, -0.01799, 0.005432, 1.144918, -3.856093, 0.0
1282.0, -0.978528, -0.01799, 0.005432, 1.144918, -3.856093, 0.0
1298.0, -1.010155, -0.018869, 0.005418, 1.144918, -3.856093, 0.0
1298.0, -1.010155, -0.018869, 0.005418, 1.144918, -3.856093, 0.0
1314.0, -1.042289, -0.019769, 0.005403, 1.144918, -3.856093, 0.0
1331.0, -1.074924, -0.02068, 0.005387, 1.144918, -3.856093, 0.0
1332.0, -1.074924, -0.02068, 0.005387, 1.144918, -3.856093, 0.0
1349.0, -1.108055, -0.021598, 0.005369, 0.967407, -3.679928, 0.0
1349.0, -1.108055, -0.021598, 0.005369, 0.967407, -3.679928, 0.0
1365.0, -1.141683, -0.022516, 0.005351, 0.967407, -3.679928, 0.0
1383.0, -1.175807, -0.023429, 0.005334, 0.967407, -3.679928, 0.0
1383.0, -1.175807, -0.023429, 0.005334, 0.967407, -3.679928, 0.0
1399.0, -1.210314, -0.024348, 0.005271, 0.967407, -3.679928, 0.0
1399.0, -1.210314, -0.024348, 0.005271, 0.967407, -3.679928, 0.0
1414.0, -1.245086, -0.025289, 0.005133, 0.967407, -3.679928, 0.0
1431.0, -1.280001, -0.02627, 0.004899, 0.967407, -3.679928, 0.0
1431.0, -1.280001, -0.02627, 0.004899, 0.967407, -3.679928, 0.0
1448.0, -1.314948, -0.027306, 0.004567, 0.967407, -3.679928, 0.0
1448.0, -1.314948, -0.027306, 0.004567, 0.967407, -3.679928, 0.0
1464.0, -1.349834, -0.028414, 0.004144, 0.967407, -3.679928, 0.0
1482.0, -1.384578, -0.029603, 0.003648, 0.967407, -3.679928, 0.0
1482.0, -1.384578, -0.029603, 0.003648, 0.967407, -3.679928, 0.0
1498.0, -1.419129, -0.030895, 0.003106, 0.967407, -3.679928, 0.0
1498.0, -1.419129, -0.030895, 0.003106, 0.967407, -3.679928, 0.0
1514.0, -1.453429, -0.032307, 0.002532, 0.967407, -3.679928, 0.0
1532.0, -1.487434, -0.033856, 0.001944, 0.967407, -3.679928, 0.0
1532.0, -1.487434, -0.033856, 0.001944, 0.967407, -3.679928, 0.0
1548.0, -1.52111, -0.035556, 0.00136, 0.967407, -3.679928, 0.0
1548.0, -1.52111, -0.035556, 0.00136, 0.967407, -3.679928, 0.0
1565.0, -1.554432, -0.037417, 0.000793, 0.967407, -3.679928, 0.0
1583.0, -1.587379, -0.039448, 0.000253, 0.967407, -3.679928, 0.0
1583.0, -1.587379, -0.039448, 0.000253, 0.967407, -3.679928, 0.0
1599.0, -1.619938, -0.04166, -0.000252, 0.789957, -3.503824, 0.0
1599.0, -1.619938, -0.04166, -0.000252, 0.789957, -3.503824, 0.0
1614.0, -1.652099, -0.044062, -0.000719, 0.789957, -3.503824, 0.0
1632.0, -1.683853, -0.046663, -0.001144, 0.789957, -3.503824, 0.0
1632.0, -1.683853, -0.046663, -0.001144, 0.789957, -3.503824, 0.0
1649.0, -1.715197, -0.049472, -0.001531, 0.789957, -3.503824, 0.0
1649.0, -1.715197, -0.049472, -0.001531, 0.789957, -3.503824, 0.0
1664.0, -1.746127, -0.052494, -0.00188, 0.789957, -3.503824, 0.0
1682.0, -1.776637, -0.055735, -0.002195, 0.789957, -3.503824, 0.0
1682.0, -1.776637, -0.055735, -0.002195, 0.789957, -3.503824, 0.0
1698.0, -1.806716, -0.059199, -0.002486, 0.789957, -3.503824, 0.0
1698.0, -1.806716, -0.059199, -0.002486, 0.789957, -3.503824, 0.0
1713.0, -1.836371, -0.062893, -0.00275, 0.789957, -3.503824, 0.0
1731.0, -1.865604, -0.06682, -0.002992, 0.789957, -3.503824, 0.0
1731.0, -1.865604, -0.06682, -0.002992, 0.789957, -3.503824, 0.0
1748.0, -1.894417, -0.070986, -0.003214, 0.789957, -3.503824, 0.0
1748.0, -1.894417, -0.070986, -0.003214, 0.789957, -3.503824, 0.0
1764.0, -1.922809, -0.075393, -0.003422, 0.789957, -3.503824, 0.0
1782.0, -1.950779, -0.080046, -0.00362, 0.789957, -3.503824, 0.0
1782.0, -1.950779, -0.080046, -0.00362, 0.789957, -3.503824, 0.0
1798.0, -1.978339, -0.084948, -0.003806, 0.789957, -3.503824, 0.0
1798.0, -1.978339, -0.084948, -0.003806, 0.789957, -3.503824, 0.0
1815.0, -2.005478, -0.090099, -0.003989, 0.789957, -3.503824, 0.0
1831.0, -2.032195, -0.095502, -0.004172, 0.789957, -3.503824, 0.0
1831.0, -2.032195, -0.095502, -0.004172, 0.789957, -3.503824, 0.0
1848.0, -2.058486, -0.101157, -0.004357, 0.612507, -3.32772, 0.0
1848.0, -2.058486, -0.101157, -0.004357, 0.612507, -3.32772, 0.0
1865.0, -2.084352, -0.107065, -0.004544, 0.612507, -3.32772, 0.0
1883.0, -2.109792, -0.113228, -0.004735, 0.612507, -3.32772, 0.0
1883.0, -2.109792, -0.113228, -0.004735, 0.612507, -3.32772, 0.0
1897.0, -2.134795, -0.119643, -0.004932, 0.612507, -3.32772, 0.0
1897.0, -2.134795, -0.119643, -0.004932, 0.612507, -3.32772, 0.0
1914.0, -2.159369, -0.126313, -0.005133, 0.612507, -3.32772, 0.0
1931.0, -2.183515, -0.133237, -0.005335, 0.612507, -3.32772, 0.0
1931.0, -2.183515, -0.133237, -0.005335, 0.612507, -3.32772, 0.0
1948.0, -2.207234, -0.140416, -0.005538, 0.612507, -3.32772, 0.0
1948.0, -2.207234, -0.140416, -0.005538, 0.612507, -3.32772, 0.0
1964.0, -2.230526, -0.147849, -0.005743, 0.612507, -3.32772, 0.0
1982.0, -2.253392, -0.155537, -0.00595, 0.612507, -3.32772, 0.0
1982.0, -2.253392, -0.155537, -0.00595, 0.612507, -3.32772, 0.0
1998.0, -2.275837, -0.16348, -0.006156, 0.612507, -3.32772, 0.0
1998.0, -2.275837, -0.16348, -0.006156, 0.612507, -3.32772, 0.0
2015.0, -2.297854, -0.171676, -0.006365, 0.612507, -3.32772, 0.0
2032.0, -2.31944, -0.180121, -0.006577, 0.612507, -3.32772, 0.0
2032.0, -2.31944, -0.180121, -0.006577, 0.612507, -3.32772, 0.0
2048.0, -2.340594, -0.188814, -0.006793, 0.612507, -3.32772, 0.0
2048.0, -2.340594, -0.188814, -0.006793, 0.612507, -3.32772, 0.0
2065.0, -2.361313, -0.197754, -0.007012, 0.612507, -3.32772, 0.0
2083.0, -2.381597, -0.20694, -0.007233, 0.612507, -3.32772, 0.0
2083.0, -2.381597, -0.20694, -0.007233, 0.612507, -3.32772, 0.0
2098.0, -2.401445, -0.216369, -0.007456, 0.435057, -3.151615, 0.0
2098.0, -2.401445, -0.216369, -0.007456, 0.435057, -3.151615, 0.0
2114.0, -2.420856, -0.22604, -0.00768, 0.435057, -3.151615, 0.0
2132.0, -2.439829, -0.23595, -0.007905, 0.435057, -3.151615, 0.0
2132.0, -2.439829, -0.23595, -0.007905, 0.435057, -3.151615, 0.0
2148.0, -2.458363, -0.246097, -0.00813, 0.435057, -3.151615, 0.0
2148.0, -2.458363, -0.246097, -0.00813, 0.435057, -3.151615, 0.0
2164.0, -2.476457, -0.25648, -0.008355, 0.435057, -3.151615, 0.0
2182.0, -2.494111, -0.267097, -0.008579, 0.435057, -3.151615, 0.0
2182.0, -2.494111, -0.267097, -0.008579, 0.435057, -3.151615, 0.0
2198.0, -2.511316, -0.277942, -0.008806, 0.435057, -3.151615, 0.0
2198.0, -2.511316, -0.277942, -0.008806, 0.435057, -3.151615, 0.0
2214.0, -2.528076, -0.289014, -0.009032, 0.435057, -3.151615, 0.0
2232.0, -2.544393, -0.300312, -0.009256, 0.435057, -3.151615, 0.0
2232.0, -2.544393, -0.300312, -0.009256, 0.435057, -3.151615, 0.0
2249.0, -2.560266, -0.311835, -0.009477, 0.435057, -3.151615, 0.0
2249.0, -2.560266, -0.311835, -0.009477, 0.435057, -3.151615, 0.0
2264.0, -2.575693, -0.323581, -0.009696, 0.435057, -3.151615, 0.0
2283.0, -2.590675, -0.335547, -0.009912, 0.435057, -3.151615, 0.0
2283.0, -2.590675, -0.335547, -0.009912, 0.435057, -3.151615, 0.0
2299.0, -2.605215, -0.347736, -0.010124, 0.435057, -3.151615, 0.0
2299.0, -2.605215, -0.347736, -0.010124, 0.435057, -3.151615, 0.0
2315.0, -2.619308, -0.360142, -0.010333, 0.435057, -3.151615, 0.0
2330.0, -2.63295, -0.372759, -0.010542, 0.435057, -3.151615, 0.0
2330.0, -2.63295, -0.372759, -0.010542, 0.435057, -3.151615, 0.0
2348.0, -2.64614, -0.385585, -0.010748, 0.257608, -2.975511, 0.0
2348.0, -2.64614, -0.385585, -0.010748, 0.257608, -2.975511, 0.0
2364.0, -2.658876, -0.398617, -0.010952, 0.257608, -2.975511, 0.0
2382.0, -2.671158, -0.411854, -0.011153, 0.257608, -2.975511, 0.0
2382.0, -2.671158, -0.411854, -0.011153, 0.257608, -2.975511, 0.0
2398.0, -2.682981, -0.425287, -0.011351, 0.257608, -2.975511, 0.0
2398.0, -2.682981, -0.425287, -0.011351, 0.257608, -2.975511, 0.0
2414.0, -2.694345, -0.438917, -0.011546, 0.257608, -2.975511, 0.0
2431.0, -2.705251, -0.452743, -0.011735, 0.257608, -2.975511, 0.0
2431.0, -2.705251, -0.452743, -0.011735, 0.257608, -2.975511, 0.0
2448.0, -2.7157, -0.466763, -0.011918, 0.257608, -2.975511, 0.0
2448.0, -2.7157, -0.466763, -0.011918, 0.257608, -2.975511, 0.0
2464.0, -2.725689, -0.480975, -0.012095, 0.257608, -2.975511, 0.0
2482.0, -2.735219, -0.495376, -0.012265, 0.257608, -2.975511, 0.0
2482.0, -2.735219, -0.495376, -0.012265, 0.257608, -2.975511, 0.0
2498.0, -2.744292, -0.50997, -0.012428, 0.257608, -2.975511, 0.0
2498.0, -2.744292, -0.50997, -0.012428, 0.257608, -2.975511, 0.0
2514.0, -2.752902, -0.524749, -0.012585, 0.257608, -2.975511, 0.0
2532.0, -2.761049, -0.539709, -0.012736, 0.257608, -2.975511, 0.0
2532.0, -2.761049, -0.539709, -0.012736, 0.257608, -2.975511, 0.0
2548.0, -2.768731, -0.554845, -0.01288, 0.257608, -2.975511, 0.0
2548.0, -2.768731, -0.554845, -0.01288, 0.257608, -2.975511, 0.0
2564.0, -2.775947, -0.570156, -0.013019, 0.257608, -2.975511, 0.0
2582.0, -2.782695, -0.58564, -0.01315, 0.257608, -2.975511, 0.0
2582.0, -2.782695, -0.58564, -0.01315, 0.257608, -2.975511, 0.0
2599.0, -2.788975, -0.601294, -0.013275, 0.080158, -2.799407, 0.0
2599.0, -2.788975, -0.601294, -0.013275, 0.080158, -2.799407, 0.0
2614.0, -2.794786, -0.617115, -0.013394, 0.080158, -2.799407, 0.0
2631.0, -2.800127, -0.633099, -0.013507, 0.080158, -2.799407, 0.0
2631.0, -2.800127, -0.633099, -0.013507, 0.080158, -2.799407, 0.0
2648.0, -2.804996, -0.649245, -0.013613, 0.080158, -2.799407, 0.0
2648.0, -2.804996, -0.649245, -0.013613, 0.080158, -2.799407, 0.0
2664.0, -2.809394, -0.66555, -0.013713, 0.080158, -2.799407, 0.0
2683.0, -2.813318, -0.682012, -0.013807, 0.080158, -2.799407, 0.0
2683.0, -2.813318, -0.682012, -0.013807, 0.080158, -2.799407, 0.0
2699.0, -2.816767, -0.698622, -0.013897, 0.080158, -2.799407, 0.0
2699.0, -2.816767, -0.698622, -0.013897, 0.080158, -2.799407, 0.0
2714.0, -2.819741, -0.715382, -0.013982, 0.080158, -2.799407, 0.0
2732.0, -2.822239, -0.732291, -0.014063, 0.080158, -2.799407, 0.0
2732.0, -2.822239, -0.732291, -0.014063, 0.080158, -2.799407, 0.0
2748.0, -2.82426, -0.749346, -0.014141, 0.080158, -2.799407, 0.0
2748.0, -2.82426, -0.749346, -0.014141, 0.080158, -2.799407, 0.0
2765.0, -2.825804, -0.766547, -0.014216, 0.080158, -2.799407, 0.0
2783.0, -2.826869, -0.78389, -0.014289, 0.080158, -2.799407, 0.0
2783.0, -2.826869, -0.78389, -0.014289, 0.080158, -2.799407, 0.0
2797.0, -2.827455, -0.801381, -0.014361, 0.080158, -2.799407, 0.0
2797.0, -2.827455, -0.801381, -0.014361, 0.080158, -2.799407, 0.0
2814.0, -2.82756, -0.819011, -0.014432, 0.080158, -2.799407, 0.0
2831.0, -2.827184, -0.836775, -0.014504, 0.080158, -2.799407, 0.0
2831.0, -2.827184, -0.836775, -0.014504, 0.080158, -2.799407, 0.0
2848.0, -2.826325, -0.854669, -0.014576, -0.097292, -2.623302, 0.0
2848.0, -2.826325, -0.854669, -0.014576, -0.097292, -2.623302, 0.0
2864.0, -2.824982, -0.872692, -0.01465, -0.097292, -2.623302, 0.0
2882.0, -2.823156, -0.890841, -0.014725, -0.097292, -2.623302, 0.0
2882.0, -2.823156, -0.890841, -0.014725, -0.097292, -2.623302, 0.0
2898.0, -2.820845, -0.909108, -0.014802, -0.097292, -2.623302, 0.0
2898.0, -2.820845, -0.909108, -0.014802, -0.097292, -2.623302, 0.0
2914.0, -2.818049, -0.927494, -0.014882, -0.097292, -2.623302, 0.0
2932.0, -2.814766, -0.945999, -0.014964, -0.097292, -2.623302, 0.0
2932.0, -2.814766, -0.945999, -0.014964, -0.097292, -2.623302, 0.0
2949.0, -2.810997, -0.964622, -0.01505, -0.097292, -2.623302, 0.0
2949.0, -2.810997, -0.964622, -0.01505, -0.097292, -2.623302, 0.0
2965.0, -2.806739, -0.983362, -0.015139, -0.097292, -2.623302, 0.0
2983.0, -2.801994, -1.002217, -0.01523, -0.097292, -2.623302, 0.0
2983.0, -2.801994, -1.002217, -0.01523, -0.097292, -2.623302, 0.0
2998.0, -2.796757, -1.021193, -0.015325, -0.097292, -2.623302, 0.0
2998.0, -2.796757, -1.021193, -0.015325, -0.097292, -2.623302, 0.0
3014.0, -2.79103, -1.040281, -0.015423, -0.097292, -2.623302, 0.0
3032.0, -2.784812, -1.059477, -0.015524, -0.097292, -2.623302, 0.0
3032.0, -2.784812, -1.059477, -0.015524, -0.097292, -2.623302, 0.0
3048.0, -2.778105, -1.078781, -0.015626, -0.097292, -2.623302, 0.0
3048.0, -2.778105, -1.078781, -0.015626, -0.097292, -2.623302, 0.0
3064.0, -2.770907, -1.098189, -0.01573, -0.097292, -2.623302, 0.0
3082.0, -2.763218, -1.1177, -0.015836, -0.097292, -2.623302, 0.0
3082.0, -2.763218, -1.1177, -0.015836, -0.097292, -2.623302, 0.0
3098.0, -2.755041, -1.137306, -0.015943, -0.274741, -2.447199, 0.0
3098.0, -2.755041, -1.137306, -0.015943, -0.274741, -2.447199, 0.0
3114.0, -2.746375, -1.157012, -0.01605, -0.274741, -2.447199, 0.0
3132.0, -2.737217, -1.176819, -0.01616, -0.274741, -2.447199, 0.0
3132.0, -2.737217, -1.176819, -0.01616, -0.274741, -2.447199, 0.0
3149.0, -2.727568, -1.196729, -0.016271, -0.274741, -2.447199, 0.0
3149.0, -2.727568, -1.196729, -0.016271, -0.274741, -2.447199, 0.0
3165.0, -2.717427, -1.21674, -0.016384, -0.274741, -2.447199, 0.0
3183.0, -2.706793, -1.236854, -0.016498, -0.274741, -2.447199, 0.0
3183.0, -2.706793, -1.236854, -0.016498, -0.274741, -2.447199, 0.0
3199.0, -2.695664, -1.257077, -0.016614, -0.274741, -2.447199, 0.0
3199.0, -2.695664, -1.257077, -0.016614, -0.274741, -2.447199, 0.0
3215.0, -2.684042, -1.277406, -0.01673, -0.274741, -2.447199, 0.0
3231.0, -2.671928, -1.29784, -0.016845, -0.274741, -2.447199, 0.0
3231.0, -2.671928, -1.29784, -0.016845, -0.274741, -2.447199, 0.0
3248.0, -2.659325, -1.318378, -0.01696, -0.274741, -2.447199, 0.0
3248.0, -2.659325, -1.318378, -0.01696, -0.274741, -2.447199, 0.0
3264.0, -2.646231, -1.339021, -0.017074, -0.274741, -2.447199, 0.0
3282.0, -2.632648, -1.359771, -0.017187, -0.274741, -2.447199, 0.0
3282.0, -2.632648, -1.359771, -0.017187, -0.274741, -2.447199, 0.0
3298.0, -2.618575, -1.38063, -0.0173, -0.274741, -2.447199, 0.0
3298.0, -2.618575, -1.38063, -0.0173, -0.274741, -2.447199, 0.0
3314.0, -2.604015, -1.401602, -0.017412, -0.274741, -2.447199, 0.0
3332.0, -2.588967, -1.422689, -0.017524, -0.274741, -2.447199, 0.0
3332.0, -2.588967, -1.422689, -0.017524, -0.274741, -2.447199, 0.0
3348.0, -2.573432, -1.443895, -0.017636, -0.452191, -2.271095, 0.0
3348.0, -2.573432, -1.443895, -0.017636, -0.452191, -2.271095, 0.0
3365.0, -2.557412, -1.465223, -0.017748, -0.452191, -2.271095, 0.0
3383.0, -2.540905, -1.486675, -0.017859, -0.452191, -2.271095, 0.0
3383.0, -2.540905, -1.486675, -0.017859, -0.452191, -2.271095, 0.0
3399.0, -2.523922, -1.508247, -0.017969, -0.452191, -2.271095, 0.0
3399.0, -2.523922, -1.508247, -0.017969, -0.452191, -2.271095, 0.0
3414.0, -2.506457, -1.529949, -0.018078, -0.452191, -2.271095, 0.0
3432.0, -2.488512, -1.551792, -0.018189, -0.452191, -2.271095, 0.0
3432.0, -2.488512, -1.551792, -0.018189, -0.452191, -2.271095, 0.0
3449.0, -2.470085, -1.573778, -0.018301, -0.452191, -2.271095, 0.0
3449.0, -2.470085, -1.573778, -0.018301, -0.452191, -2.271095, 0.0
3465.0, -2.45118, -1.595913, -0.018415, -0.452191, -2.271095, 0.0
3481.0, -2.431795, -1.6182, -0.01853, -0.452191, -2.271095, 0.0
3481.0, -2.431795, -1.6182, -0.01853, -0.452191, -2.271095, 0.0
3498.0, -2.41202, -1.640613, -0.018608, -0.452191, -2.271095, 0.0
3498.0, -2.41202, -1.640613, -0.018608, -0.452191, -2.271095, 0.0
3514.0, -2.391982, -1.663102, -0.018608, -0.452191, -2.271095, 0.0
3531.0, -2.371804, -1.685623, -0.018506, -0.452191, -2.271095, 0.0
3531.0, -2.371804, -1.685623, -0.018506, -0.452191, -2.271095, 0.0
3548.0, -2.351595, -1.708135, -0.018295, -0.452191, -2.271095, 0.0
3548.0, -2.351595, -1.708135, -0.018295, -0.452191, -2.271095, 0.0
3564.0, -2.331449, -1.730606, -0.017983, -0.452191, -2.271095, 0.0
3582.0, -2.311443, -1.753011, -0.017584, -0.452191, -2.271095, 0.0
3582.0, -2.311443, -1.753011, -0.017584, -0.452191, -2.271095, 0.0
3598.0, -2.291646, -1.775314, -0.017115, -0.629641, -2.09499, 0.0
3598.0, -2.291646, -1.775314, -0.017115, -0.629641, -2.09499, 0.0
3615.0, -2.272106, -1.797502, -0.016601, -0.629641, -2.09499, 0.0
3632.0, -2.252858, -1.819558, -0.016063, -0.629641, -2.09499, 0.0
3632.0, -2.252858, -1.819558, -0.016063, -0.629641, -2.09499, 0.0
3649.0, -2.233933, -1.841467, -0.015519, -0.629641, -2.09499, 0.0
3649.0, -2.233933, -1.841467, -0.015519, -0.629641, -2.09499, 0.0
3665.0, -2.215358, -1.863216, -0.014982, -0.629641, -2.09499, 0.0
3682.0, -2.197151, -1.884793, -0.014463, -0.629641, -2.09499, 0.0
3682.0, -2.197151, -1.884793, -0.014463, -0.629641, -2.09499, 0.0
3699.0, -2.179322, -1.906196, -0.013973, -0.629641, -2.09499, 0.0
3699.0, -2.179322, -1.906196, -0.013973, -0.629641, -2.09499, 0.0
3715.0, -2.161886, -1.927413, -0.013514, -0.629641, -2.09499, 0.0
3732.0, -2.144857, -1.948434, -0.013086, -0.629641, -2.09499, 0.0
3732.0, -2.144857, -1.948434, -0.013086, -0.629641, -2.09499, 0.0
3748.0, -2.128243, -1.969252, -0.012691, -0.629641, -2.09499, 0.0
3748.0, -2.128243, -1.969252, -0.012691, -0.629641, -2.09499, 0.0
3764.0, -2.112049, -1.989864, -0.012327, -0.629641, -2.09499, 0.0
3781.0, -2.09628, -2.010265, -0.011994, -0.629641, -2.09499, 0.0
3781.0, -2.09628, -2.010265, -0.011994, -0.629641, -2.09499, 0.0
3797.0, -2.080848, -2.030497, -0.011728, -0.629641, -2.09499, 0.0
3798.0, -2.080848, -2.030497, -0.011728, -0.629641, -2.09499, 0.0
3814.0, -2.065632, -2.050616, -0.011566, -0.629641, -2.09499, 0.0
3831.0, -2.050528, -2.07066, -0.011526, -0.629641, -2.09499, 0.0
3831.0, -2.050528, -2.07066, -0.011526, -0.629641, -2.09499, 0.0
3848.0, -2.035412, -2.090705, -0.011612, -0.807094, -1.918882, 0.0
3848.0, -2.035412, -2.090705, -0.011612, -0.807094, -1.918882, 0.0
3864.0, -2.02023, -2.110742, -0.011816, -0.807094, -1.918882, 0.0
3883.0, -2.004891, -2.130827, -0.012121, -0.807094, -1.918882, 0.0
3883.0, -2.004891, -2.130827, -0.012121, -0.807094, -1.918882, 0.0
3898.0, -1.989341, -2.150979, -0.012503, -0.807094, -1.918882, 0.0
3898.0, -1.989341, -2.150979, -0.012503, -0.807094, -1.918882, 0.0
3915.0, -1.973525, -2.171223, -0.012945, -0.807094, -1.918882, 0.0
3932.0, -1.957402, -2.19158, -0.013425, -0.807094, -1.918882, 0.0
3932.0, -1.957402, -2.19158, -0.013425, -0.807094, -1.918882, 0.0
3948.0, -1.94094, -2.212066, -0.013924, -0.807094, -1.918882, 0.0
3948.0, -1.94094, -2.212066, -0.013924, -0.807094, -1.918882, 0.0
3965.0, -1.924113, -2.232692, -0.014426, -0.807094, -1.918882, 0.0
3983.0, -1.906901, -2.253467, -0.014919, -0.807094, -1.918882, 0.0
3983.0, -1.906901, -2.253467, -0.014919, -0.807094, -1.918882, 0.0
3998.0, -1.889382, -2.27436, -0.015352, -0.807094, -1.918882, 0.0
3998.0, -1.889382, -2.27436, -0.015352, -0.807094, -1.918882, 0.0
4014.0, -1.871662, -2.295324, -0.015681, -0.807094, -1.918882, 0.0
4031.0, -1.853849, -2.316314, -0.015879, -0.807094, -1.918882, 0.0
4031.0, -1.853849, -2.316314, -0.015879, -0.807094, -1.918882, 0.0
4048.0, -1.836041, -2.337289, -0.015938, -0.807094, -1.918882, 0.0
4048.0, -1.836041, -2.337289, -0.015938, -0.807094, -1.918882, 0.0
4064.0, -1.818322, -2.358215, -0.015863, -0.807094, -1.918882, 0.0
4082.0, -1.800763, -2.379065, -0.01567, -0.807094, -1.918882, 0.0
4082.0, -1.800763, -2.379065, -0.01567, -0.807094, -1.918882, 0.0
4098.0, -1.783417, -2.39982, -0.015383, -0.984558, -1.742764, 0.0
4098.0, -1.783417, -2.39982, -0.015383, -0.984558, -1.742764, 0.0
4115.0, -1.766333, -2.420452, -0.01502, -0.984558, -1.742764, 0.0
4131.0, -1.749553, -2.440942, -0.014604, -0.984558, -1.742764, 0.0
4131.0, -1.749553, -2.440942, -0.014604, -0.984558, -1.742764, 0.0
4149.0, -1.7331, -2.461277, -0.014156, -0.984558, -1.742764, 0.0
4149.0, -1.7331, -2.461277, -0.014156, -0.984558, -1.742764, 0.0
4165.0, -1.717009, -2.481432, -0.013692, -0.984558, -1.742764, 0.0
4182.0, -1.701292, -2.501402, -0.013228, -0.984558, -1.742764, 0.0
4182.0, -1.701292, -2.501402, -0.013228, -0.984558, -1.742764, 0.0
4199.0, -1.68597, -2.521171, -0.012772, -0.984558, -1.742764, 0.0
4199.0, -1.68597, -2.521171, -0.012772, -0.984558, -1.742764, 0.0
4215.0, -1.671049, -2.540736, -0.012335, -0.984558, -1.742764, 0.0
4232.0, -1.656536, -2.560096, -0.011922, -0.984558, -1.742764, 0.0
4232.0, -1.656536, -2.560096, -0.011922, -0.984558, -1.742764, 0.0
4248.0, -1.642437, -2.579245, -0.011536, -0.984558, -1.742764, 0.0
4248.0, -1.642437, -2.579245, -0.011536, -0.984558, -1.742764, 0.0
4264.0, -1.628757, -2.598181, -0.011178, -0.984558, -1.742764, 0.0
4282.0, -1.615499, -2.616899, -0.010847, -0.984558, -1.742764, 0.0
4282.0, -1.615499, -2.616899, -0.010847, -0.984558, -1.742764, 0.0
4298.0, -1.602572, -2.635449, -0.010583, -0.984558, -1.742764, 0.0
4298.0, -1.602572, -2.635449, -0.010583, -0.984558, -1.742764, 0.0
4314.0, -1.589864, -2.653879, -0.010419, -0.984558, -1.742764, 0.0
4332.0, -1.577263, -2.672239, -0.010374, -0.984558, -1.742764, 0.0
4332.0, -1.577263, -2.672239, -0.010374, -0.984558, -1.742764, 0.0
4348.0, -1.564669, -2.690575, -0.010453, -1.162011, -1.566656, 0.0
4348.0, -1.564669, -2.690575, -0.010453, -1.162011, -1.566656, 0.0
4365.0, -1.551995, -2.708927, -0.010649, -1.162011, -1.566656, 0.0
4383.0, -1.539167, -2.727328, -0.010945, -1.162011, -1.566656, 0.0
4383.0, -1.539167, -2.727328, -0.010945, -1.162011, -1.566656, 0.0
4399.0, -1.526124, -2.745806, -0.011321, -1.162011, -1.566656, 0.0
4399.0, -1.526124, -2.745806, -0.011321, -1.162011, -1.566656, 0.0
4414.0, -1.512817, -2.76438, -0.011756, -1.162011, -1.566656, 0.0
4432.0, -1.499207, -2.78307, -0.01223, -1.162011, -1.566656, 0.0
4432.0, -1.499207, -2.78307, -0.01223, -1.162011, -1.566656, 0.0
4448.0, -1.48526, -2.801889, -0.012724, -1.162011, -1.566656, 0.0
4448.0, -1.48526, -2.801889, -0.012724, -1.162011, -1.566656, 0.0
4464.0, -1.470951, -2.820849, -0.013222, -1.162011, -1.566656, 0.0
4482.0, -1.456261, -2.839961, -0.013712, -1.162011, -1.566656, 0.0
4482.0, -1.456261, -2.839961, -0.013712, -1.162011, -1.566656, 0.0
4498.0, -1.441271, -2.859183, -0.014141, -1.162011, -1.566656, 0.0
4498.0, -1.441271, -2.859183, -0.014141, -1.162011, -1.566656, 0.0
4514.0, -1.426084, -2.878474, -0.014467, -1.162011, -1.566656, 0.0
4532.0, -1.410805, -2.897792, -0.014665, -1.162011, -1.566656, 0.0
4532.0, -1.410805, -2.897792, -0.014665, -1.162011, -1.566656, 0.0
4548.0, -1.39553, -2.917095, -0.014726, -1.162011, -1.566656, 0.0
4548.0, -1.39553, -2.917095, -0.014726, -1.162011, -1.566656, 0.0
4564.0, -1.380344, -2.936352, -0.014655, -1.162011, -1.566656, 0.0
4583.0, -1.365318, -2.955531, -0.014467, -1.162011, -1.566656, 0.0
4583.0, -1.365318, -2.955531, -0.014467, -1.162011, -1.566656, 0.0
4598.0, -1.350504, -2.974616, -0.014183, -1.33946, -1.390552, 0.0
4598.0, -1.350504, -2.974616, -0.014183, -1.33946, -1.390552, 0.0
4615.0, -1.335952, -2.993579, -0.013825, -1.33946, -1.390552, 0.0
4631.0, -1.321703, -3.0124, -0.013414, -1.33946, -1.390552, 0.0
4631.0, -1.321703, -3.0124, -0.013414, -1.33946, -1.390552, 0.0
4648.0, -1.307786, -3.031063, -0.012969, -1.33946, -1.390552, 0.0
4648.0, -1.307786, -3.031063, -0.012969, -1.33946, -1.390552, 0.0
4664.0, -1.294225, -3.049554, -0.012508, -1.33946, -1.390552, 0.0
4682.0, -1.281038, -3.067861, -0.012045, -1.33946, -1.390552, 0.0
4682.0, -1.281038, -3.067861, -0.012045, -1.33946, -1.390552, 0.0
4698.0, -1.268246, -3.085971, -0.01159, -1.33946, -1.390552, 0.0
4698.0, -1.268246, -3.085971, -0.01159, -1.33946, -1.390552, 0.0
4714.0, -1.255855, -3.103882, -0.011153, -1.33946, -1.390552, 0.0
4731.0, -1.243874, -3.121592, -0.010738, -1.33946, -1.390552, 0.0
4731.0, -1.243874, -3.121592, -0.010738, -1.33946, -1.390552, 0.0
4748.0, -1.23231, -3.139096, -0.010349, -1.33946, -1.390552, 0.0
4748.0, -1.23231, -3.139096, -0.010349, -1.33946, -1.390552, 0.0
4764.0, -1.221167, -3.156393, -0.009988, -1.33946, -1.390552, 0.0
4782.0, -1.21045, -3.173479, -0.009652, -1.33946, -1.390552, 0.0
4782.0, -1.21045, -3.173479, -0.009652, -1.33946, -1.390552, 0.0
4799.0, -1.200065, -3.1904, -0.009383, -1.33946, -1.390552, 0.0
4799.0, -1.200065, -3.1904, -0.009383, -1.33946, -1.390552, 0.0
4815.0, -1.189902, -3.207204, -0.009214, -1.33946, -1.390552, 0.0
4832.0, -1.179848, -3.223938, -0.009166, -1.33946, -1.390552, 0.0
4832.0, -1.179848, -3.223938, -0.009166, -1.33946, -1.390552, 0.0
4849.0, -1.169801, -3.240647, -0.009242, -1.51691, -1.214448, 0.0
4849.0, -1.169801, -3.240647, -0.009242, -1.51691, -1.214448, 0.0
4865.0, -1.159674, -3.257369, -0.009434, -1.51691, -1.214448, 0.0
4882.0, -1.149391, -3.274135, -0.009728, -1.51691, -1.214448, 0.0
4882.0, -1.149391, -3.274135, -0.009728, -1.51691, -1.214448, 0.0
4897.0, -1.138894, -3.290971, -0.010103, -1.51691, -1.214448, 0.0
4897.0, -1.138894, -3.290971, -0.010103, -1.51691, -1.214448, 0.0
4914.0, -1.12813, -3.307895, -0.010539, -1.51691, -1.214448, 0.0
4931.0, -1.117059, -3.324926, -0.011014, -1.51691, -1.214448, 0.0
4931.0, -1.117059, -3.324926, -0.011014, -1.51691, -1.214448, 0.0
4948.0, -1.105648, -3.342075, -0.011509, -1.51691, -1.214448, 0.0
4948.0, -1.105648, -3.342075, -0.011509, -1.51691, -1.214448, 0.0
4964.0, -1.093872, -3.359354, -0.01201, -1.51691, -1.214448, 0.0
4982.0, -1.081709, -3.37677, -0.012502, -1.51691, -1.214448, 0.0
4982.0, -1.081709, -3.37677, -0.012502, -1.51691, -1.214448, 0.0
4998.0, -1.069149, -3.394327, -0.012975, -1.51691, -1.214448, 0.0
4998.0, -1.069149, -3.394327, -0.012975, -1.51691, -1.214448, 0.0
5015.0, -1.056175, -3.412037, -0.013423, -1.51691, -1.214448, 0.0
5032.0, -1.042779, -3.429911, -0.013843, -1.51691, -1.214448, 0.0
5032.0, -1.042779, -3.429911, -0.013843, -1.51691, -1.214448, 0.0
5048.0, -1.028951, -3.447954, -0.014233, -1.51691, -1.214448, 0.0
5048.0, -1.028951, -3.447954, -0.014233, -1.51691, -1.214448, 0.0
5065.0, -1.014686, -3.466173, -0.014591, -1.51691, -1.214448, 0.0
5082.0, -0.99998, -3.484571, -0.01492, -1.51691, -1.214448, 0.0
5082.0, -0.99998, -3.484571, -0.01492, -1.51691, -1.214448, 0.0
5098.0, -0.984916, -3.503116, -0.015182, -1.69436, -1.038344, 0.0
5098.0, -0.984916, -3.503116, -0.015182, -1.69436, -1.038344, 0.0
5114.0, -0.969613, -3.521753, -0.015341, -1.69436, -1.038344, 0.0
5131.0, -0.954189, -3.540426, -0.015375, -1.69436, -1.038344, 0.0
5131.0, -0.954189, -3.540426, -0.015375, -1.69436, -1.038344, 0.0
5149.0, -0.938744, -3.559093, -0.01528, -1.69436, -1.038344, 0.0
5149.0, -0.938744, -3.559093, -0.01528, -1.69436, -1.038344, 0.0
5165.0, -0.923369, -3.577713, -0.015067, -1.69436, -1.038344, 0.0
5183.0, -0.908136, -3.596256, -0.01475, -1.69436, -1.038344, 0.0
5183.0, -0.908136, -3.596256, -0.01475, -1.69436, -1.038344, 0.0
5199.0, -0.893111, -3.614685, -0.014351, -1.69436, -1.038344, 0.0
5199.0, -0.893111, -3.614685, -0.014351, -1.69436, -1.038344, 0.0
5214.0, -0.878339, -3.632983, -0.013894, -1.69436, -1.038344, 0.0
5232.0, -0.863855, -3.651132, -0.0134, -1.69436, -1.038344, 0.0
5232.0, -0.863855, -3.651132, -0.0134, -1.69436, -1.038344, 0.0
5249.0, -0.84969, -3.669114, -0.012889, -1.69436, -1.038344, 0.0
5249.0, -0.84969, -3.669114, -0.012889, -1.69436, -1.038344, 0.0
5265.0, -0.835866, -3.686916, -0.012377, -1.69436, -1.038344, 0.0
5281.0, -0.822404, -3.704525, -0.011875, -1.69436, -1.038344, 0.0
5281.0, -0.822404, -3.704525, -0.011875, -1.69436, -1.038344, 0.0
5298.0, -0.809312, -3.721939, -0.011394, -1.69436, -1.038344, 0.0
5298.0, -0.809312, -3.721939, -0.011394, -1.69436, -1.038344, 0.0
5314.0, -0.796608, -3.739146, -0.010937, -1.69436, -1.038344, 0.0
5330.0, -0.784302, -3.756138, -0.010508, -1.69436, -1.038344, 0.0
5330.0, -0.784302, -3.756138, -0.010508, -1.69436, -1.038344, 0.0
5348.0, -0.772402, -3.772909, -0.010106, -1.871809, -0.86224, 0.0
5348.0, -0.772402, -3.772909, -0.010106, -1.871809, -0.86224, 0.0
5364.0, -0.760914, -3.789456, -0.009733, -1.871809, -0.86224, 0.0
5382.0, -0.749843, -3.805774, -0.009387, -1.871809, -0.86224, 0.0
5382.0, -0.749843, -3.805774, -0.009387, -1.871809, -0.86224, 0.0
5398.0, -0.739106, -3.821902, -0.009106, -1.871809, -0.86224, 0.0
5398.0, -0.739106, -3.821902, -0.009106, -1.871809, -0.86224, 0.0
5414.0, -0.728587, -3.8379, -0.008924, -1.871809, -0.86224, 0.0
5431.0, -0.718173, -3.853824, -0.008864, -1.871809, -0.86224, 0.0
5431.0, -0.718173, -3.853824, -0.008864, -1.871809, -0.86224, 0.0
5448.0, -0.707764, -3.869724, -0.008929, -1.871809, -0.86224, 0.0
5448.0, -0.707764, -3.869724, -0.008929, -1.871809, -0.86224, 0.0
5464.0, -0.697273, -3.885643, -0.009111, -1.871809, -0.86224, 0.0
5482.0, -0.686628, -3.901613, -0.009395, -1.871809, -0.86224, 0.0
5482.0, -0.686628, -3.901613, -0.009395, -1.871809, -0.86224, 0.0
5498.0, -0.675766, -3.91767, -0.009764, -1.871809, -0.86224, 0.0
5498.0, -0.675766, -3.91767, -0.009764, -1.871809, -0.86224, 0.0
5513.0, -0.664638, -3.933829, -0.010193, -1.871809, -0.86224, 0.0
5530.0, -0.653208, -3.950107, -0.010661, -1.871809, -0.86224, 0.0
5530.0, -0.653208, -3.950107, -0.010661, -1.871809, -0.86224, 0.0
5548.0, -0.641443, -3.966516, -0.011151, -1.871809, -0.86224, 0.0
5548.0, -0.641443, -3.966516, -0.011151, -1.871809, -0.86224, 0.0
5564.0, -0.629318, -3.983069, -0.011646, -1.871809, -0.86224, 0.0
5582.0, -0.616812, -3.999775, -0.012134, -1.871809, -0.86224, 0.0
5582.0, -0.616812, -3.999775, -0.012134, -1.871809, -0.86224, 0.0
5598.0, -0.604002, -4.0166, -0.012565, -2.049259, -0.686136, 0.0
5598.0, -0.604002, -4.0166, -0.012565, -2.049259, -0.686136, 0.0
5614.0, -0.590994, -4.033497, -0.012894, -2.049259, -0.686136, 0.0
5632.0, -0.577894, -4.050421, -0.013096, -2.049259, -0.686136, 0.0
5632.0, -0.577894, -4.050421, -0.013096, -2.049259, -0.686136, 0.0
5648.0, -0.5648, -4.06733, -0.013159, -2.049259, -0.686136, 0.0
5648.0, -0.5648, -4.06733, -0.013159, -2.049259, -0.686136, 0.0
5664.0, -0.551795, -4.08419, -0.013091, -2.049259, -0.686136, 0.0
5682.0, -0.53895, -4.100972, -0.012905, -2.049259, -0.686136, 0.0
5682.0, -0.53895, -4.100972, -0.012905, -2.049259, -0.686136, 0.0
5699.0, -0.526328, -4.117645, -0.01262, -2.049259, -0.686136, 0.0
5699.0, -0.526328, -4.117645, -0.01262, -2.049259, -0.686136, 0.0
5715.0, -0.513971, -4.134192, -0.01226, -2.049259, -0.686136, 0.0
5732.0, -0.501915, -4.150598, -0.011848, -2.049259, -0.686136, 0.0
5732.0, -0.501915, -4.150598, -0.011848, -2.049259, -0.686136, 0.0
5749.0, -0.490191, -4.166847, -0.011405, -2.049259, -0.686136, 0.0
5749.0, -0.490191, -4.166847, -0.011405, -2.049259, -0.686136, 0.0
5764.0, -0.478821, -4.182928, -0.010946, -2.049259, -0.686136, 0.0
5782.0, -0.467824, -4.19883, -0.010486, -2.049259, -0.686136, 0.0
5782.0, -0.467824, -4.19883, -0.010486, -2.049259, -0.686136, 0.0
5798.0, -0.457119, -4.214593, -0.010077, -2.049259, -0.686136, 0.0
5798.0, -0.457119, -4.214593, -0.010077, -2.049259, -0.686136, 0.0
5814.0, -0.446604, -4.230265, -0.009761, -2.049259, -0.686136, 0.0
5832.0, -0.436175, -4.24589, -0.009566, -2.049259, -0.686136, 0.0
5832.0, -0.436175, -4.24589, -0.009566, -2.049259, -0.686136, 0.0
5848.0, -0.425737, -4.261513, -0.009503, -2.226708, -0.510032, 0.0
5848.0, -0.425737, -4.261513, -0.009503, -2.226708, -0.510032, 0.0
5865.0, -0.415207, -4.277171, -0.009566, -2.226708, -0.510032, 0.0
5883.0, -0.404515, -4.292894, -0.009743, -2.226708, -0.510032, 0.0
5883.0, -0.404515, -4.292894, -0.009743, -2.226708, -0.510032, 0.0
5898.0, -0.393607, -4.308703, -0.010014, -2.226708, -0.510032, 0.0
5898.0, -0.393607, -4.308703, -0.010014, -2.226708, -0.510032, 0.0
5915.0, -0.382433, -4.32462, -0.010359, -2.226708, -0.510032, 0.0
5931.0, -0.370952, -4.340664, -0.010758, -2.226708, -0.510032, 0.0
5931.0, -0.370952, -4.340664, -0.010758, -2.226708, -0.510032, 0.0
5949.0, -0.359132, -4.35685, -0.011193, -2.226708, -0.510032, 0.0
5949.0, -0.359132, -4.35685, -0.011193, -2.226708, -0.510032, 0.0
5964.0, -0.346949, -4.373187, -0.011645, -2.226708, -0.510032, 0.0
5982.0, -0.334382, -4.389685, -0.0121, -2.226708, -0.510032, 0.0
5982.0, -0.334382, -4.389685, -0.0121, -2.226708, -0.510032, 0.0
5998.0, -0.321504, -4.406315, -0.01251, -2.226708, -0.510032, 0.0
5998.0, -0.321504, -4.406315, -0.01251, -2.226708, -0.510032, 0.0
6014.0, -0.308424, -4.423024, -0.012824, -2.226708, -0.510032, 0.0
6031.0, -0.295249, -4.439763, -0.013015, -2.226708, -0.510032, 0.0
6031.0, -0.295249, -4.439763, -0.013015, -2.226708, -0.510032, 0.0
6048.0, -0.282077, -4.456488, -0.013073, -2.226708, -0.510032, 0.0
6048.0, -0.282077, -4.456488, -0.013073, -2.226708, -0.510032, 0.0
6064.0, -0.268993, -4.473163, -0.013002, -2.226708, -0.510032, 0.0
6082.0, -0.256066, -4.48976, -0.012814, -2.226708, -0.510032, 0.0
6082.0, -0.256066, -4.48976, -0.012814, -2.226708, -0.510032, 0.0
6099.0, -0.243355, -4.506252, -0.012531, -2.404158, -0.333927, 0.0
6099.0, -0.243355, -4.506252, -0.012531, -2.404158, -0.333927, 0.0
6115.0, -0.230907, -4.522617, -0.012174, -2.404158, -0.333927, 0.0
6132.0, -0.218758, -4.538838, -0.011764, -2.404158, -0.333927, 0.0
6132.0, -0.218758, -4.538838, -0.011764, -2.404158, -0.333927, 0.0
6148.0, -0.20694, -4.5549, -0.011322, -2.404158, -0.333927, 0.0
6148.0, -0.20694, -4.5549, -0.011322, -2.404158, -0.333927, 0.0
6164.0, -0.195474, -4.570788, -0.010864, -2.404158, -0.333927, 0.0
6182.0, -0.18438, -4.586494, -0.010404, -2.404158, -0.333927, 0.0
6182.0, -0.18438, -4.586494, -0.010404, -2.404158, -0.333927, 0.0
6199.0, -0.173586, -4.602046, -0.009991, -2.404158, -0.333927, 0.0
6199.0, -0.173586, -4.602046, -0.009991, -2.404158, -0.333927, 0.0
6214.0, -0.162984, -4.6175, -0.009672, -2.404158, -0.333927, 0.0
6231.0, -0.152467, -4.632908, -0.009474, -2.404158, -0.333927, 0.0
6231.0, -0.152467, -4.632908, -0.009474, -2.404158, -0.333927, 0.0
6247.0, -0.14194, -4.648314, -0.009409, -2.404158, -0.333927, 0.0
6247.0, -0.14194, -4.648314, -0.009409, -2.404158, -0.333927, 0.0
6264.0, -0.13132, -4.663758, -0.009472, -2.404158, -0.333927, 0.0
6282.0, -0.120537, -4.679271, -0.009649, -2.404158, -0.333927, 0.0
6282.0, -0.120537, -4.679271, -0.009649, -2.404158, -0.333927, 0.0
6298.0, -0.10953, -4.694883, -0.009923, -2.404158, -0.333927, 0.0
6298.0, -0.10953, -4.694883, -0.009923, -2.404158, -0.333927, 0.0
6315.0, -0.098254, -4.710612, -0.010272, -2.404158, -0.333927, 0.0
6332.0, -0.086671, -4.726471, -0.010673, -2.404158, -0.333927, 0.0
6332.0, -0.086671, -4.726471, -0.010673, -2.404158, -0.333927, 0.0
6348.0, -0.074752, -4.742473, -0.011108, -2.581608, -0.157823, 0.0
6348.0, -0.074752, -4.742473, -0.011108, -2.581608, -0.157823, 0.0
6365.0, -0.06247, -4.758628, -0.011559, -2.581608, -0.157823, 0.0
6383.0, -0.049808, -4.774947, -0.012013, -2.581608, -0.157823, 0.0
6383.0, -0.049808, -4.774947, -0.012013, -2.581608, -0.157823, 0.0
6399.0, -0.036846, -4.791385, -0.012416, -2.581608, -0.157823, 0.0
6399.0, -0.036846, -4.791385, -0.012416, -2.581608, -0.157823, 0.0
6414.0, -0.023686, -4.8079, -0.012725, -2.581608, -0.157823, 0.0
6432.0, -0.010433, -4.824444, -0.012914, -2.581608, -0.157823, 0.0
6432.0, -0.010433, -4.824444, -0.012914, -2.581608, -0.157823, 0.0
6449.0, 0.002818, -4.840976, -0.012971, -2.581608, -0.157823, 0.0
6449.0, 0.002818, -4.840976, -0.012971, -2.581608, -0.157823, 0.0
6464.0, 0.015983, -4.857459, -0.0129, -2.581608, -0.157823, 0.0
6482.0, 0.028992, -4.873864, -0.012715, -2.581608, -0.157823, 0.0
6482.0, 0.028992, -4.873864, -0.012715, -2.581608, -0.157823, 0.0
6498.0, 0.041792, -4.890169, -0.012437, -2.581608, -0.157823, 0.0
6498.0, 0.041792, -4.890169, -0.012437, -2.581608, -0.157823, 0.0
6514.0, 0.054334, -4.906349, -0.012085, -2.581608, -0.157823, 0.0
6531.0, 0.066578, -4.922383, -0.01168, -2.581608, -0.157823, 0.0
6532.0, 0.066578, -4.922383, -0.01168, -2.581608, -0.157823, 0.0
6548.0, 0.078494, -4.938254, -0.011241, -2.581608, -0.157823, 0.0
6548.0, 0.078494, -4.938254, -0.011241, -2.581608, -0.157823, 0.0
6564.0, 0.090057, -4.953949, -0.010786, -2.581608, -0.157823, 0.0
6582.0, 0.101249, -4.969458, -0.010327, -2.581608, -0.157823, 0.0
6582.0, 0.101249, -4.969458, -0.010327, -2.581608, -0.157823, 0.0
6599.0, 0.112144, -4.98481, -0.009915, -2.759058, 0.018281, 0.0
6599.0, 0.112144, -4.98481, -0.009915, -2.759058, 0.018281, 0.0
6614.0, 0.122847, -5.000062, -0.009596, -2.759058, 0.018281, 0.0
6632.0, 0.133464, -5.015267, -0.009398, -2.759058, 0.018281, 0.0
6632.0, 0.133464, -5.015267, -0.009398, -2.759058, 0.018281, 0.0
6649.0, 0.144092, -5.030471, -0.009331, -2.759058, 0.018281, 0.0
6649.0, 0.144092, -5.030471, -0.009331, -2.759058, 0.018281, 0.0
6664.0, 0.154812, -5.045713, -0.009392, -2.759058, 0.018281, 0.0
6682.0, 0.165694, -5.061026, -0.009567, -2.759058, 0.018281, 0.0
6682.0, 0.165694, -5.061026, -0.009567, -2.759058, 0.018281, 0.0
6698.0, 0.176799, -5.076439, -0.009838, -2.759058, 0.018281, 0.0
6698.0, 0.176799, -5.076439, -0.009838, -2.759058, 0.018281, 0.0
6714.0, 0.188173, -5.091972, -0.010185, -2.759058, 0.018281, 0.0
6732.0, 0.199851, -5.107637, -0.010584, -2.759058, 0.018281, 0.0
6732.0, 0.199851, -5.107637, -0.010584, -2.759058, 0.018281, 0.0
6748.0, 0.211864, -5.123449, -0.011017, -2.759058, 0.018281, 0.0
6748.0, 0.211864, -5.123449, -0.011017, -2.759058, 0.018281, 0.0
6764.0, 0.224238, -5.139417, -0.011466, -2.759058, 0.018281, 0.0
6782.0, 0.236991, -5.155551, -0.011919, -2.759058, 0.018281, 0.0
6782.0, 0.236991, -5.155551, -0.011919, -2.759058, 0.018281, 0.0
6799.0, 0.250048, -5.171815, -0.012323, -2.759058, 0.018281, 0.0
6799.0, 0.250048, -5.171815, -0.012323, -2.759058, 0.018281, 0.0
6815.0, 0.263303, -5.188159, -0.012634, -2.759058, 0.018281, 0.0
6832.0, 0.27665, -5.204533, -0.012823, -2.759058, 0.018281, 0.0
6832.0, 0.27665, -5.204533, -0.012823, -2.759058, 0.018281, 0.0
6849.0, 0.289995, -5.220893, -0.01288, -2.936507, 0.194386, 0.0
6849.0, 0.289995, -5.220893, -0.01288, -2.936507, 0.194386, 0.0
6864.0, 0.303253, -5.237203, -0.012809, -2.936507, 0.194386, 0.0
6883.0, 0.316355, -5.253431, -0.012625, -2.936507, 0.194386, 0.0
6883.0, 0.316355, -5.253431, -0.012625, -2.936507, 0.194386, 0.0
6899.0, 0.329239, -5.269546, -0.012344, -2.936507, 0.194386, 0.0
6899.0, 0.329239, -5.269546, -0.012344, -2.936507, 0.194386, 0.0
6914.0, 0.341862, -5.285528, -0.011989, -2.936507, 0.194386, 0.0
6931.0, 0.354189, -5.301361, -0.011583, -2.936507, 0.194386, 0.0
6931.0, 0.354189, -5.301361, -0.011583, -2.936507, 0.194386, 0.0
6947.0, 0.36619, -5.317029, -0.011145, -2.936507, 0.194386, 0.0
6947.0, 0.36619, -5.317029, -0.011145, -2.936507, 0.194386, 0.0
6964.0, 0.377842, -5.332521, -0.010692, -2.936507, 0.194386, 0.0
6982.0, 0.389126, -5.347824, -0.010237, -2.936507, 0.194386, 0.0
6982.0, 0.389126, -5.347824, -0.010237, -2.936507, 0.194386, 0.0
6998.0, 0.400123, -5.362982, -0.009832, -2.936507, 0.194386, 0.0
6998.0, 0.400123, -5.362982, -0.009832, -2.936507, 0.194386, 0.0
7014.0, 0.410933, -5.378042, -0.009518, -2.936507, 0.194386, 0.0
7032.0, 0.421658, -5.393054, -0.009324, -2.936507, 0.194386, 0.0
7032.0, 0.421658, -5.393054, -0.009324, -2.936507, 0.194386, 0.0
7048.0, 0.432394, -5.408066, -0.009258, -2.936507, 0.194386, 0.0
7048.0, 0.432394, -5.408066, -0.009258, -2.936507, 0.194386, 0.0
7065.0, 0.443221, -5.423114, -0.009319, -2.936507, 0.194386, 0.0
7083.0, 0.454208, -5.438234, -0.009492, -2.936507, 0.194386, 0.0
7083.0, 0.454208, -5.438234, -0.009492, -2.936507, 0.194386, 0.0
7098.0, 0.465408, -5.453445, -0.009757, -3.113957, 0.37049, 0.0
7098.0, 0.465408, -5.453445, -0.009757, -3.113957, 0.37049, 0.0
7115.0, 0.476871, -5.468772, -0.010097, -3.113957, 0.37049, 0.0
7132.0, 0.488638, -5.484235, -0.010491, -3.113957, 0.37049, 0.0
7132.0, 0.488638, -5.484235, -0.010491, -3.113957, 0.37049, 0.0
7148.0, 0.500738, -5.499849, -0.01092, -3.113957, 0.37049, 0.0
7148.0, 0.500738, -5.499849, -0.01092, -3.113957, 0.37049, 0.0
7164.0, 0.513198, -5.515624, -0.011368, -3.113957, 0.37049, 0.0
7181.0, 0.526036, -5.53157, -0.011819, -3.113957, 0.37049, 0.0
7181.0, 0.526036, -5.53157, -0.011819, -3.113957, 0.37049, 0.0
7198.0, 0.539182, -5.547657, -0.012226, -3.113957, 0.37049, 0.0
7198.0, 0.539182, -5.547657, -0.012226, -3.113957, 0.37049, 0.0
7214.0, 0.552527, -5.563827, -0.01254, -3.113957, 0.37049, 0.0
7231.0, 0.565966, -5.58003, -0.012732, -3.113957, 0.37049, 0.0
7231.0, 0.565966, -5.58003, -0.012732, -3.113957, 0.37049, 0.0
7248.0, 0.579402, -5.596219, -0.012792, -3.113957, 0.37049, 0.0
7248.0, 0.579402, -5.596219, -0.012792, -3.113957, 0.37049, 0.0
7265.0, 0.592752, -5.612357, -0.012723, -3.113957, 0.37049, 0.0
7282.0, 0.605945, -5.628411, -0.012541, -3.113957, 0.37049, 0.0
7282.0, 0.605945, -5.628411, -0.012541, -3.113957, 0.37049, 0.0
7299.0, 0.618927, -5.644354, -0.012263, -3.113957, 0.37049, 0.0
7299.0, 0.618927, -5.644354, -0.012263, -3.113957, 0.37049, 0.0
7314.0, 0.631649, -5.660164, -0.011912, -3.113957, 0.37049, 0.0
7332.0, 0.644076, -5.675822, -0.011508, -3.113957, 0.37049, 0.0
7332.0, 0.644076, -5.675822, -0.011508, -3.113957, 0.37049, 0.0
7349.0, 0.656178, -5.691311, -0.011071, -3.291407, 0.546594, 0.0
7349.0, 0.656178, -5.691311, -0.011071, -3.291407, 0.546594, 0.0
7364.0, 0.667932, -5.706618, -0.010619, -3.291407, 0.546594, 0.0
7384.0, 0.679319, -5.721731, -0.010163, -3.291407, 0.546594, 0.0
7384.0, 0.679319, -5.721731, -0.010163, -3.291407, 0.546594, 0.0
7398.0, 0.690412, -5.736684, -0.009753, -3.291407, 0.546594, 0.0
7398.0, 0.690412, -5.736684, -0.009753, -3.291407, 0.546594, 0.0
7414.0, 0.701315, -5.751533, -0.009436, -3.291407, 0.546594, 0.0
7431.0, 0.712134, -5.766334, -0.009238, -3.291407, 0.546594, 0.0
7431.0, 0.712134, -5.766334, -0.009238, -3.291407, 0.546594, 0.0
7447.0, 0.722964, -5.781135, -0.009171, -3.291407, 0.546594, 0.0
7447.0, 0.722964, -5.781135, -0.009171, -3.291407, 0.546594, 0.0
7464.0, 0.733885, -5.795977, -0.00923, -3.291407, 0.546594, 0.0
7482.0, 0.744967, -5.810892, -0.009402, -3.291407, 0.546594, 0.0
7482.0, 0.744967, -5.810892, -0.009402, -3.291407, 0.546594, 0.0
7498.0, 0.756271, -5.825914, -0.009671, -3.291407, 0.546594, 0.0
7498.0, 0.756271, -5.825914, -0.009671, -3.291407, 0.546594, 0.0
7514.0, 0.76784, -5.84106, -0.010014, -3.291407, 0.546594, 0.0
7531.0, 0.779711, -5.856346, -0.01041, -3.291407, 0.546594, 0.0
7531.0, 0.779711, -5.856346, -0.01041, -3.291407, 0.546594, 0.0
7548.0, 0.791915, -5.871785, -0.010839, -3.291407, 0.546594, 0.0
7548.0, 0.791915, -5.871785, -0.010839, -3.291407, 0.546594, 0.0
7565.0, 0.804474, -5.887388, -0.011286, -3.291407, 0.546594, 0.0
7583.0, 0.817409, -5.903166, -0.011735, -3.291407, 0.546594, 0.0
7583.0, 0.817409, -5.903166, -0.011735, -3.291407, 0.546594, 0.0
7599.0, 0.83064, -5.919073, -0.012135, -3.468856, 0.722698, 0.0
7599.0, 0.83064, -5.919073, -0.012135, -3.468856, 0.722698, 0.0
7615.0, 0.844065, -5.935062, -0.012444, -3.468856, 0.722698, 0.0
7632.0, 0.857582, -5.951084, -0.012633, -3.468856, 0.722698, 0.0
7632.0, 0.857582, -5.951084, -0.012633, -3.468856, 0.722698, 0.0
7648.0, 0.871097, -5.967093, -0.012692, -3.468856, 0.722698, 0.0
7648.0, 0.871097, -5.967093, -0.012692, -3.468856, 0.722698, 0.0
7664.0, 0.884527, -5.983051, -0.012625, -3.468856, 0.722698, 0.0
7682.0, 0.897804, -5.998926, -0.012446, -3.468856, 0.722698, 0.0
7682.0, 0.897804, -5.998926, -0.012446, -3.468856, 0.722698, 0.0
7698.0, 0.910876, -6.014695, -0.012174, -3.468856, 0.722698, 0.0
7698.0, 0.910876, -6.014695, -0.012174, -3.468856, 0.722698, 0.0
7715.0, 0.923693, -6.03033, -0.011829, -3.468856, 0.722698, 0.0
7731.0, 0.936217, -6.04581, -0.01143, -3.468856, 0.722698, 0.0
7731.0, 0.936217, -6.04581, -0.01143, -3.468856, 0.722698, 0.0
7748.0, 0.948418, -6.061119, -0.010998, -3.468856, 0.722698, 0.0
7748.0, 0.948418, -6.061119, -0.010998, -3.468856, 0.722698, 0.0
7765.0, 0.960272, -6.076241, -0.010548, -3.468856, 0.722698, 0.0
7783.0, 0.971762, -6.091165, -0.010095, -3.468856, 0.722698, 0.0
7783.0, 0.971762, -6.091165, -0.010095, -3.468856, 0.722698, 0.0
7798.0, 0.982958, -6.105925, -0.009686, -3.468856, 0.722698, 0.0
7798.0, 0.982958, -6.105925, -0.009686, -3.468856, 0.722698, 0.0
7815.0, 0.993966, -6.12058, -0.009369, -3.468856, 0.722698, 0.0
7832.0, 1.004891, -6.135185, -0.00917, -3.468856, 0.722698, 0.0
7832.0, 1.004891, -6.135185, -0.00917, -3.468856, 0.722698, 0.0
7848.0, 1.015825, -6.14979, -0.009101, -3.646306, 0.898803, 0.0
7848.0, 1.015825, -6.14979, -0.009101, -3.646306, 0.898803, 0.0
7864.0, 1.026851, -6.164436, -0.009158, -3.646306, 0.898803, 0.0
7882.0, 1.038036, -6.179159, -0.009328, -3.646306, 0.898803, 0.0
7882.0, 1.038036, -6.179159, -0.009328, -3.646306, 0.898803, 0.0
7898.0, 1.049441, -6.193991, -0.009594, -3.646306, 0.898803, 0.0
7898.0, 1.049441, -6.193991, -0.009594, -3.646306, 0.898803, 0.0
7914.0, 1.061111, -6.20895, -0.009934, -3.646306, 0.898803, 0.0
7931.0, 1.07308, -6.224051, -0.010327, -3.646306, 0.898803, 0.0
7932.0, 1.07308, -6.224051, -0.010327, -3.646306, 0.898803, 0.0
7949.0, 1.085379, -6.23931, -0.010754, -3.646306, 0.898803, 0.0
7949.0, 1.085379, -6.23931, -0.010754, -3.646306, 0.898803, 0.0
7965.0, 1.098032, -6.254738, -0.011198, -3.646306, 0.898803, 0.0
7983.0, 1.111059, -6.270345, -0.011645, -3.646306, 0.898803, 0.0
7983.0, 1.111059, -6.270345, -0.011645, -3.646306, 0.898803, 0.0
7998.0, 1.124384, -6.286091, -0.012046, -3.646306, 0.898803, 0.0
7998.0, 1.124384, -6.286091, -0.012046, -3.646306, 0.898803, 0.0
8015.0, 1.137904, -6.301923, -0.012356, -3.646306, 0.898803, 0.0
8032.0, 1.151515, -6.317788, -0.012545, -3.646306, 0.898803, 0.0
8032.0, 1.151515, -6.317788, -0.012545, -3.646306, 0.898803, 0.0
8048.0, 1.165124, -6.33364, -0.012605, -3.646306, 0.898803, 0.0
8048.0, 1.165124, -6.33364, -0.012605, -3.646306, 0.898803, 0.0
8065.0, 1.178647, -6.349439, -0.01254, -3.646306, 0.898803, 0.0
8082.0, 1.192017, -6.365151, -0.012361, -3.646306, 0.898803, 0.0
8082.0, 1.192017, -6.365151, -0.012361, -3.646306, 0.898803, 0.0
8098.0, 1.205173, -6.380742, -0.012086, -3.823756, 1.074907, 0.0
8098.0, 1.205173, -6.380742, -0.012086, -3.823756, 1.074907, 0.0
8114.0, 1.218072, -6.396193, -0.011739, -3.823756, 1.074907, 0.0
8131.0, 1.23068, -6.411485, -0.011341, -3.823756, 1.074907, 0.0
8131.0, 1.23068, -6.411485, -0.011341, -3.823756, 1.074907, 0.0
8148.0, 1.242975, -6.426612, -0.010909, -3.823756, 1.074907, 0.0
8148.0, 1.242975, -6.426612, -0.010909, -3.823756, 1.074907, 0.0
8165.0, 1.25492, -6.441541, -0.010463, -3.823756, 1.074907, 0.0
8182.0, 1.266505, -6.456269, -0.010013, -3.823756, 1.074907, 0.0
8182.0, 1.266505, -6.456269, -0.010013, -3.823756, 1.074907, 0.0
8198.0, 1.277807, -6.470843, -0.009612, -3.823756, 1.074907, 0.0
8198.0, 1.277807, -6.470843, -0.009612, -3.823756, 1.074907, 0.0
8215.0, 1.288926, -6.485313, -0.009301, -3.823756, 1.074907, 0.0
8231.0, 1.299963, -6.499734, -0.009106, -3.823756, 1.074907, 0.0
8231.0, 1.299963, -6.499734, -0.009106, -3.823756, 1.074907, 0.0
8248.0, 1.311009, -6.514154, -0.009039, -3.823756, 1.074907, 0.0
8248.0, 1.311009, -6.514154, -0.009039, -3.823756, 1.074907, 0.0
8265.0, 1.322146, -6.528616, -0.009095, -3.823756, 1.074907, 0.0
8283.0, 1.333439, -6.543155, -0.009262, -3.823756, 1.074907, 0.0
8283.0, 1.333439, -6.543155, -0.009262, -3.823756, 1.074907, 0.0
8298.0, 1.344943, -6.557793, -0.009521, -3.823756, 1.074907, 0.0
8298.0, 1.344943, -6.557793, -0.009521, -3.823756, 1.074907, 0.0
8314.0, 1.356704, -6.572557, -0.009854, -3.823756, 1.074907, 0.0
8332.0, 1.368763, -6.587468, -0.010241, -3.823756, 1.074907, 0.0
8332.0, 1.368763, -6.587468, -0.010241, -3.823756, 1.074907, 0.0
8348.0, 1.38115, -6.602541, -0.010663, -4.001213, 1.251018, 0.0
8348.0, 1.38115, -6.602541, -0.010663, -4.001213, 1.251018, 0.0
8364.0, 1.39389, -6.617789, -0.011104, -4.001213, 1.251018, 0.0
8382.0, 1.407001, -6.633223, -0.011551, -4.001213, 1.251018, 0.0
8382.0, 1.407001, -6.633223, -0.011551, -4.001213, 1.251018, 0.0
8398.0, 1.420415, -6.648806, -0.011954, -4.001213, 1.251018, 0.0
8398.0, 1.420415, -6.648806, -0.011954, -4.001213, 1.251018, 0.0
8415.0, 1.434025, -6.664481, -0.012266, -4.001213, 1.251018, 0.0
8432.0, 1.447726, -6.680191, -0.012458, -4.001213, 1.251018, 0.0
8432.0, 1.447726, -6.680191, -0.012458, -4.001213, 1.251018, 0.0
8449.0, 1.461424, -6.695888, -0.012521, -4.001213, 1.251018, 0.0
8449.0, 1.461424, -6.695888, -0.012521, -4.001213, 1.251018, 0.0
8465.0, 1.475038, -6.71153, -0.012458, -4.001213, 1.251018, 0.0
8483.0, 1.488498, -6.727083, -0.012282, -4.001213, 1.251018, 0.0
8483.0, 1.488498, -6.727083, -0.012282, -4.001213, 1.251018, 0.0
8498.0, 1.501746, -6.742512, -0.01201, -4.001213, 1.251018, 0.0
8498.0, 1.501746, -6.742512, -0.01201, -4.001213, 1.251018, 0.0
8515.0, 1.514738, -6.757797, -0.011665, -4.001213, 1.251018, 0.0
8532.0, 1.527441, -6.77292, -0.011269, -4.001213, 1.251018, 0.0
8532.0, 1.527441, -6.77292, -0.011269, -4.001213, 1.251018, 0.0
8547.0, 1.539827, -6.787864, -0.01084, -4.001213, 1.251018, 0.0
8548.0, 1.539827, -6.787864, -0.01084, -4.001213, 1.251018, 0.0
8564.0, 1.551872, -6.802614, -0.010396, -4.001213, 1.251018, 0.0
8582.0, 1.563558, -6.81716, -0.009948, -4.001213, 1.251018, 0.0
8582.0, 1.563558, -6.81716, -0.009948, -4.001213, 1.251018, 0.0
8598.0, 1.574965, -6.831546, -0.009548, -4.178662, 1.427122, 0.0
8598.0, 1.574965, -6.831546, -0.009548, -4.178662, 1.427122, 0.0
8614.0, 1.586222, -6.845869, -0.009236, -4.178662, 1.427122, 0.0
8631.0, 1.597365, -6.8601, -0.009041, -4.178662, 1.427122, 0.0
8631.0, 1.597365, -6.8601, -0.009041, -4.178662, 1.427122, 0.0
8648.0, 1.608518, -6.874331, -0.008973, -4.178662, 1.427122, 0.0
8648.0, 1.608518, -6.874331, -0.008973, -4.178662, 1.427122, 0.0
8664.0, 1.619761, -6.888605, -0.009028, -4.178662, 1.427122, 0.0
8683.0, 1.63116, -6.902958, -0.009193, -4.178662, 1.427122, 0.0
8683.0, 1.63116, -6.902958, -0.009193, -4.178662, 1.427122, 0.0
8698.0, 1.642767, -6.917415, -0.009449, -4.178662, 1.427122, 0.0
8698.0, 1.642767, -6.917415, -0.009449, -4.178662, 1.427122, 0.0
8715.0, 1.654631, -6.932001, -0.009779, -4.178662, 1.427122, 0.0
8732.0, 1.666789, -6.946738, -0.010163, -4.178662, 1.427122, 0.0
8732.0, 1.666789, -6.946738, -0.010163, -4.178662, 1.427122, 0.0
8749.0, 1.679274, -6.961641, -0.010583, -4.178662, 1.427122, 0.0
8749.0, 1.679274, -6.961641, -0.010583, -4.178662, 1.427122, 0.0
8765.0, 1.692108, -6.976725, -0.011022, -4.178662, 1.427122, 0.0
8782.0, 1.705311, -6.991999, -0.011466, -4.178662, 1.427122, 0.0
8782.0, 1.705311, -6.991999, -0.011466, -4.178662, 1.427122, 0.0
8798.0, 1.718809, -7.007421, -0.011865, -4.178662, 1.427122, 0.0
8798.0, 1.718809, -7.007421, -0.011865, -4.178662, 1.427122, 0.0
8814.0, 1.7325, -7.022937, -0.012175, -4.178662, 1.427122, 0.0
8832.0, 1.746282, -7.038489, -0.012367, -4.178662, 1.427122, 0.0
8832.0, 1.746282, -7.038489, -0.012367, -4.178662, 1.427122, 0.0
8848.0, 1.760061, -7.054028, -0.012431, -4.356147, 1.603261, 0.0
8848.0, 1.760061, -7.054028, -0.012431, -4.356147, 1.603261, 0.0
8864.0, 1.773758, -7.069512, -0.012371, -4.356147, 1.603261, 0.0
8882.0, 1.787303, -7.084907, -0.012199, -4.356147, 1.603261, 0.0
8882.0, 1.787303, -7.084907, -0.012199, -4.356147, 1.603261, 0.0
8898.0, 1.800648, -7.100187, -0.011936, -4.356147, 1.603261, 0.0
8898.0, 1.800648, -7.100187, -0.011936, -4.356147, 1.603261, 0.0
8914.0, 1.813744, -7.115325, -0.011599, -4.356147, 1.603261, 0.0
8932.0, 1.826553, -7.130296, -0.011209, -4.356147, 1.603261, 0.0
8932.0, 1.826553, -7.130296, -0.011209, -4.356147, 1.603261, 0.0
8948.0, 1.839045, -7.145082, -0.010784, -4.356147, 1.603261, 0.0
8948.0, 1.839045, -7.145082, -0.010784, -4.356147, 1.603261, 0.0
8964.0, 1.851199, -7.159669, -0.010342, -4.356147, 1.603261, 0.0
8982.0, 1.862995, -7.174044, -0.009895, -4.356147, 1.603261, 0.0
8982.0, 1.862995, -7.174044, -0.009895, -4.356147, 1.603261, 0.0
8999.0, 1.874421, -7.188199, -0.009454, -4.356147, 1.603261, 0.0
8999.0, 1.874421, -7.188199, -0.009454, -4.356147, 1.603261, 0.0
9015.0, 1.885463, -7.202127, -0.009025, -4.356147, 1.603261, 0.0
9032.0, 1.896113, -7.215821, -0.008616, -4.356147, 1.603261, 0.0
9032.0, 1.896113, -7.215821, -0.008616, -4.356147, 1.603261, 0.0
9049.0, 1.906364, -7.229279, -0.008227, -4.356147, 1.603261, 0.0
9049.0, 1.906364, -7.229279, -0.008227, -4.356147, 1.603261, 0.0
9065.0, 1.91621, -7.242496, -0.007861, -4.356147, 1.603261, 0.0
9083.0, 1.925647, -7.25547, -0.007518, -4.356147, 1.603261, 0.0
9083.0, 1.925647, -7.25547, -0.007518, -4.356147, 1.603261, 0.0
9098.0, 1.934757, -7.268241, -0.007234, -4.533596, 1.779365, 0.0
9098.0, 1.934757, -7.268241, -0.007234, -4.533596, 1.779365, 0.0
9114.0, 1.943652, -7.280875, -0.007046, -4.533596, 1.779365, 0.0
9131.0, 1.952444, -7.293432, -0.006975, -4.533596, 1.779365, 0.0
9131.0, 1.952444, -7.293432, -0.006975, -4.533596, 1.779365, 0.0
9148.0, 1.961231, -7.305964, -0.007027, -4.533596, 1.779365, 0.0
9148.0, 1.961231, -7.305964, -0.007027, -4.533596, 1.779365, 0.0
9165.0, 1.970099, -7.31852, -0.007194, -4.533596, 1.779365, 0.0
9183.0, 1.979115, -7.331131, -0.007462, -4.533596, 1.779365, 0.0
9183.0, 1.979115, -7.331131, -0.007462, -4.533596, 1.779365, 0.0
9198.0, 1.988344, -7.343833, -0.007813, -4.533596, 1.779365, 0.0
9198.0, 1.988344, -7.343833, -0.007813, -4.533596, 1.779365, 0.0
9215.0, 1.997833, -7.356646, -0.008227, -4.533596, 1.779365, 0.0
9232.0, 2.007618, -7.369587, -0.008682, -4.533596, 1.779365, 0.0
9232.0, 2.007618, -7.369587, -0.008682, -4.533596, 1.779365, 0.0
9248.0, 2.017733, -7.382669, -0.00916, -4.533596, 1.779365, 0.0
9248.0, 2.017733, -7.382669, -0.00916, -4.533596, 1.779365, 0.0
9265.0, 2.028203, -7.395904, -0.009647, -4.533596, 1.779365, 0.0
9283.0, 2.039048, -7.409302, -0.01013, -4.533596, 1.779365, 0.0
9283.0, 2.039048, -7.409302, -0.01013, -4.533596, 1.779365, 0.0
9299.0, 2.050279, -7.422867, -0.010597, -4.533596, 1.779365, 0.0
9299.0, 2.050279, -7.422867, -0.010597, -4.533596, 1.779365, 0.0
9315.0, 2.061912, -7.436612, -0.011043, -4.533596, 1.779365, 0.0
9331.0, 2.073956, -7.450545, -0.011464, -4.533596, 1.779365, 0.0
9331.0, 2.073956, -7.450545, -0.011464, -4.533596, 1.779365, 0.0
9348.0, 2.086421, -7.464673, -0.011857, -4.711047, 1.955471, 0.0
9348.0, 2.086421, -7.464673, -0.011857, -4.711047, 1.955471, 0.0
9364.0, 2.099311, -7.479002, -0.012223, -4.711047, 1.955471, 0.0
9382.0, 2.11263, -7.493535, -0.01256, -4.711047, 1.955471, 0.0
9382.0, 2.11263, -7.493535, -0.01256, -4.711047, 1.955471, 0.0
9398.0, 2.126299, -7.508234, -0.012833, -4.711047, 1.955471, 0.0
9398.0, 2.126299, -7.508234, -0.012833, -4.711047, 1.955471, 0.0
9415.0, 2.1402, -7.523036, -0.013005, -4.711047, 1.955471, 0.0
9431.0, 2.154222, -7.537884, -0.013056, -4.711047, 1.955471, 0.0
9431.0, 2.154222, -7.537884, -0.013056, -4.711047, 1.955471, 0.0
9448.0, 2.168265, -7.552725, -0.01298, -4.711047, 1.955471, 0.0
9448.0, 2.168265, -7.552725, -0.01298, -4.711047, 1.955471, 0.0
9465.0, 2.182241, -7.567516, -0.012787, -4.711047, 1.955471, 0.0
9483.0, 2.196081, -7.582222, -0.012493, -4.711047, 1.955471, 0.0
9483.0, 2.196081, -7.582222, -0.012493, -4.711047, 1.955471, 0.0
9499.0, 2.209721, -7.596806, -0.012116, -4.711047, 1.955471, 0.0
9499.0, 2.209721, -7.596806, -0.012116, -4.711047, 1.955471, 0.0
9514.0, 2.223117, -7.611246, -0.01168, -4.711047, 1.955471, 0.0
9533.0, 2.236236, -7.625524, -0.011206, -4.711047, 1.955471, 0.0
9533.0, 2.236236, -7.625524, -0.011206, -4.711047, 1.955471, 0.0
9548.0, 2.249046, -7.639617, -0.010714, -4.711047, 1.955471, 0.0
9548.0, 2.249046, -7.639617, -0.010714, -4.711047, 1.955471, 0.0
9564.0, 2.261525, -7.653513, -0.010217, -4.711047, 1.955471, 0.0
9582.0, 2.273654, -7.667199, -0.009727, -4.711047, 1.955471, 0.0
9582.0, 2.273654, -7.667199, -0.009727, -4.711047, 1.955471, 0.0
9598.0, 2.285423, -7.68067, -0.009255, -4.888498, 2.131576, 0.0
9598.0, 2.285423, -7.68067, -0.009255, -4.888498, 2.131576, 0.0
9614.0, 2.296816, -7.693914, -0.008805, -4.888498, 2.131576, 0.0
9631.0, 2.307822, -7.706925, -0.008379, -4.888498, 2.131576, 0.0
9631.0, 2.307822, -7.706925, -0.008379, -4.888498, 2.131576, 0.0
9649.0, 2.318433, -7.719697, -0.007978, -4.888498, 2.131576, 0.0
9649.0, 2.318433, -7.719697, -0.007978, -4.888498, 2.131576, 0.0
9664.0, 2.328643, -7.732224, -0.007604, -4.888498, 2.131576, 0.0
9683.0, 2.338446, -7.744506, -0.007255, -4.888498, 2.131576, 0.0
9683.0, 2.338446, -7.744506, -0.007255, -4.888498, 2.131576, 0.0
9699.0, 2.347928, -7.756588, -0.006969, -4.888498, 2.131576, 0.0
9699.0, 2.347928, -7.756588, -0.006969, -4.888498, 2.131576, 0.0
9714.0, 2.3572, -7.768531, -0.00678, -4.888498, 2.131576, 0.0
9733.0, 2.366369, -7.780397, -0.006709, -4.888498, 2.131576, 0.0
9733.0, 2.366369, -7.780397, -0.006709, -4.888498, 2.131576, 0.0
9748.0, 2.375533, -7.792238, -0.006759, -4.888498, 2.131576, 0.0
9748.0, 2.375533, -7.792238, -0.006759, -4.888498, 2.131576, 0.0
9765.0, 2.384777, -7.804101, -0.006924, -4.888498, 2.131576, 0.0
9783.0, 2.39417, -7.816021, -0.00719, -4.888498, 2.131576, 0.0
9783.0, 2.39417, -7.816021, -0.00719, -4.888498, 2.131576, 0.0
9798.0, 2.403768, -7.828026, -0.007536, -4.888498, 2.131576, 0.0
9798.0, 2.403768, -7.828026, -0.007536, -4.888498, 2.131576, 0.0
9815.0, 2.413621, -7.84014, -0.007944, -4.888498, 2.131576, 0.0
9831.0, 2.423771, -7.852385, -0.008395, -4.888498, 2.131576, 0.0
9831.0, 2.423771, -7.852385, -0.008395, -4.888498, 2.131576, 0.0
9848.0, 2.434283, -7.864817, -0.008872, -5.065948, 2.307681, 0.0
9848.0, 2.434283, -7.864817, -0.008872, -5.065948, 2.307681, 0.0
9864.0, 2.445115, -7.877366, -0.009357, -5.065948, 2.307681, 0.0
9883.0, 2.456322, -7.890084, -0.009839, -5.065948, 2.307681, 0.0
9883.0, 2.456322, -7.890084, -0.009839, -5.065948, 2.307681, 0.0
9899.0, 2.467918, -7.90298, -0.010307, -5.065948, 2.307681, 0.0
9899.0, 2.467918, -7.90298, -0.010307, -5.065948, 2.307681, 0.0
9914.0, 2.479916, -7.916063, -0.010754, -5.065948, 2.307681, 0.0
9932.0, 2.492325, -7.929339, -0.011175, -5.065948, 2.307681, 0.0
9932.0, 2.492325, -7.929339, -0.011175, -5.065948, 2.307681, 0.0
9949.0, 2.505151, -7.942815, -0.011568, -5.065948, 2.307681, 0.0
9949.0, 2.505151, -7.942815, -0.011568, -5.065948, 2.307681, 0.0
9965.0, 2.5184, -7.956497, -0.011932, -5.065948, 2.307681, 0.0
9982.0, 2.532076, -7.970387, -0.012267, -5.065948, 2.307681, 0.0
9982.0, 2.532076, -7.970387, -0.012267, -5.065948, 2.307681, 0.0
9998.0, 2.546093, -7.984442, -0.012537, -5.065948, 2.307681, 0.0
9998.0, 2.546093, -7.984442, -0.012537, -5.065948, 2.307681, 0.0
