1.0, 0.0, 0.0, 0.002231, 1.14832, -2.771527, 0.0
15.0, -0.000053, -0.000266, -0.004073, 1.14832, -2.771527, 0.0
15.0, -0.000053, -0.000266, -0.004073, 1.14832, -2.771527, 0.0
30.0, -0.000112, -0.000426, -0.00949, 1.14832, -2.771527, 0.0
30.0, -0.000112, -0.000426, -0.00949, 1.14832, -2.771527, 0.0
47.0, -0.000206, -0.000415, -0.012186, 1.14832, -2.771527, 0.0
64.0, -0.000384, -0.000322, -0.013235, 1.14832, -2.771527, 0.0
64.0, -0.000384, -0.000322, -0.013235, 1.14832, -2.771527, 0.0
80.0, -0.000703, -0.000277, -0.013071, 1.14832, -2.771527, 0.0
80.0, -0.000703, -0.000277, -0.013071, 1.14832, -2.771527, 0.0
96.0, -0.00122, -0.000407, -0.012056, 1.14832, -2.771527, 0.0
114.0, -0.001983, -0.000828, -0.010484, 1.14832, -2.771527, 0.0
114.0, -0.001983, -0.000828, -0.010484, 1.14832, -2.771527, 0.0
130.0, -0.002941, -0.001519, -0.008511, 0.929259, -2.691168, 0.0
130.0, -0.002941, -0.001519, -0.008511, 0.929259, -2.691168, 0.0
146.0, -0.004167, -0.002369, -0.006223, 0.929259, -2.691168, 0.0
163.0, -0.005741, -0.003497, -0.003308, 0.929259, -2.691168, 0.0
163.0, -0.005741, -0.003497, -0.003308, 0.929259, -2.691168, 0.0
180.0, -0.007799, -0.004773, -0.000259, 0.929259, -2.691168, 0.0
180.0, -0.007799, -0.004773, -0.000259, 0.929259, -2.691168, 0.0
196.0, -0.010307, -0.006182, 0.0027, 0.929259, -2.691168, 0.0
214.0, -0.012659, -0.00748, 0.002175, 0.929259, -2.691168, 0.0
214.0, -0.012659, -0.00748, 0.002175, 0.929259, -2.691168, 0.0
230.0, -0.015905, -0.008776, 0.002007, 0.929259, -2.691168, 0.0
230.0, -0.015905, -0.008776, 0.002007, 0.929259, -2.691168, 0.0
246.0, -0.019685, -0.010198, 0.002114, 0.929259, -2.691168, 0.0
264.0, -0.023925, -0.011816, 0.002222, 0.929259, -2.691168, 0.0
264.0, -0.023925, -0.011816, 0.002222, 0.929259, -2.691168, 0.0
280.0, -0.028612, -0.013665, 0.002388, 0.929259, -2.691168, 0.0
280.0, -0.028612, -0.013665, 0.002388, 0.929259, -2.691168, 0.0
296.0, -0.033741, -0.015761, 0.002513, 0.929259, -2.691168, 0.0
314.0, -0.039311, -0.018109, 0.002653, 0.929259, -2.691168, 0.0
314.0, -0.039311, -0.018109, 0.002653, 0.929259, -2.691168, 0.0
330.0, -0.04532, -0.020711, 0.002725, 0.929259, -2.691168, 0.0
330.0, -0.04532, -0.020711, 0.002725, 0.929259, -2.691168, 0.0
346.0, -0.051769, -0.023566, 0.0028, 0.929259, -2.691168, 0.0
362.0, -0.058655, -0.026674, 0.002801, 0.929259, -2.691168, 0.0
362.0, -0.058655, -0.026674, 0.002801, 0.929259, -2.691168, 0.0
379.0, -0.065978, -0.030033, 0.002808, 0.459835, -2.518967, 0.0
379.0, -0.065978, -0.030033, 0.002808, 0.459835, -2.518967, 0.0
396.0, -0.073739, -0.033642, 0.002745, 0.459835, -2.518967, 0.0
414.0, -0.081938, -0.037501, 0.002694, 0.459835, -2.518967, 0.0
414.0, -0.081938, -0.037501, 0.002694, 0.459835, -2.518967, 0.0
429.0, -0.090571, -0.041604, 0.00258, 0.459835, -2.518967, 0.0
429.0, -0.090571, -0.041604, 0.00258, 0.459835, -2.518967, 0.0
446.0, -0.099641, -0.04595, 0.002487, 0.459835, -2.518967, 0.0
463.0, -0.10915, -0.050539, 0.002341, 0.459835, -2.518967, 0.0
463.0, -0.10915, -0.050539, 0.002341, 0.459835, -2.518967, 0.0
480.0, -0.1191, -0.055367, 0.002225, 0.459835, -2.518967, 0.0
480.0, -0.1191, -0.055367, 0.002225, 0.459835, -2.518967, 0.0
496.0, -0.12949, -0.060433, 0.002062, 0.459835, -2.518967, 0.0
514.0, -0.140322, -0.065735, 0.001935, 0.459835, -2.518967, 0.0
514.0, -0.140322, -0.065735, 0.001935, 0.459835, -2.518967, 0.0
530.0, -0.151602, -0.071272, 0.001767, 0.459835, -2.518967, 0.0
530.0, -0.151602, -0.071272, 0.001767, 0.459835, -2.518967, 0.0
546.0, -0.163327, -0.07704, 0.001638, 0.459835, -2.518967, 0.0
563.0, -0.1755, -0.083033, 0.00147, 0.459835, -2.518967, 0.0
563.0, -0.1755, -0.083033, 0.00147, 0.459835, -2.518967, 0.0
581.0, -0.188119, -0.089248, 0.001342, 0.459835, -2.518967, 0.0
581.0, -0.188119, -0.089248, 0.001342, 0.459835, -2.518967, 0.0
595.0, -0.201186, -0.095683, 0.001178, 0.459835, -2.518967, 0.0
613.0, -0.214703, -0.102336, 0.001056, 0.459835, -2.518967, 0.0
613.0, -0.214703, -0.102336, 0.001056, 0.459835, -2.518967, 0.0
629.0, -0.228666, -0.109198, 0.000897, -0.009584, -2.346768, 0.0
629.0, -0.228666, -0.109198, 0.000897, -0.009584, -2.346768, 0.0
646.0, -0.24308, -0.116268, 0.000781, -0.009584, -2.346768, 0.0
662.0, -0.257951, -0.12354, 0.000632, -0.009584, -2.346768, 0.0
662.0, -0.257951, -0.12354, 0.000632, -0.009584, -2.346768, 0.0
679.0, -0.27328, -0.131012, 0.000527, -0.009584, -2.346768, 0.0
679.0, -0.27328, -0.131012, 0.000527, -0.009584, -2.346768, 0.0
696.0, -0.28907, -0.138678, 0.00039, -0.009584, -2.346768, 0.0
713.0, -0.30532, -0.146537, 0.000295, -0.009584, -2.346768, 0.0
713.0, -0.30532, -0.146537, 0.000295, -0.009584, -2.346768, 0.0
729.0, -0.322042, -0.154585, 0.00017, -0.009584, -2.346768, 0.0
729.0, -0.322042, -0.154585, 0.00017, -0.009584, -2.346768, 0.0
745.0, -0.339232, -0.162813, 0.000087, -0.009584, -2.346768, 0.0
762.0, -0.356892, -0.171211, -0.000029, -0.009584, -2.346768, 0.0
762.0, -0.356892, -0.171211, -0.000029, -0.009584, -2.346768, 0.0
779.0, -0.375022, -0.179776, -0.000105, -0.009584, -2.346768, 0.0
779.0, -0.375022, -0.179776, -0.000105, -0.009584, -2.346768, 0.0
796.0, -0.393624, -0.1885, -0.000214, -0.009584, -2.346768, 0.0
813.0, -0.412699, -0.197382, -0.000282, -0.009584, -2.346768, 0.0
813.0, -0.412699, -0.197382, -0.000282, -0.009584, -2.346768, 0.0
829.0, -0.432242, -0.206406, -0.000386, -0.009584, -2.346768, 0.0
829.0, -0.432242, -0.206406, -0.000386, -0.009584, -2.346768, 0.0
845.0, -0.452262, -0.215569, -0.000448, -0.009584, -2.346768, 0.0
862.0, -0.472763, -0.22486, -0.00054, -0.009584, -2.346768, 0.0
862.0, -0.472763, -0.22486, -0.00054, -0.009584, -2.346768, 0.0
879.0, -0.493747, -0.234273, -0.00059, -0.479001, -2.17457, 0.0
879.0, -0.493747, -0.234273, -0.00059, -0.479001, -2.17457, 0.0
896.0, -0.515235, -0.243809, -0.000668, -0.479001, -2.17457, 0.0
912.0, -0.537193, -0.253449, -0.000707, -0.479001, -2.17457, 0.0
912.0, -0.537193, -0.253449, -0.000707, -0.479001, -2.17457, 0.0
929.0, -0.559548, -0.263184, -0.000813, -0.479001, -2.17457, 0.0
929.0, -0.559548, -0.263184, -0.000813, -0.479001, -2.17457, 0.0
946.0, -0.582164, -0.272996, -0.000958, -0.479001, -2.17457, 0.0
962.0, -0.604915, -0.282864, -0.001233, -0.479001, -2.17457, 0.0
962.0, -0.604915, -0.282864, -0.001233, -0.479001, -2.17457, 0.0
979.0, -0.627685, -0.292776, -0.001571, -0.479001, -2.17457, 0.0
979.0, -0.627685, -0.292776, -0.001571, -0.479001, -2.17457, 0.0
996.0, -0.650388, -0.302723, -0.002031, -0.479001, -2.17457, 0.0
1013.0, -0.672923, -0.312689, -0.002526, -0.479001, -2.17457, 0.0
1013.0, -0.672923, -0.312689, -0.002526, -0.479001, -2.17457, 0.0
1029.0, -0.695226, -0.322669, -0.003106, -0.479001, -2.17457, 0.0
1029.0, -0.695226, -0.322669, -0.003106, -0.479001, -2.17457, 0.0
1045.0, -0.717247, -0.33267, -0.003675, -0.479001, -2.17457, 0.0
1062.0, -0.738948, -0.34269, -0.004285, -0.479001, -2.17457, 0.0
1062.0, -0.738948, -0.34269, -0.004285, -0.479001, -2.17457, 0.0
1079.0, -0.760291, -0.352733, -0.004845, -0.479001, -2.17457, 0.0
1079.0, -0.760291, -0.352733, -0.004845, -0.479001, -2.17457, 0.0
1096.0, -0.781252, -0.362797, -0.005416, -0.479001, -2.17457, 0.0
1112.0, -0.801807, -0.372884, -0.005914, -0.479001, -2.17457, 0.0
1112.0, -0.801807, -0.372884, -0.005914, -0.479001, -2.17457, 0.0
1129.0, -0.821946, -0.382999, -0.006406, -0.948457, -2.002357, 0.0
1129.0, -0.821946, -0.382999, -0.006406, -0.948457, -2.002357, 0.0
1145.0, -0.841649, -0.393145, -0.006814, -0.948457, -2.002357, 0.0
1162.0, -0.860904, -0.403321, -0.007218, -0.948457, -2.002357, 0.0
1162.0, -0.860904, -0.403321, -0.007218, -0.948457, -2.002357, 0.0
1179.0, -0.879701, -0.413533, -0.007539, -0.948457, -2.002357, 0.0
1179.0, -0.879701, -0.413533, -0.007539, -0.948457, -2.002357, 0.0
1195.0, -0.898032, -0.423781, -0.007861, -0.948457, -2.002357, 0.0
1213.0, -0.915893, -0.43407, -0.008104, -0.948457, -2.002357, 0.0
1213.0, -0.915893, -0.43407, -0.008104, -0.948457, -2.002357, 0.0
1229.0, -0.933273, -0.444397, -0.00836, -0.948457, -2.002357, 0.0
1229.0, -0.933273, -0.444397, -0.00836, -0.948457, -2.002357, 0.0
1245.0, -0.950172, -0.45477, -0.008543, -0.948457, -2.002357, 0.0
1262.0, -0.966592, -0.465192, -0.008745, -0.948457, -2.002357, 0.0
1262.0, -0.966592, -0.465192, -0.008745, -0.948457, -2.002357, 0.0
1279.0, -0.98253, -0.475668, -0.00888, -0.948457, -2.002357, 0.0
1279.0, -0.98253, -0.475668, -0.00888, -0.948457, -2.002357, 0.0
1296.0, -0.997986, -0.486199, -0.009045, -0.948457, -2.002357, 0.0
1312.0, -1.012956, -0.496789, -0.009148, -0.948457, -2.002357, 0.0
1312.0, -1.012956, -0.496789, -0.009148, -0.948457, -2.002357, 0.0
1329.0, -1.027447, -0.507441, -0.009289, -0.948457, -2.002357, 0.0
1329.0, -1.027447, -0.507441, -0.009289, -0.948457, -2.002357, 0.0
1345.0, -1.041452, -0.518157, -0.009372, -0.948457, -2.002357, 0.0
1362.0, -1.05497, -0.528934, -0.009504, -0.948457, -2.002357, 0.0
1362.0, -1.05497, -0.528934, -0.009504, -0.948457, -2.002357, 0.0
1379.0, -1.067997, -0.539775, -0.009579, -1.417873, -1.830159, 0.0
1379.0, -1.067997, -0.539775, -0.009579, -1.417873, -1.830159, 0.0
1395.0, -1.080536, -0.55068, -0.009709, -1.417873, -1.830159, 0.0
1414.0, -1.092582, -0.561651, -0.00978, -1.417873, -1.830159, 0.0
1414.0, -1.092582, -0.561651, -0.00978, -1.417873, -1.830159, 0.0
1429.0, -1.104138, -0.572687, -0.009911, -1.417873, -1.830159, 0.0
1429.0, -1.104138, -0.572687, -0.009911, -1.417873, -1.830159, 0.0
1445.0, -1.115202, -0.583789, -0.009981, -1.417873, -1.830159, 0.0
1462.0, -1.125775, -0.594956, -0.010114, -1.417873, -1.830159, 0.0
1462.0, -1.125775, -0.594956, -0.010114, -1.417873, -1.830159, 0.0
1479.0, -1.135855, -0.606189, -0.010182, -1.417873, -1.830159, 0.0
1479.0, -1.135855, -0.606189, -0.010182, -1.417873, -1.830159, 0.0
1496.0, -1.145444, -0.617488, -0.010315, -1.417873, -1.830159, 0.0
1513.0, -1.15454, -0.628853, -0.01038, -1.417873, -1.830159, 0.0
1513.0, -1.15454, -0.628853, -0.01038, -1.417873, -1.830159, 0.0
1528.0, -1.163142, -0.640277, -0.010515, -1.417873, -1.830159, 0.0
1529.0, -1.163142, -0.640277, -0.010515, -1.417873, -1.830159, 0.0
1546.0, -1.17125, -0.651765, -0.010576, -1.417873, -1.830159, 0.0
1562.0, -1.178866, -0.663315, -0.010707, -1.417873, -1.830159, 0.0
1562.0, -1.178866, -0.663315, -0.010707, -1.417873, -1.830159, 0.0
1579.0, -1.185989, -0.674929, -0.010759, -1.417873, -1.830159, 0.0
1579.0, -1.185989, -0.674929, -0.010759, -1.417873, -1.830159, 0.0
1596.0, -1.192621, -0.686603, -0.010884, -1.417873, -1.830159, 0.0
1613.0, -1.198761, -0.698339, -0.010926, -1.417873, -1.830159, 0.0
1613.0, -1.198761, -0.698339, -0.010926, -1.417873, -1.830159, 0.0
1628.0, -1.204411, -0.710139, -0.011043, -1.88729, -1.657961, 0.0
1628.0, -1.204411, -0.710139, -0.011043, -1.88729, -1.657961, 0.0
1645.0, -1.209569, -0.721998, -0.011072, -1.88729, -1.657961, 0.0
1661.0, -1.214234, -0.733912, -0.01118, -1.88729, -1.657961, 0.0
1661.0, -1.214234, -0.733912, -0.01118, -1.88729, -1.657961, 0.0
1679.0, -1.218405, -0.745881, -0.011198, -1.88729, -1.657961, 0.0
1679.0, -1.218405, -0.745881, -0.011198, -1.88729, -1.657961, 0.0
1695.0, -1.222083, -0.7579, -0.011296, -1.88729, -1.657961, 0.0
1713.0, -1.225267, -0.769972, -0.011301, -1.88729, -1.657961, 0.0
1713.0, -1.225267, -0.769972, -0.011301, -1.88729, -1.657961, 0.0
1730.0, -1.227955, -0.782086, -0.011389, -1.88729, -1.657961, 0.0
1730.0, -1.227955, -0.782086, -0.011389, -1.88729, -1.657961, 0.0
1746.0, -1.230149, -0.794248, -0.011383, -1.88729, -1.657961, 0.0
1763.0, -1.231848, -0.806451, -0.011461, -1.88729, -1.657961, 0.0
1763.0, -1.231848, -0.806451, -0.011461, -1.88729, -1.657961, 0.0
1780.0, -1.233053, -0.818699, -0.011447, -1.88729, -1.657961, 0.0
1780.0, -1.233053, -0.818699, -0.011447, -1.88729, -1.657961, 0.0
1796.0, -1.233761, -0.830985, -0.011517, -1.88729, -1.657961, 0.0
1814.0, -1.233975, -0.843314, -0.011499, -1.88729, -1.657961, 0.0
1814.0, -1.233975, -0.843314, -0.011499, -1.88729, -1.657961, 0.0
1830.0, -1.233691, -0.855681, -0.011567, -1.88729, -1.657961, 0.0
1830.0, -1.233691, -0.855681, -0.011567, -1.88729, -1.657961, 0.0
1846.0, -1.23291, -0.868086, -0.011552, -1.88729, -1.657961, 0.0
1863.0, -1.231631, -0.880516, -0.011621, -1.88729, -1.657961, 0.0
1863.0, -1.231631, -0.880516, -0.011621, -1.88729, -1.657961, 0.0
1879.0, -1.229853, -0.892976, -0.011613, -2.356707, -1.485762, 0.0
1879.0, -1.229853, -0.892976, -0.011613, -2.356707, -1.485762, 0.0
1895.0, -1.227576, -0.905454, -0.011688, -2.356707, -1.485762, 0.0
1913.0, -1.224799, -0.917958, -0.011692, -2.356707, -1.485762, 0.0
1913.0, -1.224799, -0.917958, -0.011692, -2.356707, -1.485762, 0.0
1929.0, -1.221624, -0.930472, -0.011735, -2.356707, -1.485762, 0.0
1929.0, -1.221624, -0.930472, -0.011735, -2.356707, -1.485762, 0.0
1945.0, -1.218173, -0.94301, -0.011632, -2.356707, -1.485762, 0.0
1963.0, -1.214572, -0.955564, -0.011509, -2.356707, -1.485762, 0.0
1963.0, -1.214572, -0.955564, -0.011509, -2.356707, -1.485762, 0.0
1980.0, -1.210931, -0.968143, -0.011214, -2.356707, -1.485762, 0.0
1980.0, -1.210931, -0.968143, -0.011214, -2.356707, -1.485762, 0.0
1995.0, -1.207349, -0.980737, -0.010901, -2.356707, -1.485762, 0.0
2013.0, -1.203906, -0.993357, -0.010436, -2.356707, -1.485762, 0.0
2013.0, -1.203906, -0.993357, -0.010436, -2.356707, -1.485762, 0.0
2029.0, -1.200669, -1.006, -0.009991, -2.356707, -1.485762, 0.0
2029.0, -1.200669, -1.006, -0.009991, -2.356707, -1.485762, 0.0
2046.0, -1.197694, -1.018671, -0.00943, -2.356707, -1.485762, 0.0
2063.0, -1.195028, -1.031362, -0.008932, -2.356707, -1.485762, 0.0
2063.0, -1.195028, -1.031362, -0.008932, -2.356707, -1.485762, 0.0
2080.0, -1.192707, -1.044083, -0.008353, -2.356707, -1.485762, 0.0
2080.0, -1.192707, -1.044083, -0.008353, -2.356707, -1.485762, 0.0
2095.0, -1.19076, -1.056825, -0.007873, -2.356707, -1.485762, 0.0
2113.0, -1.189212, -1.069598, -0.007336, -2.356707, -1.485762, 0.0
2113.0, -1.189212, -1.069598, -0.007336, -2.356707, -1.485762, 0.0
2129.0, -1.187981, -1.082389, -0.006961, -2.826123, -1.313565, 0.0
2129.0, -1.187981, -1.082389, -0.006961, -2.826123, -1.313565, 0.0
2146.0, -1.186958, -1.095199, -0.006617, -2.826123, -1.313565, 0.0
2162.0, -1.186031, -1.108016, -0.006498, -2.826123, -1.313565, 0.0
2162.0, -1.186031, -1.108016, -0.006498, -2.826123, -1.313565, 0.0
2179.0, -1.185097, -1.120841, -0.006436, -2.826123, -1.313565, 0.0
2179.0, -1.185097, -1.120841, -0.006436, -2.826123, -1.313565, 0.0
2196.0, -1.184069, -1.133662, -0.00659, -2.826123, -1.313565, 0.0
2214.0, -1.18287, -1.146484, -0.006774, -2.826123, -1.313565, 0.0
2214.0, -1.18287, -1.146484, -0.006774, -2.826123, -1.313565, 0.0
2229.0, -1.181439, -1.159293, -0.007131, -2.826123, -1.313565, 0.0
2229.0, -1.181439, -1.159293, -0.007131, -2.826123, -1.313565, 0.0
2246.0, -1.179723, -1.172103, -0.007471, -2.826123, -1.313565, 0.0
2263.0, -1.17768, -1.184906, -0.007934, -2.826123, -1.313565, 0.0
2263.0, -1.17768, -1.184906, -0.007934, -2.826123, -1.313565, 0.0
2280.0, -1.175276, -1.197714, -0.008342, -2.826123, -1.313565, 0.0
2280.0, -1.175276, -1.197714, -0.008342, -2.826123, -1.313565, 0.0
2296.0, -1.172483, -1.210519, -0.008832, -2.826123, -1.313565, 0.0
2314.0, -1.169279, -1.22333, -0.00924, -2.826123, -1.313565, 0.0
2314.0, -1.169279, -1.22333, -0.00924, -2.826123, -1.313565, 0.0
2329.0, -1.165645, -1.236145, -0.009704, -2.826123, -1.313565, 0.0
2329.0, -1.165645, -1.236145, -0.009704, -2.826123, -1.313565, 0.0
2346.0, -1.161568, -1.248969, -0.010073, -2.826123, -1.313565, 0.0
2362.0, -1.157036, -1.261796, -0.010483, -2.826123, -1.313565, 0.0
2362.0, -1.157036, -1.261796, -0.010483, -2.826123, -1.313565, 0.0
2379.0, -1.152041, -1.274629, -0.010795, -3.295548, -1.141363, 0.0
2379.0, -1.152041, -1.274629, -0.010795, -3.295548, -1.141363, 0.0
2396.0, -1.146577, -1.287461, -0.011142, -3.295548, -1.141363, 0.0
2414.0, -1.140635, -1.300303, -0.011397, -3.295548, -1.141363, 0.0
2414.0, -1.140635, -1.300303, -0.011397, -3.295548, -1.141363, 0.0
2429.0, -1.134218, -1.313138, -0.011683, -3.295548, -1.141363, 0.0
2429.0, -1.134218, -1.313138, -0.011683, -3.295548, -1.141363, 0.0
2446.0, -1.127315, -1.325979, -0.011887, -3.295548, -1.141363, 0.0
2463.0, -1.119927, -1.338813, -0.012124, -3.295548, -1.141363, 0.0
2463.0, -1.119927, -1.338813, -0.012124, -3.295548, -1.141363, 0.0
2480.0, -1.112048, -1.351651, -0.012288, -3.295548, -1.141363, 0.0
2480.0, -1.112048, -1.351651, -0.012288, -3.295548, -1.141363, 0.0
2495.0, -1.103679, -1.36448, -0.012486, -3.295548, -1.141363, 0.0
2514.0, -1.094814, -1.377309, -0.01262, -3.295548, -1.141363, 0.0
2514.0, -1.094814, -1.377309, -0.01262, -3.295548, -1.141363, 0.0
2530.0, -1.085553, -1.390138, -0.012747, -3.295548, -1.141363, 0.0
2530.0, -1.085553, -1.390138, -0.012747, -3.295548, -1.141363, 0.0
2546.0, -1.076021, -1.40298, -0.012736, -3.295548, -1.141363, 0.0
2563.0, -1.066348, -1.415829, -0.01266, -3.295548, -1.141363, 0.0
2563.0, -1.066348, -1.415829, -0.01266, -3.295548, -1.141363, 0.0
2580.0, -1.056642, -1.428701, -0.012421, -3.295548, -1.141363, 0.0
2580.0, -1.056642, -1.428701, -0.012421, -3.295548, -1.141363, 0.0
2595.0, -1.047006, -1.441592, -0.012123, -3.295548, -1.141363, 0.0
2612.0, -1.037515, -1.454515, -0.011689, -3.295548, -1.141363, 0.0
2612.0, -1.037515, -1.454515, -0.011689, -3.295548, -1.141363, 0.0
2629.0, -1.028243, -1.467468, -0.011237, -3.764964, -0.969165, 0.0
2629.0, -1.028243, -1.467468, -0.011237, -3.764964, -0.969165, 0.0
2645.0, -1.019238, -1.480465, -0.010691, -3.764964, -0.969165, 0.0
2662.0, -1.010549, -1.4935, -0.010176, -3.764964, -0.969165, 0.0
2662.0, -1.010549, -1.4935, -0.010176, -3.764964, -0.969165, 0.0
2679.0, -1.002208, -1.506588, -0.009603, -3.764964, -0.969165, 0.0
2679.0, -1.002208, -1.506588, -0.009603, -3.764964, -0.969165, 0.0
2696.0, -0.994247, -1.519721, -0.009099, -3.764964, -0.969165, 0.0
2714.0, -0.986685, -1.532912, -0.008561, -3.764964, -0.969165, 0.0
2714.0, -0.986685, -1.532912, -0.008561, -3.764964, -0.969165, 0.0
2729.0, -0.979546, -1.546145, -0.008115, -3.764964, -0.969165, 0.0
2729.0, -0.979546, -1.546145, -0.008115, -3.764964, -0.969165, 0.0
2745.0, -0.972839, -1.559436, -0.007645, -3.764964, -0.969165, 0.0
2762.0, -0.966578, -1.572775, -0.007281, -3.764964, -0.969165, 0.0
2762.0, -0.966578, -1.572775, -0.007281, -3.764964, -0.969165, 0.0
2779.0, -0.960741, -1.586236, -0.00689, -3.764964, -0.969165, 0.0
2779.0, -0.960741, -1.586236, -0.00689, -3.764964, -0.969165, 0.0
2796.0, -0.955395, -1.599682, -0.006611, -3.764964, -0.969165, 0.0
2814.0, -0.950513, -1.613189, -0.006301, -3.764964, -0.969165, 0.0
2814.0, -0.950513, -1.613189, -0.006301, -3.764964, -0.969165, 0.0
2829.0, -0.946005, -1.62673, -0.00614, -3.764964, -0.969165, 0.0
2829.0, -0.946005, -1.62673, -0.00614, -3.764964, -0.969165, 0.0
2846.0, -0.941746, -1.640312, -0.006017, -3.764964, -0.969165, 0.0
2862.0, -0.937617, -1.653915, -0.006095, -3.764964, -0.969165, 0.0
2862.0, -0.937617, -1.653915, -0.006095, -3.764964, -0.969165, 0.0
2879.0, -0.933506, -1.667542, -0.006229, -4.23453, -0.796912, 0.0
2879.0, -0.933506, -1.667542, -0.006229, -4.23453, -0.796912, 0.0
2896.0, -0.929321, -1.681175, -0.006551, -4.23453, -0.796912, 0.0
2913.0, -0.92498, -1.694818, -0.006898, -4.23453, -0.796912, 0.0
2913.0, -0.92498, -1.694818, -0.006898, -4.23453, -0.796912, 0.0
2929.0, -0.920416, -1.708469, -0.00739, -4.23453, -0.796912, 0.0
2929.0, -0.920416, -1.708469, -0.00739, -4.23453, -0.796912, 0.0
2945.0, -0.915574, -1.72213, -0.007864, -4.23453, -0.796912, 0.0
2962.0, -0.910415, -1.735787, -0.008433, -4.23453, -0.796912, 0.0
2962.0, -0.910415, -1.735787, -0.008433, -4.23453, -0.796912, 0.0
2979.0, -0.904899, -1.74945, -0.008945, -4.23453, -0.796912, 0.0
2979.0, -0.904899, -1.74945, -0.008945, -4.23453, -0.796912, 0.0
2995.0, -0.899002, -1.763108, -0.009512, -4.23453, -0.796912, 0.0
3013.0, -0.892696, -1.776772, -0.009999, -4.23453, -0.796912, 0.0
3013.0, -0.892696, -1.776772, -0.009999, -4.23453, -0.796912, 0.0
3029.0, -0.885968, -1.790433, -0.010517, -4.23453, -0.796912, 0.0
3029.0, -0.885968, -1.790433, -0.010517, -4.23453, -0.796912, 0.0
3045.0, -0.878798, -1.804101, -0.010944, -4.23453, -0.796912, 0.0
3062.0, -0.871179, -1.817766, -0.011388, -4.23453, -0.796912, 0.0
3062.0, -0.871179, -1.817766, -0.011388, -4.23453, -0.796912, 0.0
3079.0, -0.863097, -1.831441, -0.011742, -4.23453, -0.796912, 0.0
3079.0, -0.863097, -1.831441, -0.011742, -4.23453, -0.796912, 0.0
3095.0, -0.85455, -1.845114, -0.012109, -4.23453, -0.796912, 0.0
3113.0, -0.845526, -1.858797, -0.01239, -4.23453, -0.796912, 0.0
3113.0, -0.845526, -1.858797, -0.01239, -4.23453, -0.796912, 0.0
3128.0, -0.836131, -1.872476, -0.012642, -4.703947, -0.624714, 0.0
3128.0, -0.836131, -1.872476, -0.012642, -4.703947, -0.624714, 0.0
3145.0, -0.826481, -1.886167, -0.012737, -4.703947, -0.624714, 0.0
3162.0, -0.816703, -1.899864, -0.012749, -4.703947, -0.624714, 0.0
3162.0, -0.816703, -1.899864, -0.012749, -4.703947, -0.624714, 0.0
3179.0, -0.806902, -1.91358, -0.012583, -4.703947, -0.624714, 0.0
3179.0, -0.806902, -1.91358, -0.012583, -4.703947, -0.624714, 0.0
3196.0, -0.79718, -1.927307, -0.012345, -4.703947, -0.624714, 0.0
3213.0, -0.78761, -1.941056, -0.011957, -4.703947, -0.624714, 0.0
3213.0, -0.78761, -1.941056, -0.011957, -4.703947, -0.624714, 0.0
3229.0, -0.778262, -1.954827, -0.011544, -4.703947, -0.624714, 0.0
3229.0, -0.778262, -1.954827, -0.011544, -4.703947, -0.624714, 0.0
3246.0, -0.769188, -1.968629, -0.011025, -4.703947, -0.624714, 0.0
3262.0, -0.760436, -1.982451, -0.01053, -4.703947, -0.624714, 0.0
3262.0, -0.760436, -1.982451, -0.01053, -4.703947, -0.624714, 0.0
3279.0, -0.752038, -1.996306, -0.009969, -4.703947, -0.624714, 0.0
3279.0, -0.752038, -1.996306, -0.009969, -4.703947, -0.624714, 0.0
3296.0, -0.744008, -2.010216, -0.009471, -4.703947, -0.624714, 0.0
3313.0, -0.736402, -2.024129, -0.008934, -4.703947, -0.624714, 0.0
3313.0, -0.736402, -2.024129, -0.008934, -4.703947, -0.624714, 0.0
3329.0, -0.729123, -2.038056, -0.008529, -4.703947, -0.624714, 0.0
3329.0, -0.729123, -2.038056, -0.008529, -4.703947, -0.624714, 0.0
3345.0, -0.722055, -2.052003, -0.008176, -4.703947, -0.624714, 0.0
3363.0, -0.715086, -2.065955, -0.008026, -4.703947, -0.624714, 0.0
3363.0, -0.715086, -2.065955, -0.008026, -4.703947, -0.624714, 0.0
3379.0, -0.708109, -2.079916, -0.007962, -5.173433, -0.45249, 0.0
3379.0, -0.708109, -2.079916, -0.007962, -5.173433, -0.45249, 0.0
3396.0, -0.701036, -2.093871, -0.008095, -5.173433, -0.45249, 0.0
3413.0, -0.693788, -2.107824, -0.008288, -5.173433, -0.45249, 0.0
3413.0, -0.693788, -2.107824, -0.008288, -5.173433, -0.45249, 0.0
3428.0, -0.686305, -2.121762, -0.008636, -5.173433, -0.45249, 0.0
3428.0, -0.686305, -2.121762, -0.008636, -5.173433, -0.45249, 0.0
3445.0, -0.678493, -2.135764, -0.009002, -5.173433, -0.45249, 0.0
3462.0, -0.67039, -2.149681, -0.009469, -5.173433, -0.45249, 0.0
3462.0, -0.67039, -2.149681, -0.009469, -5.173433, -0.45249, 0.0
3479.0, -0.661918, -2.163592, -0.00991, -5.173433, -0.45249, 0.0
3479.0, -0.661918, -2.163592, -0.00991, -5.173433, -0.45249, 0.0
3495.0, -0.653056, -2.177487, -0.010409, -5.173433, -0.45249, 0.0
3514.0, -0.643777, -2.191375, -0.010853, -5.173433, -0.45249, 0.0
3514.0, -0.643777, -2.191375, -0.010853, -5.173433, -0.45249, 0.0
3529.0, -0.634068, -2.205247, -0.011325, -5.173433, -0.45249, 0.0
3529.0, -0.634068, -2.205247, -0.011325, -5.173433, -0.45249, 0.0
3546.0, -0.623911, -2.219111, -0.011726, -5.173433, -0.45249, 0.0
3562.0, -0.613302, -2.232956, -0.012138, -5.173433, -0.45249, 0.0
3562.0, -0.613302, -2.232956, -0.012138, -5.173433, -0.45249, 0.0
3579.0, -0.602224, -2.246793, -0.012473, -5.173433, -0.45249, 0.0
3579.0, -0.602224, -2.246793, -0.012473, -5.173433, -0.45249, 0.0
3596.0, -0.590679, -2.26061, -0.012814, -5.173433, -0.45249, 0.0
3614.0, -0.578653, -2.274417, -0.01308, -5.173433, -0.45249, 0.0
3614.0, -0.578653, -2.274417, -0.01308, -5.173433, -0.45249, 0.0
3628.0, -0.566251, -2.288212, -0.013309, -5.643008, -0.280234, 0.0
3629.0, -0.566251, -2.288212, -0.013309, -5.643008, -0.280234, 0.0
3646.0, -0.55359, -2.302012, -0.01339, -5.643008, -0.280234, 0.0
3662.0, -0.540802, -2.315818, -0.01338, -5.643008, -0.280234, 0.0
3662.0, -0.540802, -2.315818, -0.01338, -5.643008, -0.280234, 0.0
3679.0, -0.527989, -2.329647, -0.013202, -5.643008, -0.280234, 0.0
3679.0, -0.527989, -2.329647, -0.013202, -5.643008, -0.280234, 0.0
3696.0, -0.515255, -2.343497, -0.012944, -5.643008, -0.280234, 0.0
3714.0, -0.502674, -2.357383, -0.012548, -5.643008, -0.280234, 0.0
3714.0, -0.502674, -2.357383, -0.012548, -5.643008, -0.280234, 0.0
3730.0, -0.490313, -2.37131, -0.012121, -5.643008, -0.280234, 0.0
3730.0, -0.490313, -2.37131, -0.012121, -5.643008, -0.280234, 0.0
3746.0, -0.478224, -2.385288, -0.011604, -5.643008, -0.280234, 0.0
3763.0, -0.466457, -2.399312, -0.011102, -5.643008, -0.280234, 0.0
3763.0, -0.466457, -2.399312, -0.011102, -5.643008, -0.280234, 0.0
3779.0, -0.455042, -2.413397, -0.01055, -5.643008, -0.280234, 0.0
3779.0, -0.455042, -2.413397, -0.01055, -5.643008, -0.280234, 0.0
3796.0, -0.444013, -2.427534, -0.010054, -5.643008, -0.280234, 0.0
3814.0, -0.433383, -2.441739, -0.009534, -5.643008, -0.280234, 0.0
3814.0, -0.433383, -2.441739, -0.009534, -5.643008, -0.280234, 0.0
3830.0, -0.423183, -2.455992, -0.009095, -5.643008, -0.280234, 0.0
3830.0, -0.423183, -2.455992, -0.009095, -5.643008, -0.280234, 0.0
3846.0, -0.413418, -2.470312, -0.008642, -5.643008, -0.280234, 0.0
3847.0, -0.413418, -2.470312, -0.008642, -5.643008, -0.280234, 0.0
3863.0, -0.40408, -2.484719, -0.008284, -5.643008, -0.280234, 0.0
3879.0, -0.395216, -2.499163, -0.007913, -6.112499, -0.108009, 0.0
3879.0, -0.395216, -2.499163, -0.007913, -6.112499, -0.108009, 0.0
3896.0, -0.386815, -2.513665, -0.007641, -6.112499, -0.108009, 0.0
3896.0, -0.386815, -2.513665, -0.007641, -6.112499, -0.108009, 0.0
3913.0, -0.378877, -2.528236, -0.007348, -6.112499, -0.108009, 0.0
3930.0, -0.371313, -2.542855, -0.007193, -6.112499, -0.108009, 0.0
3930.0, -0.371313, -2.542855, -0.007193, -6.112499, -0.108009, 0.0
3946.0, -0.363995, -2.55752, -0.007086, -6.112499, -0.108009, 0.0
3946.0, -0.363995, -2.55752, -0.007086, -6.112499, -0.108009, 0.0
3962.0, -0.356805, -2.572208, -0.007168, -6.112499, -0.108009, 0.0
3980.0, -0.349631, -2.586919, -0.007317, -6.112499, -0.108009, 0.0
3980.0, -0.349631, -2.586919, -0.007317, -6.112499, -0.108009, 0.0
3997.0, -0.342381, -2.601633, -0.007642, -6.112499, -0.108009, 0.0
3997.0, -0.342381, -2.601633, -0.007642, -6.112499, -0.108009, 0.0
4014.0, -0.334971, -2.616353, -0.008004, -6.112499, -0.108009, 0.0
4030.0, -0.327338, -2.631069, -0.008499, -6.112499, -0.108009, 0.0
4030.0, -0.327338, -2.631069, -0.008499, -6.112499, -0.108009, 0.0
4047.0, -0.319423, -2.645787, -0.008986, -6.112499, -0.108009, 0.0
4047.0, -0.319423, -2.645787, -0.008986, -6.112499, -0.108009, 0.0
4062.0, -0.311189, -2.660492, -0.009555, -6.112499, -0.108009, 0.0
4080.0, -0.302595, -2.675195, -0.010078, -6.112499, -0.108009, 0.0
4080.0, -0.302595, -2.675195, -0.010078, -6.112499, -0.108009, 0.0
4095.0, -0.293619, -2.689884, -0.010643, -6.112499, -0.108009, 0.0
4095.0, -0.293619, -2.689884, -0.010643, -6.112499, -0.108009, 0.0
4113.0, -0.284232, -2.70457, -0.011137, -6.112499, -0.108009, 0.0
4129.0, -0.274425, -2.719237, -0.011648, -6.581915, 0.064189, 0.0
4129.0, -0.274425, -2.719237, -0.011648, -6.581915, 0.064189, 0.0
4146.0, -0.264176, -2.733899, -0.012074, -6.581915, 0.064189, 0.0
4146.0, -0.264176, -2.733899, -0.012074, -6.581915, 0.064189, 0.0
4162.0, -0.253479, -2.748547, -0.012508, -6.581915, 0.064189, 0.0
4180.0, -0.242317, -2.763191, -0.012857, -6.581915, 0.064189, 0.0
4180.0, -0.242317, -2.763191, -0.012857, -6.581915, 0.064189, 0.0
4196.0, -0.23069, -2.777821, -0.013209, -6.581915, 0.064189, 0.0
4196.0, -0.23069, -2.777821, -0.013209, -6.581915, 0.064189, 0.0
4213.0, -0.218573, -2.792464, -0.013482, -6.581915, 0.064189, 0.0
4230.0, -0.206089, -2.807089, -0.013719, -6.581915, 0.064189, 0.0
4230.0, -0.206089, -2.807089, -0.013719, -6.581915, 0.064189, 0.0
4247.0, -0.193346, -2.821726, -0.013804, -6.581915, 0.064189, 0.0
4247.0, -0.193346, -2.821726, -0.013804, -6.581915, 0.064189, 0.0
4263.0, -0.180478, -2.83637, -0.013798, -6.581915, 0.064189, 0.0
4280.0, -0.167588, -2.851039, -0.01362, -6.581915, 0.064189, 0.0
4280.0, -0.167588, -2.851039, -0.01362, -6.581915, 0.064189, 0.0
4296.0, -0.154779, -2.865729, -0.013362, -6.581915, 0.064189, 0.0
4296.0, -0.154779, -2.865729, -0.013362, -6.581915, 0.064189, 0.0
4313.0, -0.142125, -2.880455, -0.012964, -6.581915, 0.064189, 0.0
4330.0, -0.129704, -2.895207, -0.012533, -6.581915, 0.064189, 0.0
4330.0, -0.129704, -2.895207, -0.012533, -6.581915, 0.064189, 0.0
4346.0, -0.117559, -2.910007, -0.012009, -6.581915, 0.064189, 0.0
4346.0, -0.117559, -2.910007, -0.012009, -6.581915, 0.064189, 0.0
4362.0, -0.105738, -2.924852, -0.011505, -6.581915, 0.064189, 0.0
4380.0, -0.094269, -2.939756, -0.010951, -7.051365, 0.2364, 0.0
4380.0, -0.094269, -2.939756, -0.010951, -7.051365, 0.2364, 0.0
4396.0, -0.083184, -2.954713, -0.010457, -7.051365, 0.2364, 0.0
4396.0, -0.083184, -2.954713, -0.010457, -7.051365, 0.2364, 0.0
4413.0, -0.072501, -2.969735, -0.009938, -7.051365, 0.2364, 0.0
4429.0, -0.062239, -2.984818, -0.009505, -7.051365, 0.2364, 0.0
4429.0, -0.062239, -2.984818, -0.009505, -7.051365, 0.2364, 0.0
4447.0, -0.052408, -2.999969, -0.009057, -7.051365, 0.2364, 0.0
4447.0, -0.052408, -2.999969, -0.009057, -7.051365, 0.2364, 0.0
4463.0, -0.043026, -3.015174, -0.008705, -7.051365, 0.2364, 0.0
4480.0, -0.034097, -3.030445, -0.008337, -7.051365, 0.2364, 0.0
4480.0, -0.034097, -3.030445, -0.008337, -7.051365, 0.2364, 0.0
4496.0, -0.025632, -3.045769, -0.008068, -7.051365, 0.2364, 0.0
4496.0, -0.025632, -3.045769, -0.008068, -7.051365, 0.2364, 0.0
4513.0, -0.017615, -3.061194, -0.007775, -7.051365, 0.2364, 0.0
4530.0, -0.009994, -3.076621, -0.007621, -7.051365, 0.2364, 0.0
4530.0, -0.009994, -3.076621, -0.007621, -7.051365, 0.2364, 0.0
4547.0, -0.00262, -3.092089, -0.007514, -7.051365, 0.2364, 0.0
4547.0, -0.00262, -3.092089, -0.007514, -7.051365, 0.2364, 0.0
4563.0, 0.004625, -3.107581, -0.007598, -7.051365, 0.2364, 0.0
4580.0, 0.011855, -3.123096, -0.007748, -7.051365, 0.2364, 0.0
4580.0, 0.011855, -3.123096, -0.007748, -7.051365, 0.2364, 0.0
4595.0, 0.019161, -3.138617, -0.008076, -7.051365, 0.2364, 0.0
4595.0, 0.019161, -3.138617, -0.008076, -7.051365, 0.2364, 0.0
4613.0, 0.026628, -3.154145, -0.008441, -7.051365, 0.2364, 0.0
4629.0, 0.034318, -3.169668, -0.008938, -7.520857, 0.408625, 0.0
4629.0, 0.034318, -3.169668, -0.008938, -7.520857, 0.408625, 0.0
4645.0, 0.042288, -3.185194, -0.009426, -7.520857, 0.408625, 0.0
4645.0, 0.042288, -3.185194, -0.009426, -7.520857, 0.408625, 0.0
4662.0, 0.050579, -3.200713, -0.009998, -7.520857, 0.408625, 0.0
4679.0, 0.05923, -3.216236, -0.010522, -7.520857, 0.408625, 0.0
4679.0, 0.05923, -3.216236, -0.010522, -7.520857, 0.408625, 0.0
4695.0, 0.068265, -3.231751, -0.01109, -7.520857, 0.408625, 0.0
4695.0, 0.068265, -3.231751, -0.01109, -7.520857, 0.408625, 0.0
4714.0, 0.077712, -3.24727, -0.011585, -7.520857, 0.408625, 0.0
4729.0, 0.087587, -3.262788, -0.012101, -7.520857, 0.408625, 0.0
4729.0, 0.087587, -3.262788, -0.012101, -7.520857, 0.408625, 0.0
4745.0, 0.097907, -3.278311, -0.012531, -7.520857, 0.408625, 0.0
4745.0, 0.097907, -3.278311, -0.012531, -7.520857, 0.408625, 0.0
4762.0, 0.108676, -3.293826, -0.012968, -7.520857, 0.408625, 0.0
4779.0, 0.11991, -3.309342, -0.013317, -7.520857, 0.408625, 0.0
4779.0, 0.11991, -3.309342, -0.013317, -7.520857, 0.408625, 0.0
4796.0, 0.131608, -3.32485, -0.01367, -7.520857, 0.408625, 0.0
4796.0, 0.131608, -3.32485, -0.01367, -7.520857, 0.408625, 0.0
4814.0, 0.143783, -3.340358, -0.01394, -7.520857, 0.408625, 0.0
4828.0, 0.156331, -3.355864, -0.014175, -7.520857, 0.408625, 0.0
4828.0, 0.156331, -3.355864, -0.014175, -7.520857, 0.408625, 0.0
4845.0, 0.169135, -3.371382, -0.014255, -7.520857, 0.408625, 0.0
4845.0, 0.169135, -3.371382, -0.014255, -7.520857, 0.408625, 0.0
4862.0, 0.182065, -3.38691, -0.014247, -7.520857, 0.408625, 0.0
4880.0, 0.195015, -3.402465, -0.014066, -7.990274, 0.580824, 0.0
4880.0, 0.195015, -3.402465, -0.014066, -7.990274, 0.580824, 0.0
4896.0, 0.207884, -3.418041, -0.013809, -7.990274, 0.580824, 0.0
4896.0, 0.207884, -3.418041, -0.013809, -7.990274, 0.580824, 0.0
4913.0, 0.220598, -3.433654, -0.013409, -7.990274, 0.580824, 0.0
4929.0, 0.233078, -3.449293, -0.012979, -7.990274, 0.580824, 0.0
4929.0, 0.233078, -3.449293, -0.012979, -7.990274, 0.580824, 0.0
4945.0, 0.245282, -3.464979, -0.012454, -7.990274, 0.580824, 0.0
4945.0, 0.245282, -3.464979, -0.012454, -7.990274, 0.580824, 0.0
4962.0, 0.257162, -3.480708, -0.011952, -7.990274, 0.580824, 0.0
4979.0, 0.268689, -3.496496, -0.011397, -7.990274, 0.580824, 0.0
4979.0, 0.268689, -3.496496, -0.011397, -7.990274, 0.580824, 0.0
4996.0, 0.279831, -3.512335, -0.010905, -7.990274, 0.580824, 0.0
4996.0, 0.279831, -3.512335, -0.010905, -7.990274, 0.580824, 0.0
5013.0, 0.290571, -3.528238, -0.010386, -7.990274, 0.580824, 0.0
5029.0, 0.30089, -3.5442, -0.009954, -7.990274, 0.580824, 0.0
5029.0, 0.30089, -3.5442, -0.009954, -7.990274, 0.580824, 0.0
5046.0, 0.310777, -3.560228, -0.009507, -7.990274, 0.580824, 0.0
5046.0, 0.310777, -3.560228, -0.009507, -7.990274, 0.580824, 0.0
5062.0, 0.320215, -3.576308, -0.009157, -7.990274, 0.580824, 0.0
5080.0, 0.329199, -3.592451, -0.00879, -7.990274, 0.580824, 0.0
5080.0, 0.329199, -3.592451, -0.00879, -7.990274, 0.580824, 0.0
5095.0, 0.337718, -3.608646, -0.008524, -7.990274, 0.580824, 0.0
5096.0, 0.337718, -3.608646, -0.008524, -7.990274, 0.580824, 0.0
5113.0, 0.345771, -3.624901, -0.008234, -7.990274, 0.580824, 0.0
5129.0, 0.353446, -3.641193, -0.008082, -8.459691, 0.753022, 0.0
5129.0, 0.353446, -3.641193, -0.008082, -8.459691, 0.753022, 0.0
5145.0, 0.360874, -3.657526, -0.007978, -8.459691, 0.753022, 0.0
5145.0, 0.360874, -3.657526, -0.007978, -8.459691, 0.753022, 0.0
5162.0, 0.368173, -3.673881, -0.008065, -8.459691, 0.753022, 0.0
5179.0, 0.375457, -3.690261, -0.008218, -8.459691, 0.753022, 0.0
5179.0, 0.375457, -3.690261, -0.008218, -8.459691, 0.753022, 0.0
5195.0, 0.382819, -3.706646, -0.00855, -8.459691, 0.753022, 0.0
5195.0, 0.382819, -3.706646, -0.00855, -8.459691, 0.753022, 0.0
5213.0, 0.390341, -3.723041, -0.008917, -8.459691, 0.753022, 0.0
5229.0, 0.398089, -3.739439, -0.009418, -8.459691, 0.753022, 0.0
5229.0, 0.398089, -3.739439, -0.009418, -8.459691, 0.753022, 0.0
5246.0, 0.40612, -3.755846, -0.00991, -8.459691, 0.753022, 0.0
5246.0, 0.40612, -3.755846, -0.00991, -8.459691, 0.753022, 0.0
5262.0, 0.414472, -3.772249, -0.010485, -8.459691, 0.753022, 0.0
5279.0, 0.423184, -3.788657, -0.01101, -8.459691, 0.753022, 0.0
5279.0, 0.423184, -3.788657, -0.01101, -8.459691, 0.753022, 0.0
5296.0, 0.432281, -3.805062, -0.011579, -8.459691, 0.753022, 0.0
5296.0, 0.432281, -3.805062, -0.011579, -8.459691, 0.753022, 0.0
5313.0, 0.441789, -3.821474, -0.012073, -8.459691, 0.753022, 0.0
5329.0, 0.451717, -3.837877, -0.012585, -8.459691, 0.753022, 0.0
5329.0, 0.451717, -3.837877, -0.012585, -8.459691, 0.753022, 0.0
5346.0, 0.462088, -3.854285, -0.01301, -8.459691, 0.753022, 0.0
5346.0, 0.462088, -3.854285, -0.01301, -8.459691, 0.753022, 0.0
5362.0, 0.472908, -3.87069, -0.013445, -8.459691, 0.753022, 0.0
5379.0, 0.484193, -3.887103, -0.013792, -8.929107, 0.92522, 0.0
5379.0, 0.484193, -3.887103, -0.013792, -8.929107, 0.92522, 0.0
5396.0, 0.495942, -3.903514, -0.014144, -8.929107, 0.92522, 0.0
5396.0, 0.495942, -3.903514, -0.014144, -8.929107, 0.92522, 0.0
5413.0, 0.508169, -3.919932, -0.014415, -8.929107, 0.92522, 0.0
5428.0, 0.520775, -3.93636, -0.014653, -8.929107, 0.92522, 0.0
5428.0, 0.520775, -3.93636, -0.014653, -8.929107, 0.92522, 0.0
5446.0, 0.533639, -3.952806, -0.014736, -8.929107, 0.92522, 0.0
5446.0, 0.533639, -3.952806, -0.014736, -8.929107, 0.92522, 0.0
5463.0, 0.546629, -3.969267, -0.01473, -8.929107, 0.92522, 0.0
5479.0, 0.559639, -3.985754, -0.01455, -8.929107, 0.92522, 0.0
5479.0, 0.559639, -3.985754, -0.01455, -8.929107, 0.92522, 0.0
5496.0, 0.572567, -4.002264, -0.014294, -8.929107, 0.92522, 0.0
5496.0, 0.572567, -4.002264, -0.014294, -8.929107, 0.92522, 0.0
5513.0, 0.585338, -4.01881, -0.013894, -8.929107, 0.92522, 0.0
5528.0, 0.59788, -4.035388, -0.013465, -8.929107, 0.92522, 0.0
5528.0, 0.59788, -4.035388, -0.013465, -8.929107, 0.92522, 0.0
5545.0, 0.610146, -4.052012, -0.012941, -8.929107, 0.92522, 0.0
5545.0, 0.610146, -4.052012, -0.012941, -8.929107, 0.92522, 0.0
5562.0, 0.622086, -4.068679, -0.012438, -8.929107, 0.92522, 0.0
5579.0, 0.633672, -4.085402, -0.011882, -8.929107, 0.92522, 0.0
5579.0, 0.633672, -4.085402, -0.011882, -8.929107, 0.92522, 0.0
5595.0, 0.64487, -4.102173, -0.011388, -8.929107, 0.92522, 0.0
5595.0, 0.64487, -4.102173, -0.011388, -8.929107, 0.92522, 0.0
5613.0, 0.655665, -4.119004, -0.010866, -8.929107, 0.92522, 0.0
5629.0, 0.666029, -4.13588, -0.010431, -9.398522, 1.097418, 0.0
5629.0, 0.666029, -4.13588, -0.010431, -9.398522, 1.097418, 0.0
5645.0, 0.675958, -4.152815, -0.00998, -9.398522, 1.097418, 0.0
5645.0, 0.675958, -4.152815, -0.00998, -9.398522, 1.097418, 0.0
5662.0, 0.685438, -4.169801, -0.009628, -9.398522, 1.097418, 0.0
5679.0, 0.694464, -4.186848, -0.009262, -9.398522, 1.097418, 0.0
5679.0, 0.694464, -4.186848, -0.009262, -9.398522, 1.097418, 0.0
5695.0, 0.703025, -4.203945, -0.008998, -9.398522, 1.097418, 0.0
5695.0, 0.703025, -4.203945, -0.008998, -9.398522, 1.097418, 0.0
5713.0, 0.711122, -4.221103, -0.008711, -9.398522, 1.097418, 0.0
5730.0, 0.718847, -4.238309, -0.008567, -9.398522, 1.097418, 0.0
5730.0, 0.718847, -4.238309, -0.008567, -9.398522, 1.097418, 0.0
5746.0, 0.726328, -4.25556, -0.00847, -9.398522, 1.097418, 0.0
5746.0, 0.726328, -4.25556, -0.00847, -9.398522, 1.097418, 0.0
5762.0, 0.733679, -4.272835, -0.008564, -9.398522, 1.097418, 0.0
5780.0, 0.741017, -4.290132, -0.008722, -9.398522, 1.097418, 0.0
5780.0, 0.741017, -4.290132, -0.008722, -9.398522, 1.097418, 0.0
5797.0, 0.748431, -4.307434, -0.009058, -9.398522, 1.097418, 0.0
5797.0, 0.748431, -4.307434, -0.009058, -9.398522, 1.097418, 0.0
5813.0, 0.756007, -4.324746, -0.009428, -9.398522, 1.097418, 0.0
5831.0, 0.763802, -4.342049, -0.00993, -9.398522, 1.097418, 0.0
5831.0, 0.763802, -4.342049, -0.00993, -9.398522, 1.097418, 0.0
5847.0, 0.771879, -4.359357, -0.01042, -9.398522, 1.097418, 0.0
5847.0, 0.771879, -4.359357, -0.01042, -9.398522, 1.097418, 0.0
5863.0, 0.780276, -4.376664, -0.010995, -9.398522, 1.097418, 0.0
5879.0, 0.789038, -4.393984, -0.011519, -9.86794, 1.269616, 0.0
5879.0, 0.789038, -4.393984, -0.011519, -9.86794, 1.269616, 0.0
5896.0, 0.798182, -4.411303, -0.012089, -9.86794, 1.269616, 0.0
5896.0, 0.798182, -4.411303, -0.012089, -9.86794, 1.269616, 0.0
5913.0, 0.807738, -4.428634, -0.012583, -9.86794, 1.269616, 0.0
5930.0, 0.817724, -4.445974, -0.013099, -9.86794, 1.269616, 0.0
5930.0, 0.817724, -4.445974, -0.013099, -9.86794, 1.269616, 0.0
5946.0, 0.828155, -4.463329, -0.013527, -9.86794, 1.269616, 0.0
5946.0, 0.828155, -4.463329, -0.013527, -9.86794, 1.269616, 0.0
5963.0, 0.839036, -4.480686, -0.013964, -9.86794, 1.269616, 0.0
5979.0, 0.850381, -4.498054, -0.01431, -9.86794, 1.269616, 0.0
5979.0, 0.850381, -4.498054, -0.01431, -9.86794, 1.269616, 0.0
5996.0, 0.86219, -4.515423, -0.014662, -9.86794, 1.269616, 0.0
5996.0, 0.86219, -4.515423, -0.014662, -9.86794, 1.269616, 0.0
6014.0, 0.874476, -4.532803, -0.01493, -9.86794, 1.269616, 0.0
6030.0, 0.887135, -4.550188, -0.015164, -9.86794, 1.269616, 0.0
6030.0, 0.887135, -4.550188, -0.015164, -9.86794, 1.269616, 0.0
6047.0, 0.900049, -4.567593, -0.015242, -9.86794, 1.269616, 0.0
6047.0, 0.900049, -4.567593, -0.015242, -9.86794, 1.269616, 0.0
6063.0, 0.913088, -4.585012, -0.015234, -9.86794, 1.269616, 0.0
6080.0, 0.926147, -4.602459, -0.01505, -9.86794, 1.269616, 0.0
6080.0, 0.926147, -4.602459, -0.01505, -9.86794, 1.269616, 0.0
6095.0, 0.939123, -4.61993, -0.014793, -9.86794, 1.269616, 0.0
6095.0, 0.939123, -4.61993, -0.014793, -9.86794, 1.269616, 0.0
6113.0, 0.951942, -4.637437, -0.014391, -9.86794, 1.269616, 0.0
6129.0, 0.964527, -4.654968, -0.01396, -10.337362, 1.441816, 0.0
6129.0, 0.964527, -4.654968, -0.01396, -10.337362, 1.441816, 0.0
6146.0, 0.976834, -4.672544, -0.013433, -10.337362, 1.441816, 0.0
6146.0, 0.976834, -4.672544, -0.013433, -10.337362, 1.441816, 0.0
6162.0, 0.988815, -4.690161, -0.012931, -10.337362, 1.441816, 0.0
6179.0, 1.000441, -4.707833, -0.012375, -10.337362, 1.441816, 0.0
6179.0, 1.000441, -4.707833, -0.012375, -10.337362, 1.441816, 0.0
6196.0, 1.011681, -4.725553, -0.011883, -10.337362, 1.441816, 0.0
6196.0, 1.011681, -4.725553, -0.011883, -10.337362, 1.441816, 0.0
6214.0, 1.022517, -4.743332, -0.011364, -10.337362, 1.441816, 0.0
6230.0, 1.032932, -4.761169, -0.010935, -10.337362, 1.441816, 0.0
6230.0, 1.032932, -4.761169, -0.010935, -10.337362, 1.441816, 0.0
6247.0, 1.042913, -4.779066, -0.010488, -10.337362, 1.441816, 0.0
6247.0, 1.042913, -4.779066, -0.010488, -10.337362, 1.441816, 0.0
6263.0, 1.052443, -4.797011, -0.010141, -10.337362, 1.441816, 0.0
6280.0, 1.061519, -4.815014, -0.009777, -10.337362, 1.441816, 0.0
6280.0, 1.061519, -4.815014, -0.009777, -10.337362, 1.441816, 0.0
6296.0, 1.070129, -4.833063, -0.009515, -10.337362, 1.441816, 0.0
6296.0, 1.070129, -4.833063, -0.009515, -10.337362, 1.441816, 0.0
6313.0, 1.078272, -4.851168, -0.009229, -10.337362, 1.441816, 0.0
6330.0, 1.086037, -4.869304, -0.009083, -10.337362, 1.441816, 0.0
6330.0, 1.086037, -4.869304, -0.009083, -10.337362, 1.441816, 0.0
6347.0, 1.093554, -4.887477, -0.008985, -10.337362, 1.441816, 0.0
6347.0, 1.093554, -4.887477, -0.008985, -10.337362, 1.441816, 0.0
6363.0, 1.100943, -4.905672, -0.009079, -10.337362, 1.441816, 0.0
6380.0, 1.108318, -4.923891, -0.009237, -10.806779, 1.614015, 0.0
6380.0, 1.108318, -4.923891, -0.009237, -10.806779, 1.614015, 0.0
6397.0, 1.11577, -4.942118, -0.009576, -10.806779, 1.614015, 0.0
6397.0, 1.11577, -4.942118, -0.009576, -10.806779, 1.614015, 0.0
6413.0, 1.123386, -4.960357, -0.009949, -10.806779, 1.614015, 0.0
6430.0, 1.131228, -4.978604, -0.010457, -10.806779, 1.614015, 0.0
6430.0, 1.131228, -4.978604, -0.010457, -10.806779, 1.614015, 0.0
6446.0, 1.139354, -4.996864, -0.010952, -10.806779, 1.614015, 0.0
6446.0, 1.139354, -4.996864, -0.010952, -10.806779, 1.614015, 0.0
6463.0, 1.147803, -5.015126, -0.011531, -10.806779, 1.614015, 0.0
6480.0, 1.156613, -5.033401, -0.012057, -10.806779, 1.614015, 0.0
6480.0, 1.156613, -5.033401, -0.012057, -10.806779, 1.614015, 0.0
6496.0, 1.165809, -5.051679, -0.012629, -10.806779, 1.614015, 0.0
6496.0, 1.165809, -5.051679, -0.012629, -10.806779, 1.614015, 0.0
6514.0, 1.175416, -5.069972, -0.013122, -10.806779, 1.614015, 0.0
6530.0, 1.185444, -5.088264, -0.013635, -10.806779, 1.614015, 0.0
6530.0, 1.185444, -5.088264, -0.013635, -10.806779, 1.614015, 0.0
6546.0, 1.195916, -5.106569, -0.014057, -10.806779, 1.614015, 0.0
6546.0, 1.195916, -5.106569, -0.014057, -10.806779, 1.614015, 0.0
6563.0, 1.206836, -5.124881, -0.014491, -10.806779, 1.614015, 0.0
6580.0, 1.21822, -5.143209, -0.014834, -10.806779, 1.614015, 0.0
6580.0, 1.21822, -5.143209, -0.014834, -10.806779, 1.614015, 0.0
6596.0, 1.230069, -5.161546, -0.015186, -10.806779, 1.614015, 0.0
6596.0, 1.230069, -5.161546, -0.015186, -10.806779, 1.614015, 0.0
6613.0, 1.242395, -5.179899, -0.015452, -10.806779, 1.614015, 0.0
6628.0, 1.2551, -5.19827, -0.01569, -11.276195, 1.786212, 0.0
6628.0, 1.2551, -5.19827, -0.01569, -11.276195, 1.786212, 0.0
6646.0, 1.268062, -5.216666, -0.015769, -11.276195, 1.786212, 0.0
6646.0, 1.268062, -5.216666, -0.015769, -11.276195, 1.786212, 0.0
6663.0, 1.281149, -5.23508, -0.015764, -11.276195, 1.786212, 0.0
6679.0, 1.294255, -5.253523, -0.01558, -11.276195, 1.786212, 0.0
6679.0, 1.294255, -5.253523, -0.01558, -11.276195, 1.786212, 0.0
6696.0, 1.307278, -5.271989, -0.015323, -11.276195, 1.786212, 0.0
6696.0, 1.307278, -5.271989, -0.015323, -11.276195, 1.786212, 0.0
6714.0, 1.320142, -5.29049, -0.01492, -11.276195, 1.786212, 0.0
6729.0, 1.332775, -5.309021, -0.014491, -11.276195, 1.786212, 0.0
6729.0, 1.332775, -5.309021, -0.014491, -11.276195, 1.786212, 0.0
6745.0, 1.345131, -5.327596, -0.013963, -11.276195, 1.786212, 0.0
6745.0, 1.345131, -5.327596, -0.013963, -11.276195, 1.786212, 0.0
6762.0, 1.357159, -5.346209, -0.013462, -11.276195, 1.786212, 0.0
6779.0, 1.368831, -5.364874, -0.012903, -11.276195, 1.786212, 0.0
6779.0, 1.368831, -5.364874, -0.012903, -11.276195, 1.786212, 0.0
6796.0, 1.380113, -5.383583, -0.01241, -11.276195, 1.786212, 0.0
6796.0, 1.380113, -5.383583, -0.01241, -11.276195, 1.786212, 0.0
6813.0, 1.390991, -5.402347, -0.011887, -11.276195, 1.786212, 0.0
6829.0, 1.401437, -5.421149, -0.011454, -11.276195, 1.786212, 0.0
6829.0, 1.401437, -5.421149, -0.011454, -11.276195, 1.786212, 0.0
6846.0, 1.411447, -5.440004, -0.011003, -11.276195, 1.786212, 0.0
6846.0, 1.411447, -5.440004, -0.011003, -11.276195, 1.786212, 0.0
6862.0, 1.421005, -5.458904, -0.010654, -11.276195, 1.786212, 0.0
6879.0, 1.430108, -5.477859, -0.01029, -11.745612, 1.958411, 0.0
6879.0, 1.430108, -5.477859, -0.01029, -11.745612, 1.958411, 0.0
6896.0, 1.438747, -5.496858, -0.01003, -11.745612, 1.958411, 0.0
6896.0, 1.438747, -5.496858, -0.01003, -11.745612, 1.958411, 0.0
6913.0, 1.446919, -5.515911, -0.009747, -11.745612, 1.958411, 0.0
6929.0, 1.45472, -5.535008, -0.009608, -11.745612, 1.958411, 0.0
6929.0, 1.45472, -5.535008, -0.009608, -11.745612, 1.958411, 0.0
6946.0, 1.462276, -5.554146, -0.009515, -11.745612, 1.958411, 0.0
6946.0, 1.462276, -5.554146, -0.009515, -11.745612, 1.958411, 0.0
6963.0, 1.469703, -5.573306, -0.009615, -11.745612, 1.958411, 0.0
6979.0, 1.477116, -5.592488, -0.009779, -11.745612, 1.958411, 0.0
6979.0, 1.477116, -5.592488, -0.009779, -11.745612, 1.958411, 0.0
6996.0, 1.484608, -5.611678, -0.010121, -11.745612, 1.958411, 0.0
6996.0, 1.484608, -5.611678, -0.010121, -11.745612, 1.958411, 0.0
7013.0, 1.492262, -5.630879, -0.010496, -11.745612, 1.958411, 0.0
7029.0, 1.500137, -5.650074, -0.011003, -11.745612, 1.958411, 0.0
7029.0, 1.500137, -5.650074, -0.011003, -11.745612, 1.958411, 0.0
7046.0, 1.508295, -5.669281, -0.011497, -11.745612, 1.958411, 0.0
7046.0, 1.508295, -5.669281, -0.011497, -11.745612, 1.958411, 0.0
7062.0, 1.516775, -5.688491, -0.012076, -11.745612, 1.958411, 0.0
7079.0, 1.525617, -5.707718, -0.012601, -11.745612, 1.958411, 0.0
7079.0, 1.525617, -5.707718, -0.012601, -11.745612, 1.958411, 0.0
7096.0, 1.534845, -5.726956, -0.013174, -11.745612, 1.958411, 0.0
7096.0, 1.534845, -5.726956, -0.013174, -11.745612, 1.958411, 0.0
7113.0, 1.544486, -5.746214, -0.013666, -11.745612, 1.958411, 0.0
7129.0, 1.554557, -5.765492, -0.014184, -12.215028, 2.130609, 0.0
7129.0, 1.554557, -5.765492, -0.014184, -12.215028, 2.130609, 0.0
7146.0, 1.565073, -5.784793, -0.014609, -12.215028, 2.130609, 0.0
7146.0, 1.565073, -5.784793, -0.014609, -12.215028, 2.130609, 0.0
7163.0, 1.576066, -5.804154, -0.015047, -12.215028, 2.130609, 0.0
7179.0, 1.587496, -5.823488, -0.01539, -12.215028, 2.130609, 0.0
7179.0, 1.587496, -5.823488, -0.01539, -12.215028, 2.130609, 0.0
7196.0, 1.599391, -5.842833, -0.015742, -12.215028, 2.130609, 0.0
7196.0, 1.599391, -5.842833, -0.015742, -12.215028, 2.130609, 0.0
7213.0, 1.611762, -5.862199, -0.016006, -12.215028, 2.130609, 0.0
7229.0, 1.624501, -5.881571, -0.016238, -12.215028, 2.130609, 0.0
7229.0, 1.624501, -5.881571, -0.016238, -12.215028, 2.130609, 0.0
7246.0, 1.637493, -5.900966, -0.016311, -12.215028, 2.130609, 0.0
7246.0, 1.637493, -5.900966, -0.016311, -12.215028, 2.130609, 0.0
7263.0, 1.650608, -5.92038, -0.016302, -12.215028, 2.130609, 0.0
7279.0, 1.663743, -5.939825, -0.016115, -12.215028, 2.130609, 0.0
7279.0, 1.663743, -5.939825, -0.016115, -12.215028, 2.130609, 0.0
7296.0, 1.676794, -5.959295, -0.015858, -12.215028, 2.130609, 0.0
7296.0, 1.676794, -5.959295, -0.015858, -12.215028, 2.130609, 0.0
7313.0, 1.689688, -5.9788, -0.015454, -12.215028, 2.130609, 0.0
7329.0, 1.702351, -5.998334, -0.015027, -12.215028, 2.130609, 0.0
7329.0, 1.702351, -5.998334, -0.015027, -12.215028, 2.130609, 0.0
7346.0, 1.714736, -6.017912, -0.0145, -12.215028, 2.130609, 0.0
7346.0, 1.714736, -6.017912, -0.0145, -12.215028, 2.130609, 0.0
7363.0, 1.726793, -6.037528, -0.014001, -12.215028, 2.130609, 0.0
7380.0, 1.738495, -6.057192, -0.013443, -12.684523, 2.302836, 0.0
7380.0, 1.738495, -6.057192, -0.013443, -12.684523, 2.302836, 0.0
7396.0, 1.749807, -6.076899, -0.012952, -12.684523, 2.302836, 0.0
7396.0, 1.749807, -6.076899, -0.012952, -12.684523, 2.302836, 0.0
7413.0, 1.760714, -6.096657, -0.012431, -12.684523, 2.302836, 0.0
7429.0, 1.771196, -6.116466, -0.012002, -12.684523, 2.302836, 0.0
7429.0, 1.771196, -6.116466, -0.012002, -12.684523, 2.302836, 0.0
7446.0, 1.781243, -6.136329, -0.011555, -12.684523, 2.302836, 0.0
7446.0, 1.781243, -6.136329, -0.011555, -12.684523, 2.302836, 0.0
7462.0, 1.790838, -6.156232, -0.011209, -12.684523, 2.302836, 0.0
7479.0, 1.799978, -6.176183, -0.010846, -12.684523, 2.302836, 0.0
7479.0, 1.799978, -6.176183, -0.010846, -12.684523, 2.302836, 0.0
7496.0, 1.808649, -6.196173, -0.010586, -12.684523, 2.302836, 0.0
7496.0, 1.808649, -6.196173, -0.010586, -12.684523, 2.302836, 0.0
7514.0, 1.816853, -6.216209, -0.010302, -12.684523, 2.302836, 0.0
7529.0, 1.824681, -6.236278, -0.01016, -12.684523, 2.302836, 0.0
7529.0, 1.824681, -6.236278, -0.01016, -12.684523, 2.302836, 0.0
7546.0, 1.832261, -6.256382, -0.010065, -12.684523, 2.302836, 0.0
7546.0, 1.832261, -6.256382, -0.010065, -12.684523, 2.302836, 0.0
7562.0, 1.839712, -6.276504, -0.010164, -12.684523, 2.302836, 0.0
7579.0, 1.84715, -6.296649, -0.010327, -12.684523, 2.302836, 0.0
7579.0, 1.84715, -6.296649, -0.010327, -12.684523, 2.302836, 0.0
7596.0, 1.854667, -6.316802, -0.010671, -12.684523, 2.302836, 0.0
7596.0, 1.854667, -6.316802, -0.010671, -12.684523, 2.302836, 0.0
7614.0, 1.862346, -6.336968, -0.011047, -12.684523, 2.302836, 0.0
7629.0, 1.870248, -6.357131, -0.011556, -13.153938, 2.475034, 0.0
7629.0, 1.870248, -6.357131, -0.011556, -13.153938, 2.475034, 0.0
7646.0, 1.878433, -6.377307, -0.012051, -13.153938, 2.475034, 0.0
7646.0, 1.878433, -6.377307, -0.012051, -13.153938, 2.475034, 0.0
7663.0, 1.88694, -6.397492, -0.012632, -13.153938, 2.475034, 0.0
7679.0, 1.895811, -6.417698, -0.013158, -13.153938, 2.475034, 0.0
7679.0, 1.895811, -6.417698, -0.013158, -13.153938, 2.475034, 0.0
7696.0, 1.905068, -6.437918, -0.013732, -13.153938, 2.475034, 0.0
7696.0, 1.905068, -6.437918, -0.013732, -13.153938, 2.475034, 0.0
7713.0, 1.914739, -6.458164, -0.014225, -13.153938, 2.475034, 0.0
7729.0, 1.924838, -6.478434, -0.014744, -13.153938, 2.475034, 0.0
7729.0, 1.924838, -6.478434, -0.014744, -13.153938, 2.475034, 0.0
7746.0, 1.935384, -6.498734, -0.015169, -13.153938, 2.475034, 0.0
7746.0, 1.935384, -6.498734, -0.015169, -13.153938, 2.475034, 0.0
7763.0, 1.946425, -6.519135, -0.015607, -13.153938, 2.475034, 0.0
7779.0, 1.957886, -6.539477, -0.01595, -13.153938, 2.475034, 0.0
7779.0, 1.957886, -6.539477, -0.01595, -13.153938, 2.475034, 0.0
7797.0, 1.96981, -6.559836, -0.016302, -13.153938, 2.475034, 0.0
7797.0, 1.96981, -6.559836, -0.016302, -13.153938, 2.475034, 0.0
7814.0, 1.982211, -6.580221, -0.016565, -13.153938, 2.475034, 0.0
7830.0, 1.994974, -6.600608, -0.016796, -13.153938, 2.475034, 0.0
7830.0, 1.994974, -6.600608, -0.016796, -13.153938, 2.475034, 0.0
7847.0, 2.007988, -6.621019, -0.016865, -13.153938, 2.475034, 0.0
7847.0, 2.007988, -6.621019, -0.016865, -13.153938, 2.475034, 0.0
7863.0, 2.021126, -6.641451, -0.016856, -13.153938, 2.475034, 0.0
7879.0, 2.034283, -6.661916, -0.016668, -13.623489, 2.647281, 0.0
7879.0, 2.034283, -6.661916, -0.016668, -13.623489, 2.647281, 0.0
7896.0, 2.047356, -6.682406, -0.016412, -13.623489, 2.647281, 0.0
7896.0, 2.047356, -6.682406, -0.016412, -13.623489, 2.647281, 0.0
7914.0, 2.060272, -6.702933, -0.016008, -13.623489, 2.647281, 0.0
7929.0, 2.072966, -6.723504, -0.015586, -13.623489, 2.647281, 0.0
7929.0, 2.072966, -6.723504, -0.015586, -13.623489, 2.647281, 0.0
7946.0, 2.085385, -6.744122, -0.015063, -13.623489, 2.647281, 0.0
7946.0, 2.085385, -6.744122, -0.015063, -13.623489, 2.647281, 0.0
7963.0, 2.097476, -6.764774, -0.014566, -13.623489, 2.647281, 0.0
7979.0, 2.109208, -6.785471, -0.014008, -13.623489, 2.647281, 0.0
7979.0, 2.109208, -6.785471, -0.014008, -13.623489, 2.647281, 0.0
7997.0, 2.120549, -6.806205, -0.013516, -13.623489, 2.647281, 0.0
7997.0, 2.120549, -6.806205, -0.013516, -13.623489, 2.647281, 0.0
8014.0, 2.131481, -6.826984, -0.012992, -13.623489, 2.647281, 0.0
8030.0, 2.14198, -6.847793, -0.012559, -13.623489, 2.647281, 0.0
8030.0, 2.14198, -6.847793, -0.012559, -13.623489, 2.647281, 0.0
8047.0, 2.15204, -6.868645, -0.012106, -13.623489, 2.647281, 0.0
8047.0, 2.15204, -6.868645, -0.012106, -13.623489, 2.647281, 0.0
8063.0, 2.161646, -6.889532, -0.011757, -13.623489, 2.647281, 0.0
8080.0, 2.170797, -6.910464, -0.011392, -13.623489, 2.647281, 0.0
8080.0, 2.170797, -6.910464, -0.011392, -13.623489, 2.647281, 0.0
8096.0, 2.17948, -6.931432, -0.011133, -13.623489, 2.647281, 0.0
8096.0, 2.17948, -6.931432, -0.011133, -13.623489, 2.647281, 0.0
8113.0, 2.187697, -6.952443, -0.01085, -13.623489, 2.647281, 0.0
8129.0, 2.19554, -6.973493, -0.010712, -14.092906, 2.819479, 0.0
8129.0, 2.19554, -6.973493, -0.010712, -14.092906, 2.819479, 0.0
8146.0, 2.203138, -6.994577, -0.010622, -14.092906, 2.819479, 0.0
8146.0, 2.203138, -6.994577, -0.010622, -14.092906, 2.819479, 0.0
8163.0, 2.210607, -7.015681, -0.010725, -14.092906, 2.819479, 0.0
8180.0, 2.218063, -7.036807, -0.010891, -14.092906, 2.819479, 0.0
8180.0, 2.218063, -7.036807, -0.010891, -14.092906, 2.819479, 0.0
8196.0, 2.225598, -7.057941, -0.011238, -14.092906, 2.819479, 0.0
8196.0, 2.225598, -7.057941, -0.011238, -14.092906, 2.819479, 0.0
8213.0, 2.233296, -7.079089, -0.011616, -14.092906, 2.819479, 0.0
8230.0, 2.24122, -7.100244, -0.012128, -14.092906, 2.819479, 0.0
8230.0, 2.24122, -7.100244, -0.012128, -14.092906, 2.819479, 0.0
8247.0, 2.249429, -7.121416, -0.012625, -14.092906, 2.819479, 0.0
8247.0, 2.249429, -7.121416, -0.012625, -14.092906, 2.819479, 0.0
8263.0, 2.25796, -7.1426, -0.013208, -14.092906, 2.819479, 0.0
8280.0, 2.266855, -7.163807, -0.013735, -14.092906, 2.819479, 0.0
8280.0, 2.266855, -7.163807, -0.013735, -14.092906, 2.819479, 0.0
8296.0, 2.276135, -7.185031, -0.014309, -14.092906, 2.819479, 0.0
8296.0, 2.276135, -7.185031, -0.014309, -14.092906, 2.819479, 0.0
8313.0, 2.285829, -7.206284, -0.014801, -14.092906, 2.819479, 0.0
8330.0, 2.295944, -7.22755, -0.015315, -14.092906, 2.819479, 0.0
8330.0, 2.295944, -7.22755, -0.015315, -14.092906, 2.819479, 0.0
8347.0, 2.306502, -7.248844, -0.015735, -14.092906, 2.819479, 0.0
8347.0, 2.306502, -7.248844, -0.015735, -14.092906, 2.819479, 0.0
8363.0, 2.317518, -7.270179, -0.01617, -14.092906, 2.819479, 0.0
8379.0, 2.328989, -7.291528, -0.016509, -14.562352, 2.991688, 0.0
8379.0, 2.328989, -7.291528, -0.016509, -14.562352, 2.991688, 0.0
8397.0, 2.340924, -7.312901, -0.016861, -14.562352, 2.991688, 0.0
8397.0, 2.340924, -7.312901, -0.016861, -14.562352, 2.991688, 0.0
8414.0, 2.353335, -7.334307, -0.017123, -14.562352, 2.991688, 0.0
8430.0, 2.366225, -7.355743, -0.017403, -14.562352, 2.991688, 0.0
8430.0, 2.366225, -7.355743, -0.017403, -14.562352, 2.991688, 0.0
8446.0, 2.3796, -7.377204, -0.017602, -14.562352, 2.991688, 0.0
8446.0, 2.3796, -7.377204, -0.017602, -14.562352, 2.991688, 0.0
8463.0, 2.393455, -7.398676, -0.017819, -14.562352, 2.991688, 0.0
8480.0, 2.407799, -7.420161, -0.017964, -14.562352, 2.991688, 0.0
8480.0, 2.407799, -7.420161, -0.017964, -14.562352, 2.991688, 0.0
8497.0, 2.422625, -7.441647, -0.018132, -14.562352, 2.991688, 0.0
8497.0, 2.422625, -7.441647, -0.018132, -14.562352, 2.991688, 0.0
8514.0, 2.437944, -7.463137, -0.018237, -14.562352, 2.991688, 0.0
8530.0, 2.453642, -7.484624, -0.018326, -14.562352, 2.991688, 0.0
8530.0, 2.453642, -7.484624, -0.018326, -14.562352, 2.991688, 0.0
8547.0, 2.469604, -7.506133, -0.01828, -14.562352, 2.991688, 0.0
8547.0, 2.469604, -7.506133, -0.01828, -14.562352, 2.991688, 0.0
8563.0, 2.485701, -7.527667, -0.018169, -14.562352, 2.991688, 0.0
8580.0, 2.501827, -7.549246, -0.017902, -14.562352, 2.991688, 0.0
8580.0, 2.501827, -7.549246, -0.017902, -14.562352, 2.991688, 0.0
8596.0, 2.517877, -7.570871, -0.017579, -14.562352, 2.991688, 0.0
8596.0, 2.517877, -7.570871, -0.017579, -14.562352, 2.991688, 0.0
8614.0, 2.533778, -7.592556, -0.017128, -14.562352, 2.991688, 0.0
8629.0, 2.549462, -7.614311, -0.016666, -15.031768, 3.163886, 0.0
8629.0, 2.549462, -7.614311, -0.016666, -15.031768, 3.163886, 0.0
8646.0, 2.564878, -7.636147, -0.016122, -15.031768, 3.163886, 0.0
8646.0, 2.564878, -7.636147, -0.016122, -15.031768, 3.163886, 0.0
8663.0, 2.579975, -7.658058, -0.015609, -15.031768, 3.163886, 0.0
8679.0, 2.594723, -7.680059, -0.015053, -15.031768, 3.163886, 0.0
8679.0, 2.594723, -7.680059, -0.015053, -15.031768, 3.163886, 0.0
8696.0, 2.60909, -7.702145, -0.014566, -15.031768, 3.163886, 0.0
8696.0, 2.60909, -7.702145, -0.014566, -15.031768, 3.163886, 0.0
8713.0, 2.623059, -7.724327, -0.01406, -15.031768, 3.163886, 0.0
8729.0, 2.636603, -7.746591, -0.013643, -15.031768, 3.163886, 0.0
8729.0, 2.636603, -7.746591, -0.013643, -15.031768, 3.163886, 0.0
8746.0, 2.649719, -7.768953, -0.013219, -15.031768, 3.163886, 0.0
8746.0, 2.649719, -7.768953, -0.013219, -15.031768, 3.163886, 0.0
8762.0, 2.662391, -7.791408, -0.012897, -15.031768, 3.163886, 0.0
8780.0, 2.674619, -7.813966, -0.012567, -15.031768, 3.163886, 0.0
8780.0, 2.674619, -7.813966, -0.012567, -15.031768, 3.163886, 0.0
8796.0, 2.68639, -7.83662, -0.012339, -15.031768, 3.163886, 0.0
8796.0, 2.68639, -7.83662, -0.012339, -15.031768, 3.163886, 0.0
8814.0, 2.697705, -7.859379, -0.012095, -15.031768, 3.163886, 0.0
8829.0, 2.708558, -7.882241, -0.01195, -15.031768, 3.163886, 0.0
8829.0, 2.708558, -7.882241, -0.01195, -15.031768, 3.163886, 0.0
8846.0, 2.718946, -7.905203, -0.011778, -15.031768, 3.163886, 0.0
8846.0, 2.718946, -7.905203, -0.011778, -15.031768, 3.163886, 0.0
8863.0, 2.72886, -7.928251, -0.011694, -15.031768, 3.163886, 0.0
8880.0, 2.7383, -7.951388, -0.01157, -15.501185, 3.336085, 0.0
8880.0, 2.7383, -7.951388, -0.01157, -15.501185, 3.336085, 0.0
8896.0, 2.74726, -7.974604, -0.011529, -15.501185, 3.336085, 0.0
8896.0, 2.74726, -7.974604, -0.011529, -15.501185, 3.336085, 0.0
8913.0, 2.755741, -7.997904, -0.011438, -15.501185, 3.336085, 0.0
8929.0, 2.763834, -8.021258, -0.011466, -15.501185, 3.336085, 0.0
8929.0, 2.763834, -8.021258, -0.011466, -15.501185, 3.336085, 0.0
8946.0, 2.771672, -8.044668, -0.011516, -15.501185, 3.336085, 0.0
8946.0, 2.771672, -8.044668, -0.011516, -15.501185, 3.336085, 0.0
8963.0, 2.779375, -8.068113, -0.011738, -15.501185, 3.336085, 0.0
8979.0, 2.78706, -8.091593, -0.012004, -15.501185, 3.336085, 0.0
8979.0, 2.78706, -8.091593, -0.012004, -15.501185, 3.336085, 0.0
8996.0, 2.79482, -8.115088, -0.012431, -15.501185, 3.336085, 0.0
8996.0, 2.79482, -8.115088, -0.012431, -15.501185, 3.336085, 0.0
9014.0, 2.802739, -8.138597, -0.012874, -15.501185, 3.336085, 0.0
9029.0, 2.810884, -8.162118, -0.013438, -15.501185, 3.336085, 0.0
9029.0, 2.810884, -8.162118, -0.013438, -15.501185, 3.336085, 0.0
9045.0, 2.819312, -8.185652, -0.013974, -15.501185, 3.336085, 0.0
9045.0, 2.819312, -8.185652, -0.013974, -15.501185, 3.336085, 0.0
9062.0, 2.82806, -8.209188, -0.014584, -15.501185, 3.336085, 0.0
9079.0, 2.837169, -8.232736, -0.015127, -15.501185, 3.336085, 0.0
9079.0, 2.837169, -8.232736, -0.015127, -15.501185, 3.336085, 0.0
9096.0, 2.846663, -8.256286, -0.015711, -15.501185, 3.336085, 0.0
9096.0, 2.846663, -8.256286, -0.015711, -15.501185, 3.336085, 0.0
9114.0, 2.856567, -8.279848, -0.016204, -15.501185, 3.336085, 0.0
9129.0, 2.866894, -8.303415, -0.016717, -15.970603, 3.508283, 0.0
9129.0, 2.866894, -8.303415, -0.016717, -15.970603, 3.508283, 0.0
9145.0, 2.877663, -8.326995, -0.01713, -15.970603, 3.508283, 0.0
9145.0, 2.877663, -8.326995, -0.01713, -15.970603, 3.508283, 0.0
9162.0, 2.88888, -8.350579, -0.017554, -15.970603, 3.508283, 0.0
9180.0, 2.900559, -8.374178, -0.017879, -15.970603, 3.508283, 0.0
9180.0, 2.900559, -8.374178, -0.017879, -15.970603, 3.508283, 0.0
9196.0, 2.9127, -8.397781, -0.018216, -15.970603, 3.508283, 0.0
9196.0, 2.9127, -8.397781, -0.018216, -15.970603, 3.508283, 0.0
9213.0, 2.925332, -8.42143, -0.018461, -15.970603, 3.508283, 0.0
9229.0, 2.938314, -8.445047, -0.018678, -15.970603, 3.508283, 0.0
9229.0, 2.938314, -8.445047, -0.018678, -15.970603, 3.508283, 0.0
9246.0, 2.951547, -8.468685, -0.018732, -15.970603, 3.508283, 0.0
9246.0, 2.951547, -8.468685, -0.018732, -15.970603, 3.508283, 0.0
9263.0, 2.964902, -8.492342, -0.01871, -15.970603, 3.508283, 0.0
9280.0, 2.978275, -8.516033, -0.018507, -15.970603, 3.508283, 0.0
9280.0, 2.978275, -8.516033, -0.018507, -15.970603, 3.508283, 0.0
9296.0, 2.991562, -8.539751, -0.018241, -15.970603, 3.508283, 0.0
9296.0, 2.991562, -8.539751, -0.018241, -15.970603, 3.508283, 0.0
9313.0, 3.00469, -8.56351, -0.017825, -15.970603, 3.508283, 0.0
9329.0, 3.017584, -8.587304, -0.017392, -15.970603, 3.508283, 0.0
9329.0, 3.017584, -8.587304, -0.017392, -15.970603, 3.508283, 0.0
9346.0, 3.030199, -8.611148, -0.016859, -15.970603, 3.508283, 0.0
9346.0, 3.030199, -8.611148, -0.016859, -15.970603, 3.508283, 0.0
9362.0, 3.042484, -8.635036, -0.016359, -15.970603, 3.508283, 0.0
9380.0, 3.054412, -8.658978, -0.0158, -16.44006, 3.680496, 0.0
9380.0, 3.054412, -8.658978, -0.0158, -16.44006, 3.680496, 0.0
9396.0, 3.065948, -8.682971, -0.015314, -16.44006, 3.680496, 0.0
9396.0, 3.065948, -8.682971, -0.015314, -16.44006, 3.680496, 0.0
9414.0, 3.077079, -8.707022, -0.014797, -16.44006, 3.680496, 0.0
9429.0, 3.087785, -8.731133, -0.014378, -16.44006, 3.680496, 0.0
9429.0, 3.087785, -8.731133, -0.014378, -16.44006, 3.680496, 0.0
9446.0, 3.098056, -8.755304, -0.013941, -16.44006, 3.680496, 0.0
9446.0, 3.098056, -8.755304, -0.013941, -16.44006, 3.680496, 0.0
9462.0, 3.107874, -8.779524, -0.013609, -16.44006, 3.680496, 0.0
9480.0, 3.117237, -8.803798, -0.013259, -16.44006, 3.680496, 0.0
9480.0, 3.117237, -8.803798, -0.013259, -16.44006, 3.680496, 0.0
9496.0, 3.126133, -8.828117, -0.013016, -16.44006, 3.680496, 0.0
9496.0, 3.126133, -8.828117, -0.013016, -16.44006, 3.680496, 0.0
9513.0, 3.134562, -8.85249, -0.012748, -16.44006, 3.680496, 0.0
9529.0, 3.142615, -8.876901, -0.012626, -16.44006, 3.680496, 0.0
9529.0, 3.142615, -8.876901, -0.012626, -16.44006, 3.680496, 0.0
9546.0, 3.150423, -8.901348, -0.012549, -16.44006, 3.680496, 0.0
9546.0, 3.150423, -8.901348, -0.012549, -16.44006, 3.680496, 0.0
9562.0, 3.158103, -8.925815, -0.012667, -16.44006, 3.680496, 0.0
9579.0, 3.165773, -8.950303, -0.012846, -16.44006, 3.680496, 0.0
9579.0, 3.165773, -8.950303, -0.012846, -16.44006, 3.680496, 0.0
9596.0, 3.173524, -8.974797, -0.013206, -16.44006, 3.680496, 0.0
9596.0, 3.173524, -8.974797, -0.013206, -16.44006, 3.680496, 0.0
9614.0, 3.181441, -8.999301, -0.013595, -16.44006, 3.680496, 0.0
9629.0, 3.189583, -9.023796, -0.014116, -16.909477, 3.852695, 0.0
9629.0, 3.189583, -9.023796, -0.014116, -16.909477, 3.852695, 0.0
9646.0, 3.198011, -9.048298, -0.014618, -16.909477, 3.852695, 0.0
9646.0, 3.198011, -9.048298, -0.014618, -16.909477, 3.852695, 0.0
9663.0, 3.206765, -9.072804, -0.015205, -16.909477, 3.852695, 0.0
9679.0, 3.215885, -9.097326, -0.015731, -16.909477, 3.852695, 0.0
9679.0, 3.215885, -9.097326, -0.015731, -16.909477, 3.852695, 0.0
9696.0, 3.225393, -9.121858, -0.016305, -16.909477, 3.852695, 0.0
9696.0, 3.225393, -9.121858, -0.016305, -16.909477, 3.852695, 0.0
9714.0, 3.235316, -9.146409, -0.016793, -16.909477, 3.852695, 0.0
9729.0, 3.245669, -9.170981, -0.017306, -16.909477, 3.852695, 0.0
9729.0, 3.245669, -9.170981, -0.017306, -16.909477, 3.852695, 0.0
9746.0, 3.25647, -9.195577, -0.017719, -16.909477, 3.852695, 0.0
9747.0, 3.25647, -9.195577, -0.017719, -16.909477, 3.852695, 0.0
9763.0, 3.26772, -9.220184, -0.018146, -16.909477, 3.852695, 0.0
9779.0, 3.279434, -9.244812, -0.018473, -16.909477, 3.852695, 0.0
9779.0, 3.279434, -9.244812, -0.018473, -16.909477, 3.852695, 0.0
9797.0, 3.291612, -9.26945, -0.018812, -16.909477, 3.852695, 0.0
9797.0, 3.291612, -9.26945, -0.018812, -16.909477, 3.852695, 0.0
9814.0, 3.304265, -9.294108, -0.019057, -16.909477, 3.852695, 0.0
9830.0, 3.317284, -9.318771, -0.019276, -16.909477, 3.852695, 0.0
9831.0, 3.317284, -9.318771, -0.019276, -16.909477, 3.852695, 0.0
9847.0, 3.330555, -9.343457, -0.019329, -16.909477, 3.852695, 0.0
9847.0, 3.330555, -9.343457, -0.019329, -16.909477, 3.852695, 0.0
9863.0, 3.343948, -9.368164, -0.019308, -16.909477, 3.852695, 0.0
9879.0, 3.357374, -9.392933, -0.019104, -17.378893, 4.024892, 0.0
9879.0, 3.357374, -9.392933, -0.019104, -17.378893, 4.024892, 0.0
9896.0, 3.370697, -9.417702, -0.018837, -17.378893, 4.024892, 0.0
9896.0, 3.370697, -9.417702, -0.018837, -17.378893, 4.024892, 0.0
9914.0, 3.383861, -9.442509, -0.01842, -17.378893, 4.024892, 0.0
9929.0, 3.396796, -9.467359, -0.017989, -17.378893, 4.024892, 0.0
9929.0, 3.396796, -9.467359, -0.017989, -17.378893, 4.024892, 0.0
9946.0, 3.40945, -9.492258, -0.017455, -17.378893, 4.024892, 0.0
9946.0, 3.40945, -9.492258, -0.017455, -17.378893, 4.024892, 0.0
9963.0, 3.421774, -9.517198, -0.016955, -17.378893, 4.024892, 0.0
9979.0, 3.433739, -9.542188, -0.016394, -17.378893, 4.024892, 0.0
9979.0, 3.433739, -9.542188, -0.016394, -17.378893, 4.024892, 0.0
