2.0, 0.0, 0.0, 0.002231, 2.771293, -1.148884, 0.0
2.0, 0.0, 0.0, 0.002231, 2.771293, -1.148884, 0.0
15.0, -0.00005, -0.00025, -0.004077, 2.771293, -1.148884, 0.0
32.0, 0.000001, -0.000349, -0.009549, 2.771293, -1.148884, 0.0
32.0, 0.000001, -0.000349, -0.009549, 2.771293, -1.148884, 0.0
50.0, 0.000255, -0.000218, -0.012369, 2.771293, -1.148884, 0.0
50.0, 0.000255, -0.000218, -0.012369, 2.771293, -1.148884, 0.0
66.0, 0.000784, 0.000062, -0.013636, 2.771293, -1.148884, 0.0
82.0, 0.001644, 0.000373, -0.013787, 2.771293, -1.148884, 0.0
82.0, 0.001644, 0.000373, -0.013787, 2.771293, -1.148884, 0.0
101.0, 0.002874, 0.000593, -0.013176, 2.771293, -1.148884, 0.0
101.0, 0.002874, 0.000593, -0.013176, 2.771293, -1.148884, 0.0
117.0, 0.004414, 0.000632, -0.012039, 2.771293, -1.148884, 0.0
134.0, 0.005894, 0.000487, -0.012839, 2.771293, -1.148884, 0.0
134.0, 0.005894, 0.000487, -0.012839, 2.771293, -1.148884, 0.0
150.0, 0.007482, 0.000346, -0.014032, 2.771293, -1.148884, 0.0
150.0, 0.007482, 0.000346, -0.014032, 2.771293, -1.148884, 0.0
166.0, 0.009129, 0.000291, -0.014347, 2.771412, -0.998883, 0.0
183.0, 0.010687, 0.000364, -0.013831, 2.771412, -0.998883, 0.0
183.0, 0.010687, 0.000364, -0.013831, 2.771412, -0.998883, 0.0
201.0, 0.012143, 0.00064, -0.012848, 2.771412, -0.998883, 0.0
201.0, 0.012143, 0.00064, -0.012848, 2.771412, -0.998883, 0.0
216.0, 0.013124, 0.000741, -0.010829, 2.771412, -0.998883, 0.0
234.0, 0.013988, 0.001623, -0.009306, 2.771412, -0.998883, 0.0
234.0, 0.013988, 0.001623, -0.009306, 2.771412, -0.998883, 0.0
249.0, 0.014639, 0.002811, -0.007513, 2.771412, -0.998883, 0.0
249.0, 0.014639, 0.002811, -0.007513, 2.771412, -0.998883, 0.0
266.0, 0.015053, 0.00416, -0.00589, 2.771412, -0.998883, 0.0
282.0, 0.015212, 0.005716, -0.004376, 2.771412, -0.998883, 0.0
282.0, 0.015212, 0.005716, -0.004376, 2.771412, -0.998883, 0.0
301.0, 0.015072, 0.007452, -0.003123, 2.771412, -0.998883, 0.0
301.0, 0.015072, 0.007452, -0.003123, 2.771412, -0.998883, 0.0
316.0, 0.014682, 0.009359, -0.002045, 2.771412, -0.998883, 0.0
333.0, 0.014118, 0.011404, -0.001133, 2.771412, -0.998883, 0.0
333.0, 0.014118, 0.011404, -0.001133, 2.771412, -0.998883, 0.0
349.0, 0.013463, 0.013545, -0.00039, 2.771412, -0.998883, 0.0
349.0, 0.013463, 0.013545, -0.00039, 2.771412, -0.998883, 0.0
366.0, 0.0128, 0.015743, 0.000184, 2.771412, -0.998883, 0.0
383.0, 0.012204, 0.017961, 0.000596, 2.771412, -0.998883, 0.0
383.0, 0.012204, 0.017961, 0.000596, 2.771412, -0.998883, 0.0
401.0, 0.011738, 0.02017, 0.000859, 2.771412, -0.998883, 0.0
401.0, 0.011738, 0.02017, 0.000859, 2.771412, -0.998883, 0.0
416.0, 0.011457, 0.022354, 0.000994, 2.771611, -0.748882, 0.0
433.0, 0.011407, 0.024503, 0.001025, 2.771611, -0.748882, 0.0
433.0, 0.011407, 0.024503, 0.001025, 2.771611, -0.748882, 0.0
450.0, 0.011627, 0.026614, 0.000977, 2.771611, -0.748882, 0.0
450.0, 0.011627, 0.026614, 0.000977, 2.771611, -0.748882, 0.0
466.0, 0.012156, 0.028702, 0.000871, 2.771611, -0.748882, 0.0
483.0, 0.013024, 0.030743, 0.000722, 2.771611, -0.748882, 0.0
483.0, 0.013024, 0.030743, 0.000722, 2.771611, -0.748882, 0.0
501.0, 0.014265, 0.032753, 0.000538, 2.771611, -0.748882, 0.0
501.0, 0.014265, 0.032753, 0.000538, 2.771611, -0.748882, 0.0
516.0, 0.015908, 0.034732, 0.000321, 2.771611, -0.748882, 0.0
533.0, 0.017982, 0.036676, 0.00007, 2.771611, -0.748882, 0.0
533.0, 0.017982, 0.036676, 0.00007, 2.771611, -0.748882, 0.0
550.0, 0.02051, 0.038581, -0.000215, 2.771611, -0.748882, 0.0
550.0, 0.02051, 0.038581, -0.000215, 2.771611, -0.748882, 0.0
566.0, 0.023508, 0.040439, -0.000529, 2.771611, -0.748882, 0.0
583.0, 0.02699, 0.042245, -0.000866, 2.771611, -0.748882, 0.0
583.0, 0.02699, 0.042245, -0.000866, 2.771611, -0.748882, 0.0
601.0, 0.030965, 0.043992, -0.001219, 2.771611, -0.748882, 0.0
601.0, 0.030965, 0.043992, -0.001219, 2.771611, -0.748882, 0.0
617.0, 0.035441, 0.045676, -0.001581, 2.771611, -0.748882, 0.0
634.0, 0.04042, 0.047292, -0.001943, 2.771611, -0.748882, 0.0
634.0, 0.04042, 0.047292, -0.001943, 2.771611, -0.748882, 0.0
650.0, 0.045902, 0.048835, -0.002296, 2.771611, -0.748882, 0.0
650.0, 0.045902, 0.048835, -0.002296, 2.771611, -0.748882, 0.0
666.0, 0.051889, 0.050301, -0.002636, 2.771811, -0.498756, 0.0
683.0, 0.058377, 0.05169, -0.002957, 2.771811, -0.498756, 0.0
683.0, 0.058377, 0.05169, -0.002957, 2.771811, -0.498756, 0.0
700.0, 0.065369, 0.053001, -0.003257, 2.771811, -0.498756, 0.0
700.0, 0.065369, 0.053001, -0.003257, 2.771811, -0.498756, 0.0
716.0, 0.072862, 0.054229, -0.003534, 2.771811, -0.498756, 0.0
732.0, 0.080855, 0.055373, -0.003788, 2.771811, -0.498756, 0.0
732.0, 0.080855, 0.055373, -0.003788, 2.771811, -0.498756, 0.0
749.0, 0.089348, 0.056431, -0.004019, 2.771811, -0.498756, 0.0
749.0, 0.089348, 0.056431, -0.004019, 2.771811, -0.498756, 0.0
765.0, 0.098338, 0.057401, -0.004228, 2.771811, -0.498756, 0.0
782.0, 0.107826, 0.05828, -0.004417, 2.771811, -0.498756, 0.0
782.0, 0.107826, 0.05828, -0.004417, 2.771811, -0.498756, 0.0
801.0, 0.117811, 0.059068, -0.004588, 2.771811, -0.498756, 0.0
801.0, 0.117811, 0.059068, -0.004588, 2.771811, -0.498756, 0.0
816.0, 0.12829, 0.059762, -0.004743, 2.771811, -0.498756, 0.0
832.0, 0.139264, 0.060357, -0.004883, 2.771811, -0.498756, 0.0
832.0, 0.139264, 0.060357, -0.004883, 2.771811, -0.498756, 0.0
850.0, 0.15073, 0.06085, -0.005012, 2.771811, -0.498756, 0.0
850.0, 0.15073, 0.06085, -0.005012, 2.771811, -0.498756, 0.0
866.0, 0.162687, 0.061239, -0.00513, 2.771811, -0.498756, 0.0
883.0, 0.175134, 0.061521, -0.00524, 2.771811, -0.498756, 0.0
883.0, 0.175134, 0.061521, -0.00524, 2.771811, -0.498756, 0.0
901.0, 0.188071, 0.061693, -0.005343, 2.771811, -0.498756, 0.0
901.0, 0.188071, 0.061693, -0.005343, 2.771811, -0.498756, 0.0
917.0, 0.201495, 0.061752, -0.005441, 2.77201, -0.248751, 0.0
933.0, 0.215406, 0.061691, -0.005535, 2.77201, -0.248751, 0.0
933.0, 0.215406, 0.061691, -0.005535, 2.77201, -0.248751, 0.0
950.0, 0.229802, 0.061507, -0.005626, 2.77201, -0.248751, 0.0
950.0, 0.229802, 0.061507, -0.005626, 2.77201, -0.248751, 0.0
965.0, 0.244691, 0.061196, -0.005716, 2.77201, -0.248751, 0.0
983.0, 0.260054, 0.060753, -0.005805, 2.77201, -0.248751, 0.0
984.0, 0.260054, 0.060753, -0.005805, 2.77201, -0.248751, 0.0
1000.0, 0.2759, 0.060177, -0.005894, 2.77201, -0.248751, 0.0
1000.0, 0.2759, 0.060177, -0.005894, 2.77201, -0.248751, 0.0
1015.0, 0.292226, 0.059462, -0.005983, 2.77201, -0.248751, 0.0
1032.0, 0.309118, 0.058596, -0.006073, 2.77201, -0.248751, 0.0
1032.0, 0.309118, 0.058596, -0.006073, 2.77201, -0.248751, 0.0
1049.0, 0.326401, 0.057583, -0.006165, 2.77201, -0.248751, 0.0
1049.0, 0.326401, 0.057583, -0.006165, 2.77201, -0.248751, 0.0
1066.0, 0.344159, 0.056412, -0.006258, 2.77201, -0.248751, 0.0
1083.0, 0.362391, 0.055081, -0.006353, 2.77201, -0.248751, 0.0
1083.0, 0.362391, 0.055081, -0.006353, 2.77201, -0.248751, 0.0
1100.0, 0.381096, 0.053585, -0.006449, 2.77201, -0.248751, 0.0
1100.0, 0.381096, 0.053585, -0.006449, 2.77201, -0.248751, 0.0
1116.0, 0.400167, 0.051963, -0.006502, 2.77201, -0.248751, 0.0
1132.0, 0.419492, 0.050261, -0.006481, 2.77201, -0.248751, 0.0
1132.0, 0.419492, 0.050261, -0.006481, 2.77201, -0.248751, 0.0
1149.0, 0.438957, 0.048525, -0.006365, 2.77201, -0.248751, 0.0
1149.0, 0.438957, 0.048525, -0.006365, 2.77201, -0.248751, 0.0
1166.0, 0.458457, 0.046796, -0.006148, 2.772209, 0.001349, 0.0
1183.0, 0.477903, 0.045109, -0.005837, 2.772209, 0.001349, 0.0
1183.0, 0.477903, 0.045109, -0.005837, 2.772209, 0.001349, 0.0
1200.0, 0.497219, 0.043495, -0.005445, 2.772209, 0.001349, 0.0
1200.0, 0.497219, 0.043495, -0.005445, 2.772209, 0.001349, 0.0
1215.0, 0.516357, 0.041978, -0.004995, 2.772209, 0.001349, 0.0
1232.0, 0.535258, 0.040584, -0.004502, 2.772209, 0.001349, 0.0
1232.0, 0.535258, 0.040584, -0.004502, 2.772209, 0.001349, 0.0
1249.0, 0.55388, 0.039331, -0.003982, 2.772209, 0.001349, 0.0
1249.0, 0.55388, 0.039331, -0.003982, 2.772209, 0.001349, 0.0
1266.0, 0.57219, 0.038237, -0.003452, 2.772209, 0.001349, 0.0
1282.0, 0.590161, 0.037316, -0.002925, 2.772209, 0.001349, 0.0
1282.0, 0.590161, 0.037316, -0.002925, 2.772209, 0.001349, 0.0
1300.0, 0.607774, 0.03658, -0.002412, 2.772209, 0.001349, 0.0
1300.0, 0.607774, 0.03658, -0.002412, 2.772209, 0.001349, 0.0
1316.0, 0.62501, 0.036038, -0.001921, 2.772209, 0.001349, 0.0
1332.0, 0.641858, 0.035698, -0.001456, 2.772209, 0.001349, 0.0
1332.0, 0.641858, 0.035698, -0.001456, 2.772209, 0.001349, 0.0
1350.0, 0.658306, 0.035563, -0.00102, 2.772209, 0.001349, 0.0
1350.0, 0.658306, 0.035563, -0.00102, 2.772209, 0.001349, 0.0
1365.0, 0.674346, 0.035641, -0.000614, 2.772209, 0.001349, 0.0
1384.0, 0.689972, 0.035933, -0.000238, 2.772209, 0.001349, 0.0
1384.0, 0.689972, 0.035933, -0.000238, 2.772209, 0.001349, 0.0
1401.0, 0.705178, 0.036443, 0.00011, 2.772209, 0.001349, 0.0
1401.0, 0.705178, 0.036443, 0.00011, 2.772209, 0.001349, 0.0
1416.0, 0.720052, 0.03713, 0.000393, 2.772408, 0.251351, 0.0
1433.0, 0.734708, 0.037943, 0.000576, 2.772408, 0.251351, 0.0
1433.0, 0.734708, 0.037943, 0.000576, 2.772408, 0.251351, 0.0
1450.0, 0.749256, 0.038832, 0.00064, 2.772408, 0.251351, 0.0
1450.0, 0.749256, 0.038832, 0.00064, 2.772408, 0.251351, 0.0
1466.0, 0.763894, 0.039757, 0.000581, 2.772408, 0.251351, 0.0
1482.0, 0.778547, 0.040669, 0.000405, 2.772408, 0.251351, 0.0
1482.0, 0.778547, 0.040669, 0.000405, 2.772408, 0.251351, 0.0
1500.0, 0.79332, 0.041538, 0.00013, 2.772408, 0.251351, 0.0
1500.0, 0.79332, 0.041538, 0.00013, 2.772408, 0.251351, 0.0
1516.0, 0.80829, 0.04234, -0.000219, 2.772408, 0.251351, 0.0
1533.0, 0.823515, 0.043055, -0.000627, 2.772408, 0.251351, 0.0
1533.0, 0.823515, 0.043055, -0.000627, 2.772408, 0.251351, 0.0
1549.0, 0.839041, 0.043667, -0.001077, 2.772408, 0.251351, 0.0
1549.0, 0.839041, 0.043667, -0.001077, 2.772408, 0.251351, 0.0
1565.0, 0.854901, 0.044162, -0.00155, 2.772408, 0.251351, 0.0
1583.0, 0.871123, 0.04453, -0.002031, 2.772408, 0.251351, 0.0
1583.0, 0.871123, 0.04453, -0.002031, 2.772408, 0.251351, 0.0
1600.0, 0.887728, 0.044759, -0.002507, 2.772408, 0.251351, 0.0
1600.0, 0.887728, 0.044759, -0.002507, 2.772408, 0.251351, 0.0
1616.0, 0.904748, 0.044842, -0.002974, 2.772408, 0.251351, 0.0
1633.0, 0.922185, 0.04477, -0.003417, 2.772408, 0.251351, 0.0
1633.0, 0.922185, 0.04477, -0.003417, 2.772408, 0.251351, 0.0
1650.0, 0.940045, 0.044535, -0.003831, 2.772408, 0.251351, 0.0
1650.0, 0.940045, 0.044535, -0.003831, 2.772408, 0.251351, 0.0
1666.0, 0.958331, 0.044132, -0.004213, 2.772607, 0.501503, 0.0
1683.0, 0.977052, 0.043554, -0.004562, 2.772607, 0.501503, 0.0
1683.0, 0.977052, 0.043554, -0.004562, 2.772607, 0.501503, 0.0
1701.0, 0.996211, 0.042797, -0.00488, 2.772607, 0.501503, 0.0
1701.0, 0.996211, 0.042797, -0.00488, 2.772607, 0.501503, 0.0
1717.0, 1.01572, 0.041901, -0.00513, 2.772607, 0.501503, 0.0
1733.0, 1.035464, 0.040916, -0.005277, 2.772607, 0.501503, 0.0
1733.0, 1.035464, 0.040916, -0.005277, 2.772607, 0.501503, 0.0
1748.0, 1.05533, 0.03989, -0.005302, 2.772607, 0.501503, 0.0
1748.0, 1.05533, 0.03989, -0.005302, 2.772607, 0.501503, 0.0
1765.0, 1.075219, 0.038868, -0.005202, 2.772607, 0.501503, 0.0
1782.0, 1.095042, 0.037887, -0.004987, 2.772607, 0.501503, 0.0
1782.0, 1.095042, 0.037887, -0.004987, 2.772607, 0.501503, 0.0
1800.0, 1.114729, 0.036978, -0.004674, 2.772607, 0.501503, 0.0
1800.0, 1.114729, 0.036978, -0.004674, 2.772607, 0.501503, 0.0
1815.0, 1.13422, 0.036169, -0.004283, 2.772607, 0.501503, 0.0
1833.0, 1.153479, 0.035485, -0.003835, 2.772607, 0.501503, 0.0
1833.0, 1.153479, 0.035485, -0.003835, 2.772607, 0.501503, 0.0
1849.0, 1.172447, 0.034947, -0.003352, 2.772607, 0.501503, 0.0
1849.0, 1.172447, 0.034947, -0.003352, 2.772607, 0.501503, 0.0
1866.0, 1.191104, 0.034573, -0.002851, 2.772607, 0.501503, 0.0
1883.0, 1.209425, 0.034377, -0.002347, 2.772607, 0.501503, 0.0
1883.0, 1.209425, 0.034377, -0.002347, 2.772607, 0.501503, 0.0
1901.0, 1.227391, 0.034373, -0.001852, 2.772607, 0.501503, 0.0
1901.0, 1.227391, 0.034373, -0.001852, 2.772607, 0.501503, 0.0
1916.0, 1.244985, 0.034569, -0.001372, 2.772806, 0.751512, 0.0
1933.0, 1.262194, 0.034975, -0.000915, 2.772806, 0.751512, 0.0
1933.0, 1.262194, 0.034975, -0.000915, 2.772806, 0.751512, 0.0
1950.0, 1.279009, 0.035595, -0.000483, 2.772806, 0.751512, 0.0
1951.0, 1.279009, 0.035595, -0.000483, 2.772806, 0.751512, 0.0
1966.0, 1.295421, 0.036436, -0.000078, 2.772806, 0.751512, 0.0
1983.0, 1.311424, 0.037502, 0.000301, 2.772806, 0.751512, 0.0
1983.0, 1.311424, 0.037502, 0.000301, 2.772806, 0.751512, 0.0
2000.0, 1.327064, 0.0388, 0.000656, 2.772806, 0.751512, 0.0
2000.0, 1.327064, 0.0388, 0.000656, 2.772806, 0.751512, 0.0
2016.0, 1.342319, 0.040278, 0.000949, 2.772806, 0.751512, 0.0
2032.0, 1.357357, 0.041886, 0.001144, 2.772806, 0.751512, 0.0
2032.0, 1.357357, 0.041886, 0.001144, 2.772806, 0.751512, 0.0
2049.0, 1.372289, 0.043571, 0.001219, 2.772806, 0.751512, 0.0
2049.0, 1.372289, 0.043571, 0.001219, 2.772806, 0.751512, 0.0
2066.0, 1.387214, 0.045286, 0.001173, 2.772806, 0.751512, 0.0
2083.0, 1.402218, 0.046988, 0.00101, 2.772806, 0.751512, 0.0
2083.0, 1.402218, 0.046988, 0.00101, 2.772806, 0.751512, 0.0
2101.0, 1.41737, 0.048644, 0.000747, 2.772806, 0.751512, 0.0
2101.0, 1.41737, 0.048644, 0.000747, 2.772806, 0.751512, 0.0
2116.0, 1.432735, 0.050228, 0.0004, 2.772806, 0.751512, 0.0
2133.0, 1.448357, 0.051716, -0.000008, 2.772806, 0.751512, 0.0
2133.0, 1.448357, 0.051716, -0.000008, 2.772806, 0.751512, 0.0
2150.0, 1.464275, 0.053091, -0.000456, 2.772806, 0.751512, 0.0
2150.0, 1.464275, 0.053091, -0.000456, 2.772806, 0.751512, 0.0
2166.0, 1.48052, 0.054337, -0.000926, 2.773005, 1.001569, 0.0
2183.0, 1.497117, 0.055443, -0.001404, 2.773005, 1.001569, 0.0
2183.0, 1.497117, 0.055443, -0.001404, 2.773005, 1.001569, 0.0
2201.0, 1.514089, 0.056398, -0.001878, 2.773005, 1.001569, 0.0
2202.0, 1.514089, 0.056398, -0.001878, 2.773005, 1.001569, 0.0
2217.0, 1.531359, 0.057235, -0.002297, 2.773005, 1.001569, 0.0
2232.0, 1.548823, 0.057999, -0.002618, 2.773005, 1.001569, 0.0
2232.0, 1.548823, 0.057999, -0.002618, 2.773005, 1.001569, 0.0
2249.0, 1.566374, 0.058732, -0.002814, 2.773005, 1.001569, 0.0
2249.0, 1.566374, 0.058732, -0.002814, 2.773005, 1.001569, 0.0
2265.0, 1.583919, 0.059475, -0.002877, 2.773005, 1.001569, 0.0
2282.0, 1.601376, 0.060261, -0.002812, 2.773005, 1.001569, 0.0
2282.0, 1.601376, 0.060261, -0.002812, 2.773005, 1.001569, 0.0
2300.0, 1.618675, 0.061117, -0.002633, 2.773005, 1.001569, 0.0
2300.0, 1.618675, 0.061117, -0.002633, 2.773005, 1.001569, 0.0
2316.0, 1.635759, 0.062069, -0.002359, 2.773005, 1.001569, 0.0
2333.0, 1.652585, 0.063138, -0.002013, 2.773005, 1.001569, 0.0
2333.0, 1.652585, 0.063138, -0.002013, 2.773005, 1.001569, 0.0
2350.0, 1.669114, 0.06434, -0.001616, 2.773005, 1.001569, 0.0
2350.0, 1.669114, 0.06434, -0.001616, 2.773005, 1.001569, 0.0
2366.0, 1.685318, 0.065692, -0.001185, 2.773005, 1.001569, 0.0
2383.0, 1.701173, 0.067207, -0.000738, 2.773005, 1.001569, 0.0
2383.0, 1.701173, 0.067207, -0.000738, 2.773005, 1.001569, 0.0
2401.0, 1.716658, 0.068894, -0.000287, 2.773005, 1.001569, 0.0
2401.0, 1.716658, 0.068894, -0.000287, 2.773005, 1.001569, 0.0
2416.0, 1.731759, 0.070762, 0.000157, 2.773205, 1.251572, 0.0
2433.0, 1.746463, 0.072816, 0.000589, 2.773205, 1.251572, 0.0
2433.0, 1.746463, 0.072816, 0.000589, 2.773205, 1.251572, 0.0
2450.0, 1.760757, 0.075061, 0.001004, 2.773205, 1.251572, 0.0
2450.0, 1.760757, 0.075061, 0.001004, 2.773205, 1.251572, 0.0
2466.0, 1.774634, 0.0775, 0.001398, 2.773205, 1.251572, 0.0
2484.0, 1.788087, 0.080136, 0.001772, 2.773205, 1.251572, 0.0
2484.0, 1.788087, 0.080136, 0.001772, 2.773205, 1.251572, 0.0
2499.0, 1.801111, 0.082971, 0.002125, 2.773205, 1.251572, 0.0
2499.0, 1.801111, 0.082971, 0.002125, 2.773205, 1.251572, 0.0
2516.0, 1.813794, 0.08597, 0.002417, 2.773205, 1.251572, 0.0
2532.0, 1.826253, 0.089086, 0.002612, 2.773205, 1.251572, 0.0
2532.0, 1.826253, 0.089086, 0.002612, 2.773205, 1.251572, 0.0
2549.0, 1.838601, 0.092274, 0.002688, 2.773205, 1.251572, 0.0
2549.0, 1.838601, 0.092274, 0.002688, 2.773205, 1.251572, 0.0
2566.0, 1.850939, 0.095496, 0.002641, 2.773205, 1.251572, 0.0
2583.0, 1.863354, 0.098716, 0.002477, 2.773205, 1.251572, 0.0
2583.0, 1.863354, 0.098716, 0.002477, 2.773205, 1.251572, 0.0
2600.0, 1.87592, 0.101905, 0.002212, 2.773205, 1.251572, 0.0
2600.0, 1.87592, 0.101905, 0.002212, 2.773205, 1.251572, 0.0
2616.0, 1.888697, 0.105041, 0.001864, 2.773205, 1.251572, 0.0
2633.0, 1.901736, 0.108107, 0.001454, 2.773205, 1.251572, 0.0
2633.0, 1.901736, 0.108107, 0.001454, 2.773205, 1.251572, 0.0
2649.0, 1.915078, 0.111086, 0.001002, 2.773205, 1.251572, 0.0
2649.0, 1.915078, 0.111086, 0.001002, 2.773205, 1.251572, 0.0
2666.0, 1.928757, 0.113969, 0.000525, 2.773404, 1.501574, 0.0
2683.0, 1.942801, 0.116745, 0.00004, 2.773404, 1.501574, 0.0
2683.0, 1.942801, 0.116745, 0.00004, 2.773404, 1.501574, 0.0
2703.0, 1.957232, 0.119405, -0.00044, 2.773404, 1.501574, 0.0
2703.0, 1.957232, 0.119405, -0.00044, 2.773404, 1.501574, 0.0
2716.0, 1.972068, 0.121942, -0.000907, 2.773404, 1.501574, 0.0
2733.0, 1.987323, 0.124349, -0.001352, 2.773404, 1.501574, 0.0
2733.0, 1.987323, 0.124349, -0.001352, 2.773404, 1.501574, 0.0
2749.0, 2.003006, 0.126619, -0.001771, 2.773404, 1.501574, 0.0
2749.0, 2.003006, 0.126619, -0.001771, 2.773404, 1.501574, 0.0
2766.0, 2.019127, 0.128746, -0.002161, 2.773404, 1.501574, 0.0
2783.0, 2.035694, 0.130727, -0.002521, 2.773404, 1.501574, 0.0
2783.0, 2.035694, 0.130727, -0.002521, 2.773404, 1.501574, 0.0
2802.0, 2.052711, 0.132557, -0.002852, 2.773404, 1.501574, 0.0
2802.0, 2.052711, 0.132557, -0.002852, 2.773404, 1.501574, 0.0
2815.0, 2.070087, 0.134269, -0.003113, 2.773404, 1.501574, 0.0
2832.0, 2.087706, 0.135906, -0.00327, 2.773404, 1.501574, 0.0
2832.0, 2.087706, 0.135906, -0.00327, 2.773404, 1.501574, 0.0
2850.0, 2.105451, 0.137508, -0.003301, 2.773404, 1.501574, 0.0
2850.0, 2.105451, 0.137508, -0.003301, 2.773404, 1.501574, 0.0
2866.0, 2.123219, 0.139113, -0.003205, 2.773404, 1.501574, 0.0
2883.0, 2.14092, 0.140753, -0.002989, 2.773404, 1.501574, 0.0
2883.0, 2.14092, 0.140753, -0.002989, 2.773404, 1.501574, 0.0
2901.0, 2.158524, 0.142457, -0.002671, 2.773404, 1.501574, 0.0
2901.0, 2.158524, 0.142457, -0.002671, 2.773404, 1.501574, 0.0
2916.0, 2.175877, 0.144241, -0.002272, 2.773603, 1.751617, 0.0
2933.0, 2.192979, 0.146131, -0.001815, 2.773603, 1.751617, 0.0
2933.0, 2.192979, 0.146131, -0.001815, 2.773603, 1.751617, 0.0
2949.0, 2.209791, 0.148144, -0.001322, 2.773603, 1.751617, 0.0
2949.0, 2.209791, 0.148144, -0.001322, 2.773603, 1.751617, 0.0
2966.0, 2.226282, 0.150296, -0.000811, 2.773603, 1.751617, 0.0
2982.0, 2.242426, 0.152599, -0.000297, 2.773603, 1.751617, 0.0
2982.0, 2.242426, 0.152599, -0.000297, 2.773603, 1.751617, 0.0
3000.0, 2.258203, 0.155064, 0.000209, 2.773603, 1.751617, 0.0
3000.0, 2.258203, 0.155064, 0.000209, 2.773603, 1.751617, 0.0
3016.0, 2.273599, 0.1577, 0.000696, 2.773603, 1.751617, 0.0
3032.0, 2.288597, 0.160512, 0.001161, 2.773603, 1.751617, 0.0
3032.0, 2.288597, 0.160512, 0.001161, 2.773603, 1.751617, 0.0
3049.0, 2.303186, 0.163504, 0.001602, 2.773603, 1.751617, 0.0
3049.0, 2.303186, 0.163504, 0.001602, 2.773603, 1.751617, 0.0
3066.0, 2.317354, 0.166681, 0.002016, 2.773603, 1.751617, 0.0
3083.0, 2.331095, 0.170045, 0.002405, 2.773603, 1.751617, 0.0
3083.0, 2.331095, 0.170045, 0.002405, 2.773603, 1.751617, 0.0
3101.0, 2.344403, 0.173598, 0.002768, 2.773603, 1.751617, 0.0
3101.0, 2.344403, 0.173598, 0.002768, 2.773603, 1.751617, 0.0
3116.0, 2.357368, 0.177306, 0.003067, 2.773603, 1.751617, 0.0
3133.0, 2.370105, 0.181126, 0.003265, 2.773603, 1.751617, 0.0
3133.0, 2.370105, 0.181126, 0.003265, 2.773603, 1.751617, 0.0
3150.0, 2.382729, 0.185015, 0.003342, 2.773603, 1.751617, 0.0
3150.0, 2.382729, 0.185015, 0.003342, 2.773603, 1.751617, 0.0
3166.0, 2.395343, 0.188937, 0.003293, 2.773802, 2.001619, 0.0
3183.0, 2.408033, 0.192857, 0.003125, 2.773802, 2.001619, 0.0
3183.0, 2.408033, 0.192857, 0.003125, 2.773802, 2.001619, 0.0
3201.0, 2.420875, 0.196749, 0.002855, 2.773802, 2.001619, 0.0
3201.0, 2.420875, 0.196749, 0.002855, 2.773802, 2.001619, 0.0
3216.0, 2.433928, 0.200591, 0.002501, 2.773802, 2.001619, 0.0
3234.0, 2.447245, 0.204367, 0.002084, 2.773802, 2.001619, 0.0
3234.0, 2.447245, 0.204367, 0.002084, 2.773802, 2.001619, 0.0
3249.0, 2.460866, 0.208062, 0.001626, 2.773802, 2.001619, 0.0
3249.0, 2.460866, 0.208062, 0.001626, 2.773802, 2.001619, 0.0
3265.0, 2.474826, 0.211664, 0.001144, 2.773802, 2.001619, 0.0
3282.0, 2.489164, 0.215168, 0.000655, 2.773802, 2.001619, 0.0
3282.0, 2.489164, 0.215168, 0.000655, 2.773802, 2.001619, 0.0
3299.0, 2.503877, 0.218559, 0.00017, 2.773802, 2.001619, 0.0
3299.0, 2.503877, 0.218559, 0.00017, 2.773802, 2.001619, 0.0
3316.0, 2.518994, 0.221832, -0.000299, 2.773802, 2.001619, 0.0
3333.0, 2.534531, 0.22498, -0.000746, 2.773802, 2.001619, 0.0
3333.0, 2.534531, 0.22498, -0.000746, 2.773802, 2.001619, 0.0
3350.0, 2.5505, 0.227997, -0.001167, 2.773802, 2.001619, 0.0
3350.0, 2.5505, 0.227997, -0.001167, 2.773802, 2.001619, 0.0
3366.0, 2.566908, 0.230877, -0.001558, 2.773802, 2.001619, 0.0
3383.0, 2.583762, 0.233617, -0.00192, 2.773802, 2.001619, 0.0
3383.0, 2.583762, 0.233617, -0.00192, 2.773802, 2.001619, 0.0
3411.0, 2.601069, 0.236212, -0.002252, 2.773802, 2.001619, 0.0
3411.0, 2.601069, 0.236212, -0.002252, 2.773802, 2.001619, 0.0
3419.0, 2.62159, 0.239094, -0.002549, 2.774001, 2.251638, 0.0
3419.0, 2.62159, 0.239094, -0.002549, 2.774001, 2.251638, 0.0
3436.0, 2.639498, 0.241501, -0.00272, 2.774001, 2.251638, 0.0
3453.0, 2.657618, 0.24389, -0.002761, 2.774001, 2.251638, 0.0
3453.0, 2.657618, 0.24389, -0.002761, 2.774001, 2.251638, 0.0
3469.0, 2.675679, 0.246275, -0.002664, 2.774001, 2.251638, 0.0
3469.0, 2.675679, 0.246275, -0.002664, 2.774001, 2.251638, 0.0
3486.0, 2.693665, 0.248698, -0.00244, 2.774001, 2.251638, 0.0
3503.0, 2.711499, 0.251183, -0.002109, 2.774001, 2.251638, 0.0
3503.0, 2.711499, 0.251183, -0.002109, 2.774001, 2.251638, 0.0
3520.0, 2.72882, 0.253707, -0.001577, 2.774001, 2.251638, 0.0
3520.0, 2.72882, 0.253707, -0.001577, 2.774001, 2.251638, 0.0
3535.0, 2.745803, 0.256319, -0.001006, 2.774001, 2.251638, 0.0
3553.0, 2.762501, 0.259049, -0.00045, 2.774001, 2.251638, 0.0
3553.0, 2.762501, 0.259049, -0.00045, 2.774001, 2.251638, 0.0
3569.0, 2.778915, 0.261916, 0.000072, 2.774001, 2.251638, 0.0
3569.0, 2.778915, 0.261916, 0.000072, 2.774001, 2.251638, 0.0
3586.0, 2.795069, 0.264943, 0.000561, 2.774001, 2.251638, 0.0
3604.0, 2.810862, 0.268125, 0.001018, 2.774001, 2.251638, 0.0
3604.0, 2.810862, 0.268125, 0.001018, 2.774001, 2.251638, 0.0
3620.0, 2.826578, 0.271539, 0.001341, 2.774001, 2.251638, 0.0
3620.0, 2.826578, 0.271539, 0.001341, 2.774001, 2.251638, 0.0
3637.0, 2.841998, 0.275147, 0.001659, 2.774001, 2.251638, 0.0
3653.0, 2.857023, 0.278937, 0.002003, 2.774001, 2.251638, 0.0
3653.0, 2.857023, 0.278937, 0.002003, 2.774001, 2.251638, 0.0
3669.0, 2.871608, 0.282903, 0.002375, 2.774202, 2.50449, 0.0
3669.0, 2.871608, 0.282903, 0.002375, 2.774202, 2.50449, 0.0
3685.0, 2.885736, 0.287045, 0.002763, 2.774202, 2.50449, 0.0
3704.0, 2.899399, 0.291364, 0.003153, 2.774202, 2.50449, 0.0
3704.0, 2.899399, 0.291364, 0.003153, 2.774202, 2.50449, 0.0
3721.0, 2.912692, 0.295828, 0.003493, 2.774202, 2.50449, 0.0
3721.0, 2.912692, 0.295828, 0.003493, 2.774202, 2.50449, 0.0
3735.0, 2.925733, 0.300394, 0.003739, 2.774202, 2.50449, 0.0
3751.0, 2.938639, 0.305022, 0.003865, 2.774202, 2.50449, 0.0
3751.0, 2.938639, 0.305022, 0.003865, 2.774202, 2.50449, 0.0
3768.0, 2.951515, 0.309676, 0.003861, 2.774202, 2.50449, 0.0
3768.0, 2.951515, 0.309676, 0.003861, 2.774202, 2.50449, 0.0
3785.0, 2.964453, 0.314324, 0.003732, 2.774202, 2.50449, 0.0
3803.0, 2.977527, 0.318941, 0.003494, 2.774202, 2.50449, 0.0
3803.0, 2.977527, 0.318941, 0.003494, 2.774202, 2.50449, 0.0
3819.0, 2.990802, 0.323506, 0.003164, 2.774202, 2.50449, 0.0
3819.0, 2.990802, 0.323506, 0.003164, 2.774202, 2.50449, 0.0
3835.0, 3.00433, 0.328003, 0.002765, 2.774202, 2.50449, 0.0
3853.0, 3.018156, 0.332418, 0.002317, 2.774202, 2.50449, 0.0
3853.0, 3.018156, 0.332418, 0.002317, 2.774202, 2.50449, 0.0
3870.0, 3.032313, 0.336741, 0.001841, 2.774202, 2.50449, 0.0
3870.0, 3.032313, 0.336741, 0.001841, 2.774202, 2.50449, 0.0
3885.0, 3.046832, 0.340961, 0.001351, 2.774202, 2.50449, 0.0
3904.0, 3.061735, 0.345072, 0.000863, 2.774202, 2.50449, 0.0
3904.0, 3.061735, 0.345072, 0.000863, 2.774202, 2.50449, 0.0
3920.0, 3.077041, 0.349066, 0.000387, 2.774401, 2.754492, 0.0
3920.0, 3.077041, 0.349066, 0.000387, 2.774401, 2.754492, 0.0
3935.0, 3.092764, 0.352935, -0.000069, 2.774401, 2.754492, 0.0
3953.0, 3.108917, 0.356673, -0.000499, 2.774401, 2.754492, 0.0
3953.0, 3.108917, 0.356673, -0.000499, 2.774401, 2.754492, 0.0
3970.0, 3.125507, 0.360276, -0.0009, 2.774401, 2.754492, 0.0
3970.0, 3.125507, 0.360276, -0.0009, 2.774401, 2.754492, 0.0
3986.0, 3.142544, 0.363738, -0.001272, 2.774401, 2.754492, 0.0
4003.0, 3.160032, 0.367056, -0.001613, 2.774401, 2.754492, 0.0
4003.0, 3.160032, 0.367056, -0.001613, 2.774401, 2.754492, 0.0
4019.0, 3.177881, 0.370262, -0.001885, 2.774401, 2.754492, 0.0
4019.0, 3.177881, 0.370262, -0.001885, 2.774401, 2.754492, 0.0
4035.0, 3.195973, 0.373395, -0.00205, 2.774401, 2.754492, 0.0
4051.0, 3.214191, 0.376495, -0.002089, 2.774401, 2.754492, 0.0
4052.0, 3.214191, 0.376495, -0.002089, 2.774401, 2.754492, 0.0
4069.0, 3.232431, 0.379596, -0.001998, 2.774401, 2.754492, 0.0
4069.0, 3.232431, 0.379596, -0.001998, 2.774401, 2.754492, 0.0
4087.0, 3.250606, 0.382728, -0.001787, 2.774401, 2.754492, 0.0
4108.0, 3.26933, 0.386039, -0.001459, 2.774401, 2.754492, 0.0
4108.0, 3.26933, 0.386039, -0.001459, 2.774401, 2.754492, 0.0
4120.0, 3.287076, 0.389297, -0.001035, 2.774401, 2.754492, 0.0
4120.0, 3.287076, 0.389297, -0.001035, 2.774401, 2.754492, 0.0
4136.0, 3.304551, 0.392651, -0.000557, 2.774401, 2.754492, 0.0
4153.0, 3.321737, 0.396122, -0.000053, 2.774401, 2.754492, 0.0
4153.0, 3.321737, 0.396122, -0.000053, 2.774401, 2.754492, 0.0
4171.0, 3.338609, 0.399725, 0.000458, 2.774601, 3.005144, 0.0
4171.0, 3.338609, 0.399725, 0.000458, 2.774601, 3.005144, 0.0
4187.0, 3.355348, 0.40352, 0.000972, 2.774601, 3.005144, 0.0
4207.0, 3.371571, 0.407438, 0.001468, 2.774601, 3.005144, 0.0
4207.0, 3.371571, 0.407438, 0.001468, 2.774601, 3.005144, 0.0
4220.0, 3.387401, 0.411518, 0.001928, 2.774601, 3.005144, 0.0
4220.0, 3.387401, 0.411518, 0.001928, 2.774601, 3.005144, 0.0
4236.0, 3.402849, 0.415771, 0.00237, 2.774601, 3.005144, 0.0
4253.0, 3.417888, 0.420197, 0.002793, 2.774601, 3.005144, 0.0
4253.0, 3.417888, 0.420197, 0.002793, 2.774601, 3.005144, 0.0
4271.0, 3.432503, 0.424799, 0.003199, 2.774601, 3.005144, 0.0
4271.0, 3.432503, 0.424799, 0.003199, 2.774601, 3.005144, 0.0
4286.0, 3.446687, 0.429579, 0.003585, 2.774601, 3.005144, 0.0
4305.0, 3.460432, 0.434539, 0.003949, 2.774601, 3.005144, 0.0
4305.0, 3.460432, 0.434539, 0.003949, 2.774601, 3.005144, 0.0
4321.0, 3.473889, 0.439669, 0.004245, 2.774601, 3.005144, 0.0
4321.0, 3.473889, 0.439669, 0.004245, 2.774601, 3.005144, 0.0
4336.0, 3.487079, 0.444891, 0.00444, 2.774601, 3.005144, 0.0
4354.0, 3.50015, 0.450179, 0.004517, 2.774601, 3.005144, 0.0
4354.0, 3.50015, 0.450179, 0.004517, 2.774601, 3.005144, 0.0
4371.0, 3.513203, 0.455493, 0.004472, 2.774601, 3.005144, 0.0
4371.0, 3.513203, 0.455493, 0.004472, 2.774601, 3.005144, 0.0
4387.0, 3.526326, 0.460802, 0.004309, 2.774601, 3.005144, 0.0
4405.0, 3.539592, 0.466079, 0.004043, 2.774601, 3.005144, 0.0
4405.0, 3.539592, 0.466079, 0.004043, 2.774601, 3.005144, 0.0
4420.0, 3.553059, 0.471302, 0.003695, 2.7748, 3.255459, 0.0
4420.0, 3.553059, 0.471302, 0.003695, 2.7748, 3.255459, 0.0
4437.0, 3.566782, 0.476455, 0.003284, 2.7748, 3.255459, 0.0
4454.0, 3.580805, 0.481524, 0.002828, 2.7748, 3.255459, 0.0
4454.0, 3.580805, 0.481524, 0.002828, 2.7748, 3.255459, 0.0
4470.0, 3.595161, 0.486499, 0.002347, 2.7748, 3.255459, 0.0
4470.0, 3.595161, 0.486499, 0.002347, 2.7748, 3.255459, 0.0
4491.0, 3.612154, 0.492122, 0.001793, 2.7748, 3.255459, 0.0
4491.0, 3.612154, 0.492122, 0.001793, 2.7748, 3.255459, 0.0
4505.0, 3.62875, 0.497402, 0.000697, 2.7748, 3.255459, 0.0
4522.0, 3.645957, 0.502769, -0.000203, 2.7748, 3.255459, 0.0
4522.0, 3.645957, 0.502769, -0.000203, 2.7748, 3.255459, 0.0
4539.0, 3.66316, 0.5081, -0.000676, 2.7748, 3.255459, 0.0
4539.0, 3.66316, 0.5081, -0.000676, 2.7748, 3.255459, 0.0
4556.0, 3.680073, 0.513369, -0.000723, 2.7748, 3.255459, 0.0
4572.0, 3.696567, 0.518586, -0.00043, 2.7748, 3.255459, 0.0
4572.0, 3.696567, 0.518586, -0.00043, 2.7748, 3.255459, 0.0
4592.0, 3.71365, 0.524123, 0.000137, 2.7748, 3.255459, 0.0
4592.0, 3.71365, 0.524123, 0.000137, 2.7748, 3.255459, 0.0
4607.0, 3.727696, 0.52882, 0.001367, 2.7748, 3.255459, 0.0
4607.0, 3.727696, 0.52882, 0.001367, 2.7748, 3.255459, 0.0
4624.0, 3.740884, 0.53341, 0.00255, 2.7748, 3.255459, 0.0
4641.0, 3.75366, 0.538065, 0.003475, 2.7748, 3.255459, 0.0
4641.0, 3.75366, 0.538065, 0.003475, 2.7748, 3.255459, 0.0
4658.0, 3.766187, 0.542862, 0.004128, 2.774989, 3.49255, 0.0
4658.0, 3.766187, 0.542862, 0.004128, 2.774989, 3.49255, 0.0
4674.0, 3.778503, 0.547835, 0.004559, 2.774989, 3.49255, 0.0
4693.0, 3.790597, 0.552998, 0.004836, 2.774989, 3.49255, 0.0
4693.0, 3.790597, 0.552998, 0.004836, 2.774989, 3.49255, 0.0
4707.0, 3.802624, 0.558364, 0.00494, 2.774989, 3.49255, 0.0
4707.0, 3.802624, 0.558364, 0.00494, 2.774989, 3.49255, 0.0
4723.0, 3.814607, 0.563864, 0.004918, 2.774989, 3.49255, 0.0
4741.0, 3.826609, 0.569449, 0.004789, 2.774989, 3.49255, 0.0
4741.0, 3.826609, 0.569449, 0.004789, 2.774989, 3.49255, 0.0
4757.0, 3.838702, 0.575076, 0.004567, 2.774989, 3.49255, 0.0
4757.0, 3.838702, 0.575076, 0.004567, 2.774989, 3.49255, 0.0
4773.0, 3.85095, 0.580712, 0.004266, 2.774989, 3.49255, 0.0
4793.0, 3.86341, 0.58633, 0.003902, 2.774989, 3.49255, 0.0
4793.0, 3.86341, 0.58633, 0.003902, 2.774989, 3.49255, 0.0
4807.0, 3.876133, 0.591907, 0.003492, 2.774989, 3.49255, 0.0
4807.0, 3.876133, 0.591907, 0.003492, 2.774989, 3.49255, 0.0
4824.0, 3.889159, 0.597427, 0.003049, 2.774989, 3.49255, 0.0
4841.0, 3.902522, 0.602876, 0.00259, 2.774989, 3.49255, 0.0
4841.0, 3.902522, 0.602876, 0.00259, 2.774989, 3.49255, 0.0
4858.0, 3.916251, 0.608241, 0.002127, 2.774989, 3.49255, 0.0
4858.0, 3.916251, 0.608241, 0.002127, 2.774989, 3.49255, 0.0
4874.0, 3.930367, 0.613513, 0.001669, 2.774989, 3.49255, 0.0
4894.0, 3.94489, 0.618684, 0.001225, 2.774989, 3.49255, 0.0
4894.0, 3.94489, 0.618684, 0.001225, 2.774989, 3.49255, 0.0
4908.0, 3.959835, 0.623746, 0.0008, 2.775188, 3.742553, 0.0
4908.0, 3.959835, 0.623746, 0.0008, 2.775188, 3.742553, 0.0
4924.0, 3.975213, 0.628693, 0.0004, 2.775188, 3.742553, 0.0
4941.0, 3.991032, 0.633517, 0.000025, 2.775188, 3.742553, 0.0
4941.0, 3.991032, 0.633517, 0.000025, 2.775188, 3.742553, 0.0
4957.0, 4.007301, 0.638214, -0.000322, 2.775188, 3.742553, 0.0
4957.0, 4.007301, 0.638214, -0.000322, 2.775188, 3.742553, 0.0
4973.0, 4.024025, 0.642779, -0.000643, 2.775188, 3.742553, 0.0
4992.0, 4.041208, 0.647209, -0.000938, 2.775188, 3.742553, 0.0
4992.0, 4.041208, 0.647209, -0.000938, 2.775188, 3.742553, 0.0
5007.0, 4.058758, 0.651533, -0.001168, 2.775188, 3.742553, 0.0
5007.0, 4.058758, 0.651533, -0.001168, 2.775188, 3.742553, 0.0
5023.0, 4.076555, 0.655787, -0.001297, 2.775188, 3.742553, 0.0
5040.0, 4.094482, 0.660008, -0.001303, 2.775188, 3.742553, 0.0
5040.0, 4.094482, 0.660008, -0.001303, 2.775188, 3.742553, 0.0
5058.0, 4.112433, 0.664229, -0.001185, 2.775188, 3.742553, 0.0
5058.0, 4.112433, 0.664229, -0.001185, 2.775188, 3.742553, 0.0
5073.0, 4.130318, 0.668477, -0.00095, 2.775188, 3.742553, 0.0
5092.0, 4.148062, 0.672776, -0.000615, 2.775188, 3.742553, 0.0
5092.0, 4.148062, 0.672776, -0.000615, 2.775188, 3.742553, 0.0
5107.0, 4.165601, 0.677147, -0.000202, 2.775188, 3.742553, 0.0
5107.0, 4.165601, 0.677147, -0.000202, 2.775188, 3.742553, 0.0
5127.0, 4.185547, 0.682294, 0.000351, 2.775188, 3.742553, 0.0
5143.0, 4.202486, 0.686872, 0.000858, 2.775188, 3.742553, 0.0
5143.0, 4.202486, 0.686872, 0.000858, 2.775188, 3.742553, 0.0
5160.0, 4.219093, 0.691578, 0.001381, 2.775389, 3.995166, 0.0
5160.0, 4.219093, 0.691578, 0.001381, 2.775389, 3.995166, 0.0
5177.0, 4.235342, 0.69642, 0.001904, 2.775389, 3.995166, 0.0
5195.0, 4.251213, 0.701404, 0.002416, 2.775389, 3.995166, 0.0
5195.0, 4.251213, 0.701404, 0.002416, 2.775389, 3.995166, 0.0
5210.0, 4.266443, 0.706451, 0.003006, 2.775389, 3.995166, 0.0
5210.0, 4.266443, 0.706451, 0.003006, 2.775389, 3.995166, 0.0
5227.0, 4.281203, 0.711624, 0.003557, 2.775389, 3.995166, 0.0
5242.0, 4.295557, 0.716952, 0.004038, 2.775389, 3.995166, 0.0
5242.0, 4.295557, 0.716952, 0.004038, 2.775389, 3.995166, 0.0
5259.0, 4.309521, 0.722449, 0.004451, 2.775389, 3.995166, 0.0
5259.0, 4.309521, 0.722449, 0.004451, 2.775389, 3.995166, 0.0
5276.0, 4.323096, 0.72812, 0.004806, 2.775389, 3.995166, 0.0
5294.0, 4.336274, 0.733968, 0.005119, 2.775389, 3.995166, 0.0
5294.0, 4.336274, 0.733968, 0.005119, 2.775389, 3.995166, 0.0
5309.0, 4.349347, 0.740064, 0.005273, 2.775389, 3.995166, 0.0
5309.0, 4.349347, 0.740064, 0.005273, 2.775389, 3.995166, 0.0
5326.0, 4.36227, 0.746297, 0.005338, 2.775389, 3.995166, 0.0
5343.0, 4.375088, 0.752598, 0.005323, 2.775389, 3.995166, 0.0
5343.0, 4.375088, 0.752598, 0.005323, 2.775389, 3.995166, 0.0
5359.0, 4.387877, 0.75892, 0.005223, 2.775389, 3.995166, 0.0
5359.0, 4.387877, 0.75892, 0.005223, 2.775389, 3.995166, 0.0
5377.0, 4.400766, 0.765253, 0.005037, 2.775389, 3.995166, 0.0
5394.0, 4.413732, 0.771523, 0.004771, 2.775389, 3.995166, 0.0
5394.0, 4.413732, 0.771523, 0.004771, 2.775389, 3.995166, 0.0
5410.0, 4.42688, 0.777732, 0.004437, 2.775589, 4.245233, 0.0
5410.0, 4.42688, 0.777732, 0.004437, 2.775589, 4.245233, 0.0
5426.0, 4.440269, 0.783866, 0.004047, 2.775589, 4.245233, 0.0
5442.0, 4.453944, 0.789914, 0.003616, 2.775589, 4.245233, 0.0
5442.0, 4.453944, 0.789914, 0.003616, 2.775589, 4.245233, 0.0
5460.0, 4.467942, 0.795864, 0.003159, 2.775589, 4.245233, 0.0
5460.0, 4.467942, 0.795864, 0.003159, 2.775589, 4.245233, 0.0
5476.0, 4.482333, 0.801725, 0.002688, 2.775589, 4.245233, 0.0
5494.0, 4.497064, 0.807457, 0.002217, 2.775589, 4.245233, 0.0
5494.0, 4.497064, 0.807457, 0.002217, 2.775589, 4.245233, 0.0
5510.0, 4.512194, 0.81307, 0.001755, 2.775589, 4.245233, 0.0
5510.0, 4.512194, 0.81307, 0.001755, 2.775589, 4.245233, 0.0
5527.0, 4.527737, 0.818557, 0.00131, 2.775589, 4.245233, 0.0
5544.0, 4.543706, 0.823913, 0.000887, 2.775589, 4.245233, 0.0
5544.0, 4.543706, 0.823913, 0.000887, 2.775589, 4.245233, 0.0
5560.0, 4.560111, 0.829132, 0.000489, 2.775589, 4.245233, 0.0
5560.0, 4.560111, 0.829132, 0.000489, 2.775589, 4.245233, 0.0
5576.0, 4.57696, 0.834212, 0.000118, 2.775589, 4.245233, 0.0
5595.0, 4.59426, 0.839149, -0.000226, 2.775589, 4.245233, 0.0
5595.0, 4.59426, 0.839149, -0.000226, 2.775589, 4.245233, 0.0
5610.0, 4.611925, 0.843975, -0.000504, 2.775589, 4.245233, 0.0
5610.0, 4.611925, 0.843975, -0.000504, 2.775589, 4.245233, 0.0
5626.0, 4.629833, 0.848726, -0.000677, 2.775589, 4.245233, 0.0
5644.0, 4.64801, 0.853478, -0.000724, 2.775589, 4.245233, 0.0
5644.0, 4.64801, 0.853478, -0.000724, 2.775589, 4.245233, 0.0
5660.0, 4.666064, 0.858188, -0.00064, 2.775788, 4.495415, 0.0
5660.0, 4.666064, 0.858188, -0.00064, 2.775788, 4.495415, 0.0
5677.0, 4.684048, 0.862924, -0.000435, 2.775788, 4.495415, 0.0
5695.0, 4.701888, 0.86771, -0.000126, 2.775788, 4.495415, 0.0
5695.0, 4.701888, 0.86771, -0.000126, 2.775788, 4.495415, 0.0
5711.0, 4.719507, 0.872561, 0.000271, 2.775788, 4.495415, 0.0
5711.0, 4.719507, 0.872561, 0.000271, 2.775788, 4.495415, 0.0
5727.0, 4.736867, 0.877501, 0.000727, 2.775788, 4.495415, 0.0
5744.0, 4.753932, 0.882545, 0.00122, 2.775788, 4.495415, 0.0
5744.0, 4.753932, 0.882545, 0.00122, 2.775788, 4.495415, 0.0
5760.0, 4.770671, 0.887708, 0.00173, 2.775788, 4.495415, 0.0
5760.0, 4.770671, 0.887708, 0.00173, 2.775788, 4.495415, 0.0
5776.0, 4.787057, 0.893001, 0.002244, 2.775788, 4.495415, 0.0
5794.0, 4.80307, 0.898434, 0.002748, 2.775788, 4.495415, 0.0
5794.0, 4.80307, 0.898434, 0.002748, 2.775788, 4.495415, 0.0
5809.0, 4.818704, 0.904019, 0.003231, 2.775788, 4.495415, 0.0
5809.0, 4.818704, 0.904019, 0.003231, 2.775788, 4.495415, 0.0
5826.0, 4.833942, 0.909761, 0.003691, 2.775788, 4.495415, 0.0
5843.0, 4.848755, 0.915659, 0.004129, 2.775788, 4.495415, 0.0
5843.0, 4.848755, 0.915659, 0.004129, 2.775788, 4.495415, 0.0
5859.0, 4.863139, 0.921718, 0.004541, 2.775788, 4.495415, 0.0
5859.0, 4.863139, 0.921718, 0.004541, 2.775788, 4.495415, 0.0
5877.0, 4.877086, 0.927941, 0.004928, 2.775788, 4.495415, 0.0
5895.0, 4.89059, 0.93433, 0.005288, 2.775788, 4.495415, 0.0
5895.0, 4.89059, 0.93433, 0.005288, 2.775788, 4.495415, 0.0
5910.0, 4.90374, 0.940854, 0.005583, 2.775987, 4.745424, 0.0
5910.0, 4.90374, 0.940854, 0.005583, 2.775987, 4.745424, 0.0
5927.0, 4.916656, 0.947473, 0.005776, 2.775987, 4.745424, 0.0
5944.0, 4.92945, 0.954148, 0.005845, 2.775987, 4.745424, 0.0
5944.0, 4.92945, 0.954148, 0.005845, 2.775987, 4.745424, 0.0
5961.0, 4.942226, 0.960844, 0.005787, 2.775987, 4.745424, 0.0
5961.0, 4.942226, 0.960844, 0.005787, 2.775987, 4.745424, 0.0
5977.0, 4.955073, 0.967532, 0.005608, 2.775987, 4.745424, 0.0
5997.0, 4.969172, 0.974752, 0.005311, 2.775987, 4.745424, 0.0
5997.0, 4.969172, 0.974752, 0.005311, 2.775987, 4.745424, 0.0
6010.0, 4.982261, 0.981281, 0.004985, 2.775987, 4.745424, 0.0
6010.0, 4.982261, 0.981281, 0.004985, 2.775987, 4.745424, 0.0
6028.0, 4.995586, 0.987722, 0.004591, 2.775987, 4.745424, 0.0
6028.0, 4.995586, 0.987722, 0.004591, 2.775987, 4.745424, 0.0
6044.0, 5.009216, 0.994078, 0.004137, 2.775987, 4.745424, 0.0
6062.0, 5.023195, 1.000343, 0.003645, 2.775987, 4.745424, 0.0
6062.0, 5.023195, 1.000343, 0.003645, 2.775987, 4.745424, 0.0
6078.0, 5.037552, 1.006509, 0.003132, 2.775987, 4.745424, 0.0
6078.0, 5.037552, 1.006509, 0.003132, 2.775987, 4.745424, 0.0
6095.0, 5.052308, 1.012568, 0.002619, 2.775987, 4.745424, 0.0
6112.0, 5.067622, 1.018565, 0.002059, 2.775987, 4.745424, 0.0
6112.0, 5.067622, 1.018565, 0.002059, 2.775987, 4.745424, 0.0
6128.0, 5.083406, 1.024451, 0.001526, 2.775987, 4.745424, 0.0
6128.0, 5.083406, 1.024451, 0.001526, 2.775987, 4.745424, 0.0
6145.0, 5.099629, 1.030204, 0.001045, 2.775987, 4.745424, 0.0
6165.0, 5.11873, 1.036634, 0.000567, 2.776187, 4.996874, 0.0
6165.0, 5.11873, 1.036634, 0.000567, 2.776187, 4.996874, 0.0
6181.0, 5.135851, 1.042066, 0.000163, 2.776187, 4.996874, 0.0
6181.0, 5.135851, 1.042066, 0.000163, 2.776187, 4.996874, 0.0
6200.0, 5.153443, 1.047338, -0.000199, 2.776187, 4.996874, 0.0
6200.0, 5.153443, 1.047338, -0.000199, 2.776187, 4.996874, 0.0
6214.0, 5.171113, 1.052405, -0.000366, 2.776187, 4.996874, 0.0
6231.0, 5.18894, 1.057365, -0.000429, 2.776187, 4.996874, 0.0
6231.0, 5.18894, 1.057365, -0.000429, 2.776187, 4.996874, 0.0
6249.0, 5.206886, 1.062282, -0.000405, 2.776187, 4.996874, 0.0
6249.0, 5.206886, 1.062282, -0.000405, 2.776187, 4.996874, 0.0
6264.0, 5.224883, 1.067199, -0.000295, 2.776187, 4.996874, 0.0
6280.0, 5.242852, 1.072149, -0.000098, 2.776187, 4.996874, 0.0
6280.0, 5.242852, 1.072149, -0.000098, 2.776187, 4.996874, 0.0
6297.0, 5.260718, 1.077159, 0.000181, 2.776187, 4.996874, 0.0
6298.0, 5.260718, 1.077159, 0.000181, 2.776187, 4.996874, 0.0
6313.0, 5.278697, 1.082331, 0.00042, 2.776187, 4.996874, 0.0
6330.0, 5.296528, 1.087625, 0.000734, 2.776187, 4.996874, 0.0
6330.0, 5.296528, 1.087625, 0.000734, 2.776187, 4.996874, 0.0
6347.0, 5.314082, 1.093032, 0.001138, 2.776187, 4.996874, 0.0
6347.0, 5.314082, 1.093032, 0.001138, 2.776187, 4.996874, 0.0
6363.0, 5.331291, 1.098555, 0.001614, 2.776187, 4.996874, 0.0
6381.0, 5.348117, 1.104201, 0.002137, 2.776187, 4.996874, 0.0
6381.0, 5.348117, 1.104201, 0.002137, 2.776187, 4.996874, 0.0
6399.0, 5.364538, 1.109979, 0.002679, 2.776187, 4.996874, 0.0
6399.0, 5.364538, 1.109979, 0.002679, 2.776187, 4.996874, 0.0
6415.0, 5.380537, 1.115898, 0.003221, 2.776388, 5.249371, 0.0
6431.0, 5.396104, 1.121963, 0.003746, 2.776388, 5.249371, 0.0
6431.0, 5.396104, 1.121963, 0.003746, 2.776388, 5.249371, 0.0
6448.0, 5.411238, 1.128184, 0.004245, 2.776388, 5.249371, 0.0
6448.0, 5.411238, 1.128184, 0.004245, 2.776388, 5.249371, 0.0
6464.0, 5.425923, 1.134563, 0.00471, 2.776388, 5.249371, 0.0
6482.0, 5.44016, 1.141105, 0.00514, 2.776388, 5.249371, 0.0
6482.0, 5.44016, 1.141105, 0.00514, 2.776388, 5.249371, 0.0
6498.0, 5.453946, 1.147816, 0.005535, 2.776388, 5.249371, 0.0
6498.0, 5.453946, 1.147816, 0.005535, 2.776388, 5.249371, 0.0
6513.0, 5.467278, 1.154697, 0.005896, 2.776388, 5.249371, 0.0
6530.0, 5.480154, 1.161748, 0.006227, 2.776388, 5.249371, 0.0
6530.0, 5.480154, 1.161748, 0.006227, 2.776388, 5.249371, 0.0
6547.0, 5.492571, 1.168972, 0.006531, 2.776388, 5.249371, 0.0
6547.0, 5.492571, 1.168972, 0.006531, 2.776388, 5.249371, 0.0
6563.0, 5.504529, 1.176368, 0.006812, 2.776388, 5.249371, 0.0
6581.0, 5.516024, 1.183936, 0.007073, 2.776388, 5.249371, 0.0
6581.0, 5.516024, 1.183936, 0.007073, 2.776388, 5.249371, 0.0
6598.0, 5.527058, 1.191677, 0.007317, 2.776388, 5.249371, 0.0
6598.0, 5.527058, 1.191677, 0.007317, 2.776388, 5.249371, 0.0
6613.0, 5.537724, 1.199556, 0.007507, 2.776388, 5.249371, 0.0
6632.0, 5.54915, 1.208306, 0.007629, 2.776388, 5.249371, 0.0
6632.0, 5.54915, 1.208306, 0.007629, 2.776388, 5.249371, 0.0
6651.0, 5.559889, 1.216693, 0.007619, 2.776388, 5.249371, 0.0
6651.0, 5.559889, 1.216693, 0.007619, 2.776388, 5.249371, 0.0
6666.0, 5.570148, 1.224739, 0.007482, 2.776589, 5.501797, 0.0
6684.0, 5.580481, 1.232775, 0.007235, 2.776589, 5.501797, 0.0
6684.0, 5.580481, 1.232775, 0.007235, 2.776589, 5.501797, 0.0
6701.0, 5.590958, 1.24077, 0.006893, 2.776589, 5.501797, 0.0
6701.0, 5.590958, 1.24077, 0.006893, 2.776589, 5.501797, 0.0
6716.0, 5.601476, 1.24858, 0.006547, 2.776589, 5.501797, 0.0
6733.0, 5.612198, 1.256276, 0.006142, 2.776589, 5.501797, 0.0
6733.0, 5.612198, 1.256276, 0.006142, 2.776589, 5.501797, 0.0
6750.0, 5.623212, 1.263877, 0.005679, 2.776589, 5.501797, 0.0
6750.0, 5.623212, 1.263877, 0.005679, 2.776589, 5.501797, 0.0
6766.0, 5.634684, 1.27146, 0.00517, 2.776589, 5.501797, 0.0
6783.0, 5.646419, 1.278864, 0.004642, 2.776589, 5.501797, 0.0
6783.0, 5.646419, 1.278864, 0.004642, 2.776589, 5.501797, 0.0
6801.0, 5.658552, 1.286158, 0.004109, 2.776589, 5.501797, 0.0
6801.0, 5.658552, 1.286158, 0.004109, 2.776589, 5.501797, 0.0
6816.0, 5.671281, 1.293434, 0.003513, 2.776589, 5.501797, 0.0
6834.0, 5.684492, 1.300606, 0.002944, 2.776589, 5.501797, 0.0
6834.0, 5.684492, 1.300606, 0.002944, 2.776589, 5.501797, 0.0
6850.0, 5.69814, 1.307637, 0.002432, 2.776589, 5.501797, 0.0
6850.0, 5.69814, 1.307637, 0.002432, 2.776589, 5.501797, 0.0
6867.0, 5.712212, 1.314506, 0.001979, 2.776589, 5.501797, 0.0
6884.0, 5.726709, 1.321206, 0.00158, 2.776589, 5.501797, 0.0
6884.0, 5.726709, 1.321206, 0.00158, 2.776589, 5.501797, 0.0
6902.0, 5.741636, 1.327732, 0.001226, 2.776589, 5.501797, 0.0
6902.0, 5.741636, 1.327732, 0.001226, 2.776589, 5.501797, 0.0
6917.0, 5.757026, 1.334092, 0.000902, 2.776788, 5.751971, 0.0
6934.0, 5.772852, 1.340272, 0.000608, 2.776788, 5.751971, 0.0
6934.0, 5.772852, 1.340272, 0.000608, 2.776788, 5.751971, 0.0
6950.0, 5.789124, 1.346272, 0.000341, 2.776788, 5.751971, 0.0
6951.0, 5.789124, 1.346272, 0.000341, 2.776788, 5.751971, 0.0
6967.0, 5.805844, 1.352091, 0.000094, 2.776788, 5.751971, 0.0
6984.0, 5.823015, 1.357729, -0.000136, 2.776788, 5.751971, 0.0
6984.0, 5.823015, 1.357729, -0.000136, 2.776788, 5.751971, 0.0
7002.0, 5.840641, 1.363184, -0.000353, 2.776788, 5.751971, 0.0
7002.0, 5.840641, 1.363184, -0.000353, 2.776788, 5.751971, 0.0
7016.0, 5.858626, 1.368494, -0.000518, 2.776788, 5.751971, 0.0
7033.0, 5.876853, 1.373704, -0.000597, 2.776788, 5.751971, 0.0
7033.0, 5.876853, 1.373704, -0.000597, 2.776788, 5.751971, 0.0
7050.0, 5.895209, 1.378856, -0.000568, 2.776788, 5.751971, 0.0
7050.0, 5.895209, 1.378856, -0.000568, 2.776788, 5.751971, 0.0
7067.0, 5.913587, 1.383992, -0.000426, 2.776788, 5.751971, 0.0
7083.0, 5.931901, 1.389143, -0.000178, 2.776788, 5.751971, 0.0
7084.0, 5.931901, 1.389143, -0.000178, 2.776788, 5.751971, 0.0
7100.0, 5.950073, 1.394338, 0.000162, 2.776788, 5.751971, 0.0
7101.0, 5.950073, 1.394338, 0.000162, 2.776788, 5.751971, 0.0
7116.0, 5.968046, 1.399601, 0.000573, 2.776788, 5.751971, 0.0
7134.0, 5.985766, 1.404952, 0.001036, 2.776788, 5.751971, 0.0
7134.0, 5.985766, 1.404952, 0.001036, 2.776788, 5.751971, 0.0
7150.0, 6.003195, 1.410408, 0.001533, 2.776788, 5.751971, 0.0
7150.0, 6.003195, 1.410408, 0.001533, 2.776788, 5.751971, 0.0
7166.0, 6.020298, 1.415982, 0.002047, 2.776987, 6.001984, 0.0
7184.0, 6.037049, 1.421688, 0.002562, 2.776987, 6.001984, 0.0
7184.0, 6.037049, 1.421688, 0.002562, 2.776987, 6.001984, 0.0
7202.0, 6.053426, 1.427534, 0.003068, 2.776987, 6.001984, 0.0
7202.0, 6.053426, 1.427534, 0.003068, 2.776987, 6.001984, 0.0
7217.0, 6.069412, 1.433531, 0.003556, 2.776987, 6.001984, 0.0
7234.0, 6.084994, 1.439683, 0.004022, 2.776987, 6.001984, 0.0
7234.0, 6.084994, 1.439683, 0.004022, 2.776987, 6.001984, 0.0
7249.0, 6.100158, 1.445998, 0.004461, 2.776987, 6.001984, 0.0
7249.0, 6.100158, 1.445998, 0.004461, 2.776987, 6.001984, 0.0
7266.0, 6.114897, 1.452479, 0.004873, 2.776987, 6.001984, 0.0
7282.0, 6.129203, 1.459131, 0.005257, 2.776987, 6.001984, 0.0
7282.0, 6.129203, 1.459131, 0.005257, 2.776987, 6.001984, 0.0
7301.0, 6.143071, 1.465956, 0.005614, 2.776987, 6.001984, 0.0
7301.0, 6.143071, 1.465956, 0.005614, 2.776987, 6.001984, 0.0
7317.0, 6.156589, 1.47292, 0.005906, 2.776987, 6.001984, 0.0
7334.0, 6.169873, 1.479979, 0.006096, 2.776987, 6.001984, 0.0
7334.0, 6.169873, 1.479979, 0.006096, 2.776987, 6.001984, 0.0
7350.0, 6.183036, 1.487091, 0.006164, 2.776987, 6.001984, 0.0
7350.0, 6.183036, 1.487091, 0.006164, 2.776987, 6.001984, 0.0
7366.0, 6.196179, 1.494217, 0.006104, 2.776987, 6.001984, 0.0
7384.0, 6.209389, 1.501324, 0.005926, 2.776987, 6.001984, 0.0
7384.0, 6.209389, 1.501324, 0.005926, 2.776987, 6.001984, 0.0
7401.0, 6.22274, 1.508385, 0.005644, 2.776987, 6.001984, 0.0
7401.0, 6.22274, 1.508385, 0.005644, 2.776987, 6.001984, 0.0
7417.0, 6.236291, 1.515376, 0.005278, 2.777187, 6.251986, 0.0
7434.0, 6.250093, 1.522276, 0.004849, 2.777187, 6.251986, 0.0
7434.0, 6.250093, 1.522276, 0.004849, 2.777187, 6.251986, 0.0
7450.0, 6.264186, 1.52907, 0.004377, 2.777187, 6.251986, 0.0
7450.0, 6.264186, 1.52907, 0.004377, 2.777187, 6.251986, 0.0
7466.0, 6.278604, 1.535743, 0.003881, 2.777187, 6.251986, 0.0
7483.0, 6.293374, 1.542283, 0.003376, 2.777187, 6.251986, 0.0
7483.0, 6.293374, 1.542283, 0.003376, 2.777187, 6.251986, 0.0
7501.0, 6.308517, 1.548682, 0.002873, 2.777187, 6.251986, 0.0
7501.0, 6.308517, 1.548682, 0.002873, 2.777187, 6.251986, 0.0
7516.0, 6.324052, 1.55493, 0.002384, 2.777187, 6.251986, 0.0
7533.0, 6.339993, 1.56102, 0.001914, 2.777187, 6.251986, 0.0
7533.0, 6.339993, 1.56102, 0.001914, 2.777187, 6.251986, 0.0
7550.0, 6.356351, 1.566947, 0.001469, 2.777187, 6.251986, 0.0
7550.0, 6.356351, 1.566947, 0.001469, 2.777187, 6.251986, 0.0
7566.0, 6.373137, 1.572704, 0.00105, 2.777187, 6.251986, 0.0
7599.0, 6.402829, 1.582332, 0.000463, 2.777187, 6.251986, 0.0
7599.0, 6.402829, 1.582332, 0.000463, 2.777187, 6.251986, 0.0
7599.0, 6.402829, 1.582332, 0.000463, 2.777187, 6.251986, 0.0
7613.0, 6.420931, 1.587886, -0.000132, 2.777187, 6.251986, 0.0
7613.0, 6.420931, 1.587886, -0.000132, 2.777187, 6.251986, 0.0
7629.0, 6.439467, 1.593421, -0.000503, 2.777187, 6.251986, 0.0
7629.0, 6.439467, 1.593421, -0.000503, 2.777187, 6.251986, 0.0
7646.0, 6.458081, 1.598928, -0.000684, 2.777187, 6.251986, 0.0
7665.0, 6.47693, 1.604526, -0.000522, 2.777382, 6.497712, 0.0
7665.0, 6.47693, 1.604526, -0.000522, 2.777382, 6.497712, 0.0
7680.0, 6.495216, 1.61004, -0.000228, 2.777382, 6.497712, 0.0
7680.0, 6.495216, 1.61004, -0.000228, 2.777382, 6.497712, 0.0
7697.0, 6.513222, 1.615597, 0.000301, 2.777382, 6.497712, 0.0
7713.0, 6.530391, 1.621056, 0.00105, 2.777382, 6.497712, 0.0
7713.0, 6.530391, 1.621056, 0.00105, 2.777382, 6.497712, 0.0
7730.0, 6.547075, 1.626554, 0.001899, 2.777382, 6.497712, 0.0
7730.0, 6.547075, 1.626554, 0.001899, 2.777382, 6.497712, 0.0
7745.0, 6.563399, 1.632158, 0.002594, 2.777382, 6.497712, 0.0
7762.0, 6.579407, 1.637902, 0.003274, 2.777382, 6.497712, 0.0
7762.0, 6.579407, 1.637902, 0.003274, 2.777382, 6.497712, 0.0
7780.0, 6.595917, 1.644119, 0.003818, 2.777382, 6.497712, 0.0
7780.0, 6.595917, 1.644119, 0.003818, 2.777382, 6.497712, 0.0
7798.0, 6.611255, 1.650202, 0.00434, 2.777382, 6.497712, 0.0
7813.0, 6.626273, 1.656407, 0.004705, 2.777382, 6.497712, 0.0
7813.0, 6.626273, 1.656407, 0.004705, 2.777382, 6.497712, 0.0
7830.0, 6.641119, 1.662703, 0.005021, 2.777382, 6.497712, 0.0
7830.0, 6.641119, 1.662703, 0.005021, 2.777382, 6.497712, 0.0
7846.0, 6.655905, 1.669054, 0.005112, 2.777382, 6.497712, 0.0
7864.0, 6.670732, 1.675421, 0.005139, 2.777382, 6.497712, 0.0
7864.0, 6.670732, 1.675421, 0.005139, 2.777382, 6.497712, 0.0
7881.0, 6.685671, 1.681772, 0.004957, 2.777382, 6.497712, 0.0
7881.0, 6.685671, 1.681772, 0.004957, 2.777382, 6.497712, 0.0
7898.0, 6.700796, 1.688078, 0.004746, 2.777382, 6.497712, 0.0
7931.0, 6.716238, 1.694349, 0.004335, 2.777582, 6.748914, 0.0
7931.0, 6.716238, 1.694349, 0.004335, 2.777582, 6.748914, 0.0
7957.0, 6.747236, 1.706527, 0.003724, 2.777582, 6.748914, 0.0
7957.0, 6.747236, 1.706527, 0.003724, 2.777582, 6.748914, 0.0
7957.0, 6.747236, 1.706527, 0.003724, 2.777582, 6.748914, 0.0
7957.0, 6.747236, 1.706527, 0.003724, 2.777582, 6.748914, 0.0
7973.0, 6.764622, 1.712729, 0.002574, 2.777582, 6.748914, 0.0
7973.0, 6.764622, 1.712729, 0.002574, 2.777582, 6.748914, 0.0
8024.0, 6.782961, 1.718881, 0.001566, 2.777582, 6.748914, 0.0
8024.0, 6.782961, 1.718881, 0.001566, 2.777582, 6.748914, 0.0
8065.0, 6.821536, 1.731312, -0.000647, 2.777582, 6.748914, 0.0
8065.0, 6.821536, 1.731312, -0.000647, 2.777582, 6.748914, 0.0
8065.0, 6.821536, 1.731312, -0.000647, 2.777582, 6.748914, 0.0
8065.0, 6.821536, 1.731312, -0.000647, 2.777582, 6.748914, 0.0
8065.0, 6.821536, 1.731312, -0.000647, 2.777582, 6.748914, 0.0
8065.0, 6.821536, 1.731312, -0.000647, 2.777582, 6.748914, 0.0
8065.0, 6.821536, 1.731312, -0.000647, 2.777582, 6.748914, 0.0
8077.0, 6.844849, 1.739052, -0.002664, 2.777582, 6.748914, 0.0
8093.0, 6.868878, 1.747203, -0.003972, 2.777582, 6.748914, 0.0
8093.0, 6.868878, 1.747203, -0.003972, 2.777582, 6.748914, 0.0
8109.0, 6.890766, 1.754783, -0.00351, 2.777582, 6.748914, 0.0
8109.0, 6.890766, 1.754783, -0.00351, 2.777582, 6.748914, 0.0
8126.0, 6.911296, 1.762067, -0.002301, 2.777582, 6.748914, 0.0
8143.0, 6.930626, 1.769124, -0.000678, 2.777582, 6.748914, 0.0
8143.0, 6.930626, 1.769124, -0.000678, 2.777582, 6.748914, 0.0
8160.0, 6.94904, 1.776078, 0.00094, 2.777778, 6.994881, 0.0
8160.0, 6.94904, 1.776078, 0.00094, 2.777778, 6.994881, 0.0
8176.0, 6.966661, 1.782996, 0.002556, 2.777778, 6.994881, 0.0
8203.0, 6.983557, 1.789928, 0.003934, 2.777778, 6.994881, 0.0
8203.0, 6.983557, 1.789928, 0.003934, 2.777778, 6.994881, 0.0
8212.0, 7.002733, 1.798192, 0.005263, 2.777778, 6.994881, 0.0
8212.0, 7.002733, 1.798192, 0.005263, 2.777778, 6.994881, 0.0
8229.0, 7.018642, 1.805463, 0.006138, 2.777778, 6.994881, 0.0
8229.0, 7.018642, 1.805463, 0.006138, 2.777778, 6.994881, 0.0
8245.0, 7.033921, 1.81286, 0.006951, 2.777778, 6.994881, 0.0
8263.0, 7.049298, 1.820756, 0.00759, 2.777778, 6.994881, 0.0
8263.0, 7.049298, 1.820756, 0.00759, 2.777778, 6.994881, 0.0
8279.0, 7.063313, 1.828414, 0.008157, 2.777778, 6.994881, 0.0
8279.0, 7.063313, 1.828414, 0.008157, 2.777778, 6.994881, 0.0
8297.0, 7.076906, 1.83632, 0.008539, 2.777778, 6.994881, 0.0
8313.0, 7.089568, 1.844059, 0.008975, 2.777778, 6.994881, 0.0
8313.0, 7.089568, 1.844059, 0.008975, 2.777778, 6.994881, 0.0
8331.0, 7.101816, 1.85182, 0.009162, 2.777778, 6.994881, 0.0
8331.0, 7.101816, 1.85182, 0.009162, 2.777778, 6.994881, 0.0
8346.0, 7.113874, 1.859615, 0.009216, 2.777778, 6.994881, 0.0
8363.0, 7.125876, 1.867426, 0.008994, 2.777778, 6.994881, 0.0
8363.0, 7.125876, 1.867426, 0.008994, 2.777778, 6.994881, 0.0
8384.0, 7.137935, 1.875228, 0.008683, 2.777778, 6.994881, 0.0
8384.0, 7.137935, 1.875228, 0.008683, 2.777778, 6.994881, 0.0
8435.0, 7.161851, 1.890469, 0.007868, 2.777778, 6.994881, 0.0
8435.0, 7.161851, 1.890469, 0.007868, 2.777778, 6.994881, 0.0
8435.0, 7.161851, 1.890469, 0.007868, 2.777778, 6.994881, 0.0
8435.0, 7.161851, 1.890469, 0.007868, 2.777778, 6.994881, 0.0
8435.0, 7.161851, 1.890469, 0.007868, 2.777778, 6.994881, 0.0
8450.0, 7.173845, 1.897445, 0.007568, 2.77801, 7.285587, 0.0
8450.0, 7.173845, 1.897445, 0.007568, 2.77801, 7.285587, 0.0
8475.0, 7.192427, 1.907653, 0.006959, 2.77801, 7.285587, 0.0
8475.0, 7.192427, 1.907653, 0.006959, 2.77801, 7.285587, 0.0
8493.0, 7.20511, 1.914189, 0.006371, 2.77801, 7.285587, 0.0
8493.0, 7.20511, 1.914189, 0.006371, 2.77801, 7.285587, 0.0
8509.0, 7.22964, 1.926118, 0.001039, 2.77801, 7.285587, 0.0
8509.0, 7.22964, 1.926118, 0.001039, 2.77801, 7.285587, 0.0
8525.0, 7.257228, 1.939086, -0.003458, 2.77801, 7.285587, 0.0
8545.0, 7.287428, 1.95268, -0.005797, 2.77801, 7.285587, 0.0
8545.0, 7.287428, 1.95268, -0.005797, 2.77801, 7.285587, 0.0
8571.0, 7.312365, 1.963184, -0.005607, 2.77801, 7.285587, 0.0
8571.0, 7.312365, 1.963184, -0.005607, 2.77801, 7.285587, 0.0
8597.0, 7.357838, 1.980847, -0.002268, 2.77801, 7.285587, 0.0
8597.0, 7.357838, 1.980847, -0.002268, 2.77801, 7.285587, 0.0
8597.0, 7.357838, 1.980847, -0.002268, 2.77801, 7.285587, 0.0
8611.0, 7.373169, 1.986356, 0.001994, 2.77801, 7.285587, 0.0
8611.0, 7.373169, 1.986356, 0.001994, 2.77801, 7.285587, 0.0
8629.0, 7.385865, 1.990625, 0.005829, 2.77801, 7.285587, 0.0
8629.0, 7.385865, 1.990625, 0.005829, 2.77801, 7.285587, 0.0
8645.0, 7.397906, 1.99456, 0.008378, 2.77801, 7.285587, 0.0
8660.0, 7.410073, 1.998572, 0.009668, 2.778177, 7.49645, 0.0
8660.0, 7.410073, 1.998572, 0.009668, 2.778177, 7.49645, 0.0
8678.0, 7.422604, 2.002842, 0.009978, 2.778177, 7.49645, 0.0
8678.0, 7.422604, 2.002842, 0.009978, 2.778177, 7.49645, 0.0
8706.0, 7.440733, 2.009303, 0.009536, 2.778177, 7.49645, 0.0
8706.0, 7.440733, 2.009303, 0.009536, 2.778177, 7.49645, 0.0
8717.0, 7.453732, 2.014113, 0.008887, 2.778177, 7.49645, 0.0
8717.0, 7.453732, 2.014113, 0.008887, 2.778177, 7.49645, 0.0
8734.0, 7.467104, 2.019151, 0.007995, 2.778177, 7.49645, 0.0
8752.0, 7.480971, 2.024392, 0.006952, 2.778177, 7.49645, 0.0
8752.0, 7.480971, 2.024392, 0.006952, 2.778177, 7.49645, 0.0
8767.0, 7.49526, 2.029742, 0.005853, 2.778177, 7.49645, 0.0
8767.0, 7.49526, 2.029742, 0.005853, 2.778177, 7.49645, 0.0
8786.0, 7.510032, 2.035172, 0.004764, 2.778177, 7.49645, 0.0
8803.0, 7.52529, 2.040637, 0.003733, 2.778177, 7.49645, 0.0
8803.0, 7.52529, 2.040637, 0.003733, 2.778177, 7.49645, 0.0
8818.0, 7.54173, 2.046337, 0.002502, 2.778177, 7.49645, 0.0
8818.0, 7.54173, 2.046337, 0.002502, 2.778177, 7.49645, 0.0
8835.0, 7.558862, 2.05206, 0.001399, 2.778177, 7.49645, 0.0
8852.0, 7.57648, 2.057704, 0.000514, 2.778177, 7.49645, 0.0
8852.0, 7.57648, 2.057704, 0.000514, 2.778177, 7.49645, 0.0
8869.0, 7.594503, 2.063214, -0.000153, 2.778177, 7.49645, 0.0
8869.0, 7.594503, 2.063214, -0.000153, 2.778177, 7.49645, 0.0
8884.0, 7.612906, 2.068561, -0.00064, 2.778177, 7.49645, 0.0
8901.0, 7.631687, 2.073726, -0.000989, 2.778177, 7.49645, 0.0
8901.0, 7.631687, 2.073726, -0.000989, 2.778177, 7.49645, 0.0
8917.0, 7.650769, 2.078743, -0.001201, 2.778382, 7.753447, 0.0
8917.0, 7.650769, 2.078743, -0.001201, 2.778382, 7.753447, 0.0
8934.0, 7.670038, 2.083656, -0.001269, 2.778382, 7.753447, 0.0
8951.0, 7.689386, 2.088513, -0.001193, 2.778382, 7.753447, 0.0
8951.0, 7.689386, 2.088513, -0.001193, 2.778382, 7.753447, 0.0
8968.0, 7.70875, 2.093364, -0.000986, 2.778382, 7.753447, 0.0
8968.0, 7.70875, 2.093364, -0.000986, 2.778382, 7.753447, 0.0
8984.0, 7.727986, 2.09823, -0.000667, 2.778382, 7.753447, 0.0
9003.0, 7.74706, 2.103154, -0.00026, 2.778382, 7.753447, 0.0
9003.0, 7.74706, 2.103154, -0.00026, 2.778382, 7.753447, 0.0
9019.0, 7.765913, 2.108159, 0.000214, 2.778382, 7.753447, 0.0
9019.0, 7.765913, 2.108159, 0.000214, 2.778382, 7.753447, 0.0
9034.0, 7.784502, 2.113269, 0.000731, 2.778382, 7.753447, 0.0
9051.0, 7.802792, 2.118504, 0.00127, 2.778382, 7.753447, 0.0
9051.0, 7.802792, 2.118504, 0.00127, 2.778382, 7.753447, 0.0
9069.0, 7.820754, 2.12388, 0.001816, 2.778382, 7.753447, 0.0
9069.0, 7.820754, 2.12388, 0.001816, 2.778382, 7.753447, 0.0
9084.0, 7.838364, 2.129411, 0.002355, 2.778382, 7.753447, 0.0
9102.0, 7.855603, 2.135107, 0.002878, 2.778382, 7.753447, 0.0
9103.0, 7.855603, 2.135107, 0.002878, 2.778382, 7.753447, 0.0
9118.0, 7.872459, 2.14098, 0.003377, 2.778382, 7.753447, 0.0
9118.0, 7.872459, 2.14098, 0.003377, 2.778382, 7.753447, 0.0
9135.0, 7.888917, 2.147036, 0.003848, 2.778382, 7.753447, 0.0
9151.0, 7.904967, 2.153281, 0.004291, 2.778382, 7.753447, 0.0
9151.0, 7.904967, 2.153281, 0.004291, 2.778382, 7.753447, 0.0
9168.0, 7.920619, 2.159731, 0.004707, 2.778581, 8.003475, 0.0
9168.0, 7.920619, 2.159731, 0.004707, 2.778581, 8.003475, 0.0
9184.0, 7.935828, 2.166371, 0.005094, 2.778581, 8.003475, 0.0
9202.0, 7.950609, 2.173215, 0.005455, 2.778581, 8.003475, 0.0
9202.0, 7.950609, 2.173215, 0.005455, 2.778581, 8.003475, 0.0
9219.0, 7.965046, 2.18022, 0.005753, 2.778581, 8.003475, 0.0
9219.0, 7.965046, 2.18022, 0.005753, 2.778581, 8.003475, 0.0
9234.0, 7.979253, 2.187333, 0.005951, 2.778581, 8.003475, 0.0
9251.0, 7.99334, 2.194505, 0.006029, 2.778581, 8.003475, 0.0
9251.0, 7.99334, 2.194505, 0.006029, 2.778581, 8.003475, 0.0
9269.0, 8.007404, 2.201688, 0.005982, 2.778581, 8.003475, 0.0
9269.0, 8.007404, 2.201688, 0.005982, 2.778581, 8.003475, 0.0
9284.0, 8.021532, 2.208844, 0.005817, 2.778581, 8.003475, 0.0
9303.0, 8.035792, 2.21594, 0.005549, 2.778581, 8.003475, 0.0
9303.0, 8.035792, 2.21594, 0.005549, 2.778581, 8.003475, 0.0
9318.0, 8.050247, 2.222946, 0.005196, 2.778581, 8.003475, 0.0
9318.0, 8.050247, 2.222946, 0.005196, 2.778581, 8.003475, 0.0
9334.0, 8.064941, 2.22984, 0.004779, 2.778581, 8.003475, 0.0
9352.0, 8.079914, 2.236601, 0.004317, 2.778581, 8.003475, 0.0
9352.0, 8.079914, 2.236601, 0.004317, 2.778581, 8.003475, 0.0
9369.0, 8.095199, 2.243211, 0.003829, 2.778581, 8.003475, 0.0
9369.0, 8.095199, 2.243211, 0.003829, 2.778581, 8.003475, 0.0
9384.0, 8.110819, 2.249658, 0.003328, 2.778581, 8.003475, 0.0
9402.0, 8.126799, 2.255929, 0.002828, 2.778581, 8.003475, 0.0
9402.0, 8.126799, 2.255929, 0.002828, 2.778581, 8.003475, 0.0
9417.0, 8.143153, 2.262015, 0.002338, 2.77878, 8.253499, 0.0
9417.0, 8.143153, 2.262015, 0.002338, 2.77878, 8.253499, 0.0
9434.0, 8.159899, 2.267909, 0.001864, 2.77878, 8.253499, 0.0
9451.0, 8.177045, 2.273602, 0.001411, 2.77878, 8.253499, 0.0
9451.0, 8.177045, 2.273602, 0.001411, 2.77878, 8.253499, 0.0
9467.0, 8.1946, 2.279089, 0.000983, 2.77878, 8.253499, 0.0
9467.0, 8.1946, 2.279089, 0.000983, 2.77878, 8.253499, 0.0
9484.0, 8.212572, 2.284367, 0.000579, 2.77878, 8.253499, 0.0
9502.0, 8.230968, 2.289429, 0.000202, 2.77878, 8.253499, 0.0
9502.0, 8.230968, 2.289429, 0.000202, 2.77878, 8.253499, 0.0
9517.0, 8.2497, 2.294321, -0.000112, 2.77878, 8.253499, 0.0
9517.0, 8.2497, 2.294321, -0.000112, 2.77878, 8.253499, 0.0
9534.0, 8.268657, 2.299095, -0.000324, 2.77878, 8.253499, 0.0
9551.0, 8.28773, 2.303805, -0.000416, 2.77878, 8.253499, 0.0
9551.0, 8.28773, 2.303805, -0.000416, 2.77878, 8.253499, 0.0
9567.0, 8.306821, 2.308498, -0.00038, 2.77878, 8.253499, 0.0
9567.0, 8.306821, 2.308498, -0.00038, 2.77878, 8.253499, 0.0
9584.0, 8.325844, 2.313215, -0.000225, 2.77878, 8.253499, 0.0
9602.0, 8.344729, 2.317991, 0.000034, 2.77878, 8.253499, 0.0
9602.0, 8.344729, 2.317991, 0.000034, 2.77878, 8.253499, 0.0
9617.0, 8.363418, 2.322852, 0.000378, 2.77878, 8.253499, 0.0
9617.0, 8.363418, 2.322852, 0.000378, 2.77878, 8.253499, 0.0
9634.0, 8.381862, 2.327822, 0.000786, 2.77878, 8.253499, 0.0
9651.0, 8.400022, 2.332921, 0.001239, 2.77878, 8.253499, 0.0
9651.0, 8.400022, 2.332921, 0.001239, 2.77878, 8.253499, 0.0
9667.0, 8.417867, 2.338165, 0.001717, 2.77898, 8.503501, 0.0
9667.0, 8.417867, 2.338165, 0.001717, 2.77898, 8.503501, 0.0
9684.0, 8.435372, 2.343569, 0.002207, 2.77898, 8.503501, 0.0
9702.0, 8.452516, 2.349142, 0.002696, 2.77898, 8.503501, 0.0
9702.0, 8.452516, 2.349142, 0.002696, 2.77898, 8.503501, 0.0
9717.0, 8.469283, 2.354897, 0.003174, 2.77898, 8.503501, 0.0
9717.0, 8.469283, 2.354897, 0.003174, 2.77898, 8.503501, 0.0
9734.0, 8.48566, 2.360839, 0.003635, 2.77898, 8.503501, 0.0
9751.0, 8.501634, 2.366977, 0.004075, 2.77898, 8.503501, 0.0
9751.0, 8.501634, 2.366977, 0.004075, 2.77898, 8.503501, 0.0
9768.0, 8.517199, 2.373317, 0.004493, 2.77898, 8.503501, 0.0
9768.0, 8.517199, 2.373317, 0.004493, 2.77898, 8.503501, 0.0
9784.0, 8.532347, 2.379862, 0.004887, 2.77898, 8.503501, 0.0
9802.0, 8.547072, 2.386617, 0.005257, 2.77898, 8.503501, 0.0
9802.0, 8.547072, 2.386617, 0.005257, 2.77898, 8.503501, 0.0
9817.0, 8.561461, 2.393538, 0.005566, 2.77898, 8.503501, 0.0
9817.0, 8.561461, 2.393538, 0.005566, 2.77898, 8.503501, 0.0
9834.0, 8.575624, 2.400572, 0.005777, 2.77898, 8.503501, 0.0
9851.0, 8.589668, 2.407665, 0.005868, 2.77898, 8.503501, 0.0
9851.0, 8.589668, 2.407665, 0.005868, 2.77898, 8.503501, 0.0
9867.0, 8.60369, 2.414769, 0.005835, 2.77898, 8.503501, 0.0
9867.0, 8.60369, 2.414769, 0.005835, 2.77898, 8.503501, 0.0
9884.0, 8.617775, 2.421843, 0.005685, 2.77898, 8.503501, 0.0
9902.0, 8.63199, 2.428852, 0.00543, 2.77898, 8.503501, 0.0
9902.0, 8.63199, 2.428852, 0.00543, 2.77898, 8.503501, 0.0
9918.0, 8.646396, 2.435766, 0.00509, 2.779179, 8.753504, 0.0
9918.0, 8.646396, 2.435766, 0.00509, 2.779179, 8.753504, 0.0
9935.0, 8.661036, 2.44256, 0.004684, 2.779179, 8.753504, 0.0
9951.0, 8.675953, 2.449214, 0.004233, 2.779179, 8.753504, 0.0
9951.0, 8.675953, 2.449214, 0.004233, 2.779179, 8.753504, 0.0
9967.0, 8.691176, 2.45571, 0.003752, 2.779179, 8.753504, 0.0
9967.0, 8.691176, 2.45571, 0.003752, 2.779179, 8.753504, 0.0
9985.0, 8.706733, 2.462035, 0.003257, 2.779179, 8.753504, 0.0
