1.0, 0.0, 0.0, 0.002231, 2.771293, -1.148884, 0.0
1.0, 0.0, 0.0, 0.002231, 2.771293, -1.148884, 0.0
17.0, -0.000056, -0.000271, -0.004071, 2.771293, -1.148884, 0.0
17.0, -0.000056, -0.000271, -0.004071, 2.771293, -1.148884, 0.0
33.0, -0.000035, -0.000469, -0.009521, 2.771293, -1.148884, 0.0
51.0, 0.000151, -0.000551, -0.012324, 2.771293, -1.148884, 0.0
51.0, 0.000151, -0.000551, -0.012324, 2.771293, -1.148884, 0.0
68.0, 0.000567, -0.000629, -0.013576, 2.771293, -1.148884, 0.0
68.0, 0.000567, -0.000629, -0.013576, 2.771293, -1.148884, 0.0
84.0, 0.00119, -0.000776, -0.013685, 2.771293, -1.148884, 0.0
99.0, 0.001966, -0.001042, -0.012974, 2.771293, -1.148884, 0.0
99.0, 0.001966, -0.001042, -0.012974, 2.771293, -1.148884, 0.0
116.0, 0.002834, -0.001467, -0.011703, 2.771293, -1.148884, 0.0
116.0, 0.002834, -0.001467, -0.011703, 2.771293, -1.148884, 0.0
133.0, 0.00351, -0.001959, -0.011956, 2.771293, -1.148884, 0.0
150.0, 0.004153, -0.002382, -0.012754, 2.771293, -1.148884, 0.0
150.0, 0.004153, -0.002382, -0.012754, 2.771293, -1.148884, 0.0
168.0, 0.004804, -0.002693, -0.01258, 2.771293, -1.148884, 0.0
168.0, 0.004804, -0.002693, -0.01258, 2.771293, -1.148884, 0.0
183.0, 0.005319, -0.002804, -0.011635, 2.771293, -1.148884, 0.0
200.0, 0.005709, -0.002601, -0.010276, 2.771293, -1.148884, 0.0
200.0, 0.005709, -0.002601, -0.010276, 2.771293, -1.148884, 0.0
217.0, 0.005914, -0.002514, -0.009007, 2.771293, -1.148884, 0.0
217.0, 0.005914, -0.002514, -0.009007, 2.771293, -1.148884, 0.0
233.0, 0.005909, -0.001509, -0.007925, 2.771293, -1.148884, 0.0
250.0, 0.005681, -0.000019, -0.006398, 2.771293, -1.148884, 0.0
250.0, 0.005681, -0.000019, -0.006398, 2.771293, -1.148884, 0.0
268.0, 0.005294, 0.001848, -0.00497, 2.771293, -1.148884, 0.0
268.0, 0.005294, 0.001848, -0.00497, 2.771293, -1.148884, 0.0
283.0, 0.004674, 0.004093, -0.003631, 2.771293, -1.148884, 0.0
301.0, 0.003803, 0.006715, -0.002335, 2.771293, -1.148884, 0.0
301.0, 0.003803, 0.006715, -0.002335, 2.771293, -1.148884, 0.0
317.0, 0.002645, 0.009696, -0.001176, 2.771293, -1.148884, 0.0
317.0, 0.002645, 0.009696, -0.001176, 2.771293, -1.148884, 0.0
334.0, 0.001182, 0.013042, -0.000113, 2.771293, -1.148884, 0.0
349.0, -0.0006, 0.016756, 0.000867, 2.771293, -1.148884, 0.0
349.0, -0.0006, 0.016756, 0.000867, 2.771293, -1.148884, 0.0
367.0, -0.002712, 0.020835, 0.001767, 2.771293, -1.148884, 0.0
367.0, -0.002712, 0.020835, 0.001767, 2.771293, -1.148884, 0.0
382.0, -0.005162, 0.025279, 0.002592, 2.771293, -1.148884, 0.0
399.0, -0.007954, 0.030083, 0.003347, 2.771293, -1.148884, 0.0
399.0, -0.007954, 0.030083, 0.003347, 2.771293, -1.148884, 0.0
416.0, -0.011094, 0.035247, 0.004035, 2.771293, -1.148884, 0.0
416.0, -0.011094, 0.035247, 0.004035, 2.771293, -1.148884, 0.0
433.0, -0.014584, 0.040767, 0.00466, 2.771293, -1.148884, 0.0
450.0, -0.018427, 0.046642, 0.005229, 2.771293, -1.148884, 0.0
450.0, -0.018427, 0.046642, 0.005229, 2.771293, -1.148884, 0.0
467.0, -0.022624, 0.05287, 0.005746, 2.771293, -1.148884, 0.0
467.0, -0.022624, 0.05287, 0.005746, 2.771293, -1.148884, 0.0
483.0, -0.027177, 0.059452, 0.006216, 2.771293, -1.148884, 0.0
500.0, -0.032088, 0.066384, 0.006646, 2.771293, -1.148884, 0.0
500.0, -0.032088, 0.066384, 0.006646, 2.771293, -1.148884, 0.0
517.0, -0.037356, 0.073666, 0.00704, 2.771293, -1.148884, 0.0
517.0, -0.037356, 0.073666, 0.00704, 2.771293, -1.148884, 0.0
533.0, -0.042982, 0.081297, 0.007403, 2.771293, -1.148884, 0.0
550.0, -0.048967, 0.089277, 0.007741, 2.771293, -1.148884, 0.0
550.0, -0.048967, 0.089277, 0.007741, 2.771293, -1.148884, 0.0
568.0, -0.055312, 0.097604, 0.008057, 2.771293, -1.148884, 0.0
568.0, -0.055312, 0.097604, 0.008057, 2.771293, -1.148884, 0.0
582.0, -0.062016, 0.10628, 0.008354, 2.771293, -1.148884, 0.0
600.0, -0.069079, 0.115304, 0.008636, 2.771293, -1.148884, 0.0
600.0, -0.069079, 0.115304, 0.008636, 2.771293, -1.148884, 0.0
616.0, -0.076502, 0.124676, 0.008906, 2.771293, -1.148884, 0.0
616.0, -0.076502, 0.124676, 0.008906, 2.771293, -1.148884, 0.0
632.0, -0.084284, 0.134396, 0.009165, 2.771293, -1.148884, 0.0
650.0, -0.092424, 0.144463, 0.009417, 2.771293, -1.148884, 0.0
650.0, -0.092424, 0.144463, 0.009417, 2.771293, -1.148884, 0.0
668.0, -0.100944, 0.154907, 0.009662, 2.771293, -1.148884, 0.0
668.0, -0.100944, 0.154907, 0.009662, 2.771293, -1.148884, 0.0
683.0, -0.109799, 0.165669, 0.009901, 2.771293, -1.148884, 0.0
701.0, -0.11901, 0.176781, 0.010135, 2.771293, -1.148884, 0.0
701.0, -0.11901, 0.176781, 0.010135, 2.771293, -1.148884, 0.0
717.0, -0.128577, 0.188244, 0.010366, 2.771293, -1.148884, 0.0
717.0, -0.128577, 0.188244, 0.010366, 2.771293, -1.148884, 0.0
733.0, -0.138499, 0.200058, 0.010594, 2.771293, -1.148884, 0.0
750.0, -0.148777, 0.212226, 0.010821, 2.771293, -1.148884, 0.0
750.0, -0.148777, 0.212226, 0.010821, 2.771293, -1.148884, 0.0
768.0, -0.159409, 0.224746, 0.011046, 2.771293, -1.148884, 0.0
768.0, -0.159409, 0.224746, 0.011046, 2.771293, -1.148884, 0.0
783.0, -0.170398, 0.237625, 0.011271, 2.771293, -1.148884, 0.0
800.0, -0.181741, 0.25086, 0.011495, 2.771293, -1.148884, 0.0
800.0, -0.181741, 0.25086, 0.011495, 2.771293, -1.148884, 0.0
817.0, -0.193434, 0.264451, 0.011717, 2.771293, -1.148884, 0.0
817.0, -0.193434, 0.264451, 0.011717, 2.771293, -1.148884, 0.0
833.0, -0.205479, 0.278399, 0.011938, 2.771293, -1.148884, 0.0
850.0, -0.217872, 0.292703, 0.012158, 2.771293, -1.148884, 0.0
851.0, -0.217872, 0.292703, 0.012158, 2.771293, -1.148884, 0.0
868.0, -0.230615, 0.307364, 0.012377, 2.771293, -1.148884, 0.0
868.0, -0.230615, 0.307364, 0.012377, 2.771293, -1.148884, 0.0
883.0, -0.243708, 0.322381, 0.012597, 2.771293, -1.148884, 0.0
900.0, -0.257154, 0.337752, 0.012818, 2.771293, -1.148884, 0.0
900.0, -0.257154, 0.337752, 0.012818, 2.771293, -1.148884, 0.0
917.0, -0.270955, 0.353474, 0.013041, 2.771293, -1.148884, 0.0
917.0, -0.270955, 0.353474, 0.013041, 2.771293, -1.148884, 0.0
933.0, -0.285113, 0.369545, 0.013266, 2.771293, -1.148884, 0.0
950.0, -0.29963, 0.385964, 0.013492, 2.771293, -1.148884, 0.0
950.0, -0.29963, 0.385964, 0.013492, 2.771293, -1.148884, 0.0
968.0, -0.314507, 0.40273, 0.01372, 2.771293, -1.148884, 0.0
968.0, -0.314507, 0.40273, 0.01372, 2.771293, -1.148884, 0.0
983.0, -0.32966, 0.419788, 0.01391, 2.771293, -1.148884, 0.0
1002.0, -0.344989, 0.437079, 0.014028, 2.771293, -1.148884, 0.0
1002.0, -0.344989, 0.437079, 0.014028, 2.771293, -1.148884, 0.0
1015.0, -0.360377, 0.454524, 0.014051, 2.771293, -1.148884, 0.0
1016.0, -0.360377, 0.454524, 0.014051, 2.771293, -1.148884, 0.0
1032.0, -0.375737, 0.472069, 0.013972, 2.771293, -1.148884, 0.0
1049.0, -0.390989, 0.489666, 0.013797, 2.771293, -1.148884, 0.0
1049.0, -0.390989, 0.489666, 0.013797, 2.771293, -1.148884, 0.0
1067.0, -0.406067, 0.507274, 0.013538, 2.771293, -1.148884, 0.0
1067.0, -0.406067, 0.507274, 0.013538, 2.771293, -1.148884, 0.0
1082.0, -0.420913, 0.524879, 0.013211, 2.771293, -1.148884, 0.0
1100.0, -0.435478, 0.542484, 0.012835, 2.771293, -1.148884, 0.0
1100.0, -0.435478, 0.542484, 0.012835, 2.771293, -1.148884, 0.0
1116.0, -0.449724, 0.560093, 0.012427, 2.771293, -1.148884, 0.0
1116.0, -0.449724, 0.560093, 0.012427, 2.771293, -1.148884, 0.0
1132.0, -0.463617, 0.577716, 0.012006, 2.771293, -1.148884, 0.0
1150.0, -0.47713, 0.595358, 0.011585, 2.771293, -1.148884, 0.0
1150.0, -0.47713, 0.595358, 0.011585, 2.771293, -1.148884, 0.0
1167.0, -0.49024, 0.613027, 0.011176, 2.771293, -1.148884, 0.0
1167.0, -0.49024, 0.613027, 0.011176, 2.771293, -1.148884, 0.0
1182.0, -0.502931, 0.630732, 0.010788, 2.771293, -1.148884, 0.0
1200.0, -0.515188, 0.648478, 0.010427, 2.771293, -1.148884, 0.0
1200.0, -0.515188, 0.648478, 0.010427, 2.771293, -1.148884, 0.0
1217.0, -0.526998, 0.666273, 0.010097, 2.771293, -1.148884, 0.0
1217.0, -0.526998, 0.666273, 0.010097, 2.771293, -1.148884, 0.0
1232.0, -0.538352, 0.684122, 0.009799, 2.771293, -1.148884, 0.0
1250.0, -0.549243, 0.702028, 0.009536, 2.771293, -1.148884, 0.0
1250.0, -0.549243, 0.702028, 0.009536, 2.771293, -1.148884, 0.0
1267.0, -0.559663, 0.719997, 0.009304, 2.771293, -1.148884, 0.0
1267.0, -0.559663, 0.719997, 0.009304, 2.771293, -1.148884, 0.0
1282.0, -0.569609, 0.738021, 0.009103, 2.771293, -1.148884, 0.0
1299.0, -0.579074, 0.756091, 0.008929, 2.771293, -1.148884, 0.0
1299.0, -0.579074, 0.756091, 0.008929, 2.771293, -1.148884, 0.0
1316.0, -0.588056, 0.774197, 0.008778, 2.771293, -1.148884, 0.0
1316.0, -0.588056, 0.774197, 0.008778, 2.771293, -1.148884, 0.0
1332.0, -0.596551, 0.792329, 0.008647, 2.771293, -1.148884, 0.0
1350.0, -0.604556, 0.810481, 0.008533, 2.771293, -1.148884, 0.0
1350.0, -0.604556, 0.810481, 0.008533, 2.771293, -1.148884, 0.0
1368.0, -0.612071, 0.828644, 0.008433, 2.771293, -1.148884, 0.0
1368.0, -0.612071, 0.828644, 0.008433, 2.771293, -1.148884, 0.0
1383.0, -0.619191, 0.846831, 0.008386, 2.771293, -1.148884, 0.0
1400.0, -0.62604, 0.865061, 0.008427, 2.771293, -1.148884, 0.0
1400.0, -0.62604, 0.865061, 0.008427, 2.771293, -1.148884, 0.0
1416.0, -0.632738, 0.88335, 0.008574, 2.771293, -1.148884, 0.0
1416.0, -0.632738, 0.88335, 0.008574, 2.771293, -1.148884, 0.0
1433.0, -0.639392, 0.901717, 0.008833, 2.771293, -1.148884, 0.0
1450.0, -0.646095, 0.920175, 0.009192, 2.771293, -1.148884, 0.0
1450.0, -0.646095, 0.920175, 0.009192, 2.771293, -1.148884, 0.0
1468.0, -0.652924, 0.938734, 0.009636, 2.771293, -1.148884, 0.0
1468.0, -0.652924, 0.938734, 0.009636, 2.771293, -1.148884, 0.0
1483.0, -0.659943, 0.957404, 0.010143, 2.771293, -1.148884, 0.0
1499.0, -0.667207, 0.976192, 0.010694, 2.771293, -1.148884, 0.0
1500.0, -0.667207, 0.976192, 0.010694, 2.771293, -1.148884, 0.0
1516.0, -0.674759, 0.995102, 0.011268, 2.771293, -1.148884, 0.0
1516.0, -0.674759, 0.995102, 0.011268, 2.771293, -1.148884, 0.0
1533.0, -0.682636, 1.014139, 0.011848, 2.771293, -1.148884, 0.0
1550.0, -0.690868, 1.033305, 0.012419, 2.771293, -1.148884, 0.0
1550.0, -0.690868, 1.033305, 0.012419, 2.771293, -1.148884, 0.0
1568.0, -0.699478, 1.052603, 0.012971, 2.771293, -1.148884, 0.0
1568.0, -0.699478, 1.052603, 0.012971, 2.771293, -1.148884, 0.0
1583.0, -0.70839, 1.072016, 0.013453, 2.771293, -1.148884, 0.0
1600.0, -0.717493, 1.091516, 0.013822, 2.771293, -1.148884, 0.0
1600.0, -0.717493, 1.091516, 0.013822, 2.771293, -1.148884, 0.0
1617.0, -0.726681, 1.111081, 0.014054, 2.771293, -1.148884, 0.0
1617.0, -0.726681, 1.111081, 0.014054, 2.771293, -1.148884, 0.0
1633.0, -0.735856, 1.130686, 0.014142, 2.771293, -1.148884, 0.0
1650.0, -0.744933, 1.150314, 0.014094, 2.771293, -1.148884, 0.0
1650.0, -0.744933, 1.150314, 0.014094, 2.771293, -1.148884, 0.0
1669.0, -0.753841, 1.169949, 0.013927, 2.771293, -1.148884, 0.0
1669.0, -0.753841, 1.169949, 0.013927, 2.771293, -1.148884, 0.0
1682.0, -0.762522, 1.189579, 0.013665, 2.771293, -1.148884, 0.0
1699.0, -0.770925, 1.209192, 0.013329, 2.771293, -1.148884, 0.0
1699.0, -0.770925, 1.209192, 0.013329, 2.771293, -1.148884, 0.0
1717.0, -0.779012, 1.228782, 0.012944, 2.771293, -1.148884, 0.0
1717.0, -0.779012, 1.228782, 0.012944, 2.771293, -1.148884, 0.0
1733.0, -0.786748, 1.248343, 0.01253, 2.771293, -1.148884, 0.0
1749.0, -0.794106, 1.26787, 0.012103, 2.771293, -1.148884, 0.0
1749.0, -0.794106, 1.26787, 0.012103, 2.771293, -1.148884, 0.0
1767.0, -0.801063, 1.287361, 0.011679, 2.771293, -1.148884, 0.0
1767.0, -0.801063, 1.287361, 0.011679, 2.771293, -1.148884, 0.0
1783.0, -0.807603, 1.306807, 0.011268, 2.771293, -1.148884, 0.0
1800.0, -0.813711, 1.326197, 0.010879, 2.771293, -1.148884, 0.0
1800.0, -0.813711, 1.326197, 0.010879, 2.771293, -1.148884, 0.0
1817.0, -0.819377, 1.345522, 0.010516, 2.771293, -1.148884, 0.0
1817.0, -0.819377, 1.345522, 0.010516, 2.771293, -1.148884, 0.0
1833.0, -0.82459, 1.364774, 0.010183, 2.771293, -1.148884, 0.0
1850.0, -0.829346, 1.383946, 0.00988, 2.771293, -1.148884, 0.0
1850.0, -0.829346, 1.383946, 0.00988, 2.771293, -1.148884, 0.0
1868.0, -0.833636, 1.403033, 0.009607, 2.771293, -1.148884, 0.0
1868.0, -0.833636, 1.403033, 0.009607, 2.771293, -1.148884, 0.0
1883.0, -0.837556, 1.422052, 0.009403, 2.771293, -1.148884, 0.0
1900.0, -0.841224, 1.441031, 0.009304, 2.771293, -1.148884, 0.0
1900.0, -0.841224, 1.441031, 0.009304, 2.771293, -1.148884, 0.0
1916.0, -0.844757, 1.459995, 0.009327, 2.771293, -1.148884, 0.0
1916.0, -0.844757, 1.459995, 0.009327, 2.771293, -1.148884, 0.0
1932.0, -0.84826, 1.478968, 0.009474, 2.771293, -1.148884, 0.0
1949.0, -0.851825, 1.497969, 0.009734, 2.771293, -1.148884, 0.0
1949.0, -0.851825, 1.497969, 0.009734, 2.771293, -1.148884, 0.0
1966.0, -0.855528, 1.517014, 0.010089, 2.771293, -1.148884, 0.0
1966.0, -0.855528, 1.517014, 0.010089, 2.771293, -1.148884, 0.0
1983.0, -0.859432, 1.536108, 0.010517, 2.771293, -1.148884, 0.0
2000.0, -0.863593, 1.555252, 0.010996, 2.771293, -1.148884, 0.0
2000.0, -0.863593, 1.555252, 0.010996, 2.771293, -1.148884, 0.0
2016.0, -0.868055, 1.574443, 0.011503, 2.771293, -1.148884, 0.0
2017.0, -0.868055, 1.574443, 0.011503, 2.771293, -1.148884, 0.0
2033.0, -0.872856, 1.593679, 0.012021, 2.771293, -1.148884, 0.0
2050.0, -0.878025, 1.612957, 0.012534, 2.771293, -1.148884, 0.0
2050.0, -0.878025, 1.612957, 0.012534, 2.771293, -1.148884, 0.0
2068.0, -0.883588, 1.632277, 0.013029, 2.771293, -1.148884, 0.0
2068.0, -0.883588, 1.632277, 0.013029, 2.771293, -1.148884, 0.0
2083.0, -0.889466, 1.651624, 0.013456, 2.771293, -1.148884, 0.0
2100.0, -0.895549, 1.670984, 0.013771, 2.771293, -1.148884, 0.0
2100.0, -0.895549, 1.670984, 0.013771, 2.771293, -1.148884, 0.0
2117.0, -0.901728, 1.690341, 0.01395, 2.771293, -1.148884, 0.0
2117.0, -0.901728, 1.690341, 0.01395, 2.771293, -1.148884, 0.0
2133.0, -0.907904, 1.709683, 0.013988, 2.771293, -1.148884, 0.0
2150.0, -0.913991, 1.728997, 0.013893, 2.771293, -1.148884, 0.0
2150.0, -0.913991, 1.728997, 0.013893, 2.771293, -1.148884, 0.0
2167.0, -0.919918, 1.748274, 0.013683, 2.771293, -1.148884, 0.0
2167.0, -0.919918, 1.748274, 0.013683, 2.771293, -1.148884, 0.0
2182.0, -0.925628, 1.767493, 0.01338, 2.771293, -1.148884, 0.0
2198.0, -0.931079, 1.786626, 0.013011, 2.771293, -1.148884, 0.0
2198.0, -0.931079, 1.786626, 0.013011, 2.771293, -1.148884, 0.0
2216.0, -0.936234, 1.805651, 0.012596, 2.771293, -1.148884, 0.0
2216.0, -0.936234, 1.805651, 0.012596, 2.771293, -1.148884, 0.0
2233.0, -0.941064, 1.824547, 0.012156, 2.771293, -1.148884, 0.0
2249.0, -0.945547, 1.843297, 0.011707, 2.771293, -1.148884, 0.0
2249.0, -0.945547, 1.843297, 0.011707, 2.771293, -1.148884, 0.0
2268.0, -0.949662, 1.861888, 0.011261, 2.771293, -1.148884, 0.0
2268.0, -0.949662, 1.861888, 0.011261, 2.771293, -1.148884, 0.0
2283.0, -0.953396, 1.880307, 0.010828, 2.771293, -1.148884, 0.0
2300.0, -0.956736, 1.898541, 0.010416, 2.771293, -1.148884, 0.0
2300.0, -0.956736, 1.898541, 0.010416, 2.771293, -1.148884, 0.0
2317.0, -0.959674, 1.916582, 0.010027, 2.771293, -1.148884, 0.0
2317.0, -0.959674, 1.916582, 0.010027, 2.771293, -1.148884, 0.0
2333.0, -0.962202, 1.934421, 0.009666, 2.771293, -1.148884, 0.0
2350.0, -0.964314, 1.95205, 0.009332, 2.771293, -1.148884, 0.0
2350.0, -0.964314, 1.95205, 0.009332, 2.771293, -1.148884, 0.0
2367.0, -0.966006, 1.969466, 0.009025, 2.771293, -1.148884, 0.0
2367.0, -0.966006, 1.969466, 0.009025, 2.771293, -1.148884, 0.0
2383.0, -0.967367, 1.9867, 0.008783, 2.771293, -1.148884, 0.0
2401.0, -0.96851, 2.003796, 0.00864, 2.771293, -1.148884, 0.0
2401.0, -0.96851, 2.003796, 0.00864, 2.771293, -1.148884, 0.0
2417.0, -0.969546, 2.020795, 0.008612, 2.771293, -1.148884, 0.0
2417.0, -0.969546, 2.020795, 0.008612, 2.771293, -1.148884, 0.0
2433.0, -0.970575, 2.037735, 0.008702, 2.771293, -1.148884, 0.0
2449.0, -0.971683, 2.054649, 0.0089, 2.771293, -1.148884, 0.0
2449.0, -0.971683, 2.054649, 0.0089, 2.771293, -1.148884, 0.0
2467.0, -0.972944, 2.071562, 0.009189, 2.771293, -1.148884, 0.0
2467.0, -0.972944, 2.071562, 0.009189, 2.771293, -1.148884, 0.0
2482.0, -0.974418, 2.088486, 0.00955, 2.771293, -1.148884, 0.0
2499.0, -0.976158, 2.105423, 0.009961, 2.771293, -1.148884, 0.0
2499.0, -0.976158, 2.105423, 0.009961, 2.771293, -1.148884, 0.0
2516.0, -0.978207, 2.122375, 0.010402, 2.771293, -1.148884, 0.0
2516.0, -0.978207, 2.122375, 0.010402, 2.771293, -1.148884, 0.0
2533.0, -0.980601, 2.13934, 0.010855, 2.771293, -1.148884, 0.0
2549.0, -0.983368, 2.156317, 0.011306, 2.771293, -1.148884, 0.0
2549.0, -0.983368, 2.156317, 0.011306, 2.771293, -1.148884, 0.0
2567.0, -0.986534, 2.173306, 0.011742, 2.771293, -1.148884, 0.0
2567.0, -0.986534, 2.173306, 0.011742, 2.771293, -1.148884, 0.0
2582.0, -0.990018, 2.190293, 0.012114, 2.771293, -1.148884, 0.0
2600.0, -0.993712, 2.207262, 0.012379, 2.771293, -1.148884, 0.0
2600.0, -0.993712, 2.207262, 0.012379, 2.771293, -1.148884, 0.0
2617.0, -0.997507, 2.224198, 0.012514, 2.771293, -1.148884, 0.0
2617.0, -0.997507, 2.224198, 0.012514, 2.771293, -1.148884, 0.0
2632.0, -1.001305, 2.241086, 0.012513, 2.771293, -1.148884, 0.0
2651.0, -1.00502, 2.257914, 0.012385, 2.771293, -1.148884, 0.0
2651.0, -1.00502, 2.257914, 0.012385, 2.771293, -1.148884, 0.0
2668.0, -1.00858, 2.274673, 0.012146, 2.771293, -1.148884, 0.0
2668.0, -1.00858, 2.274673, 0.012146, 2.771293, -1.148884, 0.0
2682.0, -1.011932, 2.291339, 0.01182, 2.771293, -1.148884, 0.0
2699.0, -1.015034, 2.307884, 0.011432, 2.771293, -1.148884, 0.0
2699.0, -1.015034, 2.307884, 0.011432, 2.771293, -1.148884, 0.0
2715.0, -1.017854, 2.324281, 0.011004, 2.771293, -1.148884, 0.0
2715.0, -1.017854, 2.324281, 0.011004, 2.771293, -1.148884, 0.0
2732.0, -1.020366, 2.340509, 0.010554, 2.771293, -1.148884, 0.0
2749.0, -1.022549, 2.356549, 0.010098, 2.771293, -1.148884, 0.0
2749.0, -1.022549, 2.356549, 0.010098, 2.771293, -1.148884, 0.0
2767.0, -1.024383, 2.372386, 0.009648, 2.771293, -1.148884, 0.0
2767.0, -1.024383, 2.372386, 0.009648, 2.771293, -1.148884, 0.0
2782.0, -1.025856, 2.38801, 0.009213, 2.771293, -1.148884, 0.0
2800.0, -1.026954, 2.403412, 0.008798, 2.771293, -1.148884, 0.0
2800.0, -1.026954, 2.403412, 0.008798, 2.771293, -1.148884, 0.0
2817.0, -1.027668, 2.418585, 0.008407, 2.771293, -1.148884, 0.0
2817.0, -1.027668, 2.418585, 0.008407, 2.771293, -1.148884, 0.0
2832.0, -1.027988, 2.433525, 0.008042, 2.771293, -1.148884, 0.0
2850.0, -1.027907, 2.448228, 0.007704, 2.771293, -1.148884, 0.0
2850.0, -1.027907, 2.448228, 0.007704, 2.771293, -1.148884, 0.0
2868.0, -1.027421, 2.462691, 0.007393, 2.771293, -1.148884, 0.0
2868.0, -1.027421, 2.462691, 0.007393, 2.771293, -1.148884, 0.0
2883.0, -1.026617, 2.476945, 0.007147, 2.771293, -1.148884, 0.0
2900.0, -1.025607, 2.491032, 0.006998, 2.771293, -1.148884, 0.0
2900.0, -1.025607, 2.491032, 0.006998, 2.771293, -1.148884, 0.0
2917.0, -1.024499, 2.504991, 0.006961, 2.771293, -1.148884, 0.0
2917.0, -1.024499, 2.504991, 0.006961, 2.771293, -1.148884, 0.0
2932.0, -1.023394, 2.518859, 0.007039, 2.771293, -1.148884, 0.0
2949.0, -1.022377, 2.532664, 0.00722, 2.771293, -1.148884, 0.0
2949.0, -1.022377, 2.532664, 0.00722, 2.771293, -1.148884, 0.0
2967.0, -1.021519, 2.546434, 0.007489, 2.771293, -1.148884, 0.0
2967.0, -1.021519, 2.546434, 0.007489, 2.771293, -1.148884, 0.0
