4.0, 0.0, 0.0, 0.002231, 4.244329, -4.240951, 0.0
4.0, 0.0, 0.0, 0.002231, 4.244329, -4.240951, 0.0
4.0, 0.0, 0.0, 0.002231, 4.244329, -4.240951, 0.0
4.0, 0.0, 0.0, 0.002231, 4.244329, -4.240951, 0.0
43.0, 0.000167, -0.000182, -0.00427, 4.244329, -4.240951, 0.0
43.0, 0.000167, -0.000182, -0.00427, 4.244329, -4.240951, 0.0
43.0, 0.000167, -0.000182, -0.00427, 4.244329, -4.240951, 0.0
43.0, 0.000167, -0.000182, -0.00427, 4.244329, -4.240951, 0.0
43.0, 0.000167, -0.000182, -0.00427, 4.244329, -4.240951, 0.0
43.0, 0.000167, -0.000182, -0.00427, 4.244329, -4.240951, 0.0
60.0, 0.001392, -0.000684, -0.007853, 4.244329, -4.240951, 0.0
60.0, 0.001392, -0.000684, -0.007853, 4.244329, -4.240951, 0.0
77.0, 0.003337, -0.001295, -0.009737, 4.244329, -4.240951, 0.0
95.0, 0.005652, -0.001985, -0.011267, 4.244329, -4.240951, 0.0
95.0, 0.005652, -0.001985, -0.011267, 4.244329, -4.240951, 0.0
111.0, 0.007975, -0.002686, -0.012394, 4.244329, -4.240951, 0.0
111.0, 0.007975, -0.002686, -0.012394, 4.244329, -4.240951, 0.0
127.0, 0.010212, -0.003381, -0.01284, 4.244329, -4.240951, 0.0
147.0, 0.012279, -0.003929, -0.012382, 4.106121, -4.190251, 0.0
147.0, 0.012279, -0.003929, -0.012382, 4.106121, -4.190251, 0.0
161.0, 0.01423, -0.004348, -0.011612, 4.106121, -4.190251, 0.0
161.0, 0.01423, -0.004348, -0.011612, 4.106121, -4.190251, 0.0
179.0, 0.01598, -0.004614, -0.010646, 4.106121, -4.190251, 0.0
194.0, 0.017446, -0.004733, -0.009457, 4.106121, -4.190251, 0.0
194.0, 0.017446, -0.004733, -0.009457, 4.106121, -4.190251, 0.0
212.0, 0.018634, -0.004694, -0.008375, 4.106121, -4.190251, 0.0
212.0, 0.018634, -0.004694, -0.008375, 4.106121, -4.190251, 0.0
229.0, 0.019539, -0.004521, -0.007199, 4.106121, -4.190251, 0.0
245.0, 0.02015, -0.004197, -0.006272, 4.106121, -4.190251, 0.0
245.0, 0.02015, -0.004197, -0.006272, 4.106121, -4.190251, 0.0
260.0, 0.020505, -0.003756, -0.005289, 4.106121, -4.190251, 0.0
260.0, 0.020505, -0.003756, -0.005289, 4.106121, -4.190251, 0.0
278.0, 0.020604, -0.003146, -0.004543, 4.106121, -4.190251, 0.0
293.0, 0.020462, -0.0023, -0.003826, 4.106121, -4.190251, 0.0
293.0, 0.020462, -0.0023, -0.003826, 4.106121, -4.190251, 0.0
310.0, 0.020021, -0.001174, -0.00309, 4.106121, -4.190251, 0.0
310.0, 0.020021, -0.001174, -0.00309, 4.106121, -4.190251, 0.0
327.0, 0.019224, 0.000261, -0.002339, 4.106121, -4.190251, 0.0
349.0, 0.018038, 0.001995, -0.0015, 4.106121, -4.190251, 0.0
349.0, 0.018038, 0.001995, -0.0015, 4.106121, -4.190251, 0.0
360.0, 0.016431, 0.004029, -0.000603, 4.106121, -4.190251, 0.0
360.0, 0.016431, 0.004029, -0.000603, 4.106121, -4.190251, 0.0
384.0, 0.014386, 0.006356, 0.000324, 4.106121, -4.190251, 0.0
394.0, 0.011892, 0.008969, 0.001251, 3.871408, -4.104151, 0.0
394.0, 0.011892, 0.008969, 0.001251, 3.871408, -4.104151, 0.0
412.0, 0.008937, 0.01187, 0.002158, 3.871408, -4.104151, 0.0
412.0, 0.008937, 0.01187, 0.002158, 3.871408, -4.104151, 0.0
429.0, 0.005493, 0.015076, 0.003031, 3.871408, -4.104151, 0.0
448.0, 0.001636, 0.018511, 0.003838, 3.871408, -4.104151, 0.0
448.0, 0.001636, 0.018511, 0.003838, 3.871408, -4.104151, 0.0
461.0, -0.002676, 0.022212, 0.00458, 3.871408, -4.104151, 0.0
461.0, -0.002676, 0.022212, 0.00458, 3.871408, -4.104151, 0.0
480.0, -0.007438, 0.026175, 0.005251, 3.871408, -4.104151, 0.0
511.0, -0.017425, 0.034264, 0.006475, 3.871408, -4.104151, 0.0
511.0, -0.017425, 0.034264, 0.006475, 3.871408, -4.104151, 0.0
511.0, -0.017425, 0.034264, 0.006475, 3.871408, -4.104151, 0.0
511.0, -0.017425, 0.034264, 0.006475, 3.871408, -4.104151, 0.0
527.0, -0.023386, 0.038901, 0.00718, 3.871408, -4.104151, 0.0
544.0, -0.030014, 0.043931, 0.007839, 3.871408, -4.104151, 0.0
544.0, -0.030014, 0.043931, 0.007839, 3.871408, -4.104151, 0.0
562.0, -0.03716, 0.049254, 0.008371, 3.871408, -4.104151, 0.0
562.0, -0.03716, 0.049254, 0.008371, 3.871408, -4.104151, 0.0
578.0, -0.044761, 0.054827, 0.008778, 3.871408, -4.104151, 0.0
594.0, -0.052808, 0.06064, 0.009083, 3.871408, -4.104151, 0.0
594.0, -0.052808, 0.06064, 0.009083, 3.871408, -4.104151, 0.0
611.0, -0.061284, 0.066678, 0.009307, 3.871408, -4.104151, 0.0
611.0, -0.061284, 0.066678, 0.009307, 3.871408, -4.104151, 0.0
632.0, -0.070184, 0.072933, 0.00947, 3.871408, -4.104151, 0.0
657.0, -0.07951, 0.079402, 0.009592, 3.636407, -4.017944, 0.0
657.0, -0.07951, 0.079402, 0.009592, 3.636407, -4.017944, 0.0
685.0, -0.098577, 0.092466, 0.009864, 3.636407, -4.017944, 0.0
685.0, -0.098577, 0.092466, 0.009864, 3.636407, -4.017944, 0.0
685.0, -0.098577, 0.092466, 0.009864, 3.636407, -4.017944, 0.0
685.0, -0.098577, 0.092466, 0.009864, 3.636407, -4.017944, 0.0
700.0, -0.109149, 0.099541, 0.010223, 3.636407, -4.017944, 0.0
700.0, -0.109149, 0.099541, 0.010223, 3.636407, -4.017944, 0.0
719.0, -0.120408, 0.106962, 0.010616, 3.636407, -4.017944, 0.0
733.0, -0.132182, 0.114631, 0.01094, 3.636407, -4.017944, 0.0
733.0, -0.132182, 0.114631, 0.01094, 3.636407, -4.017944, 0.0
750.0, -0.144402, 0.122507, 0.011182, 3.636407, -4.017944, 0.0
750.0, -0.144402, 0.122507, 0.011182, 3.636407, -4.017944, 0.0
768.0, -0.157047, 0.130576, 0.011354, 3.636407, -4.017944, 0.0
797.0, -0.17892, 0.144396, 0.011609, 3.636407, -4.017944, 0.0
797.0, -0.17892, 0.144396, 0.011609, 3.636407, -4.017944, 0.0
797.0, -0.17892, 0.144396, 0.011609, 3.636407, -4.017944, 0.0
811.0, -0.192122, 0.152612, 0.011658, 3.636407, -4.017944, 0.0
811.0, -0.192122, 0.152612, 0.011658, 3.636407, -4.017944, 0.0
827.0, -0.205756, 0.160992, 0.01173, 3.636407, -4.017944, 0.0
845.0, -0.219864, 0.169569, 0.011831, 3.636407, -4.017944, 0.0
845.0, -0.219864, 0.169569, 0.011831, 3.636407, -4.017944, 0.0
862.0, -0.234461, 0.178353, 0.011959, 3.636407, -4.017944, 0.0
862.0, -0.234461, 0.178353, 0.011959, 3.636407, -4.017944, 0.0
881.0, -0.250052, 0.187644, 0.012117, 3.636407, -4.017944, 0.0
881.0, -0.250052, 0.187644, 0.012117, 3.636407, -4.017944, 0.0
895.0, -0.268974, 0.198815, 0.013572, 3.400538, -3.931419, 0.0
920.0, -0.28934, 0.210735, 0.014806, 3.400538, -3.931419, 0.0
920.0, -0.28934, 0.210735, 0.014806, 3.400538, -3.931419, 0.0
945.0, -0.327982, 0.233124, 0.015998, 3.400538, -3.931419, 0.0
945.0, -0.327982, 0.233124, 0.015998, 3.400538, -3.931419, 0.0
945.0, -0.327982, 0.233124, 0.015998, 3.400538, -3.931419, 0.0
960.0, -0.348813, 0.244944, 0.015985, 3.400538, -3.931419, 0.0
960.0, -0.348813, 0.244944, 0.015985, 3.400538, -3.931419, 0.0
977.0, -0.369759, 0.256624, 0.015535, 3.400538, -3.931419, 0.0
993.0, -0.3889, 0.267125, 0.014102, 3.400538, -3.931419, 0.0
993.0, -0.3889, 0.267125, 0.014102, 3.400538, -3.931419, 0.0
1017.0, -0.407651, 0.277238, 0.012686, 3.400538, -3.931419, 0.0
1017.0, -0.407651, 0.277238, 0.012686, 3.400538, -3.931419, 0.0
1050.0, -0.445129, 0.29713, 0.01065, 3.400538, -3.931419, 0.0
1050.0, -0.445129, 0.29713, 0.01065, 3.400538, -3.931419, 0.0
1050.0, -0.445129, 0.29713, 0.01065, 3.400538, -3.931419, 0.0
1076.0, -0.479285, 0.314769, 0.010516, 3.400538, -3.931419, 0.0
1076.0, -0.479285, 0.314769, 0.010516, 3.400538, -3.931419, 0.0
1076.0, -0.479285, 0.314769, 0.010516, 3.400538, -3.931419, 0.0
1092.0, -0.500925, 0.325679, 0.010952, 3.400538, -3.931419, 0.0
1093.0, -0.500925, 0.325679, 0.010952, 3.400538, -3.931419, 0.0
1117.0, -0.535602, 0.342885, 0.011868, 3.400538, -3.931419, 0.0
1117.0, -0.535602, 0.342885, 0.011868, 3.400538, -3.931419, 0.0
1134.0, -0.558866, 0.354225, 0.012481, 3.400538, -3.931419, 0.0
1134.0, -0.558866, 0.354225, 0.012481, 3.400538, -3.931419, 0.0
1151.0, -0.582761, 0.36571, 0.012993, 3.161063, -3.843572, 0.0
1151.0, -0.582761, 0.36571, 0.012993, 3.161063, -3.843572, 0.0
1183.0, -0.607164, 0.377288, 0.013358, 3.161063, -3.843572, 0.0
1214.0, -0.656405, 0.400353, 0.013921, 3.161063, -3.843572, 0.0
1214.0, -0.656405, 0.400353, 0.013921, 3.161063, -3.843572, 0.0
1214.0, -0.656405, 0.400353, 0.013921, 3.161063, -3.843572, 0.0
1214.0, -0.656405, 0.400353, 0.013921, 3.161063, -3.843572, 0.0
1214.0, -0.656405, 0.400353, 0.013921, 3.161063, -3.843572, 0.0
1232.0, -0.679613, 0.41091, 0.013011, 3.161063, -3.843572, 0.0
1232.0, -0.679613, 0.41091, 0.013011, 3.161063, -3.843572, 0.0
1245.0, -0.701669, 0.42071, 0.012321, 3.161063, -3.843572, 0.0
1263.0, -0.724152, 0.430519, 0.011904, 3.161063, -3.843572, 0.0
1263.0, -0.724152, 0.430519, 0.011904, 3.161063, -3.843572, 0.0
1280.0, -0.747327, 0.440474, 0.011909, 3.161063, -3.843572, 0.0
1280.0, -0.747327, 0.440474, 0.011909, 3.161063, -3.843572, 0.0
1294.0, -0.787077, 0.457339, 0.018665, 3.161063, -3.843572, 0.0
1311.0, -0.83164, 0.476213, 0.024467, 3.161063, -3.843572, 0.0
1311.0, -0.83164, 0.476213, 0.024467, 3.161063, -3.843572, 0.0
1330.0, -0.876023, 0.494887, 0.027049, 3.161063, -3.843572, 0.0
1330.0, -0.876023, 0.494887, 0.027049, 3.161063, -3.843572, 0.0
1375.0, -0.960453, 0.529821, 0.026131, 3.161063, -3.843572, 0.0
1375.0, -0.960453, 0.529821, 0.026131, 3.161063, -3.843572, 0.0
1375.0, -0.960453, 0.529821, 0.026131, 3.161063, -3.843572, 0.0
1375.0, -0.960453, 0.529821, 0.026131, 3.161063, -3.843572, 0.0
1390.0, -0.994415, 0.543567, 0.021382, 2.936061, -3.761033, 0.0
1390.0, -0.994415, 0.543567, 0.021382, 2.936061, -3.761033, 0.0
1406.0, -1.024929, 0.55567, 0.016197, 2.936061, -3.761033, 0.0
1423.0, -1.054062, 0.567087, 0.011638, 2.936061, -3.761033, 0.0
1423.0, -1.054062, 0.567087, 0.011638, 2.936061, -3.761033, 0.0
1440.0, -1.082662, 0.578274, 0.008208, 2.936061, -3.761033, 0.0
1440.0, -1.082662, 0.578274, 0.008208, 2.936061, -3.761033, 0.0
1462.0, -1.118253, 0.592304, 0.005298, 2.936061, -3.761033, 0.0
1462.0, -1.118253, 0.592304, 0.005298, 2.936061, -3.761033, 0.0
1477.0, -1.146494, 0.603658, 0.003918, 2.936061, -3.761033, 0.0
1494.0, -1.173148, 0.614551, 0.002639, 2.936061, -3.761033, 0.0
1494.0, -1.173148, 0.614551, 0.002639, 2.936061, -3.761033, 0.0
1511.0, -1.19943, 0.625431, 0.002, 2.936061, -3.761033, 0.0
1511.0, -1.19943, 0.625431, 0.002, 2.936061, -3.761033, 0.0
1528.0, -1.225876, 0.636474, 0.002049, 2.936061, -3.761033, 0.0
1543.0, -1.25272, 0.647739, 0.00266, 2.936061, -3.761033, 0.0
1543.0, -1.25272, 0.647739, 0.00266, 2.936061, -3.761033, 0.0
1561.0, -1.280059, 0.659232, 0.003664, 2.936061, -3.761033, 0.0
1561.0, -1.280059, 0.659232, 0.003664, 2.936061, -3.761033, 0.0
1578.0, -1.307932, 0.670936, 0.0049, 2.936061, -3.761033, 0.0
1595.0, -1.33712, 0.683148, 0.006564, 2.936061, -3.761033, 0.0
1595.0, -1.33712, 0.683148, 0.006564, 2.936061, -3.761033, 0.0
1614.0, -1.367077, 0.695606, 0.0082, 2.936061, -3.761033, 0.0
1614.0, -1.367077, 0.695606, 0.0082, 2.936061, -3.761033, 0.0
1627.0, -1.397575, 0.708181, 0.009637, 2.936061, -3.761033, 0.0
1645.0, -1.428525, 0.720801, 0.010827, 2.697342, -3.673463, 0.0
1645.0, -1.428525, 0.720801, 0.010827, 2.697342, -3.673463, 0.0
1660.0, -1.459901, 0.733424, 0.011776, 2.697342, -3.673463, 0.0
1660.0, -1.459901, 0.733424, 0.011776, 2.697342, -3.673463, 0.0
1678.0, -1.491701, 0.74602, 0.012509, 2.697342, -3.673463, 0.0
1694.0, -1.523831, 0.758581, 0.013017, 2.697342, -3.673463, 0.0
1694.0, -1.523831, 0.758581, 0.013017, 2.697342, -3.673463, 0.0
1711.0, -1.556173, 0.771107, 0.013297, 2.697342, -3.673463, 0.0
1711.0, -1.556173, 0.771107, 0.013297, 2.697342, -3.673463, 0.0
1727.0, -1.58861, 0.7836, 0.013361, 2.697342, -3.673463, 0.0
1745.0, -1.621689, 0.796312, 0.013231, 2.697342, -3.673463, 0.0
1745.0, -1.621689, 0.796312, 0.013231, 2.697342, -3.673463, 0.0
1761.0, -1.654018, 0.808749, 0.012945, 2.697342, -3.673463, 0.0
1761.0, -1.654018, 0.808749, 0.012945, 2.697342, -3.673463, 0.0
1780.0, -1.688129, 0.82192, 0.012516, 2.697342, -3.673463, 0.0
1781.0, -1.688129, 0.82192, 0.012516, 2.697342, -3.673463, 0.0
1796.0, -1.719773, 0.834204, 0.011918, 2.697342, -3.673463, 0.0
1813.0, -1.751064, 0.84642, 0.011284, 2.697342, -3.673463, 0.0
1813.0, -1.751064, 0.84642, 0.011284, 2.697342, -3.673463, 0.0
1830.0, -1.78204, 0.858591, 0.010674, 2.697342, -3.673463, 0.0
1830.0, -1.78204, 0.858591, 0.010674, 2.697342, -3.673463, 0.0
1845.0, -1.812697, 0.87072, 0.010109, 2.697342, -3.673463, 0.0
1863.0, -1.843014, 0.882807, 0.009596, 2.697342, -3.673463, 0.0
1863.0, -1.843014, 0.882807, 0.009596, 2.697342, -3.673463, 0.0
1881.0, -1.872969, 0.894847, 0.009133, 2.697342, -3.673463, 0.0
1881.0, -1.872969, 0.894847, 0.009133, 2.697342, -3.673463, 0.0
1896.0, -1.902788, 0.906931, 0.00882, 2.46136, -3.586897, 0.0
1912.0, -1.932271, 0.918969, 0.008536, 2.46136, -3.586897, 0.0
1912.0, -1.932271, 0.918969, 0.008536, 2.46136, -3.586897, 0.0
1928.0, -1.96133, 0.930918, 0.008249, 2.46136, -3.586897, 0.0
1928.0, -1.96133, 0.930918, 0.008249, 2.46136, -3.586897, 0.0
1955.0, -2.005994, 0.949403, 0.007841, 2.46136, -3.586897, 0.0
1955.0, -2.005994, 0.949403, 0.007841, 2.46136, -3.586897, 0.0
1974.0, -2.033859, 0.961032, 0.007505, 2.46136, -3.586897, 0.0
1974.0, -2.033859, 0.961032, 0.007505, 2.46136, -3.586897, 0.0
1988.0, -2.062518, 0.97307, 0.007729, 2.46136, -3.586897, 0.0
1988.0, -2.062518, 0.97307, 0.007729, 2.46136, -3.586897, 0.0
2004.0, -2.091005, 0.985101, 0.0079, 2.46136, -3.586897, 0.0
2022.0, -2.118932, 0.996948, 0.007857, 2.46136, -3.586897, 0.0
2022.0, -2.118932, 0.996948, 0.007857, 2.46136, -3.586897, 0.0
2038.0, -2.146166, 1.008538, 0.007612, 2.46136, -3.586897, 0.0
2038.0, -2.146166, 1.008538, 0.007612, 2.46136, -3.586897, 0.0
2055.0, -2.172682, 1.019847, 0.007224, 2.46136, -3.586897, 0.0
2072.0, -2.198498, 1.030874, 0.006763, 2.46136, -3.586897, 0.0
2072.0, -2.198498, 1.030874, 0.006763, 2.46136, -3.586897, 0.0
2089.0, -2.222535, 1.041143, 0.00583, 2.46136, -3.586897, 0.0
2089.0, -2.222535, 1.041143, 0.00583, 2.46136, -3.586897, 0.0
2111.0, -2.245666, 1.051019, 0.004988, 2.46136, -3.586897, 0.0
2122.0, -2.26826, 1.06066, 0.004395, 2.46136, -3.586897, 0.0
2122.0, -2.26826, 1.06066, 0.004395, 2.46136, -3.586897, 0.0
2138.0, -2.290465, 1.07013, 0.004056, 2.233386, -3.503268, 0.0
2138.0, -2.290465, 1.07013, 0.004056, 2.233386, -3.503268, 0.0
2155.0, -2.312328, 1.079454, 0.003919, 2.233386, -3.503268, 0.0
2171.0, -2.333856, 1.088635, 0.003924, 2.233386, -3.503268, 0.0
2171.0, -2.333856, 1.088635, 0.003924, 2.233386, -3.503268, 0.0
2188.0, -2.355045, 1.097673, 0.004017, 2.233386, -3.503268, 0.0
2188.0, -2.355045, 1.097673, 0.004017, 2.233386, -3.503268, 0.0
2205.0, -2.375878, 1.106561, 0.004151, 2.233386, -3.503268, 0.0
2221.0, -2.396337, 1.115289, 0.004294, 2.233386, -3.503268, 0.0
2221.0, -2.396337, 1.115289, 0.004294, 2.233386, -3.503268, 0.0
2238.0, -2.416409, 1.123852, 0.004425, 2.233386, -3.503268, 0.0
2238.0, -2.416409, 1.123852, 0.004425, 2.233386, -3.503268, 0.0
2255.0, -2.436083, 1.13224, 0.004528, 2.233386, -3.503268, 0.0
2273.0, -2.455348, 1.140448, 0.004599, 2.233386, -3.503268, 0.0
2273.0, -2.455348, 1.140448, 0.004599, 2.233386, -3.503268, 0.0
2288.0, -2.474193, 1.148471, 0.004632, 2.233386, -3.503268, 0.0
2288.0, -2.474193, 1.148471, 0.004632, 2.233386, -3.503268, 0.0
2305.0, -2.492611, 1.156306, 0.00463, 2.233386, -3.503268, 0.0
2324.0, -2.510939, 1.164098, 0.004597, 2.233386, -3.503268, 0.0
2324.0, -2.510939, 1.164098, 0.004597, 2.233386, -3.503268, 0.0
2341.0, -2.52848, 1.171552, 0.004535, 2.233386, -3.503268, 0.0
2341.0, -2.52848, 1.171552, 0.004535, 2.233386, -3.503268, 0.0
2357.0, -2.545578, 1.178815, 0.004449, 2.233386, -3.503268, 0.0
2373.0, -2.56223, 1.185887, 0.004345, 2.233386, -3.503268, 0.0
2373.0, -2.56223, 1.185887, 0.004345, 2.233386, -3.503268, 0.0
2389.0, -2.578399, 1.192754, 0.004212, 1.998375, -3.417058, 0.0
2389.0, -2.578399, 1.192754, 0.004212, 1.998375, -3.417058, 0.0
2405.0, -2.594108, 1.199429, 0.00407, 1.998375, -3.417058, 0.0
2422.0, -2.609363, 1.205918, 0.003928, 1.998375, -3.417058, 0.0
2422.0, -2.609363, 1.205918, 0.003928, 1.998375, -3.417058, 0.0
2439.0, -2.624166, 1.212224, 0.003786, 1.998375, -3.417058, 0.0
2439.0, -2.624166, 1.212224, 0.003786, 1.998375, -3.417058, 0.0
2455.0, -2.638515, 1.218349, 0.003647, 1.998375, -3.417058, 0.0
2473.0, -2.652411, 1.224293, 0.00351, 1.998375, -3.417058, 0.0
2474.0, -2.652411, 1.224293, 0.00351, 1.998375, -3.417058, 0.0
2489.0, -2.665878, 1.230074, 0.003387, 1.998375, -3.417058, 0.0
2489.0, -2.665878, 1.230074, 0.003387, 1.998375, -3.417058, 0.0
2505.0, -2.678894, 1.235683, 0.003264, 1.998375, -3.417058, 0.0
2522.0, -2.691443, 1.241119, 0.003136, 1.998375, -3.417058, 0.0
2522.0, -2.691443, 1.241119, 0.003136, 1.998375, -3.417058, 0.0
2539.0, -2.703523, 1.246384, 0.003005, 1.998375, -3.417058, 0.0
2539.0, -2.703523, 1.246384, 0.003005, 1.998375, -3.417058, 0.0
2555.0, -2.71513, 1.251478, 0.002872, 1.998375, -3.417058, 0.0
2572.0, -2.726263, 1.256405, 0.002738, 1.998375, -3.417058, 0.0
2573.0, -2.726263, 1.256405, 0.002738, 1.998375, -3.417058, 0.0
2588.0, -2.736919, 1.261166, 0.002605, 1.998375, -3.417058, 0.0
2588.0, -2.736919, 1.261166, 0.002605, 1.998375, -3.417058, 0.0
2604.0, -2.747098, 1.265769, 0.002474, 1.998375, -3.417058, 0.0
2621.0, -2.756799, 1.270217, 0.002345, 1.998375, -3.417058, 0.0
2621.0, -2.756799, 1.270217, 0.002345, 1.998375, -3.417058, 0.0
2638.0, -2.766023, 1.274516, 0.002221, 1.763666, -3.330958, 0.0
2638.0, -2.766023, 1.274516, 0.002221, 1.763666, -3.330958, 0.0
2655.0, -2.774768, 1.278669, 0.002099, 1.763666, -3.330958, 0.0
2672.0, -2.783034, 1.282678, 0.001981, 1.763666, -3.330958, 0.0
2672.0, -2.783034, 1.282678, 0.001981, 1.763666, -3.330958, 0.0
2688.0, -2.79082, 1.28655, 0.001866, 1.763666, -3.330958, 0.0
2688.0, -2.79082, 1.28655, 0.001866, 1.763666, -3.330958, 0.0
2704.0, -2.798124, 1.290291, 0.001754, 1.763666, -3.330958, 0.0
2722.0, -2.804945, 1.293908, 0.001644, 1.763666, -3.330958, 0.0
2722.0, -2.804945, 1.293908, 0.001644, 1.763666, -3.330958, 0.0
2738.0, -2.811282, 1.297403, 0.001535, 1.763666, -3.330958, 0.0
2738.0, -2.811282, 1.297403, 0.001535, 1.763666, -3.330958, 0.0
2755.0, -2.817135, 1.300784, 0.001427, 1.763666, -3.330958, 0.0
2772.0, -2.822503, 1.304051, 0.001319, 1.763666, -3.330958, 0.0
2772.0, -2.822503, 1.304051, 0.001319, 1.763666, -3.330958, 0.0
2788.0, -2.827387, 1.307213, 0.00121, 1.763666, -3.330958, 0.0
2788.0, -2.827387, 1.307213, 0.00121, 1.763666, -3.330958, 0.0
2805.0, -2.831785, 1.310275, 0.001098, 1.763666, -3.330958, 0.0
2822.0, -2.835698, 1.313246, 0.000981, 1.763666, -3.330958, 0.0
2822.0, -2.835698, 1.313246, 0.000981, 1.763666, -3.330958, 0.0
2838.0, -2.839128, 1.31613, 0.000856, 1.763666, -3.330958, 0.0
2838.0, -2.839128, 1.31613, 0.000856, 1.763666, -3.330958, 0.0
2854.0, -2.842076, 1.31893, 0.000721, 1.763666, -3.330958, 0.0
2872.0, -2.844544, 1.321651, 0.000569, 1.763666, -3.330958, 0.0
2872.0, -2.844544, 1.321651, 0.000569, 1.763666, -3.330958, 0.0
2889.0, -2.846635, 1.324303, 0.000441, 1.528953, -3.244858, 0.0
2889.0, -2.846635, 1.324303, 0.000441, 1.528953, -3.244858, 0.0
2905.0, -2.848471, 1.326905, 0.000371, 1.528953, -3.244858, 0.0
2922.0, -2.850167, 1.329473, 0.000381, 1.528953, -3.244858, 0.0
2922.0, -2.850167, 1.329473, 0.000381, 1.528953, -3.244858, 0.0
2939.0, -2.851826, 1.332022, 0.000481, 1.528953, -3.244858, 0.0
2939.0, -2.851826, 1.332022, 0.000481, 1.528953, -3.244858, 0.0
2955.0, -2.853537, 1.334562, 0.000673, 1.528953, -3.244858, 0.0
2974.0, -2.855376, 1.337101, 0.000951, 1.528953, -3.244858, 0.0
2974.0, -2.855376, 1.337101, 0.000951, 1.528953, -3.244858, 0.0
2990.0, -2.857409, 1.339643, 0.001307, 1.528953, -3.244858, 0.0
2990.0, -2.857409, 1.339643, 0.001307, 1.528953, -3.244858, 0.0
3006.0, -2.859691, 1.342189, 0.001728, 1.528953, -3.244858, 0.0
3023.0, -2.86227, 1.344738, 0.002202, 1.528953, -3.244858, 0.0
3023.0, -2.86227, 1.344738, 0.002202, 1.528953, -3.244858, 0.0
3040.0, -2.865184, 1.347287, 0.002714, 1.528953, -3.244858, 0.0
3040.0, -2.865184, 1.347287, 0.002714, 1.528953, -3.244858, 0.0
3055.0, -2.868469, 1.349835, 0.003247, 1.528953, -3.244858, 0.0
3073.0, -2.87215, 1.352377, 0.003787, 1.528953, -3.244858, 0.0
3073.0, -2.87215, 1.352377, 0.003787, 1.528953, -3.244858, 0.0
3089.0, -2.876152, 1.354911, 0.004276, 1.528953, -3.244858, 0.0
3089.0, -2.876152, 1.354911, 0.004276, 1.528953, -3.244858, 0.0
3105.0, -2.880363, 1.35743, 0.004668, 1.528953, -3.244858, 0.0
3122.0, -2.884674, 1.35993, 0.004932, 1.528953, -3.244858, 0.0
3122.0, -2.884674, 1.35993, 0.004932, 1.528953, -3.244858, 0.0
3139.0, -2.888982, 1.362406, 0.005058, 1.294245, -3.158758, 0.0
3139.0, -2.888982, 1.362406, 0.005058, 1.294245, -3.158758, 0.0
3155.0, -2.893198, 1.364857, 0.005053, 1.294245, -3.158758, 0.0
3173.0, -2.89725, 1.367282, 0.004931, 1.294245, -3.158758, 0.0
3173.0, -2.89725, 1.367282, 0.004931, 1.294245, -3.158758, 0.0
3189.0, -2.901075, 1.369675, 0.004711, 1.294245, -3.158758, 0.0
3189.0, -2.901075, 1.369675, 0.004711, 1.294245, -3.158758, 0.0
3205.0, -2.904624, 1.372029, 0.004415, 1.294245, -3.158758, 0.0
3223.0, -2.907856, 1.374338, 0.004063, 1.294245, -3.158758, 0.0
3223.0, -2.907856, 1.374338, 0.004063, 1.294245, -3.158758, 0.0
3239.0, -2.910738, 1.376597, 0.003673, 1.294245, -3.158758, 0.0
3239.0, -2.910738, 1.376597, 0.003673, 1.294245, -3.158758, 0.0
3255.0, -2.913247, 1.3788, 0.003258, 1.294245, -3.158758, 0.0
3273.0, -2.915363, 1.380943, 0.002829, 1.294245, -3.158758, 0.0
3273.0, -2.915363, 1.380943, 0.002829, 1.294245, -3.158758, 0.0
3288.0, -2.917075, 1.383021, 0.002392, 1.294245, -3.158758, 0.0
3288.0, -2.917075, 1.383021, 0.002392, 1.294245, -3.158758, 0.0
3305.0, -2.918375, 1.385031, 0.001949, 1.294245, -3.158758, 0.0
3322.0, -2.919263, 1.386972, 0.001505, 1.294245, -3.158758, 0.0
3322.0, -2.919263, 1.386972, 0.001505, 1.294245, -3.158758, 0.0
3339.0, -2.919741, 1.388848, 0.001068, 1.294245, -3.158758, 0.0
3339.0, -2.919741, 1.388848, 0.001068, 1.294245, -3.158758, 0.0
3356.0, -2.91981, 1.390672, 0.000653, 1.294245, -3.158758, 0.0
3373.0, -2.919463, 1.392458, 0.000272, 1.294245, -3.158758, 0.0
3373.0, -2.919463, 1.392458, 0.000272, 1.294245, -3.158758, 0.0
3389.0, -2.918776, 1.39423, -0.000036, 1.059536, -3.072659, 0.0
3389.0, -2.918776, 1.39423, -0.000036, 1.059536, -3.072659, 0.0
3405.0, -2.917844, 1.395995, -0.000244, 1.059536, -3.072659, 0.0
3422.0, -2.916763, 1.397756, -0.000341, 1.059536, -3.072659, 0.0
3422.0, -2.916763, 1.397756, -0.000341, 1.059536, -3.072659, 0.0
3439.0, -2.915628, 1.399509, -0.000329, 1.059536, -3.072659, 0.0
3439.0, -2.915628, 1.399509, -0.000329, 1.059536, -3.072659, 0.0
3455.0, -2.914524, 1.401253, -0.000216, 1.059536, -3.072659, 0.0
3474.0, -2.913523, 1.402987, -0.000019, 1.059536, -3.072659, 0.0
3474.0, -2.913523, 1.402987, -0.000019, 1.059536, -3.072659, 0.0
3490.0, -2.912687, 1.404708, 0.000243, 1.059536, -3.072659, 0.0
3490.0, -2.912687, 1.404708, 0.000243, 1.059536, -3.072659, 0.0
3505.0, -2.912065, 1.406416, 0.000544, 1.059536, -3.072659, 0.0
3522.0, -2.911695, 1.408112, 0.000863, 1.059536, -3.072659, 0.0
3522.0, -2.911695, 1.408112, 0.000863, 1.059536, -3.072659, 0.0
3539.0, -2.911611, 1.409806, 0.00118, 1.059536, -3.072659, 0.0
3539.0, -2.911611, 1.409806, 0.00118, 1.059536, -3.072659, 0.0
3554.0, -2.911841, 1.411509, 0.001491, 1.059536, -3.072659, 0.0
3573.0, -2.912417, 1.413234, 0.00181, 1.059536, -3.072659, 0.0
3573.0, -2.912417, 1.413234, 0.00181, 1.059536, -3.072659, 0.0
3590.0, -2.913277, 1.414987, 0.002113, 1.059536, -3.072659, 0.0
3590.0, -2.913277, 1.414987, 0.002113, 1.059536, -3.072659, 0.0
3605.0, -2.914337, 1.416757, 0.002374, 1.059536, -3.072659, 0.0
3622.0, -2.915504, 1.418531, 0.002568, 1.059536, -3.072659, 0.0
3622.0, -2.915504, 1.418531, 0.002568, 1.059536, -3.072659, 0.0
3639.0, -2.916688, 1.420294, 0.00268, 0.824827, -2.98656, 0.0
3639.0, -2.916688, 1.420294, 0.00268, 0.824827, -2.98656, 0.0
3655.0, -2.917811, 1.422036, 0.0027, 0.824827, -2.98656, 0.0
3674.0, -2.918804, 1.423748, 0.00263, 0.824827, -2.98656, 0.0
3674.0, -2.918804, 1.423748, 0.00263, 0.824827, -2.98656, 0.0
3689.0, -2.919611, 1.425419, 0.002475, 0.824827, -2.98656, 0.0
3689.0, -2.919611, 1.425419, 0.002475, 0.824827, -2.98656, 0.0
3705.0, -2.920189, 1.42704, 0.002247, 0.824827, -2.98656, 0.0
3723.0, -2.920504, 1.428608, 0.001965, 0.824827, -2.98656, 0.0
3723.0, -2.920504, 1.428608, 0.001965, 0.824827, -2.98656, 0.0
3741.0, -2.920531, 1.430126, 0.001649, 0.824827, -2.98656, 0.0
3741.0, -2.920531, 1.430126, 0.001649, 0.824827, -2.98656, 0.0
3755.0, -2.920243, 1.431603, 0.001323, 0.824827, -2.98656, 0.0
3773.0, -2.91961, 1.433054, 0.000993, 0.824827, -2.98656, 0.0
3773.0, -2.91961, 1.433054, 0.000993, 0.824827, -2.98656, 0.0
3788.0, -2.918597, 1.434487, 0.000659, 0.824827, -2.98656, 0.0
3788.0, -2.918597, 1.434487, 0.000659, 0.824827, -2.98656, 0.0
3805.0, -2.917165, 1.435902, 0.000312, 0.824827, -2.98656, 0.0
3823.0, -2.915284, 1.437291, -0.000058, 0.824827, -2.98656, 0.0
3823.0, -2.915284, 1.437291, -0.000058, 0.824827, -2.98656, 0.0
3839.0, -2.91293, 1.438643, -0.000451, 0.824827, -2.98656, 0.0
3839.0, -2.91293, 1.438643, -0.000451, 0.824827, -2.98656, 0.0
3856.0, -2.910085, 1.439944, -0.000867, 0.824827, -2.98656, 0.0
3873.0, -2.906739, 1.441185, -0.001298, 0.824827, -2.98656, 0.0
3873.0, -2.906739, 1.441185, -0.001298, 0.824827, -2.98656, 0.0
3889.0, -2.902987, 1.442366, -0.001691, 0.590119, -2.900461, 0.0
3889.0, -2.902987, 1.442366, -0.001691, 0.590119, -2.900461, 0.0
3906.0, -2.898951, 1.44349, -0.002001, 0.590119, -2.900461, 0.0
3923.0, -2.894764, 1.444561, -0.002198, 0.590119, -2.900461, 0.0
3923.0, -2.894764, 1.444561, -0.002198, 0.590119, -2.900461, 0.0
3940.0, -2.890536, 1.445589, -0.00227, 0.590119, -2.900461, 0.0
3940.0, -2.890536, 1.445589, -0.00227, 0.590119, -2.900461, 0.0
3956.0, -2.886365, 1.446582, -0.002221, 0.590119, -2.900461, 0.0
3973.0, -2.882332, 1.447546, -0.002064, 0.590119, -2.900461, 0.0
3973.0, -2.882332, 1.447546, -0.002064, 0.590119, -2.900461, 0.0
3989.0, -2.878507, 1.448485, -0.001819, 0.590119, -2.900461, 0.0
3989.0, -2.878507, 1.448485, -0.001819, 0.590119, -2.900461, 0.0
4005.0, -2.874946, 1.4494, -0.001508, 0.590119, -2.900461, 0.0
4021.0, -2.871692, 1.45029, -0.00115, 0.590119, -2.900461, 0.0
4021.0, -2.871692, 1.45029, -0.00115, 0.590119, -2.900461, 0.0
4039.0, -2.868784, 1.451156, -0.000766, 0.590119, -2.900461, 0.0
4039.0, -2.868784, 1.451156, -0.000766, 0.590119, -2.900461, 0.0
4055.0, -2.86625, 1.451996, -0.000371, 0.590119, -2.900461, 0.0
4073.0, -2.864112, 1.452808, 0.000023, 0.590119, -2.900461, 0.0
4073.0, -2.864112, 1.452808, 0.000023, 0.590119, -2.900461, 0.0
4090.0, -2.862287, 1.453593, 0.000368, 0.590119, -2.900461, 0.0
4090.0, -2.862287, 1.453593, 0.000368, 0.590119, -2.900461, 0.0
4106.0, -2.860662, 1.454359, 0.000628, 0.590119, -2.900461, 0.0
4123.0, -2.859127, 1.455116, 0.000783, 0.590119, -2.900461, 0.0
4123.0, -2.859127, 1.455116, 0.000783, 0.590119, -2.900461, 0.0
4139.0, -2.85758, 1.455873, 0.000832, 0.355388, -2.814354, 0.0
4139.0, -2.85758, 1.455873, 0.000832, 0.355388, -2.814354, 0.0
4155.0, -2.855938, 1.456638, 0.000777, 0.355388, -2.814354, 0.0
4174.0, -2.854125, 1.457414, 0.000627, 0.355388, -2.814354, 0.0
4174.0, -2.854125, 1.457414, 0.000627, 0.355388, -2.814354, 0.0
4189.0, -2.852081, 1.4582, 0.000394, 0.355388, -2.814354, 0.0
4189.0, -2.852081, 1.4582, 0.000394, 0.355388, -2.814354, 0.0
4205.0, -2.849755, 1.458989, 0.000091, 0.355388, -2.814354, 0.0
4222.0, -2.847105, 1.459774, -0.000268, 0.355388, -2.814354, 0.0
4222.0, -2.847105, 1.459774, -0.000268, 0.355388, -2.814354, 0.0
4239.0, -2.844095, 1.460548, -0.000667, 0.355388, -2.814354, 0.0
4239.0, -2.844095, 1.460548, -0.000667, 0.355388, -2.814354, 0.0
4254.0, -2.840698, 1.461303, -0.001092, 0.355388, -2.814354, 0.0
4272.0, -2.836891, 1.462035, -0.00153, 0.355388, -2.814354, 0.0
4272.0, -2.836891, 1.462035, -0.00153, 0.355388, -2.814354, 0.0
4289.0, -2.832757, 1.462744, -0.001926, 0.355388, -2.814354, 0.0
4289.0, -2.832757, 1.462744, -0.001926, 0.355388, -2.814354, 0.0
4305.0, -2.82841, 1.463434, -0.002233, 0.355388, -2.814354, 0.0
4322.0, -2.823966, 1.46411, -0.002424, 0.355388, -2.814354, 0.0
4322.0, -2.823966, 1.46411, -0.002424, 0.355388, -2.814354, 0.0
4338.0, -2.819528, 1.464777, -0.002489, 0.355388, -2.814354, 0.0
4339.0, -2.819528, 1.464777, -0.002489, 0.355388, -2.814354, 0.0
4355.0, -2.815187, 1.465439, -0.002435, 0.355388, -2.814354, 0.0
4373.0, -2.811018, 1.466101, -0.002274, 0.355388, -2.814354, 0.0
4373.0, -2.811018, 1.466101, -0.002274, 0.355388, -2.814354, 0.0
4389.0, -2.807083, 1.466765, -0.002028, 0.12068, -2.728255, 0.0
4389.0, -2.807083, 1.466765, -0.002028, 0.12068, -2.728255, 0.0
4406.0, -2.803432, 1.467431, -0.001718, 0.12068, -2.728255, 0.0
4423.0, -2.800109, 1.468099, -0.001364, 0.12068, -2.728255, 0.0
4423.0, -2.800109, 1.468099, -0.001364, 0.12068, -2.728255, 0.0
4438.0, -2.797146, 1.46877, -0.000984, 0.12068, -2.728255, 0.0
4438.0, -2.797146, 1.46877, -0.000984, 0.12068, -2.728255, 0.0
4455.0, -2.794569, 1.469441, -0.000595, 0.12068, -2.728255, 0.0
4474.0, -2.792398, 1.47011, -0.000207, 0.12068, -2.728255, 0.0
4474.0, -2.792398, 1.47011, -0.000207, 0.12068, -2.728255, 0.0
4489.0, -2.79055, 1.470772, 0.000131, 0.12068, -2.728255, 0.0
4489.0, -2.79055, 1.470772, 0.000131, 0.12068, -2.728255, 0.0
4505.0, -2.788908, 1.471425, 0.000385, 0.12068, -2.728255, 0.0
4522.0, -2.787361, 1.472074, 0.000535, 0.12068, -2.728255, 0.0
4522.0, -2.787361, 1.472074, 0.000535, 0.12068, -2.728255, 0.0
4538.0, -2.785808, 1.472719, 0.000579, 0.12068, -2.728255, 0.0
4538.0, -2.785808, 1.472719, 0.000579, 0.12068, -2.728255, 0.0
4555.0, -2.784162, 1.473362, 0.000518, 0.12068, -2.728255, 0.0
4573.0, -2.782349, 1.474003, 0.000363, 0.12068, -2.728255, 0.0
4573.0, -2.782349, 1.474003, 0.000363, 0.12068, -2.728255, 0.0
4588.0, -2.780307, 1.474634, 0.000124, 0.12068, -2.728255, 0.0
4588.0, -2.780307, 1.474634, 0.000124, 0.12068, -2.728255, 0.0
4605.0, -2.777987, 1.475244, -0.000187, 0.12068, -2.728255, 0.0
4623.0, -2.775345, 1.475824, -0.000554, 0.12068, -2.728255, 0.0
4623.0, -2.775345, 1.475824, -0.000554, 0.12068, -2.728255, 0.0
4638.0, -2.772348, 1.476362, -0.000963, -0.114028, -2.642155, 0.0
4638.0, -2.772348, 1.476362, -0.000963, -0.114028, -2.642155, 0.0
4655.0, -2.768967, 1.476849, -0.001399, -0.114028, -2.642155, 0.0
4673.0, -2.76518, 1.477277, -0.001849, -0.114028, -2.642155, 0.0
4673.0, -2.76518, 1.477277, -0.001849, -0.114028, -2.642155, 0.0
4688.0, -2.760968, 1.47764, -0.002301, -0.114028, -2.642155, 0.0
4688.0, -2.760968, 1.47764, -0.002301, -0.114028, -2.642155, 0.0
4705.0, -2.756317, 1.477934, -0.002744, -0.114028, -2.642155, 0.0
4721.0, -2.751216, 1.478156, -0.003169, -0.114028, -2.642155, 0.0
4721.0, -2.751216, 1.478156, -0.003169, -0.114028, -2.642155, 0.0
4738.0, -2.745655, 1.478303, -0.003571, -0.114028, -2.642155, 0.0
4738.0, -2.745655, 1.478303, -0.003571, -0.114028, -2.642155, 0.0
4755.0, -2.739626, 1.478373, -0.003944, -0.114028, -2.642155, 0.0
4772.0, -2.733125, 1.478367, -0.004287, -0.114028, -2.642155, 0.0
4772.0, -2.733125, 1.478367, -0.004287, -0.114028, -2.642155, 0.0
4789.0, -2.726248, 1.47829, -0.004557, -0.114028, -2.642155, 0.0
4789.0, -2.726248, 1.47829, -0.004557, -0.114028, -2.642155, 0.0
4804.0, -2.719119, 1.478155, -0.004718, -0.114028, -2.642155, 0.0
4822.0, -2.711865, 1.47797, -0.004751, -0.114028, -2.642155, 0.0
4822.0, -2.711865, 1.47797, -0.004751, -0.114028, -2.642155, 0.0
4839.0, -2.704596, 1.477745, -0.004656, -0.114028, -2.642155, 0.0
4839.0, -2.704596, 1.477745, -0.004656, -0.114028, -2.642155, 0.0
4855.0, -2.697407, 1.477487, -0.004446, -0.114028, -2.642155, 0.0
4874.0, -2.690379, 1.477205, -0.00414, -0.114028, -2.642155, 0.0
4874.0, -2.690379, 1.477205, -0.00414, -0.114028, -2.642155, 0.0
4889.0, -2.683577, 1.476898, -0.003763, -0.348737, -2.556056, 0.0
4889.0, -2.683577, 1.476898, -0.003763, -0.348737, -2.556056, 0.0
4905.0, -2.677054, 1.476566, -0.003339, -0.348737, -2.556056, 0.0
4923.0, -2.670854, 1.476208, -0.002891, -0.348737, -2.556056, 0.0
4923.0, -2.670854, 1.476208, -0.002891, -0.348737, -2.556056, 0.0
4938.0, -2.665009, 1.475822, -0.00244, -0.348737, -2.556056, 0.0
4938.0, -2.665009, 1.475822, -0.00244, -0.348737, -2.556056, 0.0
4955.0, -2.65955, 1.475408, -0.002003, -0.348737, -2.556056, 0.0
4972.0, -2.654498, 1.474965, -0.00159, -0.348737, -2.556056, 0.0
4972.0, -2.654498, 1.474965, -0.00159, -0.348737, -2.556056, 0.0
4988.0, -2.649871, 1.474495, -0.001212, -0.348737, -2.556056, 0.0
4988.0, -2.649871, 1.474495, -0.001212, -0.348737, -2.556056, 0.0
5005.0, -2.645684, 1.474, -0.000874, -0.348737, -2.556056, 0.0
5022.0, -2.641948, 1.473482, -0.000578, -0.348737, -2.556056, 0.0
5022.0, -2.641948, 1.473482, -0.000578, -0.348737, -2.556056, 0.0
5039.0, -2.638672, 1.472944, -0.000325, -0.348737, -2.556056, 0.0
5039.0, -2.638672, 1.472944, -0.000325, -0.348737, -2.556056, 0.0
5055.0, -2.635862, 1.472389, -0.000115, -0.348737, -2.556056, 0.0
5073.0, -2.633524, 1.471822, 0.000057, -0.348737, -2.556056, 0.0
5073.0, -2.633524, 1.471822, 0.000057, -0.348737, -2.556056, 0.0
5089.0, -2.631558, 1.471241, 0.000155, -0.348737, -2.556056, 0.0
5089.0, -2.631558, 1.471241, 0.000155, -0.348737, -2.556056, 0.0
5105.0, -2.629839, 1.47064, 0.000158, -0.348737, -2.556056, 0.0
5123.0, -2.628244, 1.470009, 0.000058, -0.348737, -2.556056, 0.0
5123.0, -2.628244, 1.470009, 0.000058, -0.348737, -2.556056, 0.0
5138.0, -2.626665, 1.469337, -0.000142, -0.583446, -2.469957, 0.0
5139.0, -2.626665, 1.469337, -0.000142, -0.583446, -2.469957, 0.0
5155.0, -2.625009, 1.468614, -0.000431, -0.583446, -2.469957, 0.0
5173.0, -2.623199, 1.467834, -0.000794, -0.583446, -2.469957, 0.0
5173.0, -2.623199, 1.467834, -0.000794, -0.583446, -2.469957, 0.0
5188.0, -2.621173, 1.466986, -0.001217, -0.583446, -2.469957, 0.0
5188.0, -2.621173, 1.466986, -0.001217, -0.583446, -2.469957, 0.0
5205.0, -2.618879, 1.466062, -0.001683, -0.583446, -2.469957, 0.0
5222.0, -2.616273, 1.465053, -0.002176, -0.583446, -2.469957, 0.0
5222.0, -2.616273, 1.465053, -0.002176, -0.583446, -2.469957, 0.0
5239.0, -2.613322, 1.463955, -0.002682, -0.583446, -2.469957, 0.0
5239.0, -2.613322, 1.463955, -0.002682, -0.583446, -2.469957, 0.0
5255.0, -2.609997, 1.462762, -0.003187, -0.583446, -2.469957, 0.0
5273.0, -2.606276, 1.46147, -0.00368, -0.583446, -2.469957, 0.0
5273.0, -2.606276, 1.46147, -0.00368, -0.583446, -2.469957, 0.0
5290.0, -2.602141, 1.460078, -0.004153, -0.583446, -2.469957, 0.0
5290.0, -2.602141, 1.460078, -0.004153, -0.583446, -2.469957, 0.0
5305.0, -2.597577, 1.458583, -0.004599, -0.583446, -2.469957, 0.0
5323.0, -2.592573, 1.456983, -0.005014, -0.583446, -2.469957, 0.0
5323.0, -2.592573, 1.456983, -0.005014, -0.583446, -2.469957, 0.0
5339.0, -2.587118, 1.455278, -0.005394, -0.583446, -2.469957, 0.0
5339.0, -2.587118, 1.455278, -0.005394, -0.583446, -2.469957, 0.0
5355.0, -2.581206, 1.453467, -0.005739, -0.583446, -2.469957, 0.0
5372.0, -2.574831, 1.451549, -0.006049, -0.583446, -2.469957, 0.0
5372.0, -2.574831, 1.451549, -0.006049, -0.583446, -2.469957, 0.0
5388.0, -2.568087, 1.449538, -0.006286, -0.818154, -2.383858, 0.0
5388.0, -2.568087, 1.449538, -0.006286, -0.818154, -2.383858, 0.0
5405.0, -2.561099, 1.447455, -0.006413, -0.818154, -2.383858, 0.0
5421.0, -2.553991, 1.445321, -0.006413, -0.818154, -2.383858, 0.0
5421.0, -2.553991, 1.445321, -0.006413, -0.818154, -2.383858, 0.0
5438.0, -2.546871, 1.443151, -0.006291, -0.818154, -2.383858, 0.0
5438.0, -2.546871, 1.443151, -0.006291, -0.818154, -2.383858, 0.0
5455.0, -2.539835, 1.440962, -0.006054, -0.818154, -2.383858, 0.0
5472.0, -2.532961, 1.438766, -0.005723, -0.818154, -2.383858, 0.0
5472.0, -2.532961, 1.438766, -0.005723, -0.818154, -2.383858, 0.0
5489.0, -2.526315, 1.436566, -0.005322, -0.818154, -2.383858, 0.0
5489.0, -2.526315, 1.436566, -0.005322, -0.818154, -2.383858, 0.0
5505.0, -2.519949, 1.434367, -0.004874, -0.818154, -2.383858, 0.0
5522.0, -2.513905, 1.432167, -0.004402, -0.818154, -2.383858, 0.0
5522.0, -2.513905, 1.432167, -0.004402, -0.818154, -2.383858, 0.0
5539.0, -2.508218, 1.429969, -0.003925, -0.818154, -2.383858, 0.0
5539.0, -2.508218, 1.429969, -0.003925, -0.818154, -2.383858, 0.0
5555.0, -2.502914, 1.427773, -0.003458, -0.818154, -2.383858, 0.0
5573.0, -2.498017, 1.42558, -0.003012, -0.818154, -2.383858, 0.0
5573.0, -2.498017, 1.42558, -0.003012, -0.818154, -2.383858, 0.0
5589.0, -2.493543, 1.423392, -0.002593, -0.818154, -2.383858, 0.0
5589.0, -2.493543, 1.423392, -0.002593, -0.818154, -2.383858, 0.0
5605.0, -2.489504, 1.421214, -0.002205, -0.818154, -2.383858, 0.0
5622.0, -2.485912, 1.419049, -0.001849, -0.818154, -2.383858, 0.0
5622.0, -2.485912, 1.419049, -0.001849, -0.818154, -2.383858, 0.0
5639.0, -2.482772, 1.4169, -0.00152, -1.052862, -2.297759, 0.0
5639.0, -2.482772, 1.4169, -0.00152, -1.052862, -2.297759, 0.0
5655.0, -2.480089, 1.414771, -0.001213, -1.052862, -2.297759, 0.0
5673.0, -2.477864, 1.412666, -0.000921, -1.052862, -2.297759, 0.0
5673.0, -2.477864, 1.412666, -0.000921, -1.052862, -2.297759, 0.0
5689.0, -2.475998, 1.410571, -0.000676, -1.052862, -2.297759, 0.0
5689.0, -2.475998, 1.410571, -0.000676, -1.052862, -2.297759, 0.0
5705.0, -2.474374, 1.408466, -0.000509, -1.052862, -2.297759, 0.0
5722.0, -2.472878, 1.406327, -0.000438, -1.052862, -2.297759, 0.0
5722.0, -2.472878, 1.406327, -0.000438, -1.052862, -2.297759, 0.0
5739.0, -2.47141, 1.404136, -0.000471, -1.052862, -2.297759, 0.0
5739.0, -2.47141, 1.404136, -0.000471, -1.052862, -2.297759, 0.0
5755.0, -2.469886, 1.401877, -0.000607, -1.052862, -2.297759, 0.0
5772.0, -2.46823, 1.399539, -0.000839, -1.052862, -2.297759, 0.0
5772.0, -2.46823, 1.399539, -0.000839, -1.052862, -2.297759, 0.0
5789.0, -2.466382, 1.397108, -0.001158, -1.052862, -2.297759, 0.0
5789.0, -2.466382, 1.397108, -0.001158, -1.052862, -2.297759, 0.0
5805.0, -2.464288, 1.39457, -0.00155, -1.052862, -2.297759, 0.0
5823.0, -2.461905, 1.391916, -0.002, -1.052862, -2.297759, 0.0
5823.0, -2.461905, 1.391916, -0.002, -1.052862, -2.297759, 0.0
5838.0, -2.459195, 1.389137, -0.002492, -1.052862, -2.297759, 0.0
5838.0, -2.459195, 1.389137, -0.002492, -1.052862, -2.297759, 0.0
5854.0, -2.456128, 1.386226, -0.003011, -1.052862, -2.297759, 0.0
5873.0, -2.452679, 1.383179, -0.003543, -1.052862, -2.297759, 0.0
5873.0, -2.452679, 1.383179, -0.003543, -1.052862, -2.297759, 0.0
5888.0, -2.448828, 1.379993, -0.004074, -1.28757, -2.21166, 0.0
5888.0, -2.448828, 1.379993, -0.004074, -1.28757, -2.21166, 0.0
5905.0, -2.44456, 1.376665, -0.004593, -1.28757, -2.21166, 0.0
5921.0, -2.439859, 1.373195, -0.005093, -1.28757, -2.21166, 0.0
5921.0, -2.439859, 1.373195, -0.005093, -1.28757, -2.21166, 0.0
5938.0, -2.434718, 1.36958, -0.005566, -1.28757, -2.21166, 0.0
5938.0, -2.434718, 1.36958, -0.005566, -1.28757, -2.21166, 0.0
5955.0, -2.429128, 1.36582, -0.006007, -1.28757, -2.21166, 0.0
5973.0, -2.423083, 1.361913, -0.006415, -1.28757, -2.21166, 0.0
5973.0, -2.423083, 1.361913, -0.006415, -1.28757, -2.21166, 0.0
5989.0, -2.416575, 1.357865, -0.006788, -1.28757, -2.21166, 0.0
5989.0, -2.416575, 1.357865, -0.006788, -1.28757, -2.21166, 0.0
6004.0, -2.409601, 1.353681, -0.007128, -1.28757, -2.21166, 0.0
6022.0, -2.402155, 1.349371, -0.007435, -1.28757, -2.21166, 0.0
6022.0, -2.402155, 1.349371, -0.007435, -1.28757, -2.21166, 0.0
6039.0, -2.394234, 1.34494, -0.007711, -1.28757, -2.21166, 0.0
6039.0, -2.394234, 1.34494, -0.007711, -1.28757, -2.21166, 0.0
6055.0, -2.385836, 1.340393, -0.007958, -1.28757, -2.21166, 0.0
6073.0, -2.376957, 1.335736, -0.008179, -1.28757, -2.21166, 0.0
6073.0, -2.376957, 1.335736, -0.008179, -1.28757, -2.21166, 0.0
6088.0, -2.367698, 1.33098, -0.008335, -1.28757, -2.21166, 0.0
6088.0, -2.367698, 1.33098, -0.008335, -1.28757, -2.21166, 0.0
6105.0, -2.358185, 1.326141, -0.00839, -1.28757, -2.21166, 0.0
6122.0, -2.348541, 1.321232, -0.008329, -1.28757, -2.21166, 0.0
6122.0, -2.348541, 1.321232, -0.008329, -1.28757, -2.21166, 0.0
6138.0, -2.338877, 1.316264, -0.00815, -1.522278, -2.125561, 0.0
6138.0, -2.338877, 1.316264, -0.00815, -1.522278, -2.125561, 0.0
6154.0, -2.329291, 1.311247, -0.007864, -1.522278, -2.125561, 0.0
6172.0, -2.319861, 1.306187, -0.007489, -1.522278, -2.125561, 0.0
6173.0, -2.319861, 1.306187, -0.007489, -1.522278, -2.125561, 0.0
6189.0, -2.310652, 1.301086, -0.00705, -1.522278, -2.125561, 0.0
6189.0, -2.310652, 1.301086, -0.00705, -1.522278, -2.125561, 0.0
6204.0, -2.301719, 1.295939, -0.006569, -1.522278, -2.125561, 0.0
6222.0, -2.293103, 1.290743, -0.006067, -1.522278, -2.125561, 0.0
6222.0, -2.293103, 1.290743, -0.006067, -1.522278, -2.125561, 0.0
6238.0, -2.284839, 1.285495, -0.005563, -1.522278, -2.125561, 0.0
6238.0, -2.284839, 1.285495, -0.005563, -1.522278, -2.125561, 0.0
6255.0, -2.276954, 1.280193, -0.00507, -1.522278, -2.125561, 0.0
6273.0, -2.26947, 1.274834, -0.004601, -1.522278, -2.125561, 0.0
6273.0, -2.26947, 1.274834, -0.004601, -1.522278, -2.125561, 0.0
6289.0, -2.262404, 1.269416, -0.004162, -1.522278, -2.125561, 0.0
6289.0, -2.262404, 1.269416, -0.004162, -1.522278, -2.125561, 0.0
6305.0, -2.25577, 1.263941, -0.003756, -1.522278, -2.125561, 0.0
6322.0, -2.249578, 1.258406, -0.003384, -1.522278, -2.125561, 0.0
6322.0, -2.249578, 1.258406, -0.003384, -1.522278, -2.125561, 0.0
6339.0, -2.243838, 1.252812, -0.003046, -1.522278, -2.125561, 0.0
6339.0, -2.243838, 1.252812, -0.003046, -1.522278, -2.125561, 0.0
6355.0, -2.238555, 1.247159, -0.002739, -1.522278, -2.125561, 0.0
6374.0, -2.233734, 1.241446, -0.002459, -1.522278, -2.125561, 0.0
6374.0, -2.233734, 1.241446, -0.002459, -1.522278, -2.125561, 0.0
6388.0, -2.22938, 1.23568, -0.002203, -1.756987, -2.039462, 0.0
6388.0, -2.22938, 1.23568, -0.002203, -1.756987, -2.039462, 0.0
6405.0, -2.225496, 1.229869, -0.001965, -1.756987, -2.039462, 0.0
6421.0, -2.222085, 1.224022, -0.001743, -1.756987, -2.039462, 0.0
6421.0, -2.222085, 1.224022, -0.001743, -1.756987, -2.039462, 0.0
6438.0, -2.21915, 1.218146, -0.001533, -1.756987, -2.039462, 0.0
6438.0, -2.21915, 1.218146, -0.001533, -1.756987, -2.039462, 0.0
6455.0, -2.216692, 1.212246, -0.001334, -1.756987, -2.039462, 0.0
6473.0, -2.214713, 1.206327, -0.001146, -1.756987, -2.039462, 0.0
6473.0, -2.214713, 1.206327, -0.001146, -1.756987, -2.039462, 0.0
6489.0, -2.213116, 1.200378, -0.001011, -1.756987, -2.039462, 0.0
6489.0, -2.213116, 1.200378, -0.001011, -1.756987, -2.039462, 0.0
6505.0, -2.211786, 1.194385, -0.000963, -1.756987, -2.039462, 0.0
6522.0, -2.210605, 1.188336, -0.001022, -1.756987, -2.039462, 0.0
6522.0, -2.210605, 1.188336, -0.001022, -1.756987, -2.039462, 0.0
6539.0, -2.209471, 1.182217, -0.001193, -1.756987, -2.039462, 0.0
6539.0, -2.209471, 1.182217, -0.001193, -1.756987, -2.039462, 0.0
6555.0, -2.208291, 1.17602, -0.001468, -1.756987, -2.039462, 0.0
6573.0, -2.206987, 1.169738, -0.001833, -1.756987, -2.039462, 0.0
6573.0, -2.206987, 1.169738, -0.001833, -1.756987, -2.039462, 0.0
6589.0, -2.205496, 1.163357, -0.002269, -1.756987, -2.039462, 0.0
6589.0, -2.205496, 1.163357, -0.002269, -1.756987, -2.039462, 0.0
6605.0, -2.203766, 1.156864, -0.002758, -1.756987, -2.039462, 0.0
6621.0, -2.201752, 1.150245, -0.003282, -1.756987, -2.039462, 0.0
6621.0, -2.201752, 1.150245, -0.003282, -1.756987, -2.039462, 0.0
6638.0, -2.199419, 1.143489, -0.003825, -1.991695, -1.953363, 0.0
6638.0, -2.199419, 1.143489, -0.003825, -1.991695, -1.953363, 0.0
6654.0, -2.196737, 1.136588, -0.004375, -1.991695, -1.953363, 0.0
6673.0, -2.193684, 1.129533, -0.004921, -1.991695, -1.953363, 0.0
6673.0, -2.193684, 1.129533, -0.004921, -1.991695, -1.953363, 0.0
6688.0, -2.190238, 1.122321, -0.005455, -1.991695, -1.953363, 0.0
6688.0, -2.190238, 1.122321, -0.005455, -1.991695, -1.953363, 0.0
6705.0, -2.186385, 1.114946, -0.005969, -1.991695, -1.953363, 0.0
6722.0, -2.182111, 1.107406, -0.006461, -1.991695, -1.953363, 0.0
6722.0, -2.182111, 1.107406, -0.006461, -1.991695, -1.953363, 0.0
6739.0, -2.177407, 1.099698, -0.006927, -1.991695, -1.953363, 0.0
6739.0, -2.177407, 1.099698, -0.006927, -1.991695, -1.953363, 0.0
6755.0, -2.172263, 1.09182, -0.007365, -1.991695, -1.953363, 0.0
6773.0, -2.166675, 1.083771, -0.007775, -1.991695, -1.953363, 0.0
6773.0, -2.166675, 1.083771, -0.007775, -1.991695, -1.953363, 0.0
6790.0, -2.160635, 1.075556, -0.008157, -1.991695, -1.953363, 0.0
6790.0, -2.160635, 1.075556, -0.008157, -1.991695, -1.953363, 0.0
6805.0, -2.154136, 1.067181, -0.008513, -1.991695, -1.953363, 0.0
6822.0, -2.147174, 1.058653, -0.008844, -1.991695, -1.953363, 0.0
6822.0, -2.147174, 1.058653, -0.008844, -1.991695, -1.953363, 0.0
6837.0, -2.139745, 1.049977, -0.009152, -1.991695, -1.953363, 0.0
6837.0, -2.139745, 1.049977, -0.009152, -1.991695, -1.953363, 0.0
6855.0, -2.131845, 1.04116, -0.009438, -1.991695, -1.953363, 0.0
6872.0, -2.12347, 1.032204, -0.009704, -1.991695, -1.953363, 0.0
6872.0, -2.12347, 1.032204, -0.009704, -1.991695, -1.953363, 0.0
6888.0, -2.114718, 1.023129, -0.009908, -2.226403, -1.867264, 0.0
6888.0, -2.114718, 1.023129, -0.009908, -2.226403, -1.867264, 0.0
6905.0, -2.105715, 1.013958, -0.010015, -2.226403, -1.867264, 0.0
6922.0, -2.096581, 1.00471, -0.010003, -2.226403, -1.867264, 0.0
6922.0, -2.096581, 1.00471, -0.010003, -2.226403, -1.867264, 0.0
6939.0, -2.08743, 0.995405, -0.009869, -2.226403, -1.867264, 0.0
6939.0, -2.08743, 0.995405, -0.009869, -2.226403, -1.867264, 0.0
6955.0, -2.078355, 0.986057, -0.009621, -2.226403, -1.867264, 0.0
6973.0, -2.069436, 0.976678, -0.009276, -2.226403, -1.867264, 0.0
6973.0, -2.069436, 0.976678, -0.009276, -2.226403, -1.867264, 0.0
6989.0, -2.06074, 0.967273, -0.008857, -2.226403, -1.867264, 0.0
6989.0, -2.06074, 0.967273, -0.008857, -2.226403, -1.867264, 0.0
7005.0, -2.052319, 0.95784, -0.008386, -2.226403, -1.867264, 0.0
7023.0, -2.044217, 0.948378, -0.007884, -2.226403, -1.867264, 0.0
7023.0, -2.044217, 0.948378, -0.007884, -2.226403, -1.867264, 0.0
7038.0, -2.036458, 0.938874, -0.00737, -2.226403, -1.867264, 0.0
7039.0, -2.036458, 0.938874, -0.00737, -2.226403, -1.867264, 0.0
7055.0, -2.029092, 0.929351, -0.006861, -2.226403, -1.867264, 0.0
7073.0, -2.02213, 0.919796, -0.006369, -2.226403, -1.867264, 0.0
7073.0, -2.02213, 0.919796, -0.006369, -2.226403, -1.867264, 0.0
7089.0, -2.015588, 0.910208, -0.005902, -2.226403, -1.867264, 0.0
7089.0, -2.015588, 0.910208, -0.005902, -2.226403, -1.867264, 0.0
7105.0, -2.009482, 0.900587, -0.005467, -2.226403, -1.867264, 0.0
7122.0, -2.003823, 0.890935, -0.005066, -2.226403, -1.867264, 0.0
7122.0, -2.003823, 0.890935, -0.005066, -2.226403, -1.867264, 0.0
7139.0, -1.998619, 0.881253, -0.004701, -2.461133, -1.781157, 0.0
7139.0, -1.998619, 0.881253, -0.004701, -2.461133, -1.781157, 0.0
7154.0, -1.993876, 0.871539, -0.004372, -2.461133, -1.781157, 0.0
7173.0, -1.989602, 0.861794, -0.004078, -2.461133, -1.781157, 0.0
7173.0, -1.989602, 0.861794, -0.004078, -2.461133, -1.781157, 0.0
7189.0, -1.9857, 0.852017, -0.003857, -2.461133, -1.781157, 0.0
7189.0, -1.9857, 0.852017, -0.003857, -2.461133, -1.781157, 0.0
7205.0, -1.982051, 0.842205, -0.003746, -2.461133, -1.781157, 0.0
7223.0, -1.978534, 0.832354, -0.003761, -2.461133, -1.781157, 0.0
7223.0, -1.978534, 0.832354, -0.003761, -2.461133, -1.781157, 0.0
7239.0, -1.975042, 0.822462, -0.003904, -2.461133, -1.781157, 0.0
7240.0, -1.975042, 0.822462, -0.003904, -2.461133, -1.781157, 0.0
7255.0, -1.971482, 0.812528, -0.004166, -2.461133, -1.781157, 0.0
7272.0, -1.967773, 0.802552, -0.004527, -2.461133, -1.781157, 0.0
7272.0, -1.967773, 0.802552, -0.004527, -2.461133, -1.781157, 0.0
7288.0, -1.963851, 0.792525, -0.004967, -2.461133, -1.781157, 0.0
7288.0, -1.963851, 0.792525, -0.004967, -2.461133, -1.781157, 0.0
7305.0, -1.959663, 0.78244, -0.005463, -2.461133, -1.781157, 0.0
7322.0, -1.955164, 0.772289, -0.005993, -2.461133, -1.781157, 0.0
7322.0, -1.955164, 0.772289, -0.005993, -2.461133, -1.781157, 0.0
7339.0, -1.95032, 0.762066, -0.00654, -2.461133, -1.781157, 0.0
7339.0, -1.95032, 0.762066, -0.00654, -2.461133, -1.781157, 0.0
7354.0, -1.945101, 0.751764, -0.007087, -2.461133, -1.781157, 0.0
7373.0, -1.939484, 0.741379, -0.007623, -2.461133, -1.781157, 0.0
7373.0, -1.939484, 0.741379, -0.007623, -2.461133, -1.781157, 0.0
7389.0, -1.933451, 0.730909, -0.008137, -2.695841, -1.695058, 0.0
7389.0, -1.933451, 0.730909, -0.008137, -2.695841, -1.695058, 0.0
7405.0, -1.926986, 0.720352, -0.008624, -2.695841, -1.695058, 0.0
7423.0, -1.920077, 0.709709, -0.009079, -2.695841, -1.695058, 0.0
7423.0, -1.920077, 0.709709, -0.009079, -2.695841, -1.695058, 0.0
7439.0, -1.912716, 0.698978, -0.009501, -2.695841, -1.695058, 0.0
7439.0, -1.912716, 0.698978, -0.009501, -2.695841, -1.695058, 0.0
7455.0, -1.904893, 0.688159, -0.009888, -2.695841, -1.695058, 0.0
7474.0, -1.896603, 0.677253, -0.010241, -2.695841, -1.695058, 0.0
7474.0, -1.896603, 0.677253, -0.010241, -2.695841, -1.695058, 0.0
7489.0, -1.887939, 0.666266, -0.01052, -2.695841, -1.695058, 0.0
7489.0, -1.887939, 0.666266, -0.01052, -2.695841, -1.695058, 0.0
7505.0, -1.879026, 0.655215, -0.010688, -2.695841, -1.695058, 0.0
7521.0, -1.869986, 0.644112, -0.010725, -2.695841, -1.695058, 0.0
7521.0, -1.869986, 0.644112, -0.010725, -2.695841, -1.695058, 0.0
7537.0, -1.86093, 0.632968, -0.010628, -2.695841, -1.695058, 0.0
7537.0, -1.86093, 0.632968, -0.010628, -2.695841, -1.695058, 0.0
7554.0, -1.851952, 0.621792, -0.010408, -2.695841, -1.695058, 0.0
7573.0, -1.843134, 0.610592, -0.010083, -2.695841, -1.695058, 0.0
7573.0, -1.843134, 0.610592, -0.010083, -2.695841, -1.695058, 0.0
7588.0, -1.834541, 0.599369, -0.009675, -2.695841, -1.695058, 0.0
7588.0, -1.834541, 0.599369, -0.009675, -2.695841, -1.695058, 0.0
7604.0, -1.826226, 0.588119, -0.009211, -2.695841, -1.695058, 0.0
7621.0, -1.818231, 0.576838, -0.008714, -2.695841, -1.695058, 0.0
7621.0, -1.818231, 0.576838, -0.008714, -2.695841, -1.695058, 0.0
7640.0, -1.810564, 0.565483, -0.008202, -2.930549, -1.608959, 0.0
7640.0, -1.810564, 0.565483, -0.008202, -2.930549, -1.608959, 0.0
7655.0, -1.803307, 0.55413, -0.007695, -2.930549, -1.608959, 0.0
7674.0, -1.796455, 0.542737, -0.007206, -2.930549, -1.608959, 0.0
7674.0, -1.796455, 0.542737, -0.007206, -2.930549, -1.608959, 0.0
7690.0, -1.790027, 0.531308, -0.006742, -2.930549, -1.608959, 0.0
7690.0, -1.790027, 0.531308, -0.006742, -2.930549, -1.608959, 0.0
7706.0, -1.784036, 0.51984, -0.006312, -2.930549, -1.608959, 0.0
7722.0, -1.778491, 0.508332, -0.005919, -2.930549, -1.608959, 0.0
7722.0, -1.778491, 0.508332, -0.005919, -2.930549, -1.608959, 0.0
7739.0, -1.773401, 0.496784, -0.005566, -2.930549, -1.608959, 0.0
7739.0, -1.773401, 0.496784, -0.005566, -2.930549, -1.608959, 0.0
7756.0, -1.768773, 0.485195, -0.005251, -2.930549, -1.608959, 0.0
7773.0, -1.764613, 0.473567, -0.004975, -2.930549, -1.608959, 0.0
7773.0, -1.764613, 0.473567, -0.004975, -2.930549, -1.608959, 0.0
7788.0, -1.760824, 0.461894, -0.004776, -2.930549, -1.608959, 0.0
7788.0, -1.760824, 0.461894, -0.004776, -2.930549, -1.608959, 0.0
7805.0, -1.757287, 0.450179, -0.004688, -2.930549, -1.608959, 0.0
7822.0, -1.753881, 0.438425, -0.004727, -2.930549, -1.608959, 0.0
7822.0, -1.753881, 0.438425, -0.004727, -2.930549, -1.608959, 0.0
7838.0, -1.750499, 0.426631, -0.004894, -2.930549, -1.608959, 0.0
7838.0, -1.750499, 0.426631, -0.004894, -2.930549, -1.608959, 0.0
7855.0, -1.747046, 0.414798, -0.005177, -2.930549, -1.608959, 0.0
7873.0, -1.743443, 0.402926, -0.005557, -2.930549, -1.608959, 0.0
7873.0, -1.743443, 0.402926, -0.005557, -2.930549, -1.608959, 0.0
7888.0, -1.739624, 0.39101, -0.006013, -3.165313, -1.522839, 0.0
7888.0, -1.739624, 0.39101, -0.006013, -3.165313, -1.522839, 0.0
7905.0, -1.735536, 0.379042, -0.00652, -3.165313, -1.522839, 0.0
7922.0, -1.731135, 0.367014, -0.007058, -3.165313, -1.522839, 0.0
7922.0, -1.731135, 0.367014, -0.007058, -3.165313, -1.522839, 0.0
7939.0, -1.726386, 0.354919, -0.007607, -3.165313, -1.522839, 0.0
7939.0, -1.726386, 0.354919, -0.007607, -3.165313, -1.522839, 0.0
7955.0, -1.721261, 0.342753, -0.008153, -3.165313, -1.522839, 0.0
7974.0, -1.715736, 0.330511, -0.008683, -3.165313, -1.522839, 0.0
7974.0, -1.715736, 0.330511, -0.008683, -3.165313, -1.522839, 0.0
7988.0, -1.709793, 0.318188, -0.009189, -3.165313, -1.522839, 0.0
7988.0, -1.709793, 0.318188, -0.009189, -3.165313, -1.522839, 0.0
8005.0, -1.703417, 0.305787, -0.009664, -3.165313, -1.522839, 0.0
8022.0, -1.696597, 0.293305, -0.010106, -3.165313, -1.522839, 0.0
8022.0, -1.696597, 0.293305, -0.010106, -3.165313, -1.522839, 0.0
8039.0, -1.689323, 0.280743, -0.010512, -3.165313, -1.522839, 0.0
8039.0, -1.689323, 0.280743, -0.010512, -3.165313, -1.522839, 0.0
8055.0, -1.681588, 0.2681, -0.010884, -3.165313, -1.522839, 0.0
8072.0, -1.673384, 0.255375, -0.011221, -3.165313, -1.522839, 0.0
8072.0, -1.673384, 0.255375, -0.011221, -3.165313, -1.522839, 0.0
8089.0, -1.664778, 0.242531, -0.011485, -3.165313, -1.522839, 0.0
8089.0, -1.664778, 0.242531, -0.011485, -3.165313, -1.522839, 0.0
8105.0, -1.655953, 0.229671, -0.011638, -3.165313, -1.522839, 0.0
8122.0, -1.647001, 0.216761, -0.011661, -3.165313, -1.522839, 0.0
8122.0, -1.647001, 0.216761, -0.011661, -3.165313, -1.522839, 0.0
8139.0, -1.638033, 0.203809, -0.011552, -3.400082, -1.436718, 0.0
8139.0, -1.638033, 0.203809, -0.011552, -3.400082, -1.436718, 0.0
8155.0, -1.629143, 0.190823, -0.011321, -3.400082, -1.436718, 0.0
8172.0, -1.620413, 0.17781, -0.010987, -3.400082, -1.436718, 0.0
8172.0, -1.620413, 0.17781, -0.010987, -3.400082, -1.436718, 0.0
8187.0, -1.611909, 0.164771, -0.010573, -3.400082, -1.436718, 0.0
8187.0, -1.611909, 0.164771, -0.010573, -3.400082, -1.436718, 0.0
8205.0, -1.603682, 0.151701, -0.010104, -3.400082, -1.436718, 0.0
8222.0, -1.595777, 0.138596, -0.009603, -3.400082, -1.436718, 0.0
8222.0, -1.595777, 0.138596, -0.009603, -3.400082, -1.436718, 0.0
8238.0, -1.588226, 0.125451, -0.009092, -3.400082, -1.436718, 0.0
8238.0, -1.588226, 0.125451, -0.009092, -3.400082, -1.436718, 0.0
8255.0, -1.581058, 0.112264, -0.008587, -3.400082, -1.436718, 0.0
8273.0, -1.574295, 0.099033, -0.008102, -3.400082, -1.436718, 0.0
8273.0, -1.574295, 0.099033, -0.008102, -3.400082, -1.436718, 0.0
8289.0, -1.567952, 0.085755, -0.007646, -3.400082, -1.436718, 0.0
8289.0, -1.567952, 0.085755, -0.007646, -3.400082, -1.436718, 0.0
8305.0, -1.562046, 0.07243, -0.007226, -3.400082, -1.436718, 0.0
8322.0, -1.556586, 0.059061, -0.006844, -3.400082, -1.436718, 0.0
8322.0, -1.556586, 0.059061, -0.006844, -3.400082, -1.436718, 0.0
8340.0, -1.551583, 0.045649, -0.006503, -3.400082, -1.436718, 0.0
8340.0, -1.551583, 0.045649, -0.006503, -3.400082, -1.436718, 0.0
8355.0, -1.547043, 0.032192, -0.006203, -3.400082, -1.436718, 0.0
8374.0, -1.542972, 0.018693, -0.005942, -3.400082, -1.436718, 0.0
8374.0, -1.542972, 0.018693, -0.005942, -3.400082, -1.436718, 0.0
8389.0, -1.539274, 0.005151, -0.005759, -3.63479, -1.350619, 0.0
8389.0, -1.539274, 0.005151, -0.005759, -3.63479, -1.350619, 0.0
8406.0, -1.535827, -0.008432, -0.005688, -3.63479, -1.350619, 0.0
8421.0, -1.532512, -0.022054, -0.005745, -3.63479, -1.350619, 0.0
8421.0, -1.532512, -0.022054, -0.005745, -3.63479, -1.350619, 0.0
8438.0, -1.529218, -0.035715, -0.005929, -3.63479, -1.350619, 0.0
8438.0, -1.529218, -0.035715, -0.005929, -3.63479, -1.350619, 0.0
8455.0, -1.525851, -0.049412, -0.006228, -3.63479, -1.350619, 0.0
8473.0, -1.522332, -0.063146, -0.006624, -3.63479, -1.350619, 0.0
8473.0, -1.522332, -0.063146, -0.006624, -3.63479, -1.350619, 0.0
8488.0, -1.518595, -0.076921, -0.007092, -3.63479, -1.350619, 0.0
8488.0, -1.518595, -0.076921, -0.007092, -3.63479, -1.350619, 0.0
8505.0, -1.514586, -0.090744, -0.007609, -3.63479, -1.350619, 0.0
8521.0, -1.510262, -0.104624, -0.008152, -3.63479, -1.350619, 0.0
8521.0, -1.510262, -0.104624, -0.008152, -3.63479, -1.350619, 0.0
8539.0, -1.505588, -0.118564, -0.008705, -3.63479, -1.350619, 0.0
8539.0, -1.505588, -0.118564, -0.008705, -3.63479, -1.350619, 0.0
8555.0, -1.500535, -0.132573, -0.00925, -3.63479, -1.350619, 0.0
8573.0, -1.495081, -0.146653, -0.009776, -3.63479, -1.350619, 0.0
8573.0, -1.495081, -0.146653, -0.009776, -3.63479, -1.350619, 0.0
8589.0, -1.489209, -0.160807, -0.010275, -3.63479, -1.350619, 0.0
8589.0, -1.489209, -0.160807, -0.010275, -3.63479, -1.350619, 0.0
8606.0, -1.482902, -0.175037, -0.010741, -3.63479, -1.350619, 0.0
8622.0, -1.47615, -0.189342, -0.011171, -3.63479, -1.350619, 0.0
8622.0, -1.47615, -0.189342, -0.011171, -3.63479, -1.350619, 0.0
8638.0, -1.468944, -0.203724, -0.011565, -3.869498, -1.26452, 0.0
8638.0, -1.468944, -0.203724, -0.011565, -3.869498, -1.26452, 0.0
8655.0, -1.461276, -0.218184, -0.011922, -3.869498, -1.26452, 0.0
8673.0, -1.45314, -0.23272, -0.012244, -3.869498, -1.26452, 0.0
8673.0, -1.45314, -0.23272, -0.012244, -3.869498, -1.26452, 0.0
8689.0, -1.44463, -0.247329, -0.012493, -3.869498, -1.26452, 0.0
8689.0, -1.44463, -0.247329, -0.012493, -3.869498, -1.26452, 0.0
8705.0, -1.43587, -0.261999, -0.012633, -3.869498, -1.26452, 0.0
8723.0, -1.426984, -0.276717, -0.012642, -3.869498, -1.26452, 0.0
8723.0, -1.426984, -0.276717, -0.012642, -3.869498, -1.26452, 0.0
8740.0, -1.418082, -0.291477, -0.012521, -3.869498, -1.26452, 0.0
8740.0, -1.418082, -0.291477, -0.012521, -3.869498, -1.26452, 0.0
8756.0, -1.409259, -0.30627, -0.012279, -3.869498, -1.26452, 0.0
8774.0, -1.400596, -0.321091, -0.011936, -3.869498, -1.26452, 0.0
8774.0, -1.400596, -0.321091, -0.011936, -3.869498, -1.26452, 0.0
8789.0, -1.392161, -0.335939, -0.011514, -3.869498, -1.26452, 0.0
8789.0, -1.392161, -0.335939, -0.011514, -3.869498, -1.26452, 0.0
8805.0, -1.384004, -0.350818, -0.01104, -3.869498, -1.26452, 0.0
8821.0, -1.376169, -0.365734, -0.010536, -3.869498, -1.26452, 0.0
8821.0, -1.376169, -0.365734, -0.010536, -3.869498, -1.26452, 0.0
8839.0, -1.36869, -0.380689, -0.010023, -3.869498, -1.26452, 0.0
8839.0, -1.36869, -0.380689, -0.010023, -3.869498, -1.26452, 0.0
8854.0, -1.361594, -0.395688, -0.009518, -3.869498, -1.26452, 0.0
8873.0, -1.354904, -0.410731, -0.009036, -3.869498, -1.26452, 0.0
8873.0, -1.354904, -0.410731, -0.009036, -3.869498, -1.26452, 0.0
8888.0, -1.348637, -0.425821, -0.008584, -4.104206, -1.178421, 0.0
8888.0, -1.348637, -0.425821, -0.008584, -4.104206, -1.178421, 0.0
8904.0, -1.342807, -0.440955, -0.00817, -4.104206, -1.178421, 0.0
8922.0, -1.337424, -0.456135, -0.007797, -4.104206, -1.178421, 0.0
8922.0, -1.337424, -0.456135, -0.007797, -4.104206, -1.178421, 0.0
8939.0, -1.332498, -0.471359, -0.007467, -4.104206, -1.178421, 0.0
8939.0, -1.332498, -0.471359, -0.007467, -4.104206, -1.178421, 0.0
8954.0, -1.328035, -0.486627, -0.007178, -4.104206, -1.178421, 0.0
8972.0, -1.324041, -0.50194, -0.00693, -4.104206, -1.178421, 0.0
8972.0, -1.324041, -0.50194, -0.00693, -4.104206, -1.178421, 0.0
8988.0, -1.320421, -0.517294, -0.006761, -4.104206, -1.178421, 0.0
8988.0, -1.320421, -0.517294, -0.006761, -4.104206, -1.178421, 0.0
9005.0, -1.317051, -0.532688, -0.006704, -4.104206, -1.178421, 0.0
9021.0, -1.313811, -0.548121, -0.006775, -4.104206, -1.178421, 0.0
9021.0, -1.313811, -0.548121, -0.006775, -4.104206, -1.178421, 0.0
9038.0, -1.310592, -0.563591, -0.006973, -4.104206, -1.178421, 0.0
9038.0, -1.310592, -0.563591, -0.006973, -4.104206, -1.178421, 0.0
9055.0, -1.307298, -0.579096, -0.007285, -4.104206, -1.178421, 0.0
9073.0, -1.303849, -0.594635, -0.007692, -4.104206, -1.178421, 0.0
9073.0, -1.303849, -0.594635, -0.007692, -4.104206, -1.178421, 0.0
9088.0, -1.30018, -0.610213, -0.008169, -4.104206, -1.178421, 0.0
9088.0, -1.30018, -0.610213, -0.008169, -4.104206, -1.178421, 0.0
9105.0, -1.296238, -0.625837, -0.008692, -4.104206, -1.178421, 0.0
9122.0, -1.291978, -0.641514, -0.009241, -4.104206, -1.178421, 0.0
9122.0, -1.291978, -0.641514, -0.009241, -4.104206, -1.178421, 0.0
9138.0, -1.287366, -0.65725, -0.009795, -4.338915, -1.092322, 0.0
9138.0, -1.287366, -0.65725, -0.009795, -4.338915, -1.092322, 0.0
9155.0, -1.282375, -0.673051, -0.010339, -4.338915, -1.092322, 0.0
9173.0, -1.276981, -0.688921, -0.010862, -4.338915, -1.092322, 0.0
9173.0, -1.276981, -0.688921, -0.010862, -4.338915, -1.092322, 0.0
9189.0, -1.271167, -0.704863, -0.011356, -4.338915, -1.092322, 0.0
9189.0, -1.271167, -0.704863, -0.011356, -4.338915, -1.092322, 0.0
9205.0, -1.264919, -0.720877, -0.011814, -4.338915, -1.092322, 0.0
9223.0, -1.258225, -0.736965, -0.012236, -4.338915, -1.092322, 0.0
9223.0, -1.258225, -0.736965, -0.012236, -4.338915, -1.092322, 0.0
9239.0, -1.251077, -0.753128, -0.012618, -4.338915, -1.092322, 0.0
9239.0, -1.251077, -0.753128, -0.012618, -4.338915, -1.092322, 0.0
9255.0, -1.243466, -0.769365, -0.012964, -4.338915, -1.092322, 0.0
9274.0, -1.235388, -0.785678, -0.013275, -4.338915, -1.092322, 0.0
9274.0, -1.235388, -0.785678, -0.013275, -4.338915, -1.092322, 0.0
9290.0, -1.226936, -0.802063, -0.013512, -4.338915, -1.092322, 0.0
9290.0, -1.226936, -0.802063, -0.013512, -4.338915, -1.092322, 0.0
9305.0, -1.218235, -0.818506, -0.013639, -4.338915, -1.092322, 0.0
9321.0, -1.209409, -0.834997, -0.013637, -4.338915, -1.092322, 0.0
9321.0, -1.209409, -0.834997, -0.013637, -4.338915, -1.092322, 0.0
9339.0, -1.200566, -0.851529, -0.013506, -4.338915, -1.092322, 0.0
9339.0, -1.200566, -0.851529, -0.013506, -4.338915, -1.092322, 0.0
9354.0, -1.191805, -0.868093, -0.013254, -4.338915, -1.092322, 0.0
9372.0, -1.183204, -0.884684, -0.012903, -4.338915, -1.092322, 0.0
9372.0, -1.183204, -0.884684, -0.012903, -4.338915, -1.092322, 0.0
9389.0, -1.174831, -0.901299, -0.012474, -4.573623, -1.006223, 0.0
9389.0, -1.174831, -0.901299, -0.012474, -4.573623, -1.006223, 0.0
9405.0, -1.166739, -0.917945, -0.011995, -4.573623, -1.006223, 0.0
9422.0, -1.15897, -0.934625, -0.011487, -4.573623, -1.006223, 0.0
9422.0, -1.15897, -0.934625, -0.011487, -4.573623, -1.006223, 0.0
9439.0, -1.151557, -0.951342, -0.010973, -4.573623, -1.006223, 0.0
9439.0, -1.151557, -0.951342, -0.010973, -4.573623, -1.006223, 0.0
9455.0, -1.14453, -0.9681, -0.010469, -4.573623, -1.006223, 0.0
9474.0, -1.13791, -0.984901, -0.009987, -4.573623, -1.006223, 0.0
9474.0, -1.13791, -0.984901, -0.009987, -4.573623, -1.006223, 0.0
9489.0, -1.131713, -1.001743, -0.009539, -4.573623, -1.006223, 0.0
9489.0, -1.131713, -1.001743, -0.009539, -4.573623, -1.006223, 0.0
9505.0, -1.125954, -1.018628, -0.009129, -4.573623, -1.006223, 0.0
9522.0, -1.120644, -1.035554, -0.008762, -4.573623, -1.006223, 0.0
9522.0, -1.120644, -1.035554, -0.008762, -4.573623, -1.006223, 0.0
9539.0, -1.115791, -1.052521, -0.008438, -4.573623, -1.006223, 0.0
9539.0, -1.115791, -1.052521, -0.008438, -4.573623, -1.006223, 0.0
9555.0, -1.111402, -1.069527, -0.008157, -4.573623, -1.006223, 0.0
9572.0, -1.107482, -1.086574, -0.007917, -4.573623, -1.006223, 0.0
9573.0, -1.107482, -1.086574, -0.007917, -4.573623, -1.006223, 0.0
9589.0, -1.103936, -1.103658, -0.007756, -4.573623, -1.006223, 0.0
9589.0, -1.103936, -1.103658, -0.007756, -4.573623, -1.006223, 0.0
9605.0, -1.100641, -1.120779, -0.007708, -4.573623, -1.006223, 0.0
9622.0, -1.097475, -1.137936, -0.007788, -4.573623, -1.006223, 0.0
9622.0, -1.097475, -1.137936, -0.007788, -4.573623, -1.006223, 0.0
9639.0, -1.094329, -1.155127, -0.007994, -4.808331, -0.920124, 0.0
9639.0, -1.094329, -1.155127, -0.007994, -4.808331, -0.920124, 0.0
9655.0, -1.091107, -1.172351, -0.008314, -4.808331, -0.920124, 0.0
9674.0, -1.087728, -1.189607, -0.008728, -4.808331, -0.920124, 0.0
9674.0, -1.087728, -1.189607, -0.008728, -4.808331, -0.920124, 0.0
9689.0, -1.084128, -1.206901, -0.00921, -4.808331, -0.920124, 0.0
9689.0, -1.084128, -1.206901, -0.00921, -4.808331, -0.920124, 0.0
9705.0, -1.080252, -1.22424, -0.009738, -4.808331, -0.920124, 0.0
9723.0, -1.076058, -1.241632, -0.010289, -4.808331, -0.920124, 0.0
9723.0, -1.076058, -1.241632, -0.010289, -4.808331, -0.920124, 0.0
9740.0, -1.07151, -1.259081, -0.010844, -4.808331, -0.920124, 0.0
9740.0, -1.07151, -1.259081, -0.010844, -4.808331, -0.920124, 0.0
9754.0, -1.066582, -1.276593, -0.011388, -4.808331, -0.920124, 0.0
9772.0, -1.06125, -1.294174, -0.011909, -4.808331, -0.920124, 0.0
9772.0, -1.06125, -1.294174, -0.011909, -4.808331, -0.920124, 0.0
9788.0, -1.055498, -1.311826, -0.012398, -4.808331, -0.920124, 0.0
9788.0, -1.055498, -1.311826, -0.012398, -4.808331, -0.920124, 0.0
9804.0, -1.049311, -1.329549, -0.012851, -4.808331, -0.920124, 0.0
9822.0, -1.042679, -1.347346, -0.013265, -4.808331, -0.920124, 0.0
9822.0, -1.042679, -1.347346, -0.013265, -4.808331, -0.920124, 0.0
9839.0, -1.035591, -1.365217, -0.013641, -4.808331, -0.920124, 0.0
9839.0, -1.035591, -1.365217, -0.013641, -4.808331, -0.920124, 0.0
9855.0, -1.028042, -1.383164, -0.013978, -4.808331, -0.920124, 0.0
9873.0, -1.020026, -1.401186, -0.014279, -4.808331, -0.920124, 0.0
9873.0, -1.020026, -1.401186, -0.014279, -4.808331, -0.920124, 0.0
9889.0, -1.011637, -1.419279, -0.014507, -5.043039, -0.834025, 0.0
9889.0, -1.011637, -1.419279, -0.014507, -5.043039, -0.834025, 0.0
9905.0, -1.002999, -1.437431, -0.014625, -5.043039, -0.834025, 0.0
9923.0, -0.994236, -1.45563, -0.014614, -5.043039, -0.834025, 0.0
9923.0, -0.994236, -1.45563, -0.014614, -5.043039, -0.834025, 0.0
9939.0, -0.985458, -1.473868, -0.014474, -5.043039, -0.834025, 0.0
9939.0, -0.985458, -1.473868, -0.014474, -5.043039, -0.834025, 0.0
9955.0, -0.976763, -1.492136, -0.014215, -5.043039, -0.834025, 0.0
9974.0, -0.968229, -1.510429, -0.013857, -5.043039, -0.834025, 0.0
9974.0, -0.968229, -1.510429, -0.013857, -5.043039, -0.834025, 0.0
