2.0, 0.0, 0.0, 0.002231, 2.122165, -2.120476, 0.0
2.0, 0.0, 0.0, 0.002231, 2.122165, -2.120476, 0.0
14.0, -0.00005, -0.000252, -0.004077, 2.122165, -2.120476, 0.0
30.0, 0.000001, -0.000363, -0.009547, 2.122165, -2.120476, 0.0
30.0, 0.000001, -0.000363, -0.009547, 2.122165, -2.120476, 0.0
47.0, 0.000254, -0.000257, -0.012367, 2.122165, -2.120476, 0.0
47.0, 0.000254, -0.000257, -0.012367, 2.122165, -2.120476, 0.0
64.0, 0.000783, -0.000018, -0.013635, 2.122165, -2.120476, 0.0
81.0, 0.001641, 0.000231, -0.01379, 2.122165, -2.120476, 0.0
81.0, 0.001641, 0.000231, -0.01379, 2.122165, -2.120476, 0.0
99.0, 0.00287, 0.000367, -0.013183, 2.122165, -2.120476, 0.0
99.0, 0.00287, 0.000367, -0.013183, 2.122165, -2.120476, 0.0
114.0, 0.004401, 0.000289, -0.012051, 2.122165, -2.120476, 0.0
131.0, 0.005869, -0.000002, -0.012768, 2.122165, -2.120476, 0.0
131.0, 0.005869, -0.000002, -0.012768, 2.122165, -2.120476, 0.0
147.0, 0.007416, -0.000346, -0.013922, 2.122165, -2.120476, 0.0
147.0, 0.007416, -0.000346, -0.013922, 2.122165, -2.120476, 0.0
164.0, 0.008991, -0.000687, -0.014245, 2.122404, -1.820464, 0.0
181.0, 0.010443, -0.000983, -0.013813, 2.122404, -1.820464, 0.0
181.0, 0.010443, -0.000983, -0.013813, 2.122404, -1.820464, 0.0
198.0, 0.011756, -0.001169, -0.012917, 2.122404, -1.820464, 0.0
198.0, 0.011756, -0.001169, -0.012917, 2.122404, -1.820464, 0.0
214.0, 0.012569, -0.001516, -0.011169, 2.122404, -1.820464, 0.0
231.0, 0.01322, -0.001189, -0.009851, 2.122404, -1.820464, 0.0
231.0, 0.01322, -0.001189, -0.009851, 2.122404, -1.820464, 0.0
247.0, 0.013604, -0.000674, -0.008178, 2.122404, -1.820464, 0.0
247.0, 0.013604, -0.000674, -0.008178, 2.122404, -1.820464, 0.0
263.0, 0.013722, -0.00009, -0.006817, 2.122404, -1.820464, 0.0
279.0, 0.013605, 0.000611, -0.005575, 2.122404, -1.820464, 0.0
279.0, 0.013605, 0.000611, -0.005575, 2.122404, -1.820464, 0.0
297.0, 0.013214, 0.001445, -0.004548, 2.122404, -1.820464, 0.0
297.0, 0.013214, 0.001445, -0.004548, 2.122404, -1.820464, 0.0
313.0, 0.012489, 0.00245, -0.003565, 2.122404, -1.820464, 0.0
329.0, 0.011373, 0.003644, -0.002566, 2.122404, -1.820464, 0.0
329.0, 0.011373, 0.003644, -0.002566, 2.122404, -1.820464, 0.0
347.0, 0.009822, 0.005029, -0.00154, 2.122404, -1.820464, 0.0
347.0, 0.009822, 0.005029, -0.00154, 2.122404, -1.820464, 0.0
363.0, 0.00781, 0.006597, -0.000498, 2.122404, -1.820464, 0.0
381.0, 0.005319, 0.008341, 0.000536, 2.122404, -1.820464, 0.0
381.0, 0.005319, 0.008341, 0.000536, 2.122404, -1.820464, 0.0
397.0, 0.002342, 0.010257, 0.001539, 2.122404, -1.820464, 0.0
397.0, 0.002342, 0.010257, 0.001539, 2.122404, -1.820464, 0.0
413.0, -0.001032, 0.012303, 0.002449, 2.122802, -1.320461, 0.0
431.0, -0.004681, 0.014432, 0.003212, 2.122802, -1.320461, 0.0
431.0, -0.004681, 0.014432, 0.003212, 2.122802, -1.320461, 0.0
448.0, -0.008485, 0.016596, 0.003799, 2.122802, -1.320461, 0.0
448.0, -0.008485, 0.016596, 0.003799, 2.122802, -1.320461, 0.0
464.0, -0.012337, 0.018757, 0.004201, 2.122802, -1.320461, 0.0
481.0, -0.016143, 0.020879, 0.004423, 2.122802, -1.320461, 0.0
481.0, -0.016143, 0.020879, 0.004423, 2.122802, -1.320461, 0.0
499.0, -0.019824, 0.022935, 0.004486, 2.122802, -1.320461, 0.0
499.0, -0.019824, 0.022935, 0.004486, 2.122802, -1.320461, 0.0
513.0, -0.023316, 0.024902, 0.004414, 2.122802, -1.320461, 0.0
529.0, -0.026565, 0.02676, 0.004234, 2.122802, -1.320461, 0.0
529.0, -0.026565, 0.02676, 0.004234, 2.122802, -1.320461, 0.0
546.0, -0.029528, 0.028496, 0.003972, 2.122802, -1.320461, 0.0
546.0, -0.029528, 0.028496, 0.003972, 2.122802, -1.320461, 0.0
563.0, -0.032171, 0.030096, 0.003654, 2.122802, -1.320461, 0.0
579.0, -0.034465, 0.031549, 0.0033, 2.122802, -1.320461, 0.0
579.0, -0.034465, 0.031549, 0.0033, 2.122802, -1.320461, 0.0
597.0, -0.036389, 0.032848, 0.002929, 2.122802, -1.320461, 0.0
597.0, -0.036389, 0.032848, 0.002929, 2.122802, -1.320461, 0.0
614.0, -0.037927, 0.033984, 0.002554, 2.122802, -1.320461, 0.0
631.0, -0.039069, 0.034948, 0.002185, 2.122802, -1.320461, 0.0
631.0, -0.039069, 0.034948, 0.002185, 2.122802, -1.320461, 0.0
646.0, -0.039813, 0.035728, 0.00183, 2.122802, -1.320461, 0.0
646.0, -0.039813, 0.035728, 0.00183, 2.122802, -1.320461, 0.0
663.0, -0.040175, 0.036312, 0.001502, 2.1232, -0.820455, 0.0
681.0, -0.040206, 0.036703, 0.001202, 2.1232, -0.820455, 0.0
681.0, -0.040206, 0.036703, 0.001202, 2.1232, -0.820455, 0.0
698.0, -0.039966, 0.036958, 0.000892, 2.1232, -0.820455, 0.0
698.0, -0.039966, 0.036958, 0.000892, 2.1232, -0.820455, 0.0
714.0, -0.03941, 0.037156, 0.000526, 2.1232, -0.820455, 0.0
731.0, -0.038435, 0.037301, 0.00008, 2.1232, -0.820455, 0.0
731.0, -0.038435, 0.037301, 0.00008, 2.1232, -0.820455, 0.0
748.0, -0.036971, 0.037354, -0.000457, 2.1232, -0.820455, 0.0
748.0, -0.036971, 0.037354, -0.000457, 2.1232, -0.820455, 0.0
763.0, -0.034986, 0.037276, -0.001072, 2.1232, -0.820455, 0.0
780.0, -0.032471, 0.037039, -0.001735, 2.1232, -0.820455, 0.0
780.0, -0.032471, 0.037039, -0.001735, 2.1232, -0.820455, 0.0
798.0, -0.029424, 0.036625, -0.002416, 2.1232, -0.820455, 0.0
798.0, -0.029424, 0.036625, -0.002416, 2.1232, -0.820455, 0.0
813.0, -0.025853, 0.036025, -0.003087, 2.1232, -0.820455, 0.0
830.0, -0.021763, 0.035237, -0.003728, 2.1232, -0.820455, 0.0
830.0, -0.021763, 0.035237, -0.003728, 2.1232, -0.820455, 0.0
847.0, -0.017162, 0.03426, -0.004324, 2.1232, -0.820455, 0.0
847.0, -0.017162, 0.03426, -0.004324, 2.1232, -0.820455, 0.0
863.0, -0.012056, 0.033095, -0.004865, 2.1232, -0.820455, 0.0
880.0, -0.006452, 0.031744, -0.005348, 2.1232, -0.820455, 0.0
880.0, -0.006452, 0.031744, -0.005348, 2.1232, -0.820455, 0.0
898.0, -0.000354, 0.030211, -0.005772, 2.1232, -0.820455, 0.0
898.0, -0.000354, 0.030211, -0.005772, 2.1232, -0.820455, 0.0
913.0, 0.006232, 0.028499, -0.006141, 2.123598, -0.32045, 0.0
931.0, 0.013304, 0.026611, -0.006458, 2.123598, -0.32045, 0.0
931.0, 0.013304, 0.026611, -0.006458, 2.123598, -0.32045, 0.0
948.0, 0.02086, 0.02455, -0.00673, 2.123598, -0.32045, 0.0
948.0, 0.02086, 0.02455, -0.00673, 2.123598, -0.32045, 0.0
964.0, 0.028898, 0.022318, -0.006963, 2.123598, -0.32045, 0.0
981.0, 0.037416, 0.019917, -0.007162, 2.123598, -0.32045, 0.0
981.0, 0.037416, 0.019917, -0.007162, 2.123598, -0.32045, 0.0
998.0, 0.046412, 0.01735, -0.007334, 2.123598, -0.32045, 0.0
998.0, 0.046412, 0.01735, -0.007334, 2.123598, -0.32045, 0.0
1013.0, 0.055887, 0.014619, -0.007483, 2.123598, -0.32045, 0.0
1030.0, 0.065839, 0.011727, -0.007614, 2.123598, -0.32045, 0.0
1030.0, 0.065839, 0.011727, -0.007614, 2.123598, -0.32045, 0.0
1047.0, 0.076268, 0.008674, -0.007732, 2.123598, -0.32045, 0.0
1047.0, 0.076268, 0.008674, -0.007732, 2.123598, -0.32045, 0.0
1063.0, 0.087174, 0.005464, -0.007839, 2.123598, -0.32045, 0.0
1080.0, 0.098556, 0.002098, -0.007939, 2.123598, -0.32045, 0.0
1080.0, 0.098556, 0.002098, -0.007939, 2.123598, -0.32045, 0.0
1098.0, 0.110415, -0.001423, -0.008034, 2.123598, -0.32045, 0.0
1098.0, 0.110415, -0.001423, -0.008034, 2.123598, -0.32045, 0.0
1113.0, 0.122751, -0.005096, -0.008126, 2.123598, -0.32045, 0.0
1130.0, 0.135564, -0.008921, -0.008216, 2.123598, -0.32045, 0.0
1130.0, 0.135564, -0.008921, -0.008216, 2.123598, -0.32045, 0.0
1147.0, 0.148855, -0.012894, -0.008305, 2.123598, -0.32045, 0.0
1147.0, 0.148855, -0.012894, -0.008305, 2.123598, -0.32045, 0.0
1163.0, 0.162624, -0.017015, -0.008393, 2.123996, 0.179554, 0.0
1181.0, 0.17687, -0.021282, -0.008482, 2.123996, 0.179554, 0.0
1181.0, 0.17687, -0.021282, -0.008482, 2.123996, 0.179554, 0.0
1197.0, 0.191596, -0.025694, -0.008571, 2.123996, 0.179554, 0.0
1197.0, 0.191596, -0.025694, -0.008571, 2.123996, 0.179554, 0.0
1212.0, 0.2068, -0.03025, -0.008661, 2.123996, 0.179554, 0.0
1230.0, 0.222484, -0.034947, -0.008751, 2.123996, 0.179554, 0.0
1230.0, 0.222484, -0.034947, -0.008751, 2.123996, 0.179554, 0.0
1247.0, 0.238648, -0.039785, -0.008842, 2.123996, 0.179554, 0.0
1247.0, 0.238648, -0.039785, -0.008842, 2.123996, 0.179554, 0.0
1262.0, 0.255292, -0.044761, -0.008933, 2.123996, 0.179554, 0.0
1280.0, 0.272417, -0.049875, -0.009025, 2.123996, 0.179554, 0.0
1280.0, 0.272417, -0.049875, -0.009025, 2.123996, 0.179554, 0.0
1297.0, 0.290022, -0.055125, -0.009116, 2.123996, 0.179554, 0.0
1297.0, 0.290022, -0.055125, -0.009116, 2.123996, 0.179554, 0.0
1313.0, 0.308109, -0.060511, -0.009208, 2.123996, 0.179554, 0.0
1330.0, 0.326677, -0.06603, -0.009299, 2.123996, 0.179554, 0.0
1330.0, 0.326677, -0.06603, -0.009299, 2.123996, 0.179554, 0.0
1347.0, 0.345728, -0.071682, -0.00939, 2.123996, 0.179554, 0.0
1347.0, 0.345728, -0.071682, -0.00939, 2.123996, 0.179554, 0.0
1363.0, 0.365261, -0.077464, -0.009481, 2.123996, 0.179554, 0.0
1380.0, 0.385276, -0.083377, -0.009572, 2.123996, 0.179554, 0.0
1380.0, 0.385276, -0.083377, -0.009572, 2.123996, 0.179554, 0.0
1397.0, 0.405775, -0.089419, -0.009661, 2.123996, 0.179554, 0.0
1397.0, 0.405775, -0.089419, -0.009661, 2.123996, 0.179554, 0.0
1413.0, 0.426761, -0.09559, -0.009752, 2.124395, 0.679559, 0.0
1430.0, 0.448232, -0.101888, -0.009843, 2.124395, 0.679559, 0.0
1430.0, 0.448232, -0.101888, -0.009843, 2.124395, 0.679559, 0.0
1447.0, 0.470187, -0.108311, -0.009931, 2.124395, 0.679559, 0.0
1447.0, 0.470187, -0.108311, -0.009931, 2.124395, 0.679559, 0.0
1463.0, 0.492625, -0.114858, -0.010018, 2.124395, 0.679559, 0.0
1481.0, 0.515548, -0.121528, -0.010104, 2.124395, 0.679559, 0.0
1481.0, 0.515548, -0.121528, -0.010104, 2.124395, 0.679559, 0.0
1498.0, 0.538955, -0.12832, -0.010189, 2.124395, 0.679559, 0.0
1498.0, 0.538955, -0.12832, -0.010189, 2.124395, 0.679559, 0.0
1512.0, 0.562841, -0.135232, -0.010272, 2.124395, 0.679559, 0.0
1529.0, 0.587211, -0.142264, -0.010354, 2.124395, 0.679559, 0.0
1529.0, 0.587211, -0.142264, -0.010354, 2.124395, 0.679559, 0.0
1546.0, 0.612066, -0.149415, -0.010436, 2.124395, 0.679559, 0.0
1546.0, 0.612066, -0.149415, -0.010436, 2.124395, 0.679559, 0.0
1562.0, 0.637407, -0.156684, -0.010518, 2.124395, 0.679559, 0.0
1579.0, 0.663234, -0.164071, -0.0106, 2.124395, 0.679559, 0.0
1579.0, 0.663234, -0.164071, -0.0106, 2.124395, 0.679559, 0.0
1598.0, 0.689548, -0.171574, -0.010682, 2.124395, 0.679559, 0.0
1598.0, 0.689548, -0.171574, -0.010682, 2.124395, 0.679559, 0.0
1613.0, 0.716349, -0.179193, -0.010764, 2.124395, 0.679559, 0.0
1630.0, 0.743636, -0.186927, -0.010845, 2.124395, 0.679559, 0.0
1630.0, 0.743636, -0.186927, -0.010845, 2.124395, 0.679559, 0.0
1647.0, 0.771411, -0.194775, -0.010926, 2.124395, 0.679559, 0.0
1647.0, 0.771411, -0.194775, -0.010926, 2.124395, 0.679559, 0.0
1663.0, 0.799673, -0.202736, -0.011006, 2.124793, 1.179562, 0.0
1681.0, 0.828422, -0.210809, -0.011086, 2.124793, 1.179562, 0.0
1681.0, 0.828422, -0.210809, -0.011086, 2.124793, 1.179562, 0.0
1699.0, 0.857659, -0.218995, -0.011165, 2.124793, 1.179562, 0.0
1699.0, 0.857659, -0.218995, -0.011165, 2.124793, 1.179562, 0.0
1713.0, 0.887383, -0.227292, -0.011243, 2.124793, 1.179562, 0.0
1731.0, 0.917595, -0.235699, -0.011321, 2.124793, 1.179562, 0.0
1731.0, 0.917595, -0.235699, -0.011321, 2.124793, 1.179562, 0.0
1746.0, 0.948294, -0.244216, -0.011398, 2.124793, 1.179562, 0.0
1746.0, 0.948294, -0.244216, -0.011398, 2.124793, 1.179562, 0.0
1763.0, 0.979482, -0.252843, -0.011474, 2.124793, 1.179562, 0.0
1779.0, 1.011158, -0.261578, -0.01155, 2.124793, 1.179562, 0.0
1779.0, 1.011158, -0.261578, -0.01155, 2.124793, 1.179562, 0.0
1797.0, 1.043321, -0.270423, -0.011625, 2.124793, 1.179562, 0.0
1797.0, 1.043321, -0.270423, -0.011625, 2.124793, 1.179562, 0.0
1812.0, 1.075973, -0.279375, -0.0117, 2.124793, 1.179562, 0.0
1830.0, 1.109113, -0.288436, -0.011774, 2.124793, 1.179562, 0.0
1830.0, 1.109113, -0.288436, -0.011774, 2.124793, 1.179562, 0.0
1847.0, 1.142742, -0.297603, -0.011848, 2.124793, 1.179562, 0.0
1847.0, 1.142742, -0.297603, -0.011848, 2.124793, 1.179562, 0.0
1863.0, 1.176859, -0.306878, -0.011922, 2.124793, 1.179562, 0.0
1879.0, 1.211464, -0.31626, -0.011996, 2.124793, 1.179562, 0.0
1879.0, 1.211464, -0.31626, -0.011996, 2.124793, 1.179562, 0.0
1898.0, 1.246557, -0.325749, -0.012069, 2.124793, 1.179562, 0.0
1898.0, 1.246557, -0.325749, -0.012069, 2.124793, 1.179562, 0.0
1913.0, 1.28214, -0.335345, -0.012142, 2.125191, 1.679567, 0.0
1933.0, 1.323327, -0.346424, -0.012227, 2.125191, 1.679567, 0.0
1933.0, 1.323327, -0.346424, -0.012227, 2.125191, 1.679567, 0.0
1949.0, 1.359925, -0.356241, -0.012337, 2.125191, 1.679567, 0.0
1949.0, 1.359925, -0.356241, -0.012337, 2.125191, 1.679567, 0.0
1968.0, 1.397087, -0.366183, -0.012445, 2.125191, 1.679567, 0.0
1968.0, 1.397087, -0.366183, -0.012445, 2.125191, 1.679567, 0.0
1982.0, 1.434709, -0.376223, -0.012542, 2.125191, 1.679567, 0.0
2000.0, 1.472824, -0.38637, -0.012628, 2.125191, 1.679567, 0.0
2000.0, 1.472824, -0.38637, -0.012628, 2.125191, 1.679567, 0.0
2015.0, 1.510875, -0.396476, -0.012479, 2.125191, 1.679567, 0.0
2015.0, 1.510875, -0.396476, -0.012479, 2.125191, 1.679567, 0.0
2032.0, 1.549235, -0.406647, -0.012349, 2.125191, 1.679567, 0.0
2049.0, 1.588081, -0.416932, -0.012311, 2.125191, 1.679567, 0.0
2049.0, 1.588081, -0.416932, -0.012311, 2.125191, 1.679567, 0.0
2067.0, 1.629473, -0.427875, -0.01237, 2.125191, 1.679567, 0.0
2068.0, 1.629473, -0.427875, -0.01237, 2.125191, 1.679567, 0.0
2083.0, 1.669454, -0.438425, -0.012511, 2.125191, 1.679567, 0.0
2102.0, 1.710015, -0.449106, -0.012698, 2.125191, 1.679567, 0.0
2102.0, 1.710015, -0.449106, -0.012698, 2.125191, 1.679567, 0.0
2117.0, 1.751532, -0.460016, -0.01306, 2.125191, 1.679567, 0.0
2117.0, 1.751532, -0.460016, -0.01306, 2.125191, 1.679567, 0.0
2133.0, 1.793715, -0.471074, -0.013405, 2.125191, 1.679567, 0.0
2152.0, 1.836938, -0.482378, -0.013677, 2.125191, 1.679567, 0.0
2152.0, 1.836938, -0.482378, -0.013677, 2.125191, 1.679567, 0.0
2171.0, 1.881186, -0.493926, -0.013869, 2.125595, 2.186479, 0.0
2171.0, 1.881186, -0.493926, -0.013869, 2.125595, 2.186479, 0.0
2184.0, 1.925121, -0.505375, -0.013992, 2.125595, 2.186479, 0.0
2202.0, 1.969273, -0.516866, -0.014062, 2.125595, 2.186479, 0.0
2202.0, 1.969273, -0.516866, -0.014062, 2.125595, 2.186479, 0.0
2220.0, 2.014116, -0.52853, -0.014113, 2.125595, 2.186479, 0.0
2220.0, 2.014116, -0.52853, -0.014113, 2.125595, 2.186479, 0.0
2233.0, 2.059245, -0.540263, -0.014139, 2.125595, 2.186479, 0.0
2251.0, 2.104838, -0.552114, -0.014148, 2.125595, 2.186479, 0.0
2251.0, 2.104838, -0.552114, -0.014148, 2.125595, 2.186479, 0.0
2267.0, 2.152264, -0.564443, -0.014146, 2.125595, 2.186479, 0.0
2267.0, 2.152264, -0.564443, -0.014146, 2.125595, 2.186479, 0.0
2288.0, 2.202993, -0.577631, -0.014153, 2.125595, 2.186479, 0.0
2288.0, 2.202993, -0.577631, -0.014153, 2.125595, 2.186479, 0.0
2302.0, 2.255292, -0.591246, -0.016287, 2.125595, 2.186479, 0.0
2319.0, 2.310928, -0.605671, -0.018166, 2.125595, 2.186479, 0.0
2319.0, 2.310928, -0.605671, -0.018166, 2.125595, 2.186479, 0.0
2335.0, 2.365377, -0.619732, -0.018992, 2.125595, 2.186479, 0.0
2335.0, 2.365377, -0.619732, -0.018992, 2.125595, 2.186479, 0.0
2356.0, 2.424446, -0.634993, -0.018803, 2.125595, 2.186479, 0.0
2371.0, 2.477804, -0.64887, -0.017873, 2.125595, 2.186479, 0.0
2371.0, 2.477804, -0.64887, -0.017873, 2.125595, 2.186479, 0.0
2389.0, 2.530516, -0.662725, -0.016489, 2.125595, 2.186479, 0.0
2389.0, 2.530516, -0.662725, -0.016489, 2.125595, 2.186479, 0.0
2403.0, 2.577367, -0.675158, -0.012836, 2.125973, 2.662322, 0.0
2422.0, 2.622206, -0.687237, -0.009448, 2.125973, 2.662322, 0.0
2422.0, 2.622206, -0.687237, -0.009448, 2.125973, 2.662322, 0.0
2441.0, 2.671392, -0.700681, -0.006806, 2.125973, 2.662322, 0.0
2441.0, 2.671392, -0.700681, -0.006806, 2.125973, 2.662322, 0.0
2460.0, 2.716844, -0.713234, -0.005477, 2.125973, 2.662322, 0.0
2460.0, 2.716844, -0.713234, -0.005477, 2.125973, 2.662322, 0.0
2473.0, 2.761804, -0.725706, -0.005024, 2.125973, 2.662322, 0.0
2492.0, 2.807098, -0.738263, -0.005155, 2.125973, 2.662322, 0.0
2492.0, 2.807098, -0.738263, -0.005155, 2.125973, 2.662322, 0.0
2507.0, 2.852611, -0.750829, -0.005625, 2.125973, 2.662322, 0.0
2507.0, 2.852611, -0.750829, -0.005625, 2.125973, 2.662322, 0.0
2522.0, 2.89827, -0.763359, -0.006266, 2.125973, 2.662322, 0.0
2539.0, 2.943991, -0.775819, -0.006952, 2.125973, 2.662322, 0.0
2539.0, 2.943991, -0.775819, -0.006952, 2.125973, 2.662322, 0.0
2557.0, 2.98969, -0.788186, -0.007596, 2.125973, 2.662322, 0.0
2557.0, 2.98969, -0.788186, -0.007596, 2.125973, 2.662322, 0.0
2573.0, 3.035291, -0.800445, -0.008144, 2.125973, 2.662322, 0.0
2591.0, 3.080729, -0.81259, -0.008569, 2.125973, 2.662322, 0.0
2591.0, 3.080729, -0.81259, -0.008569, 2.125973, 2.662322, 0.0
2607.0, 3.126537, -0.824776, -0.009103, 2.125973, 2.662322, 0.0
2607.0, 3.126537, -0.824776, -0.009103, 2.125973, 2.662322, 0.0
2623.0, 3.172236, -0.836876, -0.00948, 2.125973, 2.662322, 0.0
2640.0, 3.217607, -0.848842, -0.009637, 2.125973, 2.662322, 0.0
2640.0, 3.217607, -0.848842, -0.009637, 2.125973, 2.662322, 0.0
2657.0, 3.262553, -0.860658, -0.009593, 2.126375, 3.166572, 0.0
2657.0, 3.262553, -0.860658, -0.009593, 2.126375, 3.166572, 0.0
2673.0, 3.307029, -0.872323, -0.009393, 2.126375, 3.166572, 0.0
2695.0, 3.3541, -0.884647, -0.009066, 2.126375, 3.166572, 0.0
2695.0, 3.3541, -0.884647, -0.009066, 2.126375, 3.166572, 0.0
2708.0, 3.39724, -0.895923, -0.008563, 2.126375, 3.166572, 0.0
2708.0, 3.39724, -0.895923, -0.008563, 2.126375, 3.166572, 0.0
2726.0, 3.444682, -0.908309, -0.00799, 2.126375, 3.166572, 0.0
2726.0, 3.444682, -0.908309, -0.00799, 2.126375, 3.166572, 0.0
2742.0, 3.486699, -0.919264, -0.007528, 2.126375, 3.166572, 0.0
2760.0, 3.528262, -0.930082, -0.007137, 2.126375, 3.166572, 0.0
2760.0, 3.528262, -0.930082, -0.007137, 2.126375, 3.166572, 0.0
2776.0, 3.569386, -0.940761, -0.006815, 2.126375, 3.166572, 0.0
2776.0, 3.569386, -0.940761, -0.006815, 2.126375, 3.166572, 0.0
2794.0, 3.610073, -0.951296, -0.006554, 2.126375, 3.166572, 0.0
2810.0, 3.650143, -0.961636, -0.006266, 2.126375, 3.166572, 0.0
2810.0, 3.650143, -0.961636, -0.006266, 2.126375, 3.166572, 0.0
2829.0, 3.693794, -0.972859, -0.006, 2.126375, 3.166572, 0.0
2830.0, 3.693794, -0.972859, -0.006, 2.126375, 3.166572, 0.0
2845.0, 3.732895, -0.98287, -0.005815, 2.126375, 3.166572, 0.0
2864.0, 3.772585, -0.992989, -0.005674, 2.126375, 3.166572, 0.0
2864.0, 3.772585, -0.992989, -0.005674, 2.126375, 3.166572, 0.0
2879.0, 3.810822, -1.002694, -0.005572, 2.126375, 3.166572, 0.0
2879.0, 3.810822, -1.002694, -0.005572, 2.126375, 3.166572, 0.0
2897.0, 3.848629, -1.012245, -0.005493, 2.126375, 3.166572, 0.0
2897.0, 3.848629, -1.012245, -0.005493, 2.126375, 3.166572, 0.0
2912.0, 3.885946, -1.021628, -0.005403, 2.126782, 3.677126, 0.0
2930.0, 3.922809, -1.030853, -0.00532, 2.126782, 3.677126, 0.0
2930.0, 3.922809, -1.030853, -0.00532, 2.126782, 3.677126, 0.0
2947.0, 3.959228, -1.039927, -0.005245, 2.126782, 3.677126, 0.0
2947.0, 3.959228, -1.039927, -0.005245, 2.126782, 3.677126, 0.0
2961.0, 3.995203, -1.04885, -0.005174, 2.126782, 3.677126, 0.0
2978.0, 4.030733, -1.057623, -0.005104, 2.126782, 3.677126, 0.0
2978.0, 4.030733, -1.057623, -0.005104, 2.126782, 3.677126, 0.0
2998.0, 4.065813, -1.066246, -0.00503, 2.126782, 3.677126, 0.0
2998.0, 4.065813, -1.066246, -0.00503, 2.126782, 3.677126, 0.0
3011.0, 4.101008, -1.074865, -0.005188, 2.126782, 3.677126, 0.0
3029.0, 4.138242, -1.083952, -0.005407, 2.126782, 3.677126, 0.0
3029.0, 4.138242, -1.083952, -0.005407, 2.126782, 3.677126, 0.0
3051.0, 4.173194, -1.092454, -0.00563, 2.126782, 3.677126, 0.0
3051.0, 4.173194, -1.092454, -0.00563, 2.126782, 3.677126, 0.0
3063.0, 4.208063, -1.100915, -0.00587, 2.126782, 3.677126, 0.0
3080.0, 4.242936, -1.109362, -0.00614, 2.126782, 3.677126, 0.0
3080.0, 4.242936, -1.109362, -0.00614, 2.126782, 3.677126, 0.0
3097.0, 4.27789, -1.117819, -0.00645, 2.126782, 3.677126, 0.0
3097.0, 4.27789, -1.117819, -0.00645, 2.126782, 3.677126, 0.0
3114.0, 4.312764, -1.126251, -0.006705, 2.126782, 3.677126, 0.0
3137.0, 4.347786, -1.134717, -0.007007, 2.126782, 3.677126, 0.0
3138.0, 4.347786, -1.134717, -0.007007, 2.126782, 3.677126, 0.0
3162.0, 4.395007, -1.146136, -0.007507, 2.126782, 3.677126, 0.0
3162.0, 4.395007, -1.146136, -0.007507, 2.126782, 3.677126, 0.0
3209.0, 4.465876, -1.163282, -0.008532, 2.127191, 4.190585, 0.0
3209.0, 4.465876, -1.163282, -0.008532, 2.127191, 4.190585, 0.0
3210.0, 4.465876, -1.163282, -0.008532, 2.127191, 4.190585, 0.0
3210.0, 4.465876, -1.163282, -0.008532, 2.127191, 4.190585, 0.0
3242.0, 4.544312, -1.182277, -0.01257, 2.127191, 4.190585, 0.0
3243.0, 4.544312, -1.182277, -0.01257, 2.127191, 4.190585, 0.0
3243.0, 4.544312, -1.182277, -0.01257, 2.127191, 4.190585, 0.0
3243.0, 4.544312, -1.182277, -0.01257, 2.127191, 4.190585, 0.0
3279.0, 4.628613, -1.202557, -0.017482, 2.127191, 4.190585, 0.0
3279.0, 4.628613, -1.202557, -0.017482, 2.127191, 4.190585, 0.0
3279.0, 4.628613, -1.202557, -0.017482, 2.127191, 4.190585, 0.0
3279.0, 4.628613, -1.202557, -0.017482, 2.127191, 4.190585, 0.0
3306.0, 4.716708, -1.223557, -0.021615, 2.127191, 4.190585, 0.0
3306.0, 4.716708, -1.223557, -0.021615, 2.127191, 4.190585, 0.0
3306.0, 4.716708, -1.223557, -0.021615, 2.127191, 4.190585, 0.0
3306.0, 4.716708, -1.223557, -0.021615, 2.127191, 4.190585, 0.0
3322.0, 4.757045, -1.233078, -0.020997, 2.127191, 4.190585, 0.0
3339.0, 4.795945, -1.24226, -0.01947, 2.127191, 4.190585, 0.0
3339.0, 4.795945, -1.24226, -0.01947, 2.127191, 4.190585, 0.0
3364.0, 4.836458, -1.251885, -0.017669, 2.127191, 4.190585, 0.0
3364.0, 4.836458, -1.251885, -0.017669, 2.127191, 4.190585, 0.0
3388.0, 4.904031, -1.268087, -0.014893, 2.127191, 4.190585, 0.0
3388.0, 4.904031, -1.268087, -0.014893, 2.127191, 4.190585, 0.0
3388.0, 4.904031, -1.268087, -0.014893, 2.127191, 4.190585, 0.0
3403.0, 4.952354, -1.27985, -0.017726, 2.127564, 4.660158, 0.0
3424.0, 5.00332, -1.29221, -0.019964, 2.127564, 4.660158, 0.0
3424.0, 5.00332, -1.29221, -0.019964, 2.127564, 4.660158, 0.0
3453.0, 5.101414, -1.31583, -0.020743, 2.127564, 4.660158, 0.0
3453.0, 5.101414, -1.31583, -0.020743, 2.127564, 4.660158, 0.0
3453.0, 5.101414, -1.31583, -0.020743, 2.127564, 4.660158, 0.0
3477.0, 5.14751, -1.326889, -0.018697, 2.127564, 4.660158, 0.0
3477.0, 5.14751, -1.326889, -0.018697, 2.127564, 4.660158, 0.0
3525.0, 5.233719, -1.347633, -0.012061, 2.127564, 4.660158, 0.0
3525.0, 5.233719, -1.347633, -0.012061, 2.127564, 4.660158, 0.0
3525.0, 5.233719, -1.347633, -0.012061, 2.127564, 4.660158, 0.0
3525.0, 5.233719, -1.347633, -0.012061, 2.127564, 4.660158, 0.0
3551.0, 5.299131, -1.363368, 0.000861, 2.127564, 4.660158, 0.0
3551.0, 5.299131, -1.363368, 0.000861, 2.127564, 4.660158, 0.0
3551.0, 5.299131, -1.363368, 0.000861, 2.127564, 4.660158, 0.0
3551.0, 5.299131, -1.363368, 0.000861, 2.127564, 4.660158, 0.0
3567.0, 5.328986, -1.370691, 0.005761, 2.127564, 4.660158, 0.0
3567.0, 5.328986, -1.370691, 0.005761, 2.127564, 4.660158, 0.0
3588.0, 5.359825, -1.37836, 0.009031, 2.127564, 4.660158, 0.0
3588.0, 5.359825, -1.37836, 0.009031, 2.127564, 4.660158, 0.0
3605.0, 5.401674, -1.388886, 0.004595, 2.127564, 4.660158, 0.0
3618.0, 5.447194, -1.400095, -0.000718, 2.127564, 4.660158, 0.0
3619.0, 5.447194, -1.400095, -0.000718, 2.127564, 4.660158, 0.0
3639.0, 5.496032, -1.411747, -0.00494, 2.127564, 4.660158, 0.0
3639.0, 5.496032, -1.411747, -0.00494, 2.127564, 4.660158, 0.0
3658.0, 5.539705, -1.42185, -0.007003, 2.127963, 5.160217, 0.0
3693.0, 5.622918, -1.440703, -0.008199, 2.127963, 5.160217, 0.0
3693.0, 5.622918, -1.440703, -0.008199, 2.127963, 5.160217, 0.0
3693.0, 5.622918, -1.440703, -0.008199, 2.127963, 5.160217, 0.0
3693.0, 5.622918, -1.440703, -0.008199, 2.127963, 5.160217, 0.0
3727.0, 5.687369, -1.45509, -0.00147, 2.127963, 5.160217, 0.0
3728.0, 5.687369, -1.45509, -0.00147, 2.127963, 5.160217, 0.0
3728.0, 5.687369, -1.45509, -0.00147, 2.127963, 5.160217, 0.0
3745.0, 5.726076, -1.463785, 0.002338, 2.127963, 5.160217, 0.0
3745.0, 5.726076, -1.463785, 0.002338, 2.127963, 5.160217, 0.0
3745.0, 5.726076, -1.463785, 0.002338, 2.127963, 5.160217, 0.0
3768.0, 5.756382, -1.470659, 0.004124, 2.127963, 5.160217, 0.0
3806.0, 5.813937, -1.483771, 0.005214, 2.127963, 5.160217, 0.0
3806.0, 5.813937, -1.483771, 0.005214, 2.127963, 5.160217, 0.0
3806.0, 5.813937, -1.483771, 0.005214, 2.127963, 5.160217, 0.0
3806.0, 5.813937, -1.483771, 0.005214, 2.127963, 5.160217, 0.0
3816.0, 5.842497, -1.490251, 0.005058, 2.127963, 5.160217, 0.0
3816.0, 5.842497, -1.490251, 0.005058, 2.127963, 5.160217, 0.0
3833.0, 5.871431, -1.496787, 0.004324, 2.127963, 5.160217, 0.0
3849.0, 5.900938, -1.503415, 0.003074, 2.127963, 5.160217, 0.0
3849.0, 5.900938, -1.503415, 0.003074, 2.127963, 5.160217, 0.0
3868.0, 5.931083, -1.510141, 0.001472, 2.127963, 5.160217, 0.0
3868.0, 5.931083, -1.510141, 0.001472, 2.127963, 5.160217, 0.0
3883.0, 5.961893, -1.516965, -0.0003, 2.127963, 5.160217, 0.0
3904.0, 5.993367, -1.523885, -0.002108, 2.127963, 5.160217, 0.0
3904.0, 5.993367, -1.523885, -0.002108, 2.127963, 5.160217, 0.0
3934.0, 6.062366, -1.538963, -0.007799, 2.128382, 5.687035, 0.0
3934.0, 6.062366, -1.538963, -0.007799, 2.128382, 5.687035, 0.0
3934.0, 6.062366, -1.538963, -0.007799, 2.128382, 5.687035, 0.0
3951.0, 6.098926, -1.546841, -0.010569, 2.128382, 5.687035, 0.0
3951.0, 6.098926, -1.546841, -0.010569, 2.128382, 5.687035, 0.0
3976.0, 6.156344, -1.559095, -0.013592, 2.128382, 5.687035, 0.0
3976.0, 6.156344, -1.559095, -0.013592, 2.128382, 5.687035, 0.0
3976.0, 6.156344, -1.559095, -0.013592, 2.128382, 5.687035, 0.0
4002.0, 6.194245, -1.56715, -0.01485, 2.128382, 5.687035, 0.0
4011.0, 6.235378, -1.575903, -0.016163, 2.128382, 5.687035, 0.0
4011.0, 6.235378, -1.575903, -0.016163, 2.128382, 5.687035, 0.0
4026.0, 6.276016, -1.584583, -0.016817, 2.128382, 5.687035, 0.0
4026.0, 6.276016, -1.584583, -0.016817, 2.128382, 5.687035, 0.0
4043.0, 6.316803, -1.593352, -0.016796, 2.128382, 5.687035, 0.0
4060.0, 6.357563, -1.602199, -0.016255, 2.128382, 5.687035, 0.0
4060.0, 6.357563, -1.602199, -0.016255, 2.128382, 5.687035, 0.0
4076.0, 6.398276, -1.611137, -0.015391, 2.128382, 5.687035, 0.0
4076.0, 6.398276, -1.611137, -0.015391, 2.128382, 5.687035, 0.0
4104.0, 6.438989, -1.620186, -0.014382, 2.128382, 5.687035, 0.0
4136.0, 6.516075, -1.637493, -0.010854, 2.128382, 5.687035, 0.0
4136.0, 6.516075, -1.637493, -0.010854, 2.128382, 5.687035, 0.0
4136.0, 6.516075, -1.637493, -0.010854, 2.128382, 5.687035, 0.0
4136.0, 6.516075, -1.637493, -0.010854, 2.128382, 5.687035, 0.0
4136.0, 6.516075, -1.637493, -0.010854, 2.128382, 5.687035, 0.0
4152.0, 6.556281, -1.64663, -0.01027, 2.128758, 6.158686, 0.0
4169.0, 6.596984, -1.655929, -0.009886, 2.128758, 6.158686, 0.0
4169.0, 6.596984, -1.655929, -0.009886, 2.128758, 6.158686, 0.0
4186.0, 6.637616, -1.665221, -0.009498, 2.128758, 6.158686, 0.0
4186.0, 6.637616, -1.665221, -0.009498, 2.128758, 6.158686, 0.0
4202.0, 6.680159, -1.674946, -0.009954, 2.128758, 6.158686, 0.0
4219.0, 6.722842, -1.684657, -0.010205, 2.128758, 6.158686, 0.0
4219.0, 6.722842, -1.684657, -0.010205, 2.128758, 6.158686, 0.0
4239.0, 6.764935, -1.694175, -0.009999, 2.128758, 6.158686, 0.0
4239.0, 6.764935, -1.694175, -0.009999, 2.128758, 6.158686, 0.0
4265.0, 6.835965, -1.710147, -0.008958, 2.128758, 6.158686, 0.0
4265.0, 6.835965, -1.710147, -0.008958, 2.128758, 6.158686, 0.0
4281.0, 6.875738, -1.719022, -0.007968, 2.128758, 6.158686, 0.0
4281.0, 6.875738, -1.719022, -0.007968, 2.128758, 6.158686, 0.0
4299.0, 6.914535, -1.727633, -0.006766, 2.128758, 6.158686, 0.0
4299.0, 6.914535, -1.727633, -0.006766, 2.128758, 6.158686, 0.0
4314.0, 6.948317, -1.735088, -0.003948, 2.128758, 6.158686, 0.0
4331.0, 6.98096, -1.742288, -0.001427, 2.128758, 6.158686, 0.0
4331.0, 6.98096, -1.742288, -0.001427, 2.128758, 6.158686, 0.0
4352.0, 7.013588, -1.749486, 0.000222, 2.128758, 6.158686, 0.0
4352.0, 7.013588, -1.749486, 0.000222, 2.128758, 6.158686, 0.0
4366.0, 7.044853, -1.756363, 0.000937, 2.128758, 6.158686, 0.0
4366.0, 7.044853, -1.756363, 0.000937, 2.128758, 6.158686, 0.0
4386.0, 7.076207, -1.763209, 0.000977, 2.128758, 6.158686, 0.0
4410.0, 7.125729, -1.773904, 0.000305, 2.128758, 6.158686, 0.0
4410.0, 7.125729, -1.773904, 0.000305, 2.128758, 6.158686, 0.0
4410.0, 7.125729, -1.773904, 0.000305, 2.128758, 6.158686, 0.0
4425.0, 7.157646, -1.78068, -0.000617, 2.129192, 6.704601, 0.0
4425.0, 7.157646, -1.78068, -0.000617, 2.129192, 6.704601, 0.0
4446.0, 7.193476, -1.788181, -0.00176, 2.129192, 6.704601, 0.0
4464.0, 7.226104, -1.794931, -0.002878, 2.129192, 6.704601, 0.0
4464.0, 7.226104, -1.794931, -0.002878, 2.129192, 6.704601, 0.0
4477.0, 7.259042, -1.801681, -0.003891, 2.129192, 6.704601, 0.0
4477.0, 7.259042, -1.801681, -0.003891, 2.129192, 6.704601, 0.0
4497.0, 7.294284, -1.808859, -0.004942, 2.129192, 6.704601, 0.0
4497.0, 7.294284, -1.808859, -0.004942, 2.129192, 6.704601, 0.0
4516.0, 7.333919, -1.816904, -0.008271, 2.129192, 6.704601, 0.0
4543.0, 7.411434, -1.832495, -0.013816, 2.129192, 6.704601, 0.0
4543.0, 7.411434, -1.832495, -0.013816, 2.129192, 6.704601, 0.0
4543.0, 7.411434, -1.832495, -0.013816, 2.129192, 6.704601, 0.0
4564.0, 7.452761, -1.840712, -0.015235, 2.129192, 6.704601, 0.0
4564.0, 7.452761, -1.840712, -0.015235, 2.129192, 6.704601, 0.0
4599.0, 7.528602, -1.855758, -0.015693, 2.129192, 6.704601, 0.0
4599.0, 7.528602, -1.855758, -0.015693, 2.129192, 6.704601, 0.0
4599.0, 7.528602, -1.855758, -0.015693, 2.129192, 6.704601, 0.0
4643.0, 7.602572, -1.870542, -0.01235, 2.129192, 6.704601, 0.0
4643.0, 7.602572, -1.870542, -0.01235, 2.129192, 6.704601, 0.0
4643.0, 7.602572, -1.870542, -0.01235, 2.129192, 6.704601, 0.0
4643.0, 7.602572, -1.870542, -0.01235, 2.129192, 6.704601, 0.0
4644.0, 7.602572, -1.870542, -0.01235, 2.129192, 6.704601, 0.0
4683.0, 7.678535, -1.885897, -0.010687, 2.129555, 7.159514, 0.0
4683.0, 7.678535, -1.885897, -0.010687, 2.129555, 7.159514, 0.0
4683.0, 7.678535, -1.885897, -0.010687, 2.129555, 7.159514, 0.0
4683.0, 7.678535, -1.885897, -0.010687, 2.129555, 7.159514, 0.0
4706.0, 7.719293, -1.894132, -0.011001, 2.129555, 7.159514, 0.0
4706.0, 7.719293, -1.894132, -0.011001, 2.129555, 7.159514, 0.0
4716.0, 7.757561, -1.901832, -0.009869, 2.129555, 7.159514, 0.0
4716.0, 7.757561, -1.901832, -0.009869, 2.129555, 7.159514, 0.0
4733.0, 7.793717, -1.90909, -0.008372, 2.129555, 7.159514, 0.0
4750.0, 7.828936, -1.916153, -0.006953, 2.129555, 7.159514, 0.0
4750.0, 7.828936, -1.916153, -0.006953, 2.129555, 7.159514, 0.0
4767.0, 7.864125, -1.923197, -0.005726, 2.129555, 7.159514, 0.0
4767.0, 7.864125, -1.923197, -0.005726, 2.129555, 7.159514, 0.0
4783.0, 7.898107, -1.929969, -0.00477, 2.129555, 7.159514, 0.0
4812.0, 7.931589, -1.936595, -0.004043, 2.129555, 7.159514, 0.0
4812.0, 7.931589, -1.936595, -0.004043, 2.129555, 7.159514, 0.0
4867.0, 8.000467, -1.950129, -0.00441, 2.129555, 7.159514, 0.0
4867.0, 8.000467, -1.950129, -0.00441, 2.129555, 7.159514, 0.0
4867.0, 8.000467, -1.950129, -0.00441, 2.129555, 7.159514, 0.0
4867.0, 8.000467, -1.950129, -0.00441, 2.129555, 7.159514, 0.0
4867.0, 8.000467, -1.950129, -0.00441, 2.129555, 7.159514, 0.0
4898.0, 8.07781, -1.965058, -0.008709, 2.129555, 7.159514, 0.0
4898.0, 8.07781, -1.965058, -0.008709, 2.129555, 7.159514, 0.0
4898.0, 8.07781, -1.965058, -0.008709, 2.129555, 7.159514, 0.0
4898.0, 8.07781, -1.965058, -0.008709, 2.129555, 7.159514, 0.0
4908.0, 8.120299, -1.973011, -0.011643, 2.129961, 7.670027, 0.0
4908.0, 8.120299, -1.973011, -0.011643, 2.129961, 7.670027, 0.0
4924.0, 8.163054, -1.980832, -0.013433, 2.129961, 7.670027, 0.0
4924.0, 8.163054, -1.980832, -0.013433, 2.129961, 7.670027, 0.0
4941.0, 8.204644, -1.988319, -0.013733, 2.129961, 7.670027, 0.0
4958.0, 8.244579, -1.995449, -0.012843, 2.129961, 7.670027, 0.0
4958.0, 8.244579, -1.995449, -0.012843, 2.129961, 7.670027, 0.0
4974.0, 8.282801, -2.002261, -0.011166, 2.129961, 7.670027, 0.0
4974.0, 8.282801, -2.002261, -0.011166, 2.129961, 7.670027, 0.0
4992.0, 8.319414, -2.0088, -0.009092, 2.129961, 7.670027, 0.0
5008.0, 8.352926, -2.014812, -0.006275, 2.129961, 7.670027, 0.0
5008.0, 8.352926, -2.014812, -0.006275, 2.129961, 7.670027, 0.0
5029.0, 8.388982, -2.02134, -0.003463, 2.129961, 7.670027, 0.0
5029.0, 8.388982, -2.02134, -0.003463, 2.129961, 7.670027, 0.0
5054.0, 8.437621, -2.030245, -0.00067, 2.129961, 7.670027, 0.0
5054.0, 8.437621, -2.030245, -0.00067, 2.129961, 7.670027, 0.0
5070.0, 8.468703, -2.036003, 0.000263, 2.129961, 7.670027, 0.0
5070.0, 8.468703, -2.036003, 0.000263, 2.129961, 7.670027, 0.0
5094.0, 8.499869, -2.041814, 0.000521, 2.129961, 7.670027, 0.0
5094.0, 8.499869, -2.041814, 0.000521, 2.129961, 7.670027, 0.0
5135.0, 8.564207, -2.053844, -0.000927, 2.129961, 7.670027, 0.0
5135.0, 8.564207, -2.053844, -0.000927, 2.129961, 7.670027, 0.0
5135.0, 8.564207, -2.053844, -0.000927, 2.129961, 7.670027, 0.0
5165.0, 8.630198, -2.066138, -0.003408, 2.129961, 7.670027, 0.0
5165.0, 8.630198, -2.066138, -0.003408, 2.129961, 7.670027, 0.0
5165.0, 8.630198, -2.066138, -0.003408, 2.129961, 7.670027, 0.0
5165.0, 8.630198, -2.066138, -0.003408, 2.129961, 7.670027, 0.0
5182.0, 8.670272, -2.07357, -0.00592, 2.130393, 8.211592, 0.0
5182.0, 8.670272, -2.07357, -0.00592, 2.130393, 8.211592, 0.0
5203.0, 8.707366, -2.080405, -0.007919, 2.130393, 8.211592, 0.0
5203.0, 8.707366, -2.080405, -0.007919, 2.130393, 8.211592, 0.0
5215.0, 8.741317, -2.086629, -0.007914, 2.130393, 8.211592, 0.0
5240.0, 8.79003, -2.095593, -0.007306, 2.130393, 8.211592, 0.0
5240.0, 8.79003, -2.095593, -0.007306, 2.130393, 8.211592, 0.0
5240.0, 8.79003, -2.095593, -0.007306, 2.130393, 8.211592, 0.0
5259.0, 8.823728, -2.101876, -0.007163, 2.130393, 8.211592, 0.0
5259.0, 8.823728, -2.101876, -0.007163, 2.130393, 8.211592, 0.0
5272.0, 8.857446, -2.108236, -0.007297, 2.130393, 8.211592, 0.0
5296.0, 8.891774, -2.114771, -0.007643, 2.130393, 8.211592, 0.0
5296.0, 8.891774, -2.114771, -0.007643, 2.130393, 8.211592, 0.0
5307.0, 8.931465, -2.122398, -0.01004, 2.130393, 8.211592, 0.0
5307.0, 8.931465, -2.122398, -0.01004, 2.130393, 8.211592, 0.0
5326.0, 8.978766, -2.131492, -0.012584, 2.130393, 8.211592, 0.0
5326.0, 8.978766, -2.131492, -0.012584, 2.130393, 8.211592, 0.0
5342.0, 9.020931, -2.139589, -0.013997, 2.130393, 8.211592, 0.0
5365.0, 9.063105, -2.147705, -0.014551, 2.130393, 8.211592, 0.0
5365.0, 9.063105, -2.147705, -0.014551, 2.130393, 8.211592, 0.0
5390.0, 9.138526, -2.162316, -0.014358, 2.130393, 8.211592, 0.0
5390.0, 9.138526, -2.162316, -0.014358, 2.130393, 8.211592, 0.0
5390.0, 9.138526, -2.162316, -0.014358, 2.130393, 8.211592, 0.0
5405.0, 9.178063, -2.170065, -0.013008, 2.130752, 8.66333, 0.0
5405.0, 9.178063, -2.170065, -0.013008, 2.130752, 8.66333, 0.0
5424.0, 9.216754, -2.177737, -0.011356, 2.130752, 8.66333, 0.0
5438.0, 9.255122, -2.185424, -0.009888, 2.130752, 8.66333, 0.0
5438.0, 9.255122, -2.185424, -0.009888, 2.130752, 8.66333, 0.0
5454.0, 9.293344, -2.193136, -0.008716, 2.130752, 8.66333, 0.0
5454.0, 9.293344, -2.193136, -0.008716, 2.130752, 8.66333, 0.0
5471.0, 9.33146, -2.200852, -0.007814, 2.130752, 8.66333, 0.0
5499.0, 9.371872, -2.20903, -0.007092, 2.130752, 8.66333, 0.0
5499.0, 9.371872, -2.20903, -0.007092, 2.130752, 8.66333, 0.0
5508.0, 9.413868, -2.217497, -0.006305, 2.130752, 8.66333, 0.0
5508.0, 9.413868, -2.217497, -0.006305, 2.130752, 8.66333, 0.0
5526.0, 9.453635, -2.225466, -0.005714, 2.130752, 8.66333, 0.0
5526.0, 9.453635, -2.225466, -0.005714, 2.130752, 8.66333, 0.0
5542.0, 9.490356, -2.232768, -0.005327, 2.130752, 8.66333, 0.0
5560.0, 9.526849, -2.239959, -0.005068, 2.130752, 8.66333, 0.0
5560.0, 9.526849, -2.239959, -0.005068, 2.130752, 8.66333, 0.0
5585.0, 9.563157, -2.247041, -0.004895, 2.130752, 8.66333, 0.0
5585.0, 9.563157, -2.247041, -0.004895, 2.130752, 8.66333, 0.0
5613.0, 9.634555, -2.260813, -0.004684, 2.130752, 8.66333, 0.0
5613.0, 9.634555, -2.260813, -0.004684, 2.130752, 8.66333, 0.0
5613.0, 9.634555, -2.260813, -0.004684, 2.130752, 8.66333, 0.0
5628.0, 9.666739, -2.266931, -0.003313, 2.130752, 8.66333, 0.0
5628.0, 9.666739, -2.266931, -0.003313, 2.130752, 8.66333, 0.0
5644.0, 9.697945, -2.272838, -0.002083, 2.130752, 8.66333, 0.0
5660.0, 9.729198, -2.278763, -0.001488, 2.13116, 9.174934, 0.0
5660.0, 9.729198, -2.278763, -0.001488, 2.13116, 9.174934, 0.0
5679.0, 9.760921, -2.284793, -0.001555, 2.13116, 9.174934, 0.0
5679.0, 9.760921, -2.284793, -0.001555, 2.13116, 9.174934, 0.0
5699.0, 9.793277, -2.290953, -0.002132, 2.13116, 9.174934, 0.0
5714.0, 9.835907, -2.299084, -0.007034, 2.13116, 9.174934, 0.0
5714.0, 9.835907, -2.299084, -0.007034, 2.13116, 9.174934, 0.0
5741.0, 9.912158, -2.313416, -0.014737, 2.13116, 9.174934, 0.0
5741.0, 9.912158, -2.313416, -0.014737, 2.13116, 9.174934, 0.0
5741.0, 9.912158, -2.313416, -0.014737, 2.13116, 9.174934, 0.0
5755.0, 9.958038, -2.321848, -0.017398, 2.13116, 9.174934, 0.0
5755.0, 9.958038, -2.321848, -0.017398, 2.13116, 9.174934, 0.0
5772.0, 10.003251, -2.33008, -0.018136, 2.13116, 9.174934, 0.0
5800.0, 10.04851, -2.338363, -0.017542, 2.13116, 9.174934, 0.0
5800.0, 10.04851, -2.338363, -0.017542, 2.13116, 9.174934, 0.0
5847.0, 10.12844, -2.353156, -0.012064, 2.13116, 9.174934, 0.0
5847.0, 10.12844, -2.353156, -0.012064, 2.13116, 9.174934, 0.0
5847.0, 10.12844, -2.353156, -0.012064, 2.13116, 9.174934, 0.0
5847.0, 10.12844, -2.353156, -0.012064, 2.13116, 9.174934, 0.0
5872.0, 10.207311, -2.368163, -0.007788, 2.13116, 9.174934, 0.0
5872.0, 10.207311, -2.368163, -0.007788, 2.13116, 9.174934, 0.0
5872.0, 10.207311, -2.368163, -0.007788, 2.13116, 9.174934, 0.0
5872.0, 10.207311, -2.368163, -0.007788, 2.13116, 9.174934, 0.0
5887.0, 10.248281, -2.376075, -0.00681, 2.13116, 9.174934, 0.0
5887.0, 10.248281, -2.376075, -0.00681, 2.13116, 9.174934, 0.0
5907.0, 10.288691, -2.383906, -0.005945, 2.131545, 9.659131, 0.0
5931.0, 10.356715, -2.397053, -0.004596, 2.131545, 9.659131, 0.0
5931.0, 10.356715, -2.397053, -0.004596, 2.131545, 9.659131, 0.0
5931.0, 10.356715, -2.397053, -0.004596, 2.131545, 9.659131, 0.0
5948.0, 10.395417, -2.404431, -0.003862, 2.131545, 9.659131, 0.0
5948.0, 10.395417, -2.404431, -0.003862, 2.131545, 9.659131, 0.0
5967.0, 10.433754, -2.411641, -0.003143, 2.131545, 9.659131, 0.0
5967.0, 10.433754, -2.411641, -0.003143, 2.131545, 9.659131, 0.0
5986.0, 10.471139, -2.418575, -0.002597, 2.131545, 9.659131, 0.0
5999.0, 10.507947, -2.425297, -0.002207, 2.131545, 9.659131, 0.0
5999.0, 10.507947, -2.425297, -0.002207, 2.131545, 9.659131, 0.0
6018.0, 10.544933, -2.431938, -0.000556, 2.131545, 9.659131, 0.0
6018.0, 10.544933, -2.431938, -0.000556, 2.131545, 9.659131, 0.0
6036.0, 10.576895, -2.437588, 0.000678, 2.131545, 9.659131, 0.0
6059.0, 10.623645, -2.445732, 0.001651, 2.131545, 9.659131, 0.0
6059.0, 10.623645, -2.445732, 0.001651, 2.131545, 9.659131, 0.0
6059.0, 10.623645, -2.445732, 0.001651, 2.131545, 9.659131, 0.0
6077.0, 10.655028, -2.451074, 0.001701, 2.131545, 9.659131, 0.0
6077.0, 10.655028, -2.451074, 0.001701, 2.131545, 9.659131, 0.0
6099.0, 10.686426, -2.456298, 0.001352, 2.131545, 9.659131, 0.0
6111.0, 10.726516, -2.462828, -0.001252, 2.131545, 9.659131, 0.0
6111.0, 10.726516, -2.462828, -0.001252, 2.131545, 9.659131, 0.0
6128.0, 10.763122, -2.468634, -0.003535, 2.131545, 9.659131, 0.0
6128.0, 10.763122, -2.468634, -0.003535, 2.131545, 9.659131, 0.0
6144.0, 10.799819, -2.474322, -0.005221, 2.131545, 9.659131, 0.0
6161.0, 10.836231, -2.479875, -0.006254, 2.131956, 10.174478, 0.0
6161.0, 10.836231, -2.479875, -0.006254, 2.131956, 10.174478, 0.0
6181.0, 10.875863, -2.485874, -0.006814, 2.131956, 10.174478, 0.0
6181.0, 10.875863, -2.485874, -0.006814, 2.131956, 10.174478, 0.0
6196.0, 10.911619, -2.491292, -0.006972, 2.131956, 10.174478, 0.0
6196.0, 10.911619, -2.491292, -0.006972, 2.131956, 10.174478, 0.0
6213.0, 10.944983, -2.496376, -0.006022, 2.131956, 10.174478, 0.0
6235.0, 10.978686, -2.501584, -0.00507, 2.131956, 10.174478, 0.0
6235.0, 10.978686, -2.501584, -0.00507, 2.131956, 10.174478, 0.0
6262.0, 11.039683, -2.511174, -0.004089, 2.131956, 10.174478, 0.0
6262.0, 11.039683, -2.511174, -0.004089, 2.131956, 10.174478, 0.0
6262.0, 11.039683, -2.511174, -0.004089, 2.131956, 10.174478, 0.0
6277.0, 11.073122, -2.516574, -0.004267, 2.131956, 10.174478, 0.0
6277.0, 11.073122, -2.516574, -0.004267, 2.131956, 10.174478, 0.0
6296.0, 11.107341, -2.522188, -0.004711, 2.131956, 10.174478, 0.0
6311.0, 11.143403, -2.528174, -0.00584, 2.131956, 10.174478, 0.0
6311.0, 11.143403, -2.528174, -0.00584, 2.131956, 10.174478, 0.0
6340.0, 11.181915, -2.53461, -0.007057, 2.131956, 10.174478, 0.0
6340.0, 11.181915, -2.53461, -0.007057, 2.131956, 10.174478, 0.0
6368.0, 11.256458, -2.547139, -0.009036, 2.131956, 10.174478, 0.0
6368.0, 11.256458, -2.547139, -0.009036, 2.131956, 10.174478, 0.0
6368.0, 11.256458, -2.547139, -0.009036, 2.131956, 10.174478, 0.0
6368.0, 11.256458, -2.547139, -0.009036, 2.131956, 10.174478, 0.0
6381.0, 11.29555, -2.553805, -0.010356, 2.131956, 10.174478, 0.0
6406.0, 11.335508, -2.560681, -0.011306, 2.131956, 10.174478, 0.0
6406.0, 11.335508, -2.560681, -0.011306, 2.131956, 10.174478, 0.0
6414.0, 11.374391, -2.56741, -0.011255, 2.132361, 10.683582, 0.0
6414.0, 11.374391, -2.56741, -0.011255, 2.132361, 10.683582, 0.0
6433.0, 11.413017, -2.574139, -0.010874, 2.132361, 10.683582, 0.0
6453.0, 11.456687, -2.581792, -0.01033, 2.132361, 10.683582, 0.0
6453.0, 11.456687, -2.581792, -0.01033, 2.132361, 10.683582, 0.0
6467.0, 11.495074, -2.588547, -0.009847, 2.132361, 10.683582, 0.0
6467.0, 11.495074, -2.588547, -0.009847, 2.132361, 10.683582, 0.0
6495.0, 11.538034, -2.596116, -0.009309, 2.132361, 10.683582, 0.0
6495.0, 11.538034, -2.596116, -0.009309, 2.132361, 10.683582, 0.0
6504.0, 11.582895, -2.604016, -0.010712, 2.132361, 10.683582, 0.0
6521.0, 11.626582, -2.61163, -0.011749, 2.132361, 10.683582, 0.0
6521.0, 11.626582, -2.61163, -0.011749, 2.132361, 10.683582, 0.0
6542.0, 11.669815, -2.619067, -0.011933, 2.132361, 10.683582, 0.0
6542.0, 11.669815, -2.619067, -0.011933, 2.132361, 10.683582, 0.0
6557.0, 11.720039, -2.627605, -0.011185, 2.132361, 10.683582, 0.0
6557.0, 11.720039, -2.627605, -0.011185, 2.132361, 10.683582, 0.0
6576.0, 11.760949, -2.634485, -0.009936, 2.132361, 10.683582, 0.0
6599.0, 11.800692, -2.641115, -0.008375, 2.132361, 10.683582, 0.0
6599.0, 11.800692, -2.641115, -0.008375, 2.132361, 10.683582, 0.0
6627.0, 11.870092, -2.652588, -0.002188, 2.132361, 10.683582, 0.0
6627.0, 11.870092, -2.652588, -0.002188, 2.132361, 10.683582, 0.0
6627.0, 11.870092, -2.652588, -0.002188, 2.132361, 10.683582, 0.0
6627.0, 11.870092, -2.652588, -0.002188, 2.132361, 10.683582, 0.0
6641.0, 11.903191, -2.657994, 0.000289, 2.132361, 10.683582, 0.0
6664.0, 11.936202, -2.663326, 0.002003, 2.132748, 11.169988, 0.0
6664.0, 11.936202, -2.663326, 0.002003, 2.132748, 11.169988, 0.0
6696.0, 12.000197, -2.673505, 0.003694, 2.132748, 11.169988, 0.0
6696.0, 12.000197, -2.673505, 0.003694, 2.132748, 11.169988, 0.0
6696.0, 12.000197, -2.673505, 0.003694, 2.132748, 11.169988, 0.0
6713.0, 12.032984, -2.678596, 0.003416, 2.132748, 11.169988, 0.0
6713.0, 12.032984, -2.678596, 0.003416, 2.132748, 11.169988, 0.0
6739.0, 12.090394, -2.687351, 0.002138, 2.132748, 11.169988, 0.0
6739.0, 12.090394, -2.687351, 0.002138, 2.132748, 11.169988, 0.0
6739.0, 12.090394, -2.687351, 0.002138, 2.132748, 11.169988, 0.0
6755.0, 12.124015, -2.692392, 0.000977, 2.132748, 11.169988, 0.0
6780.0, 12.158062, -2.697443, -0.000226, 2.132748, 11.169988, 0.0
6780.0, 12.158062, -2.697443, -0.000226, 2.132748, 11.169988, 0.0
6813.0, 12.226276, -2.707515, -0.002694, 2.132748, 11.169988, 0.0
6813.0, 12.226276, -2.707515, -0.002694, 2.132748, 11.169988, 0.0
6813.0, 12.226276, -2.707515, -0.002694, 2.132748, 11.169988, 0.0
6813.0, 12.226276, -2.707515, -0.002694, 2.132748, 11.169988, 0.0
6828.0, 12.259402, -2.712436, -0.003315, 2.132748, 11.169988, 0.0
6828.0, 12.259402, -2.712436, -0.003315, 2.132748, 11.169988, 0.0
6844.0, 12.292573, -2.717406, -0.003801, 2.132748, 11.169988, 0.0
6864.0, 12.326166, -2.722493, -0.004398, 2.132748, 11.169988, 0.0
6864.0, 12.326166, -2.722493, -0.004398, 2.132748, 11.169988, 0.0
6878.0, 12.360321, -2.727726, -0.005146, 2.132748, 11.169988, 0.0
6878.0, 12.360321, -2.727726, -0.005146, 2.132748, 11.169988, 0.0
6898.0, 12.395095, -2.733114, -0.005984, 2.132748, 11.169988, 0.0
6938.0, 12.473399, -2.745419, -0.014191, 2.133151, 11.675196, 0.0
6939.0, 12.473399, -2.745419, -0.014191, 2.133151, 11.675196, 0.0
6939.0, 12.473399, -2.745419, -0.014191, 2.133151, 11.675196, 0.0
6967.0, 12.568037, -2.760193, -0.021864, 2.133151, 11.675196, 0.0
6967.0, 12.568037, -2.760193, -0.021864, 2.133151, 11.675196, 0.0
6967.0, 12.568037, -2.760193, -0.021864, 2.133151, 11.675196, 0.0
6967.0, 12.568037, -2.760193, -0.021864, 2.133151, 11.675196, 0.0
6967.0, 12.568037, -2.760193, -0.021864, 2.133151, 11.675196, 0.0
6982.0, 12.618152, -2.768074, -0.024689, 2.133151, 11.675196, 0.0
7006.0, 12.67153, -2.776556, -0.0255, 2.133151, 11.675196, 0.0
7006.0, 12.67153, -2.776556, -0.0255, 2.133151, 11.675196, 0.0
7018.0, 12.715269, -2.783613, -0.02185, 2.133151, 11.675196, 0.0
7018.0, 12.715269, -2.783613, -0.02185, 2.133151, 11.675196, 0.0
7034.0, 12.754807, -2.790185, -0.017519, 2.133151, 11.675196, 0.0
7051.0, 12.793259, -2.796784, -0.013666, 2.133151, 11.675196, 0.0
7051.0, 12.793259, -2.796784, -0.013666, 2.133151, 11.675196, 0.0
7067.0, 12.831413, -2.803495, -0.010647, 2.133151, 11.675196, 0.0
7067.0, 12.831413, -2.803495, -0.010647, 2.133151, 11.675196, 0.0
7084.0, 12.869555, -2.810301, -0.008453, 2.133151, 11.675196, 0.0
7104.0, 12.907756, -2.817143, -0.00695, 2.133151, 11.675196, 0.0
7104.0, 12.907756, -2.817143, -0.00695, 2.133151, 11.675196, 0.0
7119.0, 12.947437, -2.824221, -0.006559, 2.133151, 11.675196, 0.0
7119.0, 12.947437, -2.824221, -0.006559, 2.133151, 11.675196, 0.0
7136.0, 12.987514, -2.831275, -0.006479, 2.133151, 11.675196, 0.0
7152.0, 13.027496, -2.83818, -0.006408, 2.133151, 11.675196, 0.0
7152.0, 13.027496, -2.83818, -0.006408, 2.133151, 11.675196, 0.0
7168.0, 13.067169, -2.844883, -0.006251, 2.13356, 12.18915, 0.0
7168.0, 13.067169, -2.844883, -0.006251, 2.13356, 12.18915, 0.0
7184.0, 13.106438, -2.851362, -0.005998, 2.13356, 12.18915, 0.0
7202.0, 13.14526, -2.857613, -0.005668, 2.13356, 12.18915, 0.0
7202.0, 13.14526, -2.857613, -0.005668, 2.13356, 12.18915, 0.0
7218.0, 13.183729, -2.863654, -0.005335, 2.13356, 12.18915, 0.0
7218.0, 13.183729, -2.863654, -0.005335, 2.13356, 12.18915, 0.0
7234.0, 13.221758, -2.869474, -0.004972, 2.13356, 12.18915, 0.0
7251.0, 13.259312, -2.875069, -0.004587, 2.13356, 12.18915, 0.0
7251.0, 13.259312, -2.875069, -0.004587, 2.13356, 12.18915, 0.0
7269.0, 13.296381, -2.88044, -0.004196, 2.13356, 12.18915, 0.0
7269.0, 13.296381, -2.88044, -0.004196, 2.13356, 12.18915, 0.0
7284.0, 13.332965, -2.885588, -0.003812, 2.13356, 12.18915, 0.0
7303.0, 13.369066, -2.890515, -0.003447, 2.13356, 12.18915, 0.0
7303.0, 13.369066, -2.890515, -0.003447, 2.13356, 12.18915, 0.0
7319.0, 13.404688, -2.89522, -0.003107, 2.13356, 12.18915, 0.0
7319.0, 13.404688, -2.89522, -0.003107, 2.13356, 12.18915, 0.0
7335.0, 13.439836, -2.899706, -0.002796, 2.13356, 12.18915, 0.0
7351.0, 13.474511, -2.903974, -0.002515, 2.13356, 12.18915, 0.0
7351.0, 13.474511, -2.903974, -0.002515, 2.13356, 12.18915, 0.0
7368.0, 13.508719, -2.908024, -0.002261, 2.13356, 12.18915, 0.0
7368.0, 13.508719, -2.908024, -0.002261, 2.13356, 12.18915, 0.0
7385.0, 13.542462, -2.911858, -0.002034, 2.13356, 12.18915, 0.0
7401.0, 13.575743, -2.915475, -0.001829, 2.13356, 12.18915, 0.0
7401.0, 13.575743, -2.915475, -0.001829, 2.13356, 12.18915, 0.0
7417.0, 13.608561, -2.918878, -0.001642, 2.133958, 12.689155, 0.0
7417.0, 13.608561, -2.918878, -0.001642, 2.133958, 12.689155, 0.0
7434.0, 13.640918, -2.922069, -0.00147, 2.133958, 12.689155, 0.0
7451.0, 13.672815, -2.92505, -0.00131, 2.133958, 12.689155, 0.0
7451.0, 13.672815, -2.92505, -0.00131, 2.133958, 12.689155, 0.0
7468.0, 13.704252, -2.927824, -0.00116, 2.133958, 12.689155, 0.0
7468.0, 13.704252, -2.927824, -0.00116, 2.133958, 12.689155, 0.0
7484.0, 13.735229, -2.930393, -0.001015, 2.133958, 12.689155, 0.0
7502.0, 13.765746, -2.932758, -0.000876, 2.133958, 12.689155, 0.0
7502.0, 13.765746, -2.932758, -0.000876, 2.133958, 12.689155, 0.0
7518.0, 13.795905, -2.934959, -0.000783, 2.133958, 12.689155, 0.0
7518.0, 13.795905, -2.934959, -0.000783, 2.133958, 12.689155, 0.0
7534.0, 13.82582, -2.937044, -0.00077, 2.133958, 12.689155, 0.0
7551.0, 13.855608, -2.93906, -0.000857, 2.133958, 12.689155, 0.0
7551.0, 13.855608, -2.93906, -0.000857, 2.133958, 12.689155, 0.0
7568.0, 13.885375, -2.941046, -0.00105, 2.133958, 12.689155, 0.0
7568.0, 13.885375, -2.941046, -0.00105, 2.133958, 12.689155, 0.0
7584.0, 13.915211, -2.943038, -0.00134, 2.133958, 12.689155, 0.0
7603.0, 13.94519, -2.945064, -0.001714, 2.133958, 12.689155, 0.0
7603.0, 13.94519, -2.945064, -0.001714, 2.133958, 12.689155, 0.0
7618.0, 13.975372, -2.947146, -0.002149, 2.133958, 12.689155, 0.0
7618.0, 13.975372, -2.947146, -0.002149, 2.133958, 12.689155, 0.0
7634.0, 14.00581, -2.949305, -0.002629, 2.133958, 12.689155, 0.0
7651.0, 14.036547, -2.951554, -0.003135, 2.133958, 12.689155, 0.0
7651.0, 14.036547, -2.951554, -0.003135, 2.133958, 12.689155, 0.0
7668.0, 14.067619, -2.953908, -0.00365, 2.134356, 13.189157, 0.0
7668.0, 14.067619, -2.953908, -0.00365, 2.134356, 13.189157, 0.0
7684.0, 14.099054, -2.956378, -0.00416, 2.134356, 13.189157, 0.0
7702.0, 14.130872, -2.958974, -0.004653, 2.134356, 13.189157, 0.0
7702.0, 14.130872, -2.958974, -0.004653, 2.134356, 13.189157, 0.0
7718.0, 14.163091, -2.961703, -0.005122, 2.134356, 13.189157, 0.0
7718.0, 14.163091, -2.961703, -0.005122, 2.134356, 13.189157, 0.0
7734.0, 14.195724, -2.964574, -0.00556, 2.134356, 13.189157, 0.0
7751.0, 14.228784, -2.967593, -0.005965, 2.134356, 13.189157, 0.0
7751.0, 14.228784, -2.967593, -0.005965, 2.134356, 13.189157, 0.0
7768.0, 14.262277, -2.970766, -0.006335, 2.134356, 13.189157, 0.0
7768.0, 14.262277, -2.970766, -0.006335, 2.134356, 13.189157, 0.0
7785.0, 14.29621, -2.974097, -0.006672, 2.134356, 13.189157, 0.0
7802.0, 14.33059, -2.977589, -0.006976, 2.134356, 13.189157, 0.0
7802.0, 14.33059, -2.977589, -0.006976, 2.134356, 13.189157, 0.0
7818.0, 14.365326, -2.981212, -0.00721, 2.134356, 13.189157, 0.0
7818.0, 14.365326, -2.981212, -0.00721, 2.134356, 13.189157, 0.0
7835.0, 14.400298, -2.984921, -0.007337, 2.134356, 13.189157, 0.0
7852.0, 14.435391, -2.988676, -0.007341, 2.134356, 13.189157, 0.0
7852.0, 14.435391, -2.988676, -0.007341, 2.134356, 13.189157, 0.0
7867.0, 14.4705, -2.992442, -0.007218, 2.134356, 13.189157, 0.0
7867.0, 14.4705, -2.992442, -0.007218, 2.134356, 13.189157, 0.0
7884.0, 14.505534, -2.996188, -0.006979, 2.134356, 13.189157, 0.0
7901.0, 14.540421, -2.999888, -0.006643, 2.134356, 13.189157, 0.0
7901.0, 14.540421, -2.999888, -0.006643, 2.134356, 13.189157, 0.0
7918.0, 14.575098, -3.003521, -0.00623, 2.134754, 13.689161, 0.0
7918.0, 14.575098, -3.003521, -0.00623, 2.134754, 13.689161, 0.0
7934.0, 14.609516, -3.007067, -0.005764, 2.134754, 13.689161, 0.0
7951.0, 14.643633, -3.010509, -0.005266, 2.134754, 13.689161, 0.0
7951.0, 14.643633, -3.010509, -0.005266, 2.134754, 13.689161, 0.0
7968.0, 14.677419, -3.013832, -0.004756, 2.134754, 13.689161, 0.0
7968.0, 14.677419, -3.013832, -0.004756, 2.134754, 13.689161, 0.0
7985.0, 14.710846, -3.017024, -0.004248, 2.134754, 13.689161, 0.0
8002.0, 14.743895, -3.020074, -0.003754, 2.134754, 13.689161, 0.0
8002.0, 14.743895, -3.020074, -0.003754, 2.134754, 13.689161, 0.0
8018.0, 14.776642, -3.023009, -0.003324, 2.134754, 13.689161, 0.0
8018.0, 14.776642, -3.023009, -0.003324, 2.134754, 13.689161, 0.0
8034.0, 14.809217, -3.025872, -0.003002, 2.134754, 13.689161, 0.0
8051.0, 14.841687, -3.028697, -0.002811, 2.134754, 13.689161, 0.0
8051.0, 14.841687, -3.028697, -0.002811, 2.134754, 13.689161, 0.0
8069.0, 14.874168, -3.03152, -0.00276, 2.134754, 13.689161, 0.0
8069.0, 14.874168, -3.03152, -0.00276, 2.134754, 13.689161, 0.0
8084.0, 14.906746, -3.03437, -0.00284, 2.134754, 13.689161, 0.0
8102.0, 14.939488, -3.037272, -0.003036, 2.134754, 13.689161, 0.0
8102.0, 14.939488, -3.037272, -0.003036, 2.134754, 13.689161, 0.0
8117.0, 14.972455, -3.040246, -0.003324, 2.134754, 13.689161, 0.0
8117.0, 14.972455, -3.040246, -0.003324, 2.134754, 13.689161, 0.0
8134.0, 15.005693, -3.043308, -0.003683, 2.134754, 13.689161, 0.0
8151.0, 15.039243, -3.046472, -0.004091, 2.134754, 13.689161, 0.0
8151.0, 15.039243, -3.046472, -0.004091, 2.134754, 13.689161, 0.0
8167.0, 15.073133, -3.04975, -0.004526, 2.135153, 14.189189, 0.0
8167.0, 15.073133, -3.04975, -0.004526, 2.135153, 14.189189, 0.0
8184.0, 15.107389, -3.053154, -0.004973, 2.135153, 14.189189, 0.0
8202.0, 15.142034, -3.056693, -0.005417, 2.135153, 14.189189, 0.0
8202.0, 15.142034, -3.056693, -0.005417, 2.135153, 14.189189, 0.0
8218.0, 15.177094, -3.060375, -0.005848, 2.135153, 14.189189, 0.0
8218.0, 15.177094, -3.060375, -0.005848, 2.135153, 14.189189, 0.0
8234.0, 15.212641, -3.064218, -0.006259, 2.135153, 14.189189, 0.0
8251.0, 15.248528, -3.068209, -0.006644, 2.135153, 14.189189, 0.0
8251.0, 15.248528, -3.068209, -0.006644, 2.135153, 14.189189, 0.0
8268.0, 15.284849, -3.072365, -0.007, 2.135153, 14.189189, 0.0
8268.0, 15.284849, -3.072365, -0.007, 2.135153, 14.189189, 0.0
8285.0, 15.321609, -3.07669, -0.007328, 2.135153, 14.189189, 0.0
8303.0, 15.358812, -3.081189, -0.007627, 2.135153, 14.189189, 0.0
8303.0, 15.358812, -3.081189, -0.007627, 2.135153, 14.189189, 0.0
8318.0, 15.396361, -3.085826, -0.007856, 2.135153, 14.189189, 0.0
8318.0, 15.396361, -3.085826, -0.007856, 2.135153, 14.189189, 0.0
8335.0, 15.434145, -3.090554, -0.007982, 2.135153, 14.189189, 0.0
8351.0, 15.472049, -3.095331, -0.007988, 2.135153, 14.189189, 0.0
8351.0, 15.472049, -3.095331, -0.007988, 2.135153, 14.189189, 0.0
8368.0, 15.509971, -3.100117, -0.00787, 2.135153, 14.189189, 0.0
8368.0, 15.509971, -3.100117, -0.00787, 2.135153, 14.189189, 0.0
8385.0, 15.547823, -3.10488, -0.007638, 2.135153, 14.189189, 0.0
8403.0, 15.58553, -3.109591, -0.007309, 2.135153, 14.189189, 0.0
8403.0, 15.58553, -3.109591, -0.007309, 2.135153, 14.189189, 0.0
8417.0, 15.623098, -3.114235, -0.006907, 2.135551, 14.689286, 0.0
8417.0, 15.623098, -3.114235, -0.006907, 2.135551, 14.689286, 0.0
8434.0, 15.660356, -3.118775, -0.006451, 2.135551, 14.689286, 0.0
8451.0, 15.697319, -3.123199, -0.005962, 2.135551, 14.689286, 0.0
8451.0, 15.697319, -3.123199, -0.005962, 2.135551, 14.689286, 0.0
8468.0, 15.733955, -3.127492, -0.005456, 2.135551, 14.689286, 0.0
8468.0, 15.733955, -3.127492, -0.005456, 2.135551, 14.689286, 0.0
8484.0, 15.770239, -3.13164, -0.004951, 2.135551, 14.689286, 0.0
8502.0, 15.80615, -3.135631, -0.004459, 2.135551, 14.689286, 0.0
8502.0, 15.80615, -3.135631, -0.004459, 2.135551, 14.689286, 0.0
8518.0, 15.841666, -3.139454, -0.003985, 2.135551, 14.689286, 0.0
8518.0, 15.841666, -3.139454, -0.003985, 2.135551, 14.689286, 0.0
8534.0, 15.876778, -3.1431, -0.003538, 2.135551, 14.689286, 0.0
8552.0, 15.911478, -3.146563, -0.003123, 2.135551, 14.689286, 0.0
8552.0, 15.911478, -3.146563, -0.003123, 2.135551, 14.689286, 0.0
8568.0, 15.945759, -3.149837, -0.002742, 2.135551, 14.689286, 0.0
8568.0, 15.945759, -3.149837, -0.002742, 2.135551, 14.689286, 0.0
8585.0, 15.979614, -3.152917, -0.002392, 2.135551, 14.689286, 0.0
8603.0, 16.013039, -3.155799, -0.002074, 2.135551, 14.689286, 0.0
8603.0, 16.013039, -3.155799, -0.002074, 2.135551, 14.689286, 0.0
8618.0, 16.046041, -3.158481, -0.001789, 2.135551, 14.689286, 0.0
8618.0, 16.046041, -3.158481, -0.001789, 2.135551, 14.689286, 0.0
8635.0, 16.078608, -3.160962, -0.001528, 2.135551, 14.689286, 0.0
8651.0, 16.110731, -3.163239, -0.001287, 2.135551, 14.689286, 0.0
8651.0, 16.110731, -3.163239, -0.001287, 2.135551, 14.689286, 0.0
8668.0, 16.142433, -3.165316, -0.001063, 2.135949, 15.189342, 0.0
8668.0, 16.142433, -3.165316, -0.001063, 2.135949, 15.189342, 0.0
8684.0, 16.173658, -3.167188, -0.000853, 2.135949, 15.189342, 0.0
8702.0, 16.204433, -3.168857, -0.000656, 2.135949, 15.189342, 0.0
8702.0, 16.204433, -3.168857, -0.000656, 2.135949, 15.189342, 0.0
8718.0, 16.234837, -3.170361, -0.000505, 2.135949, 15.189342, 0.0
8718.0, 16.234837, -3.170361, -0.000505, 2.135949, 15.189342, 0.0
8734.0, 16.265015, -3.171751, -0.000443, 2.135949, 15.189342, 0.0
8751.0, 16.295055, -3.173072, -0.00049, 2.135949, 15.189342, 0.0
8751.0, 16.295055, -3.173072, -0.00049, 2.135949, 15.189342, 0.0
8768.0, 16.325077, -3.174365, -0.000652, 2.135949, 15.189342, 0.0
8768.0, 16.325077, -3.174365, -0.000652, 2.135949, 15.189342, 0.0
8784.0, 16.355186, -3.175666, -0.000919, 2.135949, 15.189342, 0.0
8803.0, 16.385429, -3.177002, -0.001275, 2.135949, 15.189342, 0.0
8803.0, 16.385429, -3.177002, -0.001275, 2.135949, 15.189342, 0.0
8819.0, 16.415901, -3.178398, -0.001702, 2.135949, 15.189342, 0.0
8819.0, 16.415901, -3.178398, -0.001702, 2.135949, 15.189342, 0.0
8834.0, 16.446636, -3.179872, -0.002178, 2.135949, 15.189342, 0.0
8852.0, 16.477659, -3.18144, -0.00268, 2.135949, 15.189342, 0.0
8852.0, 16.477659, -3.18144, -0.00268, 2.135949, 15.189342, 0.0
8868.0, 16.509111, -3.18312, -0.003193, 2.135949, 15.189342, 0.0
8868.0, 16.509111, -3.18312, -0.003193, 2.135949, 15.189342, 0.0
8884.0, 16.540829, -3.184915, -0.003699, 2.135949, 15.189342, 0.0
8902.0, 16.572929, -3.186838, -0.00419, 2.135949, 15.189342, 0.0
8902.0, 16.572929, -3.186838, -0.00419, 2.135949, 15.189342, 0.0
8918.0, 16.605417, -3.188898, -0.004651, 2.136347, 15.68954, 0.0
8918.0, 16.605417, -3.188898, -0.004651, 2.136347, 15.68954, 0.0
8935.0, 16.638359, -3.191106, -0.005083, 2.136347, 15.68954, 0.0
8951.0, 16.671679, -3.193464, -0.005485, 2.136347, 15.68954, 0.0
8951.0, 16.671679, -3.193464, -0.005485, 2.136347, 15.68954, 0.0
8968.0, 16.705433, -3.195979, -0.005854, 2.136347, 15.68954, 0.0
8968.0, 16.705433, -3.195979, -0.005854, 2.136347, 15.68954, 0.0
8984.0, 16.739628, -3.198657, -0.006192, 2.136347, 15.68954, 0.0
9002.0, 16.774271, -3.201502, -0.0065, 2.136347, 15.68954, 0.0
9002.0, 16.774271, -3.201502, -0.0065, 2.136347, 15.68954, 0.0
9018.0, 16.80937, -3.204518, -0.006781, 2.136347, 15.68954, 0.0
9018.0, 16.80937, -3.204518, -0.006781, 2.136347, 15.68954, 0.0
9034.0, 16.844921, -3.20771, -0.007035, 2.136347, 15.68954, 0.0
9052.0, 16.880928, -3.211081, -0.007265, 2.136347, 15.68954, 0.0
9052.0, 16.880928, -3.211081, -0.007265, 2.136347, 15.68954, 0.0
9068.0, 16.917391, -3.214633, -0.007473, 2.136347, 15.68954, 0.0
9068.0, 16.917391, -3.214633, -0.007473, 2.136347, 15.68954, 0.0
9084.0, 16.954308, -3.21837, -0.007662, 2.136347, 15.68954, 0.0
9102.0, 16.991682, -3.222293, -0.007836, 2.136347, 15.68954, 0.0
9102.0, 16.991682, -3.222293, -0.007836, 2.136347, 15.68954, 0.0
9118.0, 17.029436, -3.226366, -0.007963, 2.136347, 15.68954, 0.0
9118.0, 17.029436, -3.226366, -0.007963, 2.136347, 15.68954, 0.0
9135.0, 17.067438, -3.230538, -0.008002, 2.136347, 15.68954, 0.0
9151.0, 17.105566, -3.234763, -0.007931, 2.136347, 15.68954, 0.0
9151.0, 17.105566, -3.234763, -0.007931, 2.136347, 15.68954, 0.0
9168.0, 17.143719, -3.238999, -0.007747, 2.136746, 16.18959, 0.0
9168.0, 17.143719, -3.238999, -0.007747, 2.136746, 16.18959, 0.0
9184.0, 17.181801, -3.243212, -0.007458, 2.136746, 16.18959, 0.0
9202.0, 17.219742, -3.247372, -0.007081, 2.136746, 16.18959, 0.0
9202.0, 17.219742, -3.247372, -0.007081, 2.136746, 16.18959, 0.0
9218.0, 17.257471, -3.251454, -0.006634, 2.136746, 16.18959, 0.0
9218.0, 17.257471, -3.251454, -0.006634, 2.136746, 16.18959, 0.0
9235.0, 17.294947, -3.255435, -0.006141, 2.136746, 16.18959, 0.0
9251.0, 17.332136, -3.259299, -0.005624, 2.136746, 16.18959, 0.0
9251.0, 17.332136, -3.259299, -0.005624, 2.136746, 16.18959, 0.0
9268.0, 17.368998, -3.263027, -0.0051, 2.136746, 16.18959, 0.0
9269.0, 17.368998, -3.263027, -0.0051, 2.136746, 16.18959, 0.0
9285.0, 17.405521, -3.266605, -0.004582, 2.136746, 16.18959, 0.0
9301.0, 17.441666, -3.270021, -0.004081, 2.136746, 16.18959, 0.0
9301.0, 17.441666, -3.270021, -0.004081, 2.136746, 16.18959, 0.0
9318.0, 17.477428, -3.273265, -0.003605, 2.136746, 16.18959, 0.0
9318.0, 17.477428, -3.273265, -0.003605, 2.136746, 16.18959, 0.0
9335.0, 17.512842, -3.276331, -0.003157, 2.136746, 16.18959, 0.0
9351.0, 17.547821, -3.279206, -0.002742, 2.136746, 16.18959, 0.0
9351.0, 17.547821, -3.279206, -0.002742, 2.136746, 16.18959, 0.0
9368.0, 17.582359, -3.281884, -0.00236, 2.136746, 16.18959, 0.0
9368.0, 17.582359, -3.281884, -0.00236, 2.136746, 16.18959, 0.0
9384.0, 17.616476, -3.284362, -0.002009, 2.136746, 16.18959, 0.0
9402.0, 17.650183, -3.286638, -0.001688, 2.136746, 16.18959, 0.0
9402.0, 17.650183, -3.286638, -0.001688, 2.136746, 16.18959, 0.0
9418.0, 17.683426, -3.288705, -0.00139, 2.137144, 16.689697, 0.0
9418.0, 17.683426, -3.288705, -0.00139, 2.137144, 16.689697, 0.0
9434.0, 17.716227, -3.290564, -0.001116, 2.137144, 16.689697, 0.0
9452.0, 17.748589, -3.292216, -0.000867, 2.137144, 16.689697, 0.0
9452.0, 17.748589, -3.292216, -0.000867, 2.137144, 16.689697, 0.0
9469.0, 17.78051, -3.293659, -0.000638, 2.137144, 16.689697, 0.0
9469.0, 17.78051, -3.293659, -0.000638, 2.137144, 16.689697, 0.0
9484.0, 17.811987, -3.294894, -0.000427, 2.137144, 16.689697, 0.0
9503.0, 17.843019, -3.295921, -0.000229, 2.137144, 16.689697, 0.0
9503.0, 17.843019, -3.295921, -0.000229, 2.137144, 16.689697, 0.0
9518.0, 17.873716, -3.296779, -0.000091, 2.137144, 16.689697, 0.0
9518.0, 17.873716, -3.296779, -0.000091, 2.137144, 16.689697, 0.0
9535.0, 17.904182, -3.29752, -0.000039, 2.137144, 16.689697, 0.0
9551.0, 17.934528, -3.29819, -0.000092, 2.137144, 16.689697, 0.0
9551.0, 17.934528, -3.29819, -0.000092, 2.137144, 16.689697, 0.0
9568.0, 17.964857, -3.298832, -0.000252, 2.137144, 16.689697, 0.0
9568.0, 17.964857, -3.298832, -0.000252, 2.137144, 16.689697, 0.0
9584.0, 17.99526, -3.299483, -0.000513, 2.137144, 16.689697, 0.0
9602.0, 18.025803, -3.300171, -0.000861, 2.137144, 16.689697, 0.0
9602.0, 18.025803, -3.300171, -0.000861, 2.137144, 16.689697, 0.0
9618.0, 18.056543, -3.300921, -0.001274, 2.137144, 16.689697, 0.0
9618.0, 18.056543, -3.300921, -0.001274, 2.137144, 16.689697, 0.0
9634.0, 18.087559, -3.301754, -0.001735, 2.137144, 16.689697, 0.0
9651.0, 18.118862, -3.302685, -0.002226, 2.137144, 16.689697, 0.0
9651.0, 18.118862, -3.302685, -0.002226, 2.137144, 16.689697, 0.0
9668.0, 18.150484, -3.303728, -0.002729, 2.137542, 17.189745, 0.0
9668.0, 18.150484, -3.303728, -0.002729, 2.137542, 17.189745, 0.0
9685.0, 18.182467, -3.304896, -0.003231, 2.137542, 17.189745, 0.0
9703.0, 18.214828, -3.306197, -0.003718, 2.137542, 17.189745, 0.0
9703.0, 18.214828, -3.306197, -0.003718, 2.137542, 17.189745, 0.0
9719.0, 18.247591, -3.307642, -0.004182, 2.137542, 17.189745, 0.0
9719.0, 18.247591, -3.307642, -0.004182, 2.137542, 17.189745, 0.0
9735.0, 18.280752, -3.309238, -0.004617, 2.137542, 17.189745, 0.0
9752.0, 18.314337, -3.310992, -0.005022, 2.137542, 17.189745, 0.0
9752.0, 18.314337, -3.310992, -0.005022, 2.137542, 17.189745, 0.0
9769.0, 18.348351, -3.312911, -0.005396, 2.137542, 17.189745, 0.0
9769.0, 18.348351, -3.312911, -0.005396, 2.137542, 17.189745, 0.0
9785.0, 18.382801, -3.314998, -0.005738, 2.137542, 17.189745, 0.0
9803.0, 18.417696, -3.317258, -0.00605, 2.137542, 17.189745, 0.0
9803.0, 18.417696, -3.317258, -0.00605, 2.137542, 17.189745, 0.0
9817.0, 18.452951, -3.319657, -0.006294, 2.137542, 17.189745, 0.0
9817.0, 18.452951, -3.319657, -0.006294, 2.137542, 17.189745, 0.0
9834.0, 18.488489, -3.322151, -0.006435, 2.137542, 17.189745, 0.0
9851.0, 18.524101, -3.324691, -0.00645, 2.137542, 17.189745, 0.0
9851.0, 18.524101, -3.324691, -0.00645, 2.137542, 17.189745, 0.0
9868.0, 18.559729, -3.327241, -0.006339, 2.137542, 17.189745, 0.0
9868.0, 18.559729, -3.327241, -0.006339, 2.137542, 17.189745, 0.0
9885.0, 18.595285, -3.329768, -0.00611, 2.137542, 17.189745, 0.0
9902.0, 18.630697, -3.332246, -0.005783, 2.137542, 17.189745, 0.0
9902.0, 18.630697, -3.332246, -0.005783, 2.137542, 17.189745, 0.0
9918.0, 18.665955, -3.334653, -0.005377, 2.13794, 17.689802, 0.0
9918.0, 18.665955, -3.334653, -0.005377, 2.13794, 17.689802, 0.0
9935.0, 18.700899, -3.336962, -0.004917, 2.13794, 17.689802, 0.0
9935.0, 18.700899, -3.336962, -0.004917, 2.13794, 17.689802, 0.0
9951.0, 18.73555, -3.339158, -0.004425, 2.13794, 17.689802, 0.0
9969.0, 18.769873, -3.341227, -0.003918, 2.13794, 17.689802, 0.0
9969.0, 18.769873, -3.341227, -0.003918, 2.13794, 17.689802, 0.0
9985.0, 18.803843, -3.343154, -0.003412, 2.13794, 17.689802, 0.0
9985.0, 18.803843, -3.343154, -0.003412, 2.13794, 17.689802, 0.0
