3.0, 0.0, 0.0, 0.002231, 3.536941, -3.534126, 0.0
3.0, 0.0, 0.0, 0.002231, 3.536941, -3.534126, 0.0
17.0, -0.000116, -0.000234, -0.00407, 3.536941, -3.534126, 0.0
17.0, -0.000116, -0.000234, -0.00407, 3.536941, -3.534126, 0.0
32.0, -0.000371, -0.000257, -0.009481, 3.536941, -3.534126, 0.0
51.0, -0.00077, 0.000035, -0.012095, 3.536941, -3.534126, 0.0
51.0, -0.00077, 0.000035, -0.012095, 3.536941, -3.534126, 0.0
66.0, -0.001337, 0.00059, -0.013041, 3.536941, -3.534126, 0.0
66.0, -0.001337, 0.00059, -0.013041, 3.536941, -3.534126, 0.0
82.0, -0.002102, 0.001317, -0.012768, 3.536941, -3.534126, 0.0
99.0, -0.003095, 0.002119, -0.011647, 3.536941, -3.534126, 0.0
99.0, -0.003095, 0.002119, -0.011647, 3.536941, -3.534126, 0.0
117.0, -0.004343, 0.0029, -0.009975, 3.465956, -3.463679, 0.0
117.0, -0.004343, 0.0029, -0.009975, 3.465956, -3.463679, 0.0
133.0, -0.005735, 0.003453, -0.008122, 3.465956, -3.463679, 0.0
150.0, -0.00745, 0.00428, -0.006174, 3.465956, -3.463679, 0.0
150.0, -0.00745, 0.00428, -0.006174, 3.465956, -3.463679, 0.0
166.0, -0.009583, 0.005395, -0.003869, 3.465956, -3.463679, 0.0
166.0, -0.009583, 0.005395, -0.003869, 3.465956, -3.463679, 0.0
183.0, -0.012134, 0.006731, -0.001147, 3.465956, -3.463679, 0.0
199.0, -0.015125, 0.008366, 0.001541, 3.465956, -3.463679, 0.0
199.0, -0.015125, 0.008366, 0.001541, 3.465956, -3.463679, 0.0
216.0, -0.017954, 0.010051, 0.001164, 3.465956, -3.463679, 0.0
216.0, -0.017954, 0.010051, 0.001164, 3.465956, -3.463679, 0.0
233.0, -0.021625, 0.012403, 0.001814, 3.465956, -3.463679, 0.0
251.0, -0.025798, 0.015094, 0.002654, 3.465956, -3.463679, 0.0
251.0, -0.025798, 0.015094, 0.002654, 3.465956, -3.463679, 0.0
266.0, -0.030411, 0.018051, 0.003452, 3.465956, -3.463679, 0.0
266.0, -0.030411, 0.018051, 0.003452, 3.465956, -3.463679, 0.0
283.0, -0.035479, 0.021253, 0.004253, 3.465956, -3.463679, 0.0
300.0, -0.040987, 0.024673, 0.004971, 3.465956, -3.463679, 0.0
300.0, -0.040987, 0.024673, 0.004971, 3.465956, -3.463679, 0.0
317.0, -0.046941, 0.028305, 0.005612, 3.465956, -3.463679, 0.0
317.0, -0.046941, 0.028305, 0.005612, 3.465956, -3.463679, 0.0
332.0, -0.053345, 0.03215, 0.006178, 3.465956, -3.463679, 0.0
350.0, -0.060219, 0.036216, 0.006676, 3.465956, -3.463679, 0.0
350.0, -0.060219, 0.036216, 0.006676, 3.465956, -3.463679, 0.0
365.0, -0.067528, 0.040484, 0.007111, 3.288435, -3.287503, 0.0
365.0, -0.067528, 0.040484, 0.007111, 3.288435, -3.287503, 0.0
382.0, -0.075289, 0.044964, 0.00749, 3.288435, -3.287503, 0.0
400.0, -0.083516, 0.049663, 0.007819, 3.288435, -3.287503, 0.0
400.0, -0.083516, 0.049663, 0.007819, 3.288435, -3.287503, 0.0
416.0, -0.092181, 0.054566, 0.008105, 3.288435, -3.287503, 0.0
416.0, -0.092181, 0.054566, 0.008105, 3.288435, -3.287503, 0.0
432.0, -0.101297, 0.059683, 0.008355, 3.288435, -3.287503, 0.0
449.0, -0.110865, 0.065012, 0.008575, 3.288435, -3.287503, 0.0
449.0, -0.110865, 0.065012, 0.008575, 3.288435, -3.287503, 0.0
465.0, -0.120884, 0.070553, 0.008771, 3.288435, -3.287503, 0.0
465.0, -0.120884, 0.070553, 0.008771, 3.288435, -3.287503, 0.0
482.0, -0.131355, 0.076304, 0.008948, 3.288435, -3.287503, 0.0
499.0, -0.142278, 0.082264, 0.009111, 3.288435, -3.287503, 0.0
499.0, -0.142278, 0.082264, 0.009111, 3.288435, -3.287503, 0.0
515.0, -0.153655, 0.088433, 0.009262, 3.288435, -3.287503, 0.0
515.0, -0.153655, 0.088433, 0.009262, 3.288435, -3.287503, 0.0
532.0, -0.165485, 0.09481, 0.009405, 3.288435, -3.287503, 0.0
550.0, -0.17777, 0.101393, 0.009542, 3.288435, -3.287503, 0.0
550.0, -0.17777, 0.101393, 0.009542, 3.288435, -3.287503, 0.0
565.0, -0.190512, 0.108182, 0.009677, 3.288435, -3.287503, 0.0
565.0, -0.190512, 0.108182, 0.009677, 3.288435, -3.287503, 0.0
582.0, -0.203711, 0.115174, 0.009808, 3.288435, -3.287503, 0.0
598.0, -0.217368, 0.122365, 0.009938, 3.288435, -3.287503, 0.0
599.0, -0.217368, 0.122365, 0.009938, 3.288435, -3.287503, 0.0
615.0, -0.231483, 0.129753, 0.010067, 3.110966, -3.111381, 0.0
615.0, -0.231483, 0.129753, 0.010067, 3.110966, -3.111381, 0.0
632.0, -0.246057, 0.137337, 0.010194, 3.110966, -3.111381, 0.0
650.0, -0.261091, 0.145115, 0.010321, 3.110966, -3.111381, 0.0
650.0, -0.261091, 0.145115, 0.010321, 3.110966, -3.111381, 0.0
665.0, -0.276589, 0.153085, 0.01045, 3.110966, -3.111381, 0.0
665.0, -0.276589, 0.153085, 0.01045, 3.110966, -3.111381, 0.0
682.0, -0.292552, 0.161243, 0.010577, 3.110966, -3.111381, 0.0
698.0, -0.308978, 0.169585, 0.010704, 3.110966, -3.111381, 0.0
698.0, -0.308978, 0.169585, 0.010704, 3.110966, -3.111381, 0.0
715.0, -0.325871, 0.178108, 0.01083, 3.110966, -3.111381, 0.0
715.0, -0.325871, 0.178108, 0.01083, 3.110966, -3.111381, 0.0
732.0, -0.343229, 0.186809, 0.010955, 3.110966, -3.111381, 0.0
749.0, -0.361054, 0.195686, 0.011078, 3.110966, -3.111381, 0.0
749.0, -0.361054, 0.195686, 0.011078, 3.110966, -3.111381, 0.0
765.0, -0.379344, 0.204734, 0.011199, 3.110966, -3.111381, 0.0
765.0, -0.379344, 0.204734, 0.011199, 3.110966, -3.111381, 0.0
782.0, -0.398104, 0.213951, 0.011319, 3.110966, -3.111381, 0.0
798.0, -0.417334, 0.223333, 0.011438, 3.110966, -3.111381, 0.0
798.0, -0.417334, 0.223333, 0.011438, 3.110966, -3.111381, 0.0
815.0, -0.437037, 0.232878, 0.011556, 3.110966, -3.111381, 0.0
815.0, -0.437037, 0.232878, 0.011556, 3.110966, -3.111381, 0.0
831.0, -0.457214, 0.242583, 0.011673, 3.110966, -3.111381, 0.0
849.0, -0.477866, 0.252446, 0.011788, 3.110966, -3.111381, 0.0
849.0, -0.477866, 0.252446, 0.011788, 3.110966, -3.111381, 0.0
864.0, -0.498993, 0.262464, 0.011902, 2.933517, -2.935277, 0.0
864.0, -0.498993, 0.262464, 0.011902, 2.933517, -2.935277, 0.0
881.0, -0.520597, 0.272633, 0.012014, 2.933517, -2.935277, 0.0
898.0, -0.542679, 0.28295, 0.012123, 2.933517, -2.935277, 0.0
898.0, -0.542679, 0.28295, 0.012123, 2.933517, -2.935277, 0.0
914.0, -0.56524, 0.293412, 0.012231, 2.933517, -2.935277, 0.0
914.0, -0.56524, 0.293412, 0.012231, 2.933517, -2.935277, 0.0
931.0, -0.58828, 0.304015, 0.012335, 2.933517, -2.935277, 0.0
949.0, -0.611801, 0.31476, 0.012438, 2.933517, -2.935277, 0.0
949.0, -0.611801, 0.31476, 0.012438, 2.933517, -2.935277, 0.0
964.0, -0.635894, 0.325682, 0.012539, 2.933517, -2.935277, 0.0
964.0, -0.635894, 0.325682, 0.012539, 2.933517, -2.935277, 0.0
981.0, -0.660379, 0.336695, 0.012637, 2.933517, -2.935277, 0.0
998.0, -0.685348, 0.347838, 0.012734, 2.933517, -2.935277, 0.0
998.0, -0.685348, 0.347838, 0.012734, 2.933517, -2.935277, 0.0
1015.0, -0.710801, 0.359107, 0.012828, 2.933517, -2.935277, 0.0
1015.0, -0.710801, 0.359107, 0.012828, 2.933517, -2.935277, 0.0
1031.0, -0.736738, 0.370499, 0.012919, 2.933517, -2.935277, 0.0
1049.0, -0.763161, 0.382013, 0.013008, 2.933517, -2.935277, 0.0
1049.0, -0.763161, 0.382013, 0.013008, 2.933517, -2.935277, 0.0
1064.0, -0.790059, 0.39364, 0.01309, 2.933517, -2.935277, 0.0
1064.0, -0.790059, 0.39364, 0.01309, 2.933517, -2.935277, 0.0
1081.0, -0.817441, 0.405381, 0.01317, 2.933517, -2.935277, 0.0
1098.0, -0.845309, 0.417234, 0.01325, 2.933517, -2.935277, 0.0
1098.0, -0.845309, 0.417234, 0.01325, 2.933517, -2.935277, 0.0
1114.0, -0.873667, 0.429197, 0.013329, 2.756021, -2.759127, 0.0
1114.0, -0.873667, 0.429197, 0.013329, 2.756021, -2.759127, 0.0
1131.0, -0.902515, 0.44127, 0.013408, 2.756021, -2.759127, 0.0
1149.0, -0.931852, 0.453449, 0.013485, 2.756021, -2.759127, 0.0
1149.0, -0.931852, 0.453449, 0.013485, 2.756021, -2.759127, 0.0
1164.0, -0.961593, 0.465713, 0.013523, 2.756021, -2.759127, 0.0
1164.0, -0.961593, 0.465713, 0.013523, 2.756021, -2.759127, 0.0
1181.0, -0.991604, 0.478024, 0.013479, 2.756021, -2.759127, 0.0
1198.0, -1.021758, 0.490345, 0.013331, 2.756021, -2.759127, 0.0
1198.0, -1.021758, 0.490345, 0.013331, 2.756021, -2.759127, 0.0
1215.0, -1.052076, 0.502698, 0.013074, 2.756021, -2.759127, 0.0
1215.0, -1.052076, 0.502698, 0.013074, 2.756021, -2.759127, 0.0
1232.0, -1.082204, 0.51495, 0.012718, 2.756021, -2.759127, 0.0
1249.0, -1.112193, 0.527132, 0.01228, 2.756021, -2.759127, 0.0
1249.0, -1.112193, 0.527132, 0.01228, 2.756021, -2.759127, 0.0
1265.0, -1.141971, 0.539215, 0.011778, 2.756021, -2.759127, 0.0
1265.0, -1.141971, 0.539215, 0.011778, 2.756021, -2.759127, 0.0
1281.0, -1.171496, 0.55118, 0.011239, 2.756021, -2.759127, 0.0
1298.0, -1.200733, 0.563009, 0.010685, 2.756021, -2.759127, 0.0
1298.0, -1.200733, 0.563009, 0.010685, 2.756021, -2.759127, 0.0
1315.0, -1.22965, 0.574689, 0.010133, 2.756021, -2.759127, 0.0
1315.0, -1.22965, 0.574689, 0.010133, 2.756021, -2.759127, 0.0
1331.0, -1.258221, 0.586208, 0.009596, 2.756021, -2.759127, 0.0
1350.0, -1.286425, 0.597556, 0.009083, 2.756021, -2.759127, 0.0
1350.0, -1.286425, 0.597556, 0.009083, 2.756021, -2.759127, 0.0
1365.0, -1.314257, 0.608729, 0.008608, 2.57852, -2.582972, 0.0
1365.0, -1.314257, 0.608729, 0.008608, 2.57852, -2.582972, 0.0
1381.0, -1.341697, 0.619712, 0.008168, 2.57852, -2.582972, 0.0
1398.0, -1.368735, 0.630495, 0.007764, 2.57852, -2.582972, 0.0
1398.0, -1.368735, 0.630495, 0.007764, 2.57852, -2.582972, 0.0
1415.0, -1.39536, 0.641072, 0.007396, 2.57852, -2.582972, 0.0
1415.0, -1.39536, 0.641072, 0.007396, 2.57852, -2.582972, 0.0
1432.0, -1.421569, 0.651435, 0.007063, 2.57852, -2.582972, 0.0
1449.0, -1.447357, 0.661581, 0.006762, 2.57852, -2.582972, 0.0
1449.0, -1.447357, 0.661581, 0.006762, 2.57852, -2.582972, 0.0
1465.0, -1.472726, 0.671504, 0.006492, 2.57852, -2.582972, 0.0
1465.0, -1.472726, 0.671504, 0.006492, 2.57852, -2.582972, 0.0
1482.0, -1.49767, 0.681199, 0.006249, 2.57852, -2.582972, 0.0
1499.0, -1.522189, 0.690661, 0.006027, 2.57852, -2.582972, 0.0
1499.0, -1.522189, 0.690661, 0.006027, 2.57852, -2.582972, 0.0
1515.0, -1.54628, 0.699885, 0.005824, 2.57852, -2.582972, 0.0
1515.0, -1.54628, 0.699885, 0.005824, 2.57852, -2.582972, 0.0
1532.0, -1.569943, 0.708869, 0.005636, 2.57852, -2.582972, 0.0
1550.0, -1.593179, 0.717609, 0.00546, 2.57852, -2.582972, 0.0
1550.0, -1.593179, 0.717609, 0.00546, 2.57852, -2.582972, 0.0
1566.0, -1.615982, 0.726101, 0.005292, 2.57852, -2.582972, 0.0
1566.0, -1.615982, 0.726101, 0.005292, 2.57852, -2.582972, 0.0
1582.0, -1.638356, 0.734343, 0.005132, 2.57852, -2.582972, 0.0
1599.0, -1.660304, 0.742334, 0.004977, 2.57852, -2.582972, 0.0
1599.0, -1.660304, 0.742334, 0.004977, 2.57852, -2.582972, 0.0
1615.0, -1.681826, 0.750073, 0.004828, 2.401071, -2.406868, 0.0
1615.0, -1.681826, 0.750073, 0.004828, 2.401071, -2.406868, 0.0
1631.0, -1.702922, 0.757557, 0.00468, 2.401071, -2.406868, 0.0
1648.0, -1.723592, 0.764785, 0.004535, 2.401071, -2.406868, 0.0
1648.0, -1.723592, 0.764785, 0.004535, 2.401071, -2.406868, 0.0
1665.0, -1.743837, 0.771757, 0.004389, 2.401071, -2.406868, 0.0
1665.0, -1.743837, 0.771757, 0.004389, 2.401071, -2.406868, 0.0
1682.0, -1.763656, 0.77847, 0.004244, 2.401071, -2.406868, 0.0
1699.0, -1.783051, 0.784926, 0.004097, 2.401071, -2.406868, 0.0
1699.0, -1.783051, 0.784926, 0.004097, 2.401071, -2.406868, 0.0
1715.0, -1.802019, 0.791122, 0.003948, 2.401071, -2.406868, 0.0
1716.0, -1.802019, 0.791122, 0.003948, 2.401071, -2.406868, 0.0
1732.0, -1.820562, 0.797058, 0.003798, 2.401071, -2.406868, 0.0
1749.0, -1.83868, 0.802735, 0.003647, 2.401071, -2.406868, 0.0
1749.0, -1.83868, 0.802735, 0.003647, 2.401071, -2.406868, 0.0
1766.0, -1.856371, 0.808151, 0.003493, 2.401071, -2.406868, 0.0
1766.0, -1.856371, 0.808151, 0.003493, 2.401071, -2.406868, 0.0
1782.0, -1.873637, 0.813308, 0.003338, 2.401071, -2.406868, 0.0
1799.0, -1.890476, 0.818204, 0.003181, 2.401071, -2.406868, 0.0
1799.0, -1.890476, 0.818204, 0.003181, 2.401071, -2.406868, 0.0
1816.0, -1.906889, 0.822841, 0.003022, 2.401071, -2.406868, 0.0
1816.0, -1.906889, 0.822841, 0.003022, 2.401071, -2.406868, 0.0
1831.0, -1.922875, 0.827219, 0.002862, 2.401071, -2.406868, 0.0
1849.0, -1.938435, 0.831338, 0.0027, 2.401071, -2.406868, 0.0
1849.0, -1.938435, 0.831338, 0.0027, 2.401071, -2.406868, 0.0
1864.0, -1.953567, 0.835198, 0.002537, 2.223621, -2.230763, 0.0
1864.0, -1.953567, 0.835198, 0.002537, 2.223621, -2.230763, 0.0
1881.0, -1.968271, 0.8388, 0.002374, 2.223621, -2.230763, 0.0
1898.0, -1.982547, 0.842146, 0.002209, 2.223621, -2.230763, 0.0
1899.0, -1.982547, 0.842146, 0.002209, 2.223621, -2.230763, 0.0
1915.0, -1.996394, 0.845235, 0.002042, 2.223621, -2.230763, 0.0
1915.0, -1.996394, 0.845235, 0.002042, 2.223621, -2.230763, 0.0
1931.0, -2.009813, 0.848068, 0.001875, 2.223621, -2.230763, 0.0
1949.0, -2.022802, 0.850646, 0.001706, 2.223621, -2.230763, 0.0
1949.0, -2.022802, 0.850646, 0.001706, 2.223621, -2.230763, 0.0
1966.0, -2.035361, 0.852971, 0.001536, 2.223621, -2.230763, 0.0
1966.0, -2.035361, 0.852971, 0.001536, 2.223621, -2.230763, 0.0
1982.0, -2.04749, 0.855043, 0.001364, 2.223621, -2.230763, 0.0
1999.0, -2.059188, 0.856863, 0.00119, 2.223621, -2.230763, 0.0
1999.0, -2.059188, 0.856863, 0.00119, 2.223621, -2.230763, 0.0
2016.0, -2.070454, 0.858433, 0.001014, 2.223621, -2.230763, 0.0
2016.0, -2.070454, 0.858433, 0.001014, 2.223621, -2.230763, 0.0
2031.0, -2.081289, 0.859753, 0.000836, 2.223621, -2.230763, 0.0
2049.0, -2.091691, 0.860825, 0.000656, 2.223621, -2.230763, 0.0
2049.0, -2.091691, 0.860825, 0.000656, 2.223621, -2.230763, 0.0
2065.0, -2.101662, 0.86165, 0.000473, 2.223621, -2.230763, 0.0
2065.0, -2.101662, 0.86165, 0.000473, 2.223621, -2.230763, 0.0
2081.0, -2.1112, 0.86223, 0.000287, 2.223621, -2.230763, 0.0
2098.0, -2.120304, 0.862567, 0.000096, 2.223621, -2.230763, 0.0
2098.0, -2.120304, 0.862567, 0.000096, 2.223621, -2.230763, 0.0
2115.0, -2.128972, 0.862662, -0.0001, 2.046171, -2.054659, 0.0
2115.0, -2.128972, 0.862662, -0.0001, 2.046171, -2.054659, 0.0
2131.0, -2.137206, 0.862516, -0.000302, 2.046171, -2.054659, 0.0
2149.0, -2.145003, 0.862131, -0.000511, 2.046171, -2.054659, 0.0
2149.0, -2.145003, 0.862131, -0.000511, 2.046171, -2.054659, 0.0
2166.0, -2.152364, 0.861509, -0.000728, 2.046171, -2.054659, 0.0
2166.0, -2.152364, 0.861509, -0.000728, 2.046171, -2.054659, 0.0
2182.0, -2.159288, 0.860653, -0.000954, 2.046171, -2.054659, 0.0
2198.0, -2.165776, 0.859565, -0.001191, 2.046171, -2.054659, 0.0
2198.0, -2.165776, 0.859565, -0.001191, 2.046171, -2.054659, 0.0
2216.0, -2.171827, 0.858246, -0.00144, 2.046171, -2.054659, 0.0
2216.0, -2.171827, 0.858246, -0.00144, 2.046171, -2.054659, 0.0
2232.0, -2.177444, 0.8567, -0.001704, 2.046171, -2.054659, 0.0
2250.0, -2.182626, 0.854928, -0.001983, 2.046171, -2.054659, 0.0
2250.0, -2.182626, 0.854928, -0.001983, 2.046171, -2.054659, 0.0
2265.0, -2.187375, 0.852932, -0.00228, 2.046171, -2.054659, 0.0
2265.0, -2.187375, 0.852932, -0.00228, 2.046171, -2.054659, 0.0
2282.0, -2.191691, 0.850716, -0.002596, 2.046171, -2.054659, 0.0
2299.0, -2.195576, 0.84828, -0.002931, 2.046171, -2.054659, 0.0
2299.0, -2.195576, 0.84828, -0.002931, 2.046171, -2.054659, 0.0
2316.0, -2.199032, 0.845626, -0.003282, 2.046171, -2.054659, 0.0
2316.0, -2.199032, 0.845626, -0.003282, 2.046171, -2.054659, 0.0
2331.0, -2.20206, 0.842755, -0.003645, 2.046171, -2.054659, 0.0
2348.0, -2.204663, 0.839665, -0.004012, 2.046171, -2.054659, 0.0
2348.0, -2.204663, 0.839665, -0.004012, 2.046171, -2.054659, 0.0
2365.0, -2.206841, 0.836355, -0.004374, 1.868722, -1.878555, 0.0
2365.0, -2.206841, 0.836355, -0.004374, 1.868722, -1.878555, 0.0
2381.0, -2.208595, 0.832823, -0.004718, 1.868722, -1.878555, 0.0
2398.0, -2.209921, 0.829066, -0.005035, 1.868722, -1.878555, 0.0
2398.0, -2.209921, 0.829066, -0.005035, 1.868722, -1.878555, 0.0
2415.0, -2.210818, 0.825081, -0.005319, 1.868722, -1.878555, 0.0
2415.0, -2.210818, 0.825081, -0.005319, 1.868722, -1.878555, 0.0
2431.0, -2.211281, 0.820864, -0.005567, 1.868722, -1.878555, 0.0
2449.0, -2.211304, 0.816414, -0.005783, 1.868722, -1.878555, 0.0
2449.0, -2.211304, 0.816414, -0.005783, 1.868722, -1.878555, 0.0
2465.0, -2.21088, 0.81173, -0.005976, 1.868722, -1.878555, 0.0
2465.0, -2.21088, 0.81173, -0.005976, 1.868722, -1.878555, 0.0
2482.0, -2.210004, 0.806816, -0.006153, 1.868722, -1.878555, 0.0
2498.0, -2.208669, 0.801673, -0.006325, 1.868722, -1.878555, 0.0
2498.0, -2.208669, 0.801673, -0.006325, 1.868722, -1.878555, 0.0
2515.0, -2.206871, 0.796306, -0.006498, 1.868722, -1.878555, 0.0
2515.0, -2.206871, 0.796306, -0.006498, 1.868722, -1.878555, 0.0
2532.0, -2.204606, 0.790718, -0.006677, 1.868722, -1.878555, 0.0
2549.0, -2.201871, 0.784915, -0.006867, 1.868722, -1.878555, 0.0
2549.0, -2.201871, 0.784915, -0.006867, 1.868722, -1.878555, 0.0
2565.0, -2.198665, 0.778901, -0.007067, 1.868722, -1.878555, 0.0
2565.0, -2.198665, 0.778901, -0.007067, 1.868722, -1.878555, 0.0
2581.0, -2.194985, 0.772681, -0.007278, 1.868722, -1.878555, 0.0
2598.0, -2.19083, 0.766259, -0.007498, 1.868722, -1.878555, 0.0
2598.0, -2.19083, 0.766259, -0.007498, 1.868722, -1.878555, 0.0
2615.0, -2.1862, 0.759641, -0.007724, 1.691272, -1.70245, 0.0
2615.0, -2.1862, 0.759641, -0.007724, 1.691272, -1.70245, 0.0
2631.0, -2.181094, 0.752829, -0.007955, 1.691272, -1.70245, 0.0
2649.0, -2.175513, 0.745825, -0.008187, 1.691272, -1.70245, 0.0
2649.0, -2.175513, 0.745825, -0.008187, 1.691272, -1.70245, 0.0
2664.0, -2.169455, 0.738634, -0.008419, 1.691272, -1.70245, 0.0
2664.0, -2.169455, 0.738634, -0.008419, 1.691272, -1.70245, 0.0
2681.0, -2.162921, 0.731258, -0.008648, 1.691272, -1.70245, 0.0
2698.0, -2.155911, 0.723701, -0.008873, 1.691272, -1.70245, 0.0
2698.0, -2.155911, 0.723701, -0.008873, 1.691272, -1.70245, 0.0
2715.0, -2.148426, 0.715967, -0.009092, 1.691272, -1.70245, 0.0
2715.0, -2.148426, 0.715967, -0.009092, 1.691272, -1.70245, 0.0
2732.0, -2.1404, 0.707992, -0.009307, 1.691272, -1.70245, 0.0
2748.0, -2.131962, 0.699908, -0.009514, 1.691272, -1.70245, 0.0
2748.0, -2.131962, 0.699908, -0.009514, 1.691272, -1.70245, 0.0
2765.0, -2.123058, 0.691662, -0.009709, 1.691272, -1.70245, 0.0
2765.0, -2.123058, 0.691662, -0.009709, 1.691272, -1.70245, 0.0
2782.0, -2.113682, 0.68325, -0.009898, 1.691272, -1.70245, 0.0
2798.0, -2.103822, 0.674663, -0.01008, 1.691272, -1.70245, 0.0
2798.0, -2.103822, 0.674663, -0.01008, 1.691272, -1.70245, 0.0
2815.0, -2.093493, 0.665919, -0.010257, 1.691272, -1.70245, 0.0
2815.0, -2.093493, 0.665919, -0.010257, 1.691272, -1.70245, 0.0
2832.0, -2.082689, 0.657011, -0.010428, 1.691272, -1.70245, 0.0
2848.0, -2.071407, 0.64794, -0.010594, 1.691272, -1.70245, 0.0
2848.0, -2.071407, 0.64794, -0.010594, 1.691272, -1.70245, 0.0
2865.0, -2.059637, 0.638699, -0.010759, 1.513711, -1.526236, 0.0
2865.0, -2.059637, 0.638699, -0.010759, 1.513711, -1.526236, 0.0
2882.0, -2.047386, 0.629297, -0.010917, 1.513711, -1.526236, 0.0
2899.0, -2.034658, 0.619737, -0.011068, 1.513711, -1.526236, 0.0
2899.0, -2.034658, 0.619737, -0.011068, 1.513711, -1.526236, 0.0
2915.0, -2.021453, 0.610024, -0.011213, 1.513711, -1.526236, 0.0
2915.0, -2.021453, 0.610024, -0.011213, 1.513711, -1.526236, 0.0
2931.0, -2.007773, 0.600157, -0.011352, 1.513711, -1.526236, 0.0
2948.0, -1.993616, 0.590138, -0.011486, 1.513711, -1.526236, 0.0
2948.0, -1.993616, 0.590138, -0.011486, 1.513711, -1.526236, 0.0
2964.0, -1.978984, 0.579968, -0.011615, 1.513711, -1.526236, 0.0
2964.0, -1.978984, 0.579968, -0.011615, 1.513711, -1.526236, 0.0
2982.0, -1.963875, 0.569648, -0.011741, 1.513711, -1.526236, 0.0
2999.0, -1.94829, 0.559177, -0.011864, 1.513711, -1.526236, 0.0
2999.0, -1.94829, 0.559177, -0.011864, 1.513711, -1.526236, 0.0
3015.0, -1.932227, 0.548556, -0.011984, 1.513711, -1.526236, 0.0
3015.0, -1.932227, 0.548556, -0.011984, 1.513711, -1.526236, 0.0
3031.0, -1.915688, 0.537787, -0.012103, 1.513711, -1.526236, 0.0
3048.0, -1.898652, 0.526855, -0.01222, 1.513711, -1.526236, 0.0
3048.0, -1.898652, 0.526855, -0.01222, 1.513711, -1.526236, 0.0
3065.0, -1.881159, 0.515787, -0.012336, 1.513711, -1.526236, 0.0
3065.0, -1.881159, 0.515787, -0.012336, 1.513711, -1.526236, 0.0
3081.0, -1.863189, 0.504568, -0.01245, 1.513711, -1.526236, 0.0
3099.0, -1.844741, 0.493197, -0.012563, 1.513711, -1.526236, 0.0
3099.0, -1.844741, 0.493197, -0.012563, 1.513711, -1.526236, 0.0
3115.0, -1.825818, 0.481674, -0.012676, 1.336247, -1.350118, 0.0
3115.0, -1.825818, 0.481674, -0.012676, 1.336247, -1.350118, 0.0
3132.0, -1.806418, 0.469998, -0.012786, 1.336247, -1.350118, 0.0
3150.0, -1.786543, 0.458169, -0.012896, 1.336247, -1.350118, 0.0
3150.0, -1.786543, 0.458169, -0.012896, 1.336247, -1.350118, 0.0
3165.0, -1.766287, 0.446219, -0.012965, 1.336247, -1.350118, 0.0
3165.0, -1.766287, 0.446219, -0.012965, 1.336247, -1.350118, 0.0
3181.0, -1.745776, 0.43419, -0.012953, 1.336247, -1.350118, 0.0
3198.0, -1.72513, 0.42212, -0.012841, 1.336247, -1.350118, 0.0
3198.0, -1.72513, 0.42212, -0.012841, 1.336247, -1.350118, 0.0
3215.0, -1.704456, 0.410047, -0.012622, 1.336247, -1.350118, 0.0
3215.0, -1.704456, 0.410047, -0.012622, 1.336247, -1.350118, 0.0
3231.0, -1.683849, 0.397999, -0.012305, 1.336247, -1.350118, 0.0
3250.0, -1.663386, 0.386001, -0.011904, 1.336247, -1.350118, 0.0
3250.0, -1.663386, 0.386001, -0.011904, 1.336247, -1.350118, 0.0
3265.0, -1.64313, 0.374077, -0.01144, 1.336247, -1.350118, 0.0
3265.0, -1.64313, 0.374077, -0.01144, 1.336247, -1.350118, 0.0
3281.0, -1.623133, 0.362243, -0.010933, 1.336247, -1.350118, 0.0
3299.0, -1.603436, 0.350516, -0.010403, 1.336247, -1.350118, 0.0
3299.0, -1.603436, 0.350516, -0.010403, 1.336247, -1.350118, 0.0
3315.0, -1.584072, 0.338911, -0.009868, 1.336247, -1.350118, 0.0
3315.0, -1.584072, 0.338911, -0.009868, 1.336247, -1.350118, 0.0
3332.0, -1.565068, 0.327438, -0.009342, 1.336247, -1.350118, 0.0
3350.0, -1.546444, 0.316108, -0.008835, 1.336247, -1.350118, 0.0
3350.0, -1.546444, 0.316108, -0.008835, 1.336247, -1.350118, 0.0
3365.0, -1.528214, 0.304925, -0.008356, 1.158798, -1.174014, 0.0
3365.0, -1.528214, 0.304925, -0.008356, 1.158798, -1.174014, 0.0
3381.0, -1.510398, 0.293902, -0.00791, 1.158798, -1.174014, 0.0
3398.0, -1.493004, 0.28304, -0.007499, 1.158798, -1.174014, 0.0
3398.0, -1.493004, 0.28304, -0.007499, 1.158798, -1.174014, 0.0
3415.0, -1.47604, 0.272343, -0.007123, 1.158798, -1.174014, 0.0
3415.0, -1.47604, 0.272343, -0.007123, 1.158798, -1.174014, 0.0
3431.0, -1.459511, 0.261816, -0.006782, 1.158798, -1.174014, 0.0
3450.0, -1.443425, 0.25146, -0.006474, 1.158798, -1.174014, 0.0
3450.0, -1.443425, 0.25146, -0.006474, 1.158798, -1.174014, 0.0
3465.0, -1.427688, 0.241243, -0.006237, 1.158798, -1.174014, 0.0
3465.0, -1.427688, 0.241243, -0.006237, 1.158798, -1.174014, 0.0
3482.0, -1.412183, 0.231123, -0.006105, 1.158798, -1.174014, 0.0
3499.0, -1.396792, 0.221057, -0.006097, 1.158798, -1.174014, 0.0
3499.0, -1.396792, 0.221057, -0.006097, 1.158798, -1.174014, 0.0
3515.0, -1.38141, 0.21101, -0.006216, 1.158798, -1.174014, 0.0
3515.0, -1.38141, 0.21101, -0.006216, 1.158798, -1.174014, 0.0
3531.0, -1.365947, 0.20095, -0.00645, 1.158798, -1.174014, 0.0
3550.0, -1.350327, 0.190851, -0.006781, 1.158798, -1.174014, 0.0
3550.0, -1.350327, 0.190851, -0.006781, 1.158798, -1.174014, 0.0
3566.0, -1.334489, 0.180692, -0.00719, 1.158798, -1.174014, 0.0
3566.0, -1.334489, 0.180692, -0.00719, 1.158798, -1.174014, 0.0
3582.0, -1.318381, 0.170455, -0.007651, 1.158798, -1.174014, 0.0
3599.0, -1.301962, 0.160125, -0.008145, 1.158798, -1.174014, 0.0
3599.0, -1.301962, 0.160125, -0.008145, 1.158798, -1.174014, 0.0
3615.0, -1.2852, 0.149691, -0.008652, 0.981345, -0.997907, 0.0
3615.0, -1.2852, 0.149691, -0.008652, 0.981345, -0.997907, 0.0
3631.0, -1.268069, 0.139142, -0.009156, 0.981345, -0.997907, 0.0
3650.0, -1.250547, 0.12847, -0.009645, 0.981345, -0.997907, 0.0
3650.0, -1.250547, 0.12847, -0.009645, 0.981345, -0.997907, 0.0
3665.0, -1.232713, 0.117702, -0.01007, 0.981345, -0.997907, 0.0
3665.0, -1.232713, 0.117702, -0.01007, 0.981345, -0.997907, 0.0
3682.0, -1.214678, 0.106876, -0.010385, 0.981345, -0.997907, 0.0
3699.0, -1.196551, 0.096028, -0.010567, 0.981345, -0.997907, 0.0
3699.0, -1.196551, 0.096028, -0.010567, 0.981345, -0.997907, 0.0
3716.0, -1.178433, 0.085191, -0.010608, 0.981345, -0.997907, 0.0
3716.0, -1.178433, 0.085191, -0.010608, 0.981345, -0.997907, 0.0
3732.0, -1.160408, 0.074393, -0.010516, 0.981345, -0.997907, 0.0
3750.0, -1.14255, 0.063655, -0.010308, 0.981345, -0.997907, 0.0
3750.0, -1.14255, 0.063655, -0.010308, 0.981345, -0.997907, 0.0
3766.0, -1.124914, 0.052997, -0.010007, 0.981345, -0.997907, 0.0
3766.0, -1.124914, 0.052997, -0.010007, 0.981345, -0.997907, 0.0
3782.0, -1.107551, 0.042437, -0.009635, 0.981345, -0.997907, 0.0
3799.0, -1.090501, 0.031989, -0.009215, 0.981345, -0.997907, 0.0
3799.0, -1.090501, 0.031989, -0.009215, 0.981345, -0.997907, 0.0
3816.0, -1.073795, 0.021667, -0.008766, 0.981345, -0.997907, 0.0
3816.0, -1.073795, 0.021667, -0.008766, 0.981345, -0.997907, 0.0
3831.0, -1.057458, 0.011481, -0.008308, 0.981345, -0.997907, 0.0
3849.0, -1.04151, 0.001439, -0.007854, 0.981345, -0.997907, 0.0
3849.0, -1.04151, 0.001439, -0.007854, 0.981345, -0.997907, 0.0
3866.0, -1.02597, -0.008449, -0.007413, 0.803895, -0.821802, 0.0
3866.0, -1.02597, -0.008449, -0.007413, 0.803895, -0.821802, 0.0
3881.0, -1.010847, -0.01818, -0.006994, 0.803895, -0.821802, 0.0
3899.0, -0.996151, -0.02775, -0.006602, 0.803895, -0.821802, 0.0
3899.0, -0.996151, -0.02775, -0.006602, 0.803895, -0.821802, 0.0
3915.0, -0.981889, -0.037155, -0.006239, 0.803895, -0.821802, 0.0
3915.0, -0.981889, -0.037155, -0.006239, 0.803895, -0.821802, 0.0
3931.0, -0.968066, -0.046394, -0.005907, 0.803895, -0.821802, 0.0
3950.0, -0.954689, -0.055463, -0.005603, 0.803895, -0.821802, 0.0
3950.0, -0.954689, -0.055463, -0.005603, 0.803895, -0.821802, 0.0
3966.0, -0.941664, -0.064394, -0.005368, 0.803895, -0.821802, 0.0
3966.0, -0.941664, -0.064394, -0.005368, 0.803895, -0.821802, 0.0
3983.0, -0.928874, -0.073231, -0.005237, 0.803895, -0.821802, 0.0
4000.0, -0.916199, -0.082014, -0.005228, 0.803895, -0.821802, 0.0
4000.0, -0.916199, -0.082014, -0.005228, 0.803895, -0.821802, 0.0
4016.0, -0.903536, -0.09078, -0.005343, 0.803895, -0.821802, 0.0
4016.0, -0.903536, -0.09078, -0.005343, 0.803895, -0.821802, 0.0
4032.0, -0.890793, -0.099559, -0.005575, 0.803895, -0.821802, 0.0
4050.0, -0.877895, -0.108379, -0.005904, 0.803895, -0.821802, 0.0
4050.0, -0.877895, -0.108379, -0.005904, 0.803895, -0.821802, 0.0
4065.0, -0.864779, -0.117259, -0.00631, 0.803895, -0.821802, 0.0
4065.0, -0.864779, -0.117259, -0.00631, 0.803895, -0.821802, 0.0
4082.0, -0.851395, -0.126216, -0.006769, 0.803895, -0.821802, 0.0
4098.0, -0.837701, -0.135266, -0.007262, 0.803895, -0.821802, 0.0
4098.0, -0.837701, -0.135266, -0.007262, 0.803895, -0.821802, 0.0
4115.0, -0.823665, -0.144419, -0.007768, 0.626445, -0.645698, 0.0
4115.0, -0.823665, -0.144419, -0.007768, 0.626445, -0.645698, 0.0
4132.0, -0.809258, -0.153685, -0.008273, 0.626445, -0.645698, 0.0
4150.0, -0.794461, -0.163072, -0.008764, 0.626445, -0.645698, 0.0
4150.0, -0.794461, -0.163072, -0.008764, 0.626445, -0.645698, 0.0
4165.0, -0.779353, -0.172553, -0.00919, 0.626445, -0.645698, 0.0
4165.0, -0.779353, -0.172553, -0.00919, 0.626445, -0.645698, 0.0
4182.0, -0.764043, -0.182092, -0.009508, 0.626445, -0.645698, 0.0
4199.0, -0.748641, -0.191652, -0.009693, 0.626445, -0.645698, 0.0
4199.0, -0.748641, -0.191652, -0.009693, 0.626445, -0.645698, 0.0
4216.0, -0.733248, -0.201202, -0.009737, 0.626445, -0.645698, 0.0
4216.0, -0.733248, -0.201202, -0.009737, 0.626445, -0.645698, 0.0
4232.0, -0.717948, -0.210714, -0.009648, 0.626445, -0.645698, 0.0
4250.0, -0.702816, -0.220166, -0.009443, 0.626445, -0.645698, 0.0
4250.0, -0.702816, -0.220166, -0.009443, 0.626445, -0.645698, 0.0
4266.0, -0.687909, -0.229539, -0.009143, 0.626445, -0.645698, 0.0
4266.0, -0.687909, -0.229539, -0.009143, 0.626445, -0.645698, 0.0
4282.0, -0.673277, -0.238816, -0.008773, 0.626445, -0.645698, 0.0
4299.0, -0.658959, -0.247985, -0.008355, 0.626445, -0.645698, 0.0
4299.0, -0.658959, -0.247985, -0.008355, 0.626445, -0.645698, 0.0
4316.0, -0.644986, -0.257032, -0.007909, 0.626445, -0.645698, 0.0
4316.0, -0.644986, -0.257032, -0.007909, 0.626445, -0.645698, 0.0
4331.0, -0.631384, -0.265949, -0.007452, 0.626445, -0.645698, 0.0
4349.0, -0.618171, -0.274727, -0.006999, 0.626445, -0.645698, 0.0
4349.0, -0.618171, -0.274727, -0.006999, 0.626445, -0.645698, 0.0
4364.0, -0.605361, -0.283361, -0.006561, 0.448996, -0.469594, 0.0
4364.0, -0.605361, -0.283361, -0.006561, 0.448996, -0.469594, 0.0
4381.0, -0.59297, -0.291847, -0.006144, 0.448996, -0.469594, 0.0
4398.0, -0.581008, -0.300178, -0.005753, 0.448996, -0.469594, 0.0
4398.0, -0.581008, -0.300178, -0.005753, 0.448996, -0.469594, 0.0
4415.0, -0.569483, -0.308353, -0.005389, 0.448996, -0.469594, 0.0
4415.0, -0.569483, -0.308353, -0.005389, 0.448996, -0.469594, 0.0
4431.0, -0.558402, -0.316369, -0.005054, 0.448996, -0.469594, 0.0
4450.0, -0.547769, -0.324224, -0.004747, 0.448996, -0.469594, 0.0
4450.0, -0.547769, -0.324224, -0.004747, 0.448996, -0.469594, 0.0
4465.0, -0.537494, -0.331947, -0.004508, 0.448996, -0.469594, 0.0
4465.0, -0.537494, -0.331947, -0.004508, 0.448996, -0.469594, 0.0
4482.0, -0.527457, -0.33958, -0.004371, 0.448996, -0.469594, 0.0
4499.0, -0.517538, -0.347162, -0.004357, 0.448996, -0.469594, 0.0
4499.0, -0.517538, -0.347162, -0.004357, 0.448996, -0.469594, 0.0
4515.0, -0.507631, -0.35473, -0.004468, 0.448996, -0.469594, 0.0
4515.0, -0.507631, -0.35473, -0.004468, 0.448996, -0.469594, 0.0
4531.0, -0.497646, -0.362312, -0.004695, 0.448996, -0.469594, 0.0
4549.0, -0.487507, -0.369933, -0.005021, 0.448996, -0.469594, 0.0
4549.0, -0.487507, -0.369933, -0.005021, 0.448996, -0.469594, 0.0
4565.0, -0.477151, -0.377613, -0.005424, 0.448996, -0.469594, 0.0
4565.0, -0.477151, -0.377613, -0.005424, 0.448996, -0.469594, 0.0
4581.0, -0.466526, -0.385369, -0.005882, 0.448996, -0.469594, 0.0
4598.0, -0.455591, -0.393213, -0.006375, 0.448996, -0.469594, 0.0
4598.0, -0.455591, -0.393213, -0.006375, 0.448996, -0.469594, 0.0
4615.0, -0.444312, -0.401157, -0.006883, 0.271546, -0.29349, 0.0
4615.0, -0.444312, -0.401157, -0.006883, 0.271546, -0.29349, 0.0
4631.0, -0.432662, -0.409209, -0.007391, 0.271546, -0.29349, 0.0
4649.0, -0.420621, -0.417376, -0.007886, 0.271546, -0.29349, 0.0
4649.0, -0.420621, -0.417376, -0.007886, 0.271546, -0.29349, 0.0
4665.0, -0.40817, -0.425666, -0.008358, 0.271546, -0.29349, 0.0
4665.0, -0.40817, -0.425666, -0.008358, 0.271546, -0.29349, 0.0
4681.0, -0.395297, -0.434085, -0.008801, 0.271546, -0.29349, 0.0
4699.0, -0.381992, -0.442639, -0.009211, 0.271546, -0.29349, 0.0
4699.0, -0.381992, -0.442639, -0.009211, 0.271546, -0.29349, 0.0
4715.0, -0.368245, -0.451331, -0.009586, 0.271546, -0.29349, 0.0
4715.0, -0.368245, -0.451331, -0.009586, 0.271546, -0.29349, 0.0
4732.0, -0.354052, -0.460166, -0.009927, 0.271546, -0.29349, 0.0
4749.0, -0.339407, -0.469148, -0.010234, 0.271546, -0.29349, 0.0
4749.0, -0.339407, -0.469148, -0.010234, 0.271546, -0.29349, 0.0
4765.0, -0.324401, -0.478245, -0.010469, 0.271546, -0.29349, 0.0
4765.0, -0.324401, -0.478245, -0.010469, 0.271546, -0.29349, 0.0
4781.0, -0.309156, -0.487417, -0.010598, 0.271546, -0.29349, 0.0
4798.0, -0.293788, -0.496625, -0.0106, 0.271546, -0.29349, 0.0
4798.0, -0.293788, -0.496625, -0.0106, 0.271546, -0.29349, 0.0
4815.0, -0.278404, -0.505833, -0.010475, 0.271546, -0.29349, 0.0
4815.0, -0.278404, -0.505833, -0.010475, 0.271546, -0.29349, 0.0
4832.0, -0.263094, -0.515012, -0.010234, 0.271546, -0.29349, 0.0
4849.0, -0.247935, -0.524138, -0.009893, 0.271546, -0.29349, 0.0
4849.0, -0.247935, -0.524138, -0.009893, 0.271546, -0.29349, 0.0
4865.0, -0.232989, -0.533189, -0.009476, 0.094097, -0.117385, 0.0
4865.0, -0.232989, -0.533189, -0.009476, 0.094097, -0.117385, 0.0
4881.0, -0.218307, -0.542149, -0.009006, 0.094097, -0.117385, 0.0
4899.0, -0.2039, -0.551019, -0.008502, 0.094097, -0.117385, 0.0
4899.0, -0.2039, -0.551019, -0.008502, 0.094097, -0.117385, 0.0
4914.0, -0.189861, -0.559752, -0.007987, 0.094097, -0.117385, 0.0
4914.0, -0.189861, -0.559752, -0.007987, 0.094097, -0.117385, 0.0
4931.0, -0.176186, -0.568356, -0.007476, 0.094097, -0.117385, 0.0
4949.0, -0.162894, -0.57682, -0.006979, 0.094097, -0.117385, 0.0
4949.0, -0.162894, -0.57682, -0.006979, 0.094097, -0.117385, 0.0
4965.0, -0.150004, -0.585139, -0.006505, 0.094097, -0.117385, 0.0
4965.0, -0.150004, -0.585139, -0.006505, 0.094097, -0.117385, 0.0
4981.0, -0.137529, -0.593308, -0.006062, 0.094097, -0.117385, 0.0
4999.0, -0.125479, -0.601323, -0.005651, 0.094097, -0.117385, 0.0
4999.0, -0.125479, -0.601323, -0.005651, 0.094097, -0.117385, 0.0
5015.0, -0.113864, -0.609181, -0.005274, 0.094097, -0.117385, 0.0
5015.0, -0.113864, -0.609181, -0.005274, 0.094097, -0.117385, 0.0
5032.0, -0.102688, -0.616879, -0.00493, 0.094097, -0.117385, 0.0
5049.0, -0.091959, -0.624415, -0.004617, 0.094097, -0.117385, 0.0
5049.0, -0.091959, -0.624415, -0.004617, 0.094097, -0.117385, 0.0
5065.0, -0.081583, -0.63182, -0.004375, 0.094097, -0.117385, 0.0
5065.0, -0.081583, -0.63182, -0.004375, 0.094097, -0.117385, 0.0
5082.0, -0.071442, -0.639135, -0.004237, 0.094097, -0.117385, 0.0
5099.0, -0.061419, -0.646401, -0.004223, 0.094097, -0.117385, 0.0
5099.0, -0.061419, -0.646401, -0.004223, 0.094097, -0.117385, 0.0
5115.0, -0.051407, -0.653651, -0.004334, -0.083378, 0.058743, 0.0
5115.0, -0.051407, -0.653651, -0.004334, -0.083378, 0.058743, 0.0
5132.0, -0.0413, -0.660927, -0.004562, -0.083378, 0.058743, 0.0
5150.0, -0.031055, -0.668232, -0.004888, -0.083378, 0.058743, 0.0
5150.0, -0.031055, -0.668232, -0.004888, -0.083378, 0.058743, 0.0
5165.0, -0.020576, -0.675608, -0.005291, -0.083378, 0.058743, 0.0
5165.0, -0.020576, -0.675608, -0.005291, -0.083378, 0.058743, 0.0
5182.0, -0.009846, -0.683048, -0.00575, -0.083378, 0.058743, 0.0
5199.0, 0.001194, -0.690578, -0.006242, -0.083378, 0.058743, 0.0
5199.0, 0.001194, -0.690578, -0.006242, -0.083378, 0.058743, 0.0
5215.0, 0.012577, -0.698209, -0.006749, -0.083378, 0.058743, 0.0
5215.0, 0.012577, -0.698209, -0.006749, -0.083378, 0.058743, 0.0
5232.0, 0.024331, -0.705951, -0.007256, -0.083378, 0.058743, 0.0
5250.0, 0.036477, -0.713811, -0.007749, -0.083378, 0.058743, 0.0
5250.0, 0.036477, -0.713811, -0.007749, -0.083378, 0.058743, 0.0
5265.0, 0.049031, -0.721796, -0.00822, -0.083378, 0.058743, 0.0
5265.0, 0.049031, -0.721796, -0.00822, -0.083378, 0.058743, 0.0
5282.0, 0.062007, -0.729913, -0.008662, -0.083378, 0.058743, 0.0
5298.0, 0.075415, -0.738166, -0.00907, -0.083378, 0.058743, 0.0
5298.0, 0.075415, -0.738166, -0.00907, -0.083378, 0.058743, 0.0
5315.0, 0.089264, -0.746561, -0.009444, -0.083378, 0.058743, 0.0
5315.0, 0.089264, -0.746561, -0.009444, -0.083378, 0.058743, 0.0
5332.0, 0.103558, -0.755102, -0.009783, -0.083378, 0.058743, 0.0
5349.0, 0.118304, -0.763791, -0.010089, -0.083378, 0.058743, 0.0
5349.0, 0.118304, -0.763791, -0.010089, -0.083378, 0.058743, 0.0
5364.0, 0.133412, -0.7726, -0.010324, -0.260866, 0.234886, 0.0
5364.0, 0.133412, -0.7726, -0.010324, -0.260866, 0.234886, 0.0
5382.0, 0.148761, -0.781485, -0.010452, -0.260866, 0.234886, 0.0
5399.0, 0.164232, -0.790408, -0.010455, -0.260866, 0.234886, 0.0
5399.0, 0.164232, -0.790408, -0.010455, -0.260866, 0.234886, 0.0
5415.0, 0.179719, -0.799333, -0.01033, -0.260866, 0.234886, 0.0
5415.0, 0.179719, -0.799333, -0.01033, -0.260866, 0.234886, 0.0
5432.0, 0.19513, -0.808229, -0.010087, -0.260866, 0.234886, 0.0
5449.0, 0.21039, -0.817072, -0.009747, -0.260866, 0.234886, 0.0
5449.0, 0.21039, -0.817072, -0.009747, -0.260866, 0.234886, 0.0
5466.0, 0.225439, -0.825842, -0.009331, -0.260866, 0.234886, 0.0
5466.0, 0.225439, -0.825842, -0.009331, -0.260866, 0.234886, 0.0
5482.0, 0.240225, -0.834521, -0.008861, -0.260866, 0.234886, 0.0
5499.0, 0.254706, -0.843094, -0.00836, -0.260866, 0.234886, 0.0
5499.0, 0.254706, -0.843094, -0.00836, -0.260866, 0.234886, 0.0
5516.0, 0.268849, -0.851548, -0.007845, -0.260866, 0.234886, 0.0
5516.0, 0.268849, -0.851548, -0.007845, -0.260866, 0.234886, 0.0
5532.0, 0.282627, -0.859872, -0.007333, -0.260866, 0.234886, 0.0
5550.0, 0.29602, -0.868057, -0.006836, -0.260866, 0.234886, 0.0
5550.0, 0.29602, -0.868057, -0.006836, -0.260866, 0.234886, 0.0
5566.0, 0.309008, -0.876096, -0.006362, -0.260866, 0.234886, 0.0
5566.0, 0.309008, -0.876096, -0.006362, -0.260866, 0.234886, 0.0
5582.0, 0.32158, -0.883985, -0.005919, -0.260866, 0.234886, 0.0
5599.0, 0.333727, -0.89172, -0.005508, -0.260866, 0.234886, 0.0
5599.0, 0.333727, -0.89172, -0.005508, -0.260866, 0.234886, 0.0
5615.0, 0.345439, -0.899299, -0.005132, -0.438316, 0.41099, 0.0
5615.0, 0.345439, -0.899299, -0.005132, -0.438316, 0.41099, 0.0
5631.0, 0.356711, -0.906719, -0.004791, -0.438316, 0.41099, 0.0
5649.0, 0.367537, -0.913978, -0.004481, -0.438316, 0.41099, 0.0
5649.0, 0.367537, -0.913978, -0.004481, -0.438316, 0.41099, 0.0
5666.0, 0.378009, -0.921107, -0.004241, -0.438316, 0.41099, 0.0
5666.0, 0.378009, -0.921107, -0.004241, -0.438316, 0.41099, 0.0
5681.0, 0.388246, -0.928146, -0.004107, -0.438316, 0.41099, 0.0
5699.0, 0.398366, -0.935136, -0.004095, -0.438316, 0.41099, 0.0
5699.0, 0.398366, -0.935136, -0.004095, -0.438316, 0.41099, 0.0
5716.0, 0.408474, -0.942112, -0.00421, -0.438316, 0.41099, 0.0
5716.0, 0.408474, -0.942112, -0.00421, -0.438316, 0.41099, 0.0
5732.0, 0.418661, -0.949104, -0.00444, -0.438316, 0.41099, 0.0
5750.0, 0.429003, -0.956137, -0.004768, -0.438316, 0.41099, 0.0
5750.0, 0.429003, -0.956137, -0.004768, -0.438316, 0.41099, 0.0
5766.0, 0.439562, -0.96323, -0.005173, -0.438316, 0.41099, 0.0
5766.0, 0.439562, -0.96323, -0.005173, -0.438316, 0.41099, 0.0
5782.0, 0.450389, -0.970401, -0.005632, -0.438316, 0.41099, 0.0
5799.0, 0.461526, -0.977663, -0.006124, -0.438316, 0.41099, 0.0
5799.0, 0.461526, -0.977663, -0.006124, -0.438316, 0.41099, 0.0
5816.0, 0.473005, -0.985028, -0.006631, -0.438316, 0.41099, 0.0
5816.0, 0.473005, -0.985028, -0.006631, -0.438316, 0.41099, 0.0
5831.0, 0.484854, -0.992505, -0.007136, -0.438316, 0.41099, 0.0
5849.0, 0.497094, -1.000101, -0.007628, -0.438316, 0.41099, 0.0
5849.0, 0.497094, -1.000101, -0.007628, -0.438316, 0.41099, 0.0
5865.0, 0.509742, -1.007824, -0.008097, -0.615766, 0.587094, 0.0
5865.0, 0.509742, -1.007824, -0.008097, -0.615766, 0.587094, 0.0
5882.0, 0.522811, -1.01568, -0.008536, -0.615766, 0.587094, 0.0
5899.0, 0.53631, -1.023675, -0.008943, -0.615766, 0.587094, 0.0
5899.0, 0.53631, -1.023675, -0.008943, -0.615766, 0.587094, 0.0
5915.0, 0.55025, -1.031813, -0.009315, -0.615766, 0.587094, 0.0
5915.0, 0.55025, -1.031813, -0.009315, -0.615766, 0.587094, 0.0
5932.0, 0.564635, -1.040098, -0.009652, -0.615766, 0.587094, 0.0
5951.0, 0.579471, -1.048533, -0.009957, -0.615766, 0.587094, 0.0
5951.0, 0.579471, -1.048533, -0.009957, -0.615766, 0.587094, 0.0
5966.0, 0.594665, -1.057088, -0.010189, -0.615766, 0.587094, 0.0
5966.0, 0.594665, -1.057088, -0.010189, -0.615766, 0.587094, 0.0
5982.0, 0.610099, -1.065721, -0.010315, -0.615766, 0.587094, 0.0
5999.0, 0.625654, -1.074392, -0.010315, -0.615766, 0.587094, 0.0
5999.0, 0.625654, -1.074392, -0.010315, -0.615766, 0.587094, 0.0
6016.0, 0.641224, -1.083066, -0.010191, -0.615766, 0.587094, 0.0
6016.0, 0.641224, -1.083066, -0.010191, -0.615766, 0.587094, 0.0
6032.0, 0.656719, -1.091713, -0.009949, -0.615766, 0.587094, 0.0
6049.0, 0.672063, -1.100308, -0.009609, -0.615766, 0.587094, 0.0
6049.0, 0.672063, -1.100308, -0.009609, -0.615766, 0.587094, 0.0
6066.0, 0.687298, -1.108889, -0.009192, -0.615766, 0.587094, 0.0
6066.0, 0.687298, -1.108889, -0.009192, -0.615766, 0.587094, 0.0
6082.0, 0.702166, -1.117322, -0.008724, -0.615766, 0.587094, 0.0
6099.0, 0.716729, -1.12565, -0.008224, -0.615766, 0.587094, 0.0
6099.0, 0.716729, -1.12565, -0.008224, -0.615766, 0.587094, 0.0
6116.0, 0.730952, -1.13386, -0.007711, -0.793296, 0.763279, 0.0
6116.0, 0.730952, -1.13386, -0.007711, -0.793296, 0.763279, 0.0
6132.0, 0.744811, -1.141942, -0.007201, -0.793296, 0.763279, 0.0
6149.0, 0.758284, -1.149888, -0.006706, -0.793296, 0.763279, 0.0
6149.0, 0.758284, -1.149888, -0.006706, -0.793296, 0.763279, 0.0
6166.0, 0.771342, -1.157682, -0.00623, -0.793296, 0.763279, 0.0
6166.0, 0.771342, -1.157682, -0.00623, -0.793296, 0.763279, 0.0
6182.0, 0.783981, -1.165327, -0.005785, -0.793296, 0.763279, 0.0
6199.0, 0.796194, -1.17282, -0.005375, -0.793296, 0.763279, 0.0
6199.0, 0.796194, -1.17282, -0.005375, -0.793296, 0.763279, 0.0
6216.0, 0.807974, -1.18016, -0.005002, -0.793296, 0.763279, 0.0
6216.0, 0.807974, -1.18016, -0.005002, -0.793296, 0.763279, 0.0
6232.0, 0.819315, -1.187343, -0.004664, -0.793296, 0.763279, 0.0
6251.0, 0.830211, -1.194369, -0.004358, -0.793296, 0.763279, 0.0
6251.0, 0.830211, -1.194369, -0.004358, -0.793296, 0.763279, 0.0
6266.0, 0.840665, -1.201241, -0.004086, -0.793296, 0.763279, 0.0
6266.0, 0.840665, -1.201241, -0.004086, -0.793296, 0.763279, 0.0
6282.0, 0.850668, -1.207955, -0.00384, -0.793296, 0.763279, 0.0
6300.0, 0.860213, -1.214509, -0.003614, -0.793296, 0.763279, 0.0
6300.0, 0.860213, -1.214509, -0.003614, -0.793296, 0.763279, 0.0
6317.0, 0.869296, -1.220904, -0.003405, -0.793296, 0.763279, 0.0
6317.0, 0.869296, -1.220904, -0.003405, -0.793296, 0.763279, 0.0
6332.0, 0.877916, -1.227139, -0.003212, -0.793296, 0.763279, 0.0
6349.0, 0.88607, -1.233215, -0.003031, -0.793296, 0.763279, 0.0
6349.0, 0.88607, -1.233215, -0.003031, -0.793296, 0.763279, 0.0
6365.0, 0.893853, -1.239164, -0.002901, -0.970746, 0.939383, 0.0
6365.0, 0.893853, -1.239164, -0.002901, -0.970746, 0.939383, 0.0
6382.0, 0.901388, -1.245027, -0.002856, -0.970746, 0.939383, 0.0
6398.0, 0.908794, -1.250844, -0.002918, -0.970746, 0.939383, 0.0
6398.0, 0.908794, -1.250844, -0.002918, -0.970746, 0.939383, 0.0
