2.0, 0.0, 0.0, 0.002231, 1.913866, -4.619212, 0.0
2.0, 0.0, 0.0, 0.002231, 1.913866, -4.619212, 0.0
13.0, -0.000039, -0.000201, -0.00413, 1.913866, -4.619212, 0.0
13.0, -0.000039, -0.000201, -0.00413, 1.913866, -4.619212, 0.0
28.0, 0.000093, -0.000276, -0.008381, 1.913866, -4.619212, 0.0
28.0, 0.000093, -0.000276, -0.008381, 1.913866, -4.619212, 0.0
45.0, 0.000487, -0.000205, -0.010461, 1.913866, -4.619212, 0.0
45.0, 0.000487, -0.000205, -0.010461, 1.913866, -4.619212, 0.0
61.0, 0.001177, -0.00007, -0.011378, 1.913866, -4.619212, 0.0
79.0, 0.002207, 0.000043, -0.011468, 1.913866, -4.619212, 0.0
79.0, 0.002207, 0.000043, -0.011468, 1.913866, -4.619212, 0.0
95.0, 0.003228, 0.00008, -0.012533, 1.913866, -4.619212, 0.0
95.0, 0.003228, 0.00008, -0.012533, 1.913866, -4.619212, 0.0
111.0, 0.004445, 0.000092, -0.01333, 1.913866, -4.619212, 0.0
129.0, 0.005717, 0.000078, -0.013771, 1.913866, -4.619212, 0.0
129.0, 0.005717, 0.000078, -0.013771, 1.913866, -4.619212, 0.0
145.0, 0.006881, -0.000002, -0.013168, 1.913866, -4.619212, 0.0
145.0, 0.006881, -0.000002, -0.013168, 1.913866, -4.619212, 0.0
162.0, 0.007857, 0.000156, -0.012065, 1.913866, -4.619212, 0.0
180.0, 0.00874, 0.000489, -0.010828, 1.913866, -4.619212, 0.0
180.0, 0.00874, 0.000489, -0.010828, 1.913866, -4.619212, 0.0
195.0, 0.009466, 0.000925, -0.009702, 1.913866, -4.619212, 0.0
195.0, 0.009466, 0.000925, -0.009702, 1.913866, -4.619212, 0.0
212.0, 0.009966, 0.00145, -0.008608, 1.913866, -4.619212, 0.0
229.0, 0.010229, 0.002053, -0.007588, 1.913866, -4.619212, 0.0
229.0, 0.010229, 0.002053, -0.007588, 1.913866, -4.619212, 0.0
246.0, 0.010247, 0.002751, -0.006624, 1.914057, -4.379506, 0.0
246.0, 0.010247, 0.002751, -0.006624, 1.914057, -4.379506, 0.0
262.0, 0.009994, 0.003584, -0.005668, 1.914057, -4.379506, 0.0
279.0, 0.009417, 0.004585, -0.004671, 1.914057, -4.379506, 0.0
279.0, 0.009417, 0.004585, -0.004671, 1.914057, -4.379506, 0.0
295.0, 0.008459, 0.005766, -0.003614, 1.914057, -4.379506, 0.0
295.0, 0.008459, 0.005766, -0.003614, 1.914057, -4.379506, 0.0
311.0, 0.007073, 0.007123, -0.002504, 1.914057, -4.379506, 0.0
328.0, 0.005224, 0.008649, -0.001364, 1.914057, -4.379506, 0.0
328.0, 0.005224, 0.008649, -0.001364, 1.914057, -4.379506, 0.0
345.0, 0.002892, 0.010334, -0.000222, 1.914057, -4.379506, 0.0
345.0, 0.002892, 0.010334, -0.000222, 1.914057, -4.379506, 0.0
361.0, 0.000066, 0.012167, 0.000891, 1.914057, -4.379506, 0.0
379.0, -0.003262, 0.014142, 0.001948, 1.914057, -4.379506, 0.0
379.0, -0.003262, 0.014142, 0.001948, 1.914057, -4.379506, 0.0
395.0, -0.007095, 0.016255, 0.00293, 1.914057, -4.379506, 0.0
395.0, -0.007095, 0.016255, 0.00293, 1.914057, -4.379506, 0.0
412.0, -0.011433, 0.018502, 0.003825, 1.914057, -4.379506, 0.0
429.0, -0.016273, 0.02088, 0.004623, 1.914057, -4.379506, 0.0
429.0, -0.016273, 0.02088, 0.004623, 1.914057, -4.379506, 0.0
446.0, -0.021613, 0.023388, 0.005325, 1.914057, -4.379506, 0.0
446.0, -0.021613, 0.023388, 0.005325, 1.914057, -4.379506, 0.0
462.0, -0.027451, 0.026024, 0.005932, 1.914057, -4.379506, 0.0
479.0, -0.033785, 0.028789, 0.00645, 1.914057, -4.379506, 0.0
479.0, -0.033785, 0.028789, 0.00645, 1.914057, -4.379506, 0.0
495.0, -0.04061, 0.031679, 0.006886, 1.914256, -4.129504, 0.0
495.0, -0.04061, 0.031679, 0.006886, 1.914256, -4.129504, 0.0
512.0, -0.047926, 0.034696, 0.007249, 1.914256, -4.129504, 0.0
529.0, -0.055732, 0.03784, 0.007551, 1.914256, -4.129504, 0.0
529.0, -0.055732, 0.03784, 0.007551, 1.914256, -4.129504, 0.0
545.0, -0.064027, 0.041109, 0.007799, 1.914256, -4.129504, 0.0
545.0, -0.064027, 0.041109, 0.007799, 1.914256, -4.129504, 0.0
561.0, -0.07281, 0.044504, 0.008003, 1.914256, -4.129504, 0.0
579.0, -0.082079, 0.048025, 0.00817, 1.914256, -4.129504, 0.0
579.0, -0.082079, 0.048025, 0.00817, 1.914256, -4.129504, 0.0
596.0, -0.091839, 0.051673, 0.00831, 1.914256, -4.129504, 0.0
596.0, -0.091839, 0.051673, 0.00831, 1.914256, -4.129504, 0.0
611.0, -0.102087, 0.055447, 0.008428, 1.914256, -4.129504, 0.0
629.0, -0.112819, 0.059344, 0.008527, 1.914256, -4.129504, 0.0
629.0, -0.112819, 0.059344, 0.008527, 1.914256, -4.129504, 0.0
645.0, -0.124036, 0.063366, 0.008613, 1.914256, -4.129504, 0.0
645.0, -0.124036, 0.063366, 0.008613, 1.914256, -4.129504, 0.0
661.0, -0.135738, 0.067512, 0.008689, 1.914256, -4.129504, 0.0
678.0, -0.147924, 0.071781, 0.008758, 1.914256, -4.129504, 0.0
679.0, -0.147924, 0.071781, 0.008758, 1.914256, -4.129504, 0.0
694.0, -0.160588, 0.076171, 0.008822, 1.914256, -4.129504, 0.0
694.0, -0.160588, 0.076171, 0.008822, 1.914256, -4.129504, 0.0
711.0, -0.173735, 0.080683, 0.008884, 1.914256, -4.129504, 0.0
728.0, -0.187367, 0.085316, 0.008946, 1.914256, -4.129504, 0.0
728.0, -0.187367, 0.085316, 0.008946, 1.914256, -4.129504, 0.0
744.0, -0.201483, 0.090072, 0.009009, 1.914455, -3.879498, 0.0
745.0, -0.201483, 0.090072, 0.009009, 1.914455, -3.879498, 0.0
761.0, -0.216085, 0.094949, 0.009073, 1.914455, -3.879498, 0.0
779.0, -0.231172, 0.099947, 0.009138, 1.914455, -3.879498, 0.0
779.0, -0.231172, 0.099947, 0.009138, 1.914455, -3.879498, 0.0
795.0, -0.246751, 0.105068, 0.009207, 1.914455, -3.879498, 0.0
795.0, -0.246751, 0.105068, 0.009207, 1.914455, -3.879498, 0.0
811.0, -0.262817, 0.110309, 0.009277, 1.914455, -3.879498, 0.0
828.0, -0.27937, 0.11567, 0.009347, 1.914455, -3.879498, 0.0
828.0, -0.27937, 0.11567, 0.009347, 1.914455, -3.879498, 0.0
845.0, -0.296407, 0.121149, 0.009417, 1.914455, -3.879498, 0.0
845.0, -0.296407, 0.121149, 0.009417, 1.914455, -3.879498, 0.0
861.0, -0.31393, 0.126747, 0.009486, 1.914455, -3.879498, 0.0
879.0, -0.331939, 0.132462, 0.009556, 1.914455, -3.879498, 0.0
879.0, -0.331939, 0.132462, 0.009556, 1.914455, -3.879498, 0.0
894.0, -0.350432, 0.138295, 0.009625, 1.914455, -3.879498, 0.0
894.0, -0.350432, 0.138295, 0.009625, 1.914455, -3.879498, 0.0
911.0, -0.369412, 0.144245, 0.009695, 1.914455, -3.879498, 0.0
927.0, -0.388876, 0.150311, 0.009765, 1.914455, -3.879498, 0.0
927.0, -0.388876, 0.150311, 0.009765, 1.914455, -3.879498, 0.0
944.0, -0.408827, 0.156494, 0.009835, 1.914455, -3.879498, 0.0
944.0, -0.408827, 0.156494, 0.009835, 1.914455, -3.879498, 0.0
961.0, -0.429264, 0.162793, 0.009905, 1.914455, -3.879498, 0.0
979.0, -0.450187, 0.169207, 0.009975, 1.914455, -3.879498, 0.0
979.0, -0.450187, 0.169207, 0.009975, 1.914455, -3.879498, 0.0
995.0, -0.471589, 0.175735, 0.010041, 1.914654, -3.629496, 0.0
995.0, -0.471589, 0.175735, 0.010041, 1.914654, -3.629496, 0.0
1011.0, -0.493474, 0.182378, 0.010108, 1.914654, -3.629496, 0.0
1028.0, -0.515845, 0.189136, 0.010177, 1.914654, -3.629496, 0.0
1029.0, -0.515845, 0.189136, 0.010177, 1.914654, -3.629496, 0.0
1045.0, -0.538704, 0.196009, 0.010246, 1.914654, -3.629496, 0.0
1045.0, -0.538704, 0.196009, 0.010246, 1.914654, -3.629496, 0.0
1061.0, -0.562051, 0.202997, 0.010317, 1.914654, -3.629496, 0.0
1079.0, -0.585885, 0.210101, 0.010388, 1.914654, -3.629496, 0.0
1079.0, -0.585885, 0.210101, 0.010388, 1.914654, -3.629496, 0.0
1095.0, -0.610216, 0.217322, 0.010463, 1.914654, -3.629496, 0.0
1095.0, -0.610216, 0.217322, 0.010463, 1.914654, -3.629496, 0.0
1111.0, -0.635038, 0.224659, 0.010537, 1.914654, -3.629496, 0.0
1129.0, -0.660347, 0.232111, 0.010609, 1.914654, -3.629496, 0.0
1129.0, -0.660347, 0.232111, 0.010609, 1.914654, -3.629496, 0.0
1146.0, -0.686143, 0.239677, 0.010679, 1.914654, -3.629496, 0.0
1146.0, -0.686143, 0.239677, 0.010679, 1.914654, -3.629496, 0.0
1161.0, -0.712424, 0.247358, 0.010748, 1.914654, -3.629496, 0.0
1179.0, -0.739191, 0.255152, 0.010815, 1.914654, -3.629496, 0.0
1179.0, -0.739191, 0.255152, 0.010815, 1.914654, -3.629496, 0.0
1194.0, -0.766434, 0.263058, 0.010877, 1.914654, -3.629496, 0.0
1194.0, -0.766434, 0.263058, 0.010877, 1.914654, -3.629496, 0.0
1211.0, -0.794159, 0.271078, 0.01094, 1.914654, -3.629496, 0.0
1228.0, -0.82237, 0.279212, 0.011004, 1.914654, -3.629496, 0.0
1228.0, -0.82237, 0.279212, 0.011004, 1.914654, -3.629496, 0.0
1245.0, -0.851068, 0.287463, 0.011069, 1.914854, -3.379494, 0.0
1245.0, -0.851068, 0.287463, 0.011069, 1.914854, -3.379494, 0.0
1261.0, -0.880254, 0.295829, 0.011137, 1.914854, -3.379494, 0.0
1279.0, -0.909927, 0.304312, 0.011205, 1.914854, -3.379494, 0.0
1279.0, -0.909927, 0.304312, 0.011205, 1.914854, -3.379494, 0.0
1295.0, -0.940099, 0.312919, 0.011278, 1.914854, -3.379494, 0.0
1295.0, -0.940099, 0.312919, 0.011278, 1.914854, -3.379494, 0.0
1311.0, -0.970759, 0.32165, 0.011351, 1.914854, -3.379494, 0.0
1329.0, -1.001903, 0.33051, 0.011422, 1.914854, -3.379494, 0.0
1329.0, -1.001903, 0.33051, 0.011422, 1.914854, -3.379494, 0.0
1346.0, -1.033527, 0.339501, 0.011491, 1.914854, -3.379494, 0.0
1346.0, -1.033527, 0.339501, 0.011491, 1.914854, -3.379494, 0.0
1361.0, -1.065632, 0.348626, 0.011559, 1.914854, -3.379494, 0.0
1379.0, -1.098216, 0.357888, 0.011627, 1.914854, -3.379494, 0.0
1379.0, -1.098216, 0.357888, 0.011627, 1.914854, -3.379494, 0.0
1395.0, -1.131183, 0.367253, 0.011654, 1.914854, -3.379494, 0.0
1395.0, -1.131183, 0.367253, 0.011654, 1.914854, -3.379494, 0.0
1411.0, -1.164412, 0.376676, 0.011603, 1.914854, -3.379494, 0.0
1428.0, -1.197784, 0.386111, 0.011454, 1.914854, -3.379494, 0.0
1428.0, -1.197784, 0.386111, 0.011454, 1.914854, -3.379494, 0.0
1445.0, -1.231194, 0.395518, 0.011201, 1.914854, -3.379494, 0.0
1445.0, -1.231194, 0.395518, 0.011201, 1.914854, -3.379494, 0.0
1461.0, -1.26455, 0.40486, 0.010854, 1.914854, -3.379494, 0.0
1479.0, -1.297777, 0.414111, 0.010426, 1.914854, -3.379494, 0.0
1479.0, -1.297777, 0.414111, 0.010426, 1.914854, -3.379494, 0.0
1495.0, -1.330802, 0.423237, 0.009934, 1.915053, -3.129492, 0.0
1495.0, -1.330802, 0.423237, 0.009934, 1.915053, -3.129492, 0.0
1512.0, -1.363585, 0.432219, 0.009404, 1.915053, -3.129492, 0.0
1528.0, -1.396089, 0.44104, 0.008857, 1.915053, -3.129492, 0.0
1528.0, -1.396089, 0.44104, 0.008857, 1.915053, -3.129492, 0.0
1545.0, -1.428285, 0.449684, 0.008309, 1.915053, -3.129492, 0.0
1545.0, -1.428285, 0.449684, 0.008309, 1.915053, -3.129492, 0.0
1561.0, -1.460146, 0.458141, 0.007774, 1.915053, -3.129492, 0.0
1580.0, -1.491651, 0.466403, 0.007261, 1.915053, -3.129492, 0.0
1580.0, -1.491651, 0.466403, 0.007261, 1.915053, -3.129492, 0.0
1596.0, -1.522797, 0.474464, 0.006781, 1.915053, -3.129492, 0.0
1596.0, -1.522797, 0.474464, 0.006781, 1.915053, -3.129492, 0.0
1611.0, -1.55356, 0.482315, 0.006335, 1.915053, -3.129492, 0.0
1627.0, -1.583928, 0.489951, 0.005921, 1.915053, -3.129492, 0.0
1627.0, -1.583928, 0.489951, 0.005921, 1.915053, -3.129492, 0.0
1644.0, -1.613891, 0.497365, 0.005541, 1.915053, -3.129492, 0.0
1645.0, -1.613891, 0.497365, 0.005541, 1.915053, -3.129492, 0.0
1661.0, -1.643442, 0.504554, 0.005193, 1.915053, -3.129492, 0.0
1679.0, -1.672578, 0.511515, 0.004876, 1.915053, -3.129492, 0.0
1679.0, -1.672578, 0.511515, 0.004876, 1.915053, -3.129492, 0.0
1694.0, -1.701281, 0.518243, 0.004584, 1.915053, -3.129492, 0.0
1694.0, -1.701281, 0.518243, 0.004584, 1.915053, -3.129492, 0.0
1711.0, -1.729559, 0.524738, 0.004318, 1.915053, -3.129492, 0.0
1728.0, -1.757411, 0.530999, 0.004076, 1.915053, -3.129492, 0.0
1728.0, -1.757411, 0.530999, 0.004076, 1.915053, -3.129492, 0.0
1745.0, -1.784837, 0.537024, 0.003855, 1.915252, -2.87949, 0.0
1745.0, -1.784837, 0.537024, 0.003855, 1.915252, -2.87949, 0.0
1761.0, -1.811837, 0.542814, 0.003652, 1.915252, -2.87949, 0.0
1779.0, -1.838408, 0.548367, 0.003463, 1.915252, -2.87949, 0.0
1779.0, -1.838408, 0.548367, 0.003463, 1.915252, -2.87949, 0.0
1795.0, -1.864558, 0.553684, 0.003288, 1.915252, -2.87949, 0.0
1795.0, -1.864558, 0.553684, 0.003288, 1.915252, -2.87949, 0.0
1811.0, -1.89028, 0.558765, 0.003121, 1.915252, -2.87949, 0.0
1828.0, -1.915568, 0.563609, 0.002957, 1.915252, -2.87949, 0.0
1829.0, -1.915568, 0.563609, 0.002957, 1.915252, -2.87949, 0.0
1846.0, -1.940419, 0.568218, 0.002796, 1.915252, -2.87949, 0.0
1846.0, -1.940419, 0.568218, 0.002796, 1.915252, -2.87949, 0.0
1861.0, -1.964833, 0.57259, 0.002636, 1.915252, -2.87949, 0.0
1879.0, -1.988808, 0.576727, 0.002477, 1.915252, -2.87949, 0.0
1879.0, -1.988808, 0.576727, 0.002477, 1.915252, -2.87949, 0.0
1894.0, -2.012343, 0.58063, 0.002318, 1.915252, -2.87949, 0.0
1894.0, -2.012343, 0.58063, 0.002318, 1.915252, -2.87949, 0.0
1911.0, -2.035436, 0.584301, 0.002159, 1.915252, -2.87949, 0.0
1927.0, -2.058086, 0.587744, 0.002, 1.915252, -2.87949, 0.0
1927.0, -2.058086, 0.587744, 0.002, 1.915252, -2.87949, 0.0
1944.0, -2.080292, 0.590959, 0.001841, 1.915252, -2.87949, 0.0
1944.0, -2.080292, 0.590959, 0.001841, 1.915252, -2.87949, 0.0
1961.0, -2.102053, 0.59395, 0.001681, 1.915252, -2.87949, 0.0
1979.0, -2.123368, 0.596717, 0.001521, 1.915252, -2.87949, 0.0
1979.0, -2.123368, 0.596717, 0.001521, 1.915252, -2.87949, 0.0
1995.0, -2.144226, 0.599262, 0.001358, 1.915451, -2.629488, 0.0
1995.0, -2.144226, 0.599262, 0.001358, 1.915451, -2.629488, 0.0
2012.0, -2.164633, 0.60159, 0.001195, 1.915451, -2.629488, 0.0
2029.0, -2.184588, 0.603705, 0.001034, 1.915451, -2.629488, 0.0
2029.0, -2.184588, 0.603705, 0.001034, 1.915451, -2.629488, 0.0
2045.0, -2.204093, 0.60561, 0.000874, 1.915451, -2.629488, 0.0
2045.0, -2.204093, 0.60561, 0.000874, 1.915451, -2.629488, 0.0
2061.0, -2.223145, 0.607306, 0.000715, 1.915451, -2.629488, 0.0
2079.0, -2.241743, 0.608798, 0.000557, 1.915451, -2.629488, 0.0
2079.0, -2.241743, 0.608798, 0.000557, 1.915451, -2.629488, 0.0
2095.0, -2.259893, 0.610088, 0.000403, 1.915451, -2.629488, 0.0
2095.0, -2.259893, 0.610088, 0.000403, 1.915451, -2.629488, 0.0
2111.0, -2.277587, 0.611181, 0.000249, 1.915451, -2.629488, 0.0
2128.0, -2.294822, 0.61208, 0.000093, 1.915451, -2.629488, 0.0
2128.0, -2.294822, 0.61208, 0.000093, 1.915451, -2.629488, 0.0
2145.0, -2.311594, 0.612789, -0.000063, 1.915451, -2.629488, 0.0
2145.0, -2.311594, 0.612789, -0.000063, 1.915451, -2.629488, 0.0
2161.0, -2.327903, 0.613311, -0.00022, 1.915451, -2.629488, 0.0
2179.0, -2.343748, 0.613648, -0.000376, 1.915451, -2.629488, 0.0
2179.0, -2.343748, 0.613648, -0.000376, 1.915451, -2.629488, 0.0
2196.0, -2.35912, 0.613804, -0.000535, 1.915451, -2.629488, 0.0
2196.0, -2.35912, 0.613804, -0.000535, 1.915451, -2.629488, 0.0
2211.0, -2.374024, 0.613785, -0.000694, 1.915451, -2.629488, 0.0
2229.0, -2.388458, 0.613594, -0.000851, 1.915451, -2.629488, 0.0
2229.0, -2.388458, 0.613594, -0.000851, 1.915451, -2.629488, 0.0
2245.0, -2.402424, 0.613235, -0.001006, 1.91565, -2.379486, 0.0
2245.0, -2.402424, 0.613235, -0.001006, 1.91565, -2.379486, 0.0
2261.0, -2.415919, 0.612712, -0.00116, 1.91565, -2.379486, 0.0
2280.0, -2.428943, 0.612027, -0.001312, 1.91565, -2.379486, 0.0
2280.0, -2.428943, 0.612027, -0.001312, 1.91565, -2.379486, 0.0
2296.0, -2.441499, 0.611184, -0.001463, 1.91565, -2.379486, 0.0
2296.0, -2.441499, 0.611184, -0.001463, 1.91565, -2.379486, 0.0
2311.0, -2.453583, 0.610188, -0.001614, 1.91565, -2.379486, 0.0
2327.0, -2.46519, 0.609045, -0.001766, 1.91565, -2.379486, 0.0
2327.0, -2.46519, 0.609045, -0.001766, 1.91565, -2.379486, 0.0
2344.0, -2.47632, 0.607757, -0.001919, 1.91565, -2.379486, 0.0
2344.0, -2.47632, 0.607757, -0.001919, 1.91565, -2.379486, 0.0
2361.0, -2.486971, 0.606329, -0.002074, 1.91565, -2.379486, 0.0
2379.0, -2.497144, 0.604762, -0.00223, 1.91565, -2.379486, 0.0
2379.0, -2.497144, 0.604762, -0.00223, 1.91565, -2.379486, 0.0
2394.0, -2.506832, 0.603063, -0.00239, 1.91565, -2.379486, 0.0
2394.0, -2.506832, 0.603063, -0.00239, 1.91565, -2.379486, 0.0
2411.0, -2.516038, 0.601235, -0.002551, 1.91565, -2.379486, 0.0
2428.0, -2.524762, 0.599283, -0.002714, 1.91565, -2.379486, 0.0
2428.0, -2.524762, 0.599283, -0.002714, 1.91565, -2.379486, 0.0
2445.0, -2.533004, 0.597211, -0.002879, 1.91565, -2.379486, 0.0
2445.0, -2.533004, 0.597211, -0.002879, 1.91565, -2.379486, 0.0
2461.0, -2.540764, 0.595022, -0.003047, 1.91565, -2.379486, 0.0
2480.0, -2.548042, 0.59272, -0.003219, 1.91565, -2.379486, 0.0
2480.0, -2.548042, 0.59272, -0.003219, 1.91565, -2.379486, 0.0
2495.0, -2.554838, 0.590307, -0.003394, 1.915849, -2.129484, 0.0
2495.0, -2.554838, 0.590307, -0.003394, 1.915849, -2.129484, 0.0
2511.0, -2.561152, 0.58779, -0.003575, 1.915849, -2.129484, 0.0
2529.0, -2.566983, 0.585174, -0.003764, 1.915849, -2.129484, 0.0
2529.0, -2.566983, 0.585174, -0.003764, 1.915849, -2.129484, 0.0
2544.0, -2.572329, 0.582463, -0.00396, 1.915849, -2.129484, 0.0
2544.0, -2.572329, 0.582463, -0.00396, 1.915849, -2.129484, 0.0
2561.0, -2.577195, 0.579658, -0.004165, 1.915849, -2.129484, 0.0
2578.0, -2.581575, 0.576767, -0.004378, 1.915849, -2.129484, 0.0
2578.0, -2.581575, 0.576767, -0.004378, 1.915849, -2.129484, 0.0
2594.0, -2.585472, 0.573794, -0.0046, 1.915849, -2.129484, 0.0
2594.0, -2.585472, 0.573794, -0.0046, 1.915849, -2.129484, 0.0
2611.0, -2.588889, 0.570742, -0.004829, 1.915849, -2.129484, 0.0
2628.0, -2.591829, 0.567615, -0.005061, 1.915849, -2.129484, 0.0
2628.0, -2.591829, 0.567615, -0.005061, 1.915849, -2.129484, 0.0
2645.0, -2.594295, 0.564415, -0.005291, 1.915849, -2.129484, 0.0
2645.0, -2.594295, 0.564415, -0.005291, 1.915849, -2.129484, 0.0
2661.0, -2.596289, 0.561144, -0.005513, 1.915849, -2.129484, 0.0
2679.0, -2.597814, 0.557801, -0.005717, 1.915849, -2.129484, 0.0
2679.0, -2.597814, 0.557801, -0.005717, 1.915849, -2.129484, 0.0
2695.0, -2.598872, 0.554383, -0.005895, 1.915849, -2.129484, 0.0
2695.0, -2.598872, 0.554383, -0.005895, 1.915849, -2.129484, 0.0
2712.0, -2.599463, 0.550891, -0.006041, 1.915849, -2.129484, 0.0
2729.0, -2.599584, 0.547321, -0.006154, 1.915849, -2.129484, 0.0
2729.0, -2.599584, 0.547321, -0.006154, 1.915849, -2.129484, 0.0
2746.0, -2.59923, 0.543672, -0.006241, 1.916048, -1.879468, 0.0
2746.0, -2.59923, 0.543672, -0.006241, 1.916048, -1.879468, 0.0
2762.0, -2.598394, 0.539941, -0.006315, 1.916048, -1.879468, 0.0
2780.0, -2.59707, 0.536129, -0.00639, 1.916048, -1.879468, 0.0
2780.0, -2.59707, 0.536129, -0.00639, 1.916048, -1.879468, 0.0
2793.0, -2.595248, 0.53224, -0.006478, 1.916048, -1.879468, 0.0
2793.0, -2.595248, 0.53224, -0.006478, 1.916048, -1.879468, 0.0
2810.0, -2.592921, 0.52828, -0.006586, 1.916048, -1.879468, 0.0
2828.0, -2.590086, 0.524256, -0.00672, 1.916048, -1.879468, 0.0
2828.0, -2.590086, 0.524256, -0.00672, 1.916048, -1.879468, 0.0
2844.0, -2.586736, 0.520174, -0.006878, 1.916048, -1.879468, 0.0
2844.0, -2.586736, 0.520174, -0.006878, 1.916048, -1.879468, 0.0
2861.0, -2.58287, 0.516041, -0.007055, 1.916048, -1.879468, 0.0
2879.0, -2.578486, 0.511864, -0.007247, 1.916048, -1.879468, 0.0
2879.0, -2.578486, 0.511864, -0.007247, 1.916048, -1.879468, 0.0
2895.0, -2.573586, 0.50765, -0.007447, 1.916048, -1.879468, 0.0
2895.0, -2.573586, 0.50765, -0.007447, 1.916048, -1.879468, 0.0
2911.0, -2.568169, 0.503404, -0.007648, 1.916048, -1.879468, 0.0
2928.0, -2.562235, 0.49913, -0.007846, 1.916048, -1.879468, 0.0
2928.0, -2.562235, 0.49913, -0.007846, 1.916048, -1.879468, 0.0
2945.0, -2.555785, 0.494832, -0.008035, 1.916048, -1.879468, 0.0
2945.0, -2.555785, 0.494832, -0.008035, 1.916048, -1.879468, 0.0
2962.0, -2.54882, 0.490514, -0.008212, 1.916048, -1.879468, 0.0
2979.0, -2.541341, 0.486179, -0.008374, 1.916048, -1.879468, 0.0
2979.0, -2.541341, 0.486179, -0.008374, 1.916048, -1.879468, 0.0
2996.0, -2.533347, 0.481826, -0.008521, 1.916247, -1.629465, 0.0
2996.0, -2.533347, 0.481826, -0.008521, 1.916247, -1.629465, 0.0
3011.0, -2.524842, 0.477462, -0.00865, 1.916247, -1.629465, 0.0
3029.0, -2.515827, 0.473088, -0.008763, 1.916247, -1.629465, 0.0
3029.0, -2.515827, 0.473088, -0.008763, 1.916247, -1.629465, 0.0
3044.0, -2.506304, 0.468707, -0.008858, 1.916247, -1.629465, 0.0
3044.0, -2.506304, 0.468707, -0.008858, 1.916247, -1.629465, 0.0
3061.0, -2.496275, 0.464321, -0.008937, 1.916247, -1.629465, 0.0
3079.0, -2.48574, 0.45993, -0.009002, 1.916247, -1.629465, 0.0
3079.0, -2.48574, 0.45993, -0.009002, 1.916247, -1.629465, 0.0
3094.0, -2.474705, 0.455539, -0.009052, 1.916247, -1.629465, 0.0
3094.0, -2.474705, 0.455539, -0.009052, 1.916247, -1.629465, 0.0
3111.0, -2.463167, 0.451147, -0.009092, 1.916247, -1.629465, 0.0
3128.0, -2.451127, 0.446756, -0.009123, 1.916247, -1.629465, 0.0
3128.0, -2.451127, 0.446756, -0.009123, 1.916247, -1.629465, 0.0
3145.0, -2.438583, 0.442366, -0.009146, 1.916247, -1.629465, 0.0
3145.0, -2.438583, 0.442366, -0.009146, 1.916247, -1.629465, 0.0
3161.0, -2.425537, 0.437979, -0.009163, 1.916247, -1.629465, 0.0
3180.0, -2.411988, 0.433596, -0.009175, 1.916247, -1.629465, 0.0
3180.0, -2.411988, 0.433596, -0.009175, 1.916247, -1.629465, 0.0
3195.0, -2.397931, 0.429216, -0.009185, 1.916247, -1.629465, 0.0
3195.0, -2.397931, 0.429216, -0.009185, 1.916247, -1.629465, 0.0
3211.0, -2.383371, 0.424841, -0.009191, 1.916247, -1.629465, 0.0
3229.0, -2.368309, 0.420474, -0.009192, 1.916247, -1.629465, 0.0
3229.0, -2.368309, 0.420474, -0.009192, 1.916247, -1.629465, 0.0
3245.0, -2.352747, 0.416116, -0.00919, 1.916446, -1.379463, 0.0
3245.0, -2.352747, 0.416116, -0.00919, 1.916446, -1.379463, 0.0
3262.0, -2.336684, 0.411766, -0.009186, 1.916446, -1.379463, 0.0
3279.0, -2.320122, 0.407427, -0.009179, 1.916446, -1.379463, 0.0
3279.0, -2.320122, 0.407427, -0.009179, 1.916446, -1.379463, 0.0
3295.0, -2.303065, 0.4031, -0.009168, 1.916446, -1.379463, 0.0
3295.0, -2.303065, 0.4031, -0.009168, 1.916446, -1.379463, 0.0
3311.0, -2.285511, 0.398785, -0.009157, 1.916446, -1.379463, 0.0
3328.0, -2.267457, 0.394481, -0.009146, 1.916446, -1.379463, 0.0
3328.0, -2.267457, 0.394481, -0.009146, 1.916446, -1.379463, 0.0
3345.0, -2.248903, 0.39019, -0.009136, 1.916446, -1.379463, 0.0
3345.0, -2.248903, 0.39019, -0.009136, 1.916446, -1.379463, 0.0
3361.0, -2.229847, 0.385912, -0.009126, 1.916446, -1.379463, 0.0
3380.0, -2.21029, 0.381647, -0.009117, 1.916446, -1.379463, 0.0
3380.0, -2.21029, 0.381647, -0.009117, 1.916446, -1.379463, 0.0
3395.0, -2.190225, 0.377394, -0.009111, 1.916446, -1.379463, 0.0
3395.0, -2.190225, 0.377394, -0.009111, 1.916446, -1.379463, 0.0
3412.0, -2.169657, 0.373153, -0.009104, 1.916446, -1.379463, 0.0
3429.0, -2.148589, 0.368925, -0.009096, 1.916446, -1.379463, 0.0
3429.0, -2.148589, 0.368925, -0.009096, 1.916446, -1.379463, 0.0
3445.0, -2.12702, 0.364711, -0.009086, 1.916446, -1.379463, 0.0
3445.0, -2.12702, 0.364711, -0.009086, 1.916446, -1.379463, 0.0
3461.0, -2.104952, 0.36051, -0.009076, 1.916446, -1.379463, 0.0
3478.0, -2.082385, 0.356323, -0.009064, 1.916446, -1.379463, 0.0
3478.0, -2.082385, 0.356323, -0.009064, 1.916446, -1.379463, 0.0
3494.0, -2.059319, 0.352147, -0.009053, 1.916645, -1.129461, 0.0
3494.0, -2.059319, 0.352147, -0.009053, 1.916645, -1.129461, 0.0
3511.0, -2.035753, 0.347983, -0.009041, 1.916645, -1.129461, 0.0
3528.0, -2.011687, 0.343829, -0.00903, 1.916645, -1.129461, 0.0
3528.0, -2.011687, 0.343829, -0.00903, 1.916645, -1.129461, 0.0
3545.0, -1.987122, 0.339684, -0.009019, 1.916645, -1.129461, 0.0
3545.0, -1.987122, 0.339684, -0.009019, 1.916645, -1.129461, 0.0
3561.0, -1.962057, 0.335547, -0.009008, 1.916645, -1.129461, 0.0
3579.0, -1.936492, 0.331417, -0.008999, 1.916645, -1.129461, 0.0
3579.0, -1.936492, 0.331417, -0.008999, 1.916645, -1.129461, 0.0
3595.0, -1.910438, 0.327294, -0.008986, 1.916645, -1.129461, 0.0
3595.0, -1.910438, 0.327294, -0.008986, 1.916645, -1.129461, 0.0
3612.0, -1.883886, 0.323176, -0.008975, 1.916645, -1.129461, 0.0
3629.0, -1.856835, 0.319058, -0.008967, 1.916645, -1.129461, 0.0
3629.0, -1.856835, 0.319058, -0.008967, 1.916645, -1.129461, 0.0
3645.0, -1.829282, 0.31494, -0.008961, 1.916645, -1.129461, 0.0
3645.0, -1.829282, 0.31494, -0.008961, 1.916645, -1.129461, 0.0
3661.0, -1.801228, 0.310819, -0.008958, 1.916645, -1.129461, 0.0
3680.0, -1.772673, 0.306694, -0.008958, 1.916645, -1.129461, 0.0
3680.0, -1.772673, 0.306694, -0.008958, 1.916645, -1.129461, 0.0
3695.0, -1.743605, 0.302562, -0.008961, 1.916645, -1.129461, 0.0
3695.0, -1.743605, 0.302562, -0.008961, 1.916645, -1.129461, 0.0
3711.0, -1.714032, 0.298419, -0.008967, 1.916645, -1.129461, 0.0
3729.0, -1.683959, 0.294264, -0.008972, 1.916645, -1.129461, 0.0
3729.0, -1.683959, 0.294264, -0.008972, 1.916645, -1.129461, 0.0
3745.0, -1.653386, 0.290093, -0.008976, 1.916844, -0.879459, 0.0
3745.0, -1.653386, 0.290093, -0.008976, 1.916844, -0.879459, 0.0
3761.0, -1.622315, 0.285904, -0.00898, 1.916844, -0.879459, 0.0
3779.0, -1.590745, 0.281695, -0.008985, 1.916844, -0.879459, 0.0
3779.0, -1.590745, 0.281695, -0.008985, 1.916844, -0.879459, 0.0
3795.0, -1.558689, 0.277463, -0.008985, 1.916844, -0.879459, 0.0
3795.0, -1.558689, 0.277463, -0.008985, 1.916844, -0.879459, 0.0
3811.0, -1.526139, 0.273202, -0.008988, 1.916844, -0.879459, 0.0
3829.0, -1.493091, 0.268905, -0.008994, 1.916844, -0.879459, 0.0
3829.0, -1.493091, 0.268905, -0.008994, 1.916844, -0.879459, 0.0
3845.0, -1.459544, 0.264569, -0.009005, 1.916844, -0.879459, 0.0
3845.0, -1.459544, 0.264569, -0.009005, 1.916844, -0.879459, 0.0
3861.0, -1.425497, 0.26019, -0.00902, 1.916844, -0.879459, 0.0
3879.0, -1.390951, 0.255764, -0.009039, 1.916844, -0.879459, 0.0
3879.0, -1.390951, 0.255764, -0.009039, 1.916844, -0.879459, 0.0
3895.0, -1.355894, 0.251284, -0.009066, 1.916844, -0.879459, 0.0
3895.0, -1.355894, 0.251284, -0.009066, 1.916844, -0.879459, 0.0
3912.0, -1.320336, 0.246743, -0.009094, 1.916844, -0.879459, 0.0
3928.0, -1.284282, 0.242133, -0.009124, 1.916844, -0.879459, 0.0
3928.0, -1.284282, 0.242133, -0.009124, 1.916844, -0.879459, 0.0
3943.0, -1.247736, 0.23745, -0.009154, 1.916844, -0.879459, 0.0
3944.0, -1.247736, 0.23745, -0.009154, 1.916844, -0.879459, 0.0
3961.0, -1.210697, 0.232686, -0.009185, 1.916844, -0.879459, 0.0
3978.0, -1.173168, 0.227839, -0.009218, 1.916844, -0.879459, 0.0
3978.0, -1.173168, 0.227839, -0.009218, 1.916844, -0.879459, 0.0
3994.0, -1.13515, 0.222897, -0.009253, 1.917044, -0.629457, 0.0
3994.0, -1.13515, 0.222897, -0.009253, 1.917044, -0.629457, 0.0
4011.0, -1.096645, 0.217851, -0.009291, 1.917044, -0.629457, 0.0
4028.0, -1.057657, 0.21269, -0.009332, 1.917044, -0.629457, 0.0
4028.0, -1.057657, 0.21269, -0.009332, 1.917044, -0.629457, 0.0
4045.0, -1.018187, 0.207405, -0.009377, 1.917044, -0.629457, 0.0
4045.0, -1.018187, 0.207405, -0.009377, 1.917044, -0.629457, 0.0
4061.0, -0.978236, 0.201989, -0.009425, 1.917044, -0.629457, 0.0
4079.0, -0.937806, 0.196435, -0.009479, 1.917044, -0.629457, 0.0
4080.0, -0.937806, 0.196435, -0.009479, 1.917044, -0.629457, 0.0
4095.0, -0.897008, 0.190782, -0.009491, 1.917044, -0.629457, 0.0
4095.0, -0.897008, 0.190782, -0.009491, 1.917044, -0.629457, 0.0
4111.0, -0.855951, 0.185072, -0.009431, 1.917044, -0.629457, 0.0
4128.0, -0.814747, 0.17935, -0.009279, 1.917044, -0.629457, 0.0
4128.0, -0.814747, 0.17935, -0.009279, 1.917044, -0.629457, 0.0
4146.0, -0.7735, 0.173654, -0.00903, 1.917044, -0.629457, 0.0
4146.0, -0.7735, 0.173654, -0.00903, 1.917044, -0.629457, 0.0
4161.0, -0.732301, 0.168016, -0.00869, 1.917044, -0.629457, 0.0
4179.0, -0.691224, 0.162465, -0.008271, 1.917044, -0.629457, 0.0
4179.0, -0.691224, 0.162465, -0.008271, 1.917044, -0.629457, 0.0
4195.0, -0.650312, 0.157026, -0.0078, 1.917044, -0.629457, 0.0
4195.0, -0.650312, 0.157026, -0.0078, 1.917044, -0.629457, 0.0
4211.0, -0.609623, 0.151729, -0.007289, 1.917044, -0.629457, 0.0
4228.0, -0.569199, 0.146597, -0.006754, 1.917044, -0.629457, 0.0
4228.0, -0.569199, 0.146597, -0.006754, 1.917044, -0.629457, 0.0
4244.0, -0.52907, 0.141651, -0.006212, 1.917243, -0.379455, 0.0
4244.0, -0.52907, 0.141651, -0.006212, 1.917243, -0.379455, 0.0
4261.0, -0.489262, 0.13691, -0.005676, 1.917243, -0.379455, 0.0
4279.0, -0.449792, 0.132389, -0.005156, 1.917243, -0.379455, 0.0
4279.0, -0.449792, 0.132389, -0.005156, 1.917243, -0.379455, 0.0
4295.0, -0.410688, 0.128105, -0.004655, 1.917243, -0.379455, 0.0
4295.0, -0.410688, 0.128105, -0.004655, 1.917243, -0.379455, 0.0
4311.0, -0.371946, 0.124071, -0.004184, 1.917243, -0.379455, 0.0
4329.0, -0.33357, 0.1203, -0.003748, 1.917243, -0.379455, 0.0
4329.0, -0.33357, 0.1203, -0.003748, 1.917243, -0.379455, 0.0
4345.0, -0.295561, 0.116801, -0.003347, 1.917243, -0.379455, 0.0
4345.0, -0.295561, 0.116801, -0.003347, 1.917243, -0.379455, 0.0
4361.0, -0.257923, 0.113585, -0.002978, 1.917243, -0.379455, 0.0
4379.0, -0.220659, 0.110659, -0.002639, 1.917243, -0.379455, 0.0
4379.0, -0.220659, 0.110659, -0.002639, 1.917243, -0.379455, 0.0
4396.0, -0.183757, 0.108028, -0.002331, 1.917243, -0.379455, 0.0
4396.0, -0.183757, 0.108028, -0.002331, 1.917243, -0.379455, 0.0
4411.0, -0.147227, 0.1057, -0.002045, 1.917243, -0.379455, 0.0
4429.0, -0.111074, 0.103681, -0.001775, 1.917243, -0.379455, 0.0
4429.0, -0.111074, 0.103681, -0.001775, 1.917243, -0.379455, 0.0
4446.0, -0.075299, 0.101974, -0.001519, 1.917243, -0.379455, 0.0
4446.0, -0.075299, 0.101974, -0.001519, 1.917243, -0.379455, 0.0
4462.0, -0.039904, 0.100584, -0.001272, 1.917243, -0.379455, 0.0
4480.0, -0.004888, 0.099511, -0.001033, 1.917243, -0.379455, 0.0
4480.0, -0.004888, 0.099511, -0.001033, 1.917243, -0.379455, 0.0
4495.0, 0.029749, 0.09876, -0.000801, 1.917442, -0.129453, 0.0
4495.0, 0.029749, 0.09876, -0.000801, 1.917442, -0.129453, 0.0
4511.0, 0.064007, 0.098331, -0.000572, 1.917442, -0.129453, 0.0
4528.0, 0.097888, 0.098226, -0.000347, 1.917442, -0.129453, 0.0
4528.0, 0.097888, 0.098226, -0.000347, 1.917442, -0.129453, 0.0
4545.0, 0.131392, 0.098446, -0.000124, 1.917442, -0.129453, 0.0
4545.0, 0.131392, 0.098446, -0.000124, 1.917442, -0.129453, 0.0
4561.0, 0.164519, 0.098993, 0.000099, 1.917442, -0.129453, 0.0
4579.0, 0.197271, 0.099867, 0.000322, 1.917442, -0.129453, 0.0
4579.0, 0.197271, 0.099867, 0.000322, 1.917442, -0.129453, 0.0
4595.0, 0.229633, 0.101068, 0.00055, 1.917442, -0.129453, 0.0
4595.0, 0.229633, 0.101068, 0.00055, 1.917442, -0.129453, 0.0
4611.0, 0.261616, 0.102596, 0.00078, 1.917442, -0.129453, 0.0
4628.0, 0.293223, 0.104451, 0.001009, 1.917442, -0.129453, 0.0
4628.0, 0.293223, 0.104451, 0.001009, 1.917442, -0.129453, 0.0
4645.0, 0.324456, 0.106634, 0.001238, 1.917442, -0.129453, 0.0
4645.0, 0.324456, 0.106634, 0.001238, 1.917442, -0.129453, 0.0
4661.0, 0.355314, 0.109144, 0.001467, 1.917442, -0.129453, 0.0
4680.0, 0.385799, 0.111981, 0.001698, 1.917442, -0.129453, 0.0
4680.0, 0.385799, 0.111981, 0.001698, 1.917442, -0.129453, 0.0
4696.0, 0.415918, 0.115146, 0.001927, 1.917442, -0.129453, 0.0
4696.0, 0.415918, 0.115146, 0.001927, 1.917442, -0.129453, 0.0
4711.0, 0.445665, 0.118638, 0.002158, 1.917442, -0.129453, 0.0
4727.0, 0.475033, 0.122453, 0.002395, 1.917442, -0.129453, 0.0
4727.0, 0.475033, 0.122453, 0.002395, 1.917442, -0.129453, 0.0
4744.0, 0.504019, 0.126591, 0.002636, 1.917641, 0.120548, 0.0
4744.0, 0.504019, 0.126591, 0.002636, 1.917641, 0.120548, 0.0
4761.0, 0.532624, 0.131052, 0.002881, 1.917641, 0.120548, 0.0
4779.0, 0.560847, 0.135834, 0.003129, 1.917641, 0.120548, 0.0
4779.0, 0.560847, 0.135834, 0.003129, 1.917641, 0.120548, 0.0
4795.0, 0.588674, 0.140932, 0.003384, 1.917641, 0.120548, 0.0
4795.0, 0.588674, 0.140932, 0.003384, 1.917641, 0.120548, 0.0
4811.0, 0.616112, 0.146347, 0.003642, 1.917641, 0.120548, 0.0
4828.0, 0.643161, 0.152075, 0.003899, 1.917641, 0.120548, 0.0
4828.0, 0.643161, 0.152075, 0.003899, 1.917641, 0.120548, 0.0
4845.0, 0.669823, 0.158115, 0.004156, 1.917641, 0.120548, 0.0
4845.0, 0.669823, 0.158115, 0.004156, 1.917641, 0.120548, 0.0
4861.0, 0.696096, 0.164466, 0.004413, 1.917641, 0.120548, 0.0
4879.0, 0.721978, 0.171125, 0.00467, 1.917641, 0.120548, 0.0
4879.0, 0.721978, 0.171125, 0.00467, 1.917641, 0.120548, 0.0
4896.0, 0.747477, 0.178093, 0.004923, 1.917641, 0.120548, 0.0
4896.0, 0.747477, 0.178093, 0.004923, 1.917641, 0.120548, 0.0
4911.0, 0.772583, 0.185364, 0.005177, 1.917641, 0.120548, 0.0
4929.0, 0.797289, 0.192933, 0.005434, 1.917641, 0.120548, 0.0
4929.0, 0.797289, 0.192933, 0.005434, 1.917641, 0.120548, 0.0
4944.0, 0.821592, 0.200797, 0.005693, 1.917641, 0.120548, 0.0
4944.0, 0.821592, 0.200797, 0.005693, 1.917641, 0.120548, 0.0
4961.0, 0.845491, 0.208954, 0.005954, 1.917641, 0.120548, 0.0
4979.0, 0.868983, 0.217401, 0.006215, 1.917641, 0.120548, 0.0
4979.0, 0.868983, 0.217401, 0.006215, 1.917641, 0.120548, 0.0
4994.0, 0.892057, 0.22613, 0.00648, 1.91784, 0.370551, 0.0
4995.0, 0.892057, 0.22613, 0.00648, 1.91784, 0.370551, 0.0
5011.0, 0.914716, 0.23514, 0.006745, 1.91784, 0.370551, 0.0
5028.0, 0.936961, 0.244426, 0.007008, 1.91784, 0.370551, 0.0
5028.0, 0.936961, 0.244426, 0.007008, 1.91784, 0.370551, 0.0
5045.0, 0.958789, 0.253986, 0.007268, 1.91784, 0.370551, 0.0
5045.0, 0.958789, 0.253986, 0.007268, 1.91784, 0.370551, 0.0
5061.0, 0.9802, 0.263817, 0.007526, 1.91784, 0.370551, 0.0
5079.0, 1.001191, 0.273915, 0.007781, 1.91784, 0.370551, 0.0
5079.0, 1.001191, 0.273915, 0.007781, 1.91784, 0.370551, 0.0
5095.0, 1.021767, 0.284281, 0.008031, 1.91784, 0.370551, 0.0
5095.0, 1.021767, 0.284281, 0.008031, 1.91784, 0.370551, 0.0
5111.0, 1.041919, 0.294905, 0.00828, 1.91784, 0.370551, 0.0
5129.0, 1.061641, 0.305783, 0.008528, 1.91784, 0.370551, 0.0
5129.0, 1.061641, 0.305783, 0.008528, 1.91784, 0.370551, 0.0
5145.0, 1.08093, 0.316907, 0.008775, 1.91784, 0.370551, 0.0
5145.0, 1.08093, 0.316907, 0.008775, 1.91784, 0.370551, 0.0
5161.0, 1.099784, 0.328277, 0.009021, 1.91784, 0.370551, 0.0
5179.0, 1.1182, 0.339887, 0.009265, 1.91784, 0.370551, 0.0
5179.0, 1.1182, 0.339887, 0.009265, 1.91784, 0.370551, 0.0
5195.0, 1.136177, 0.351733, 0.009506, 1.91784, 0.370551, 0.0
5195.0, 1.136177, 0.351733, 0.009506, 1.91784, 0.370551, 0.0
5211.0, 1.153711, 0.363809, 0.009745, 1.91784, 0.370551, 0.0
5228.0, 1.170823, 0.376127, 0.00998, 1.91784, 0.370551, 0.0
5228.0, 1.170823, 0.376127, 0.00998, 1.91784, 0.370551, 0.0
5245.0, 1.187464, 0.38865, 0.010212, 1.918039, 0.620575, 0.0
5245.0, 1.187464, 0.38865, 0.010212, 1.918039, 0.620575, 0.0
5261.0, 1.203655, 0.401389, 0.01044, 1.918039, 0.620575, 0.0
5280.0, 1.219396, 0.414342, 0.010663, 1.918039, 0.620575, 0.0
5280.0, 1.219396, 0.414342, 0.010663, 1.918039, 0.620575, 0.0
5295.0, 1.234678, 0.427499, 0.010884, 1.918039, 0.620575, 0.0
5295.0, 1.234678, 0.427499, 0.010884, 1.918039, 0.620575, 0.0
5311.0, 1.249503, 0.440858, 0.0111, 1.918039, 0.620575, 0.0
5328.0, 1.263872, 0.454416, 0.01131, 1.918039, 0.620575, 0.0
5328.0, 1.263872, 0.454416, 0.01131, 1.918039, 0.620575, 0.0
5345.0, 1.277782, 0.46817, 0.011514, 1.918039, 0.620575, 0.0
5345.0, 1.277782, 0.46817, 0.011514, 1.918039, 0.620575, 0.0
5362.0, 1.291233, 0.482116, 0.011713, 1.918039, 0.620575, 0.0
5378.0, 1.304223, 0.496251, 0.011905, 1.918039, 0.620575, 0.0
5378.0, 1.304223, 0.496251, 0.011905, 1.918039, 0.620575, 0.0
5394.0, 1.316751, 0.510572, 0.012092, 1.918039, 0.620575, 0.0
5394.0, 1.316751, 0.510572, 0.012092, 1.918039, 0.620575, 0.0
5411.0, 1.328814, 0.525075, 0.012274, 1.918039, 0.620575, 0.0
5428.0, 1.340412, 0.539755, 0.01245, 1.918039, 0.620575, 0.0
5428.0, 1.340412, 0.539755, 0.01245, 1.918039, 0.620575, 0.0
5445.0, 1.351544, 0.554611, 0.01262, 1.918039, 0.620575, 0.0
5445.0, 1.351544, 0.554611, 0.01262, 1.918039, 0.620575, 0.0
5461.0, 1.362207, 0.569638, 0.012784, 1.918039, 0.620575, 0.0
5479.0, 1.372401, 0.584837, 0.012942, 1.918039, 0.620575, 0.0
5479.0, 1.372401, 0.584837, 0.012942, 1.918039, 0.620575, 0.0
5495.0, 1.38213, 0.600209, 0.013093, 1.918238, 0.870578, 0.0
5495.0, 1.38213, 0.600209, 0.013093, 1.918238, 0.870578, 0.0
5511.0, 1.391389, 0.615751, 0.013238, 1.918238, 0.870578, 0.0
5529.0, 1.400178, 0.63146, 0.013377, 1.918238, 0.870578, 0.0
5529.0, 1.400178, 0.63146, 0.013377, 1.918238, 0.870578, 0.0
5546.0, 1.408494, 0.647333, 0.013511, 1.918238, 0.870578, 0.0
5546.0, 1.408494, 0.647333, 0.013511, 1.918238, 0.870578, 0.0
5561.0, 1.416339, 0.663369, 0.013639, 1.918238, 0.870578, 0.0
5580.0, 1.423711, 0.67957, 0.013761, 1.918238, 0.870578, 0.0
5580.0, 1.423711, 0.67957, 0.013761, 1.918238, 0.870578, 0.0
5595.0, 1.430612, 0.695935, 0.013878, 1.918238, 0.870578, 0.0
5595.0, 1.430612, 0.695935, 0.013878, 1.918238, 0.870578, 0.0
5611.0, 1.437041, 0.712467, 0.013988, 1.918238, 0.870578, 0.0
5628.0, 1.443001, 0.729168, 0.014093, 1.918238, 0.870578, 0.0
5628.0, 1.443001, 0.729168, 0.014093, 1.918238, 0.870578, 0.0
5644.0, 1.44849, 0.746041, 0.014193, 1.918238, 0.870578, 0.0
5644.0, 1.44849, 0.746041, 0.014193, 1.918238, 0.870578, 0.0
5661.0, 1.45351, 0.763087, 0.014289, 1.918238, 0.870578, 0.0
5678.0, 1.458062, 0.780307, 0.014381, 1.918238, 0.870578, 0.0
5678.0, 1.458062, 0.780307, 0.014381, 1.918238, 0.870578, 0.0
5695.0, 1.462145, 0.797699, 0.014469, 1.918238, 0.870578, 0.0
5695.0, 1.462145, 0.797699, 0.014469, 1.918238, 0.870578, 0.0
5711.0, 1.465763, 0.815273, 0.014555, 1.918238, 0.870578, 0.0
5728.0, 1.468918, 0.833035, 0.014638, 1.918238, 0.870578, 0.0
5728.0, 1.468918, 0.833035, 0.014638, 1.918238, 0.870578, 0.0
5745.0, 1.471612, 0.850992, 0.014719, 1.918437, 1.12058, 0.0
5745.0, 1.471612, 0.850992, 0.014719, 1.918437, 1.12058, 0.0
5761.0, 1.473846, 0.869145, 0.014799, 1.918437, 1.12058, 0.0
5780.0, 1.475622, 0.8875, 0.01488, 1.918437, 1.12058, 0.0
5780.0, 1.475622, 0.8875, 0.01488, 1.918437, 1.12058, 0.0
5796.0, 1.477028, 0.906016, 0.014923, 1.918437, 1.12058, 0.0
5796.0, 1.477028, 0.906016, 0.014923, 1.918437, 1.12058, 0.0
5811.0, 1.478177, 0.924628, 0.014896, 1.918437, 1.12058, 0.0
5828.0, 1.479177, 0.943276, 0.014777, 1.918437, 1.12058, 0.0
5828.0, 1.479177, 0.943276, 0.014777, 1.918437, 1.12058, 0.0
5845.0, 1.480125, 0.961907, 0.014564, 1.918437, 1.12058, 0.0
5845.0, 1.480125, 0.961907, 0.014564, 1.918437, 1.12058, 0.0
5861.0, 1.481108, 0.980477, 0.014262, 1.918437, 1.12058, 0.0
5880.0, 1.482194, 0.998948, 0.013884, 1.918437, 1.12058, 0.0
5880.0, 1.482194, 0.998948, 0.013884, 1.918437, 1.12058, 0.0
5894.0, 1.483442, 1.017282, 0.013448, 1.918437, 1.12058, 0.0
5894.0, 1.483442, 1.017282, 0.013448, 1.918437, 1.12058, 0.0
5911.0, 1.484898, 1.035455, 0.012973, 1.918437, 1.12058, 0.0
5927.0, 1.4866, 1.053448, 0.012475, 1.918437, 1.12058, 0.0
5927.0, 1.4866, 1.053448, 0.012475, 1.918437, 1.12058, 0.0
5945.0, 1.488581, 1.071242, 0.01197, 1.918437, 1.12058, 0.0
5945.0, 1.488581, 1.071242, 0.01197, 1.918437, 1.12058, 0.0
5961.0, 1.490864, 1.088823, 0.011471, 1.918437, 1.12058, 0.0
5979.0, 1.493473, 1.106178, 0.010985, 1.918437, 1.12058, 0.0
5979.0, 1.493473, 1.106178, 0.010985, 1.918437, 1.12058, 0.0
5995.0, 1.496424, 1.123303, 0.010522, 1.918636, 1.370582, 0.0
5995.0, 1.496424, 1.123303, 0.010522, 1.918636, 1.370582, 0.0
6011.0, 1.49973, 1.140185, 0.010085, 1.918636, 1.370582, 0.0
6028.0, 1.503402, 1.156814, 0.009678, 1.918636, 1.370582, 0.0
6028.0, 1.503402, 1.156814, 0.009678, 1.918636, 1.370582, 0.0
6045.0, 1.507448, 1.173183, 0.009302, 1.918636, 1.370582, 0.0
6045.0, 1.507448, 1.173183, 0.009302, 1.918636, 1.370582, 0.0
6062.0, 1.511875, 1.189287, 0.008956, 1.918636, 1.370582, 0.0
6080.0, 1.516689, 1.205121, 0.008638, 1.918636, 1.370582, 0.0
6080.0, 1.516689, 1.205121, 0.008638, 1.918636, 1.370582, 0.0
6095.0, 1.521895, 1.220684, 0.008346, 1.918636, 1.370582, 0.0
6095.0, 1.521895, 1.220684, 0.008346, 1.918636, 1.370582, 0.0
6111.0, 1.527496, 1.235973, 0.008078, 1.918636, 1.370582, 0.0
6128.0, 1.533497, 1.250986, 0.00783, 1.918636, 1.370582, 0.0
6128.0, 1.533497, 1.250986, 0.00783, 1.918636, 1.370582, 0.0
6145.0, 1.539899, 1.265723, 0.007599, 1.918636, 1.370582, 0.0
6145.0, 1.539899, 1.265723, 0.007599, 1.918636, 1.370582, 0.0
6161.0, 1.546705, 1.280182, 0.007383, 1.918636, 1.370582, 0.0
6179.0, 1.553916, 1.294362, 0.007179, 1.918636, 1.370582, 0.0
6179.0, 1.553916, 1.294362, 0.007179, 1.918636, 1.370582, 0.0
6195.0, 1.561532, 1.308259, 0.006983, 1.918636, 1.370582, 0.0
6195.0, 1.561532, 1.308259, 0.006983, 1.918636, 1.370582, 0.0
6211.0, 1.569556, 1.321877, 0.006794, 1.918636, 1.370582, 0.0
6229.0, 1.577991, 1.335218, 0.006608, 1.918636, 1.370582, 0.0
6229.0, 1.577991, 1.335218, 0.006608, 1.918636, 1.370582, 0.0
6245.0, 1.586838, 1.348283, 0.006423, 1.918835, 1.620583, 0.0
6245.0, 1.586838, 1.348283, 0.006423, 1.918835, 1.620583, 0.0
6262.0, 1.596099, 1.361073, 0.006238, 1.918835, 1.620583, 0.0
6278.0, 1.605775, 1.373589, 0.006051, 1.918835, 1.620583, 0.0
6278.0, 1.605775, 1.373589, 0.006051, 1.918835, 1.620583, 0.0
6295.0, 1.615872, 1.385837, 0.00586, 1.918835, 1.620583, 0.0
6295.0, 1.615872, 1.385837, 0.00586, 1.918835, 1.620583, 0.0
6311.0, 1.626387, 1.397814, 0.005665, 1.918835, 1.620583, 0.0
6328.0, 1.637323, 1.40952, 0.005466, 1.918835, 1.620583, 0.0
6328.0, 1.637323, 1.40952, 0.005466, 1.918835, 1.620583, 0.0
6345.0, 1.648678, 1.420957, 0.005263, 1.918835, 1.620583, 0.0
6345.0, 1.648678, 1.420957, 0.005263, 1.918835, 1.620583, 0.0
6361.0, 1.660496, 1.432164, 0.005055, 1.918835, 1.620583, 0.0
6379.0, 1.672696, 1.443064, 0.004841, 1.918835, 1.620583, 0.0
6379.0, 1.672696, 1.443064, 0.004841, 1.918835, 1.620583, 0.0
6395.0, 1.68531, 1.453689, 0.004627, 1.918835, 1.620583, 0.0
6395.0, 1.68531, 1.453689, 0.004627, 1.918835, 1.620583, 0.0
6411.0, 1.698347, 1.464049, 0.004408, 1.918835, 1.620583, 0.0
6428.0, 1.71181, 1.474147, 0.004182, 1.918835, 1.620583, 0.0
6428.0, 1.71181, 1.474147, 0.004182, 1.918835, 1.620583, 0.0
6445.0, 1.725703, 1.483987, 0.003951, 1.918835, 1.620583, 0.0
6445.0, 1.725703, 1.483987, 0.003951, 1.918835, 1.620583, 0.0
6461.0, 1.740026, 1.49357, 0.003715, 1.918835, 1.620583, 0.0
6480.0, 1.75478, 1.502897, 0.003475, 1.918835, 1.620583, 0.0
6480.0, 1.75478, 1.502897, 0.003475, 1.918835, 1.620583, 0.0
6496.0, 1.769979, 1.511976, 0.003227, 1.919034, 1.870645, 0.0
6496.0, 1.769979, 1.511976, 0.003227, 1.919034, 1.870645, 0.0
6511.0, 1.785615, 1.520806, 0.002978, 1.919034, 1.870645, 0.0
6528.0, 1.801687, 1.529384, 0.002729, 1.919034, 1.870645, 0.0
6528.0, 1.801687, 1.529384, 0.002729, 1.919034, 1.870645, 0.0
6545.0, 1.818193, 1.537713, 0.002481, 1.919034, 1.870645, 0.0
6545.0, 1.818193, 1.537713, 0.002481, 1.919034, 1.870645, 0.0
6561.0, 1.835134, 1.545793, 0.002235, 1.919034, 1.870645, 0.0
6579.0, 1.852511, 1.553625, 0.00199, 1.919034, 1.870645, 0.0
6579.0, 1.852511, 1.553625, 0.00199, 1.919034, 1.870645, 0.0
6595.0, 1.870228, 1.561255, 0.001789, 1.919034, 1.870645, 0.0
6595.0, 1.870228, 1.561255, 0.001789, 1.919034, 1.870645, 0.0
6611.0, 1.888178, 1.568746, 0.001666, 1.919034, 1.870645, 0.0
6628.0, 1.906253, 1.576156, 0.001645, 1.919034, 1.870645, 0.0
6628.0, 1.906253, 1.576156, 0.001645, 1.919034, 1.870645, 0.0
6645.0, 1.924354, 1.58354, 0.001732, 1.919034, 1.870645, 0.0
6645.0, 1.924354, 1.58354, 0.001732, 1.919034, 1.870645, 0.0
6661.0, 1.942431, 1.590954, 0.001924, 1.919034, 1.870645, 0.0
6679.0, 1.960345, 1.598408, 0.002208, 1.919034, 1.870645, 0.0
6679.0, 1.960345, 1.598408, 0.002208, 1.919034, 1.870645, 0.0
6695.0, 1.978078, 1.60595, 0.002565, 1.919034, 1.870645, 0.0
6695.0, 1.978078, 1.60595, 0.002565, 1.919034, 1.870645, 0.0
6711.0, 1.995576, 1.613601, 0.002981, 1.919034, 1.870645, 0.0
6728.0, 2.012798, 1.621381, 0.003438, 1.919034, 1.870645, 0.0
6728.0, 2.012798, 1.621381, 0.003438, 1.919034, 1.870645, 0.0
6745.0, 2.02971, 1.629308, 0.003919, 1.919234, 2.12068, 0.0
6745.0, 2.02971, 1.629308, 0.003919, 1.919234, 2.12068, 0.0
6761.0, 2.046287, 1.637396, 0.004412, 1.919234, 2.12068, 0.0
6779.0, 2.062506, 1.645655, 0.004903, 1.919234, 2.12068, 0.0
6779.0, 2.062506, 1.645655, 0.004903, 1.919234, 2.12068, 0.0
6795.0, 2.078346, 1.654094, 0.005386, 1.919234, 2.12068, 0.0
6795.0, 2.078346, 1.654094, 0.005386, 1.919234, 2.12068, 0.0
6812.0, 2.093797, 1.662722, 0.005853, 1.919234, 2.12068, 0.0
6829.0, 2.108849, 1.671549, 0.006297, 1.919234, 2.12068, 0.0
6829.0, 2.108849, 1.671549, 0.006297, 1.919234, 2.12068, 0.0
6846.0, 2.123496, 1.68058, 0.006717, 1.919234, 2.12068, 0.0
6846.0, 2.123496, 1.68058, 0.006717, 1.919234, 2.12068, 0.0
6861.0, 2.13773, 1.689821, 0.007112, 1.919234, 2.12068, 0.0
6879.0, 2.151545, 1.699275, 0.007482, 1.919234, 2.12068, 0.0
6879.0, 2.151545, 1.699275, 0.007482, 1.919234, 2.12068, 0.0
