1.0, 0.0, 0.0, 0.002231, 0.765547, -1.847685, 0.0
15.0, -0.000054, -0.000268, -0.004072, 0.765547, -1.847685, 0.0
15.0, -0.000054, -0.000268, -0.004072, 0.765547, -1.847685, 0.0
31.0, -0.000024, -0.000451, -0.009526, 0.765547, -1.847685, 0.0
31.0, -0.000024, -0.000451, -0.009526, 0.765547, -1.847685, 0.0
46.0, 0.000186, -0.000495, -0.012336, 0.765547, -1.847685, 0.0
63.0, 0.000648, -0.000498, -0.013597, 0.765547, -1.847685, 0.0
63.0, 0.000648, -0.000498, -0.013597, 0.765547, -1.847685, 0.0
81.0, 0.001413, -0.000594, -0.01375, 0.765547, -1.847685, 0.0
81.0, 0.001413, -0.000594, -0.01375, 0.765547, -1.847685, 0.0
97.0, 0.00252, -0.000917, -0.013147, 0.765547, -1.847685, 0.0
115.0, 0.003996, -0.001589, -0.012069, 0.765547, -1.847685, 0.0
115.0, 0.003996, -0.001589, -0.012069, 0.765547, -1.847685, 0.0
132.0, 0.005648, -0.002582, -0.012518, 0.765547, -1.847685, 0.0
132.0, 0.005648, -0.002582, -0.012518, 0.765547, -1.847685, 0.0
147.0, 0.007556, -0.00374, -0.013746, 0.576267, -1.65984, 0.0
166.0, 0.009667, -0.00506, -0.014524, 0.576267, -1.65984, 0.0
166.0, 0.009667, -0.00506, -0.014524, 0.576267, -1.65984, 0.0
181.0, 0.011846, -0.006451, -0.014819, 0.576267, -1.65984, 0.0
181.0, 0.011846, -0.006451, -0.014819, 0.576267, -1.65984, 0.0
198.0, 0.014051, -0.007846, -0.014687, 0.576267, -1.65984, 0.0
215.0, 0.015654, -0.009057, -0.012479, 0.576267, -1.65984, 0.0
215.0, 0.015654, -0.009057, -0.012479, 0.576267, -1.65984, 0.0
232.0, 0.017418, -0.009878, -0.010779, 0.576267, -1.65984, 0.0
232.0, 0.017418, -0.009878, -0.010779, 0.576267, -1.65984, 0.0
248.0, 0.019064, -0.010566, -0.009303, 0.576267, -1.65984, 0.0
265.0, 0.020467, -0.011091, -0.008061, 0.576267, -1.65984, 0.0
265.0, 0.020467, -0.011091, -0.008061, 0.576267, -1.65984, 0.0
283.0, 0.021574, -0.011509, -0.007104, 0.576267, -1.65984, 0.0
283.0, 0.021574, -0.011509, -0.007104, 0.576267, -1.65984, 0.0
297.0, 0.02234, -0.011793, -0.006318, 0.576267, -1.65984, 0.0
315.0, 0.022752, -0.011945, -0.005753, 0.576267, -1.65984, 0.0
315.0, 0.022752, -0.011945, -0.005753, 0.576267, -1.65984, 0.0
331.0, 0.022826, -0.011977, -0.005526, 0.576267, -1.65984, 0.0
331.0, 0.022826, -0.011977, -0.005526, 0.576267, -1.65984, 0.0
348.0, 0.022682, -0.01193, -0.005492, 0.576267, -1.65984, 0.0
364.0, 0.022362, -0.011827, -0.005537, 0.576267, -1.65984, 0.0
364.0, 0.022362, -0.011827, -0.005537, 0.576267, -1.65984, 0.0
382.0, 0.021771, -0.01162, -0.005274, 0.576267, -1.65984, 0.0
382.0, 0.021771, -0.01162, -0.005274, 0.576267, -1.65984, 0.0
398.0, 0.020759, -0.011238, -0.004634, 0.220759, -1.307027, 0.0
415.0, 0.01926, -0.010666, -0.003858, 0.220759, -1.307027, 0.0
415.0, 0.01926, -0.010666, -0.003858, 0.220759, -1.307027, 0.0
433.0, 0.017265, -0.00988, -0.002788, 0.220759, -1.307027, 0.0
433.0, 0.017265, -0.00988, -0.002788, 0.220759, -1.307027, 0.0
448.0, 0.014857, -0.008935, -0.001778, 0.220759, -1.307027, 0.0
465.0, 0.01216, -0.007866, -0.000705, 0.220759, -1.307027, 0.0
465.0, 0.01216, -0.007866, -0.000705, 0.220759, -1.307027, 0.0
483.0, 0.009283, -0.00674, 0.000141, 0.220759, -1.307027, 0.0
483.0, 0.009283, -0.00674, 0.000141, 0.220759, -1.307027, 0.0
498.0, 0.006347, -0.005592, 0.000936, 0.220759, -1.307027, 0.0
515.0, 0.003434, -0.004475, 0.001447, 0.220759, -1.307027, 0.0
515.0, 0.003434, -0.004475, 0.001447, 0.220759, -1.307027, 0.0
534.0, 0.000631, -0.00341, 0.001895, 0.220759, -1.307027, 0.0
534.0, 0.000631, -0.00341, 0.001895, 0.220759, -1.307027, 0.0
547.0, -0.002011, -0.002442, 0.002075, 0.220759, -1.307027, 0.0
564.0, -0.004426, -0.00158, 0.002231, 0.220759, -1.307027, 0.0
564.0, -0.004426, -0.00158, 0.002231, 0.220759, -1.307027, 0.0
581.0, -0.006578, -0.000865, 0.002154, 0.220759, -1.307027, 0.0
581.0, -0.006578, -0.000865, 0.002154, 0.220759, -1.307027, 0.0
598.0, -0.008424, -0.000292, 0.002108, 0.220759, -1.307027, 0.0
615.0, -0.009939, 0.000103, 0.001865, 0.220759, -1.307027, 0.0
615.0, -0.009939, 0.000103, 0.001865, 0.220759, -1.307027, 0.0
633.0, -0.011096, 0.000343, 0.001703, 0.220759, -1.307027, 0.0
633.0, -0.011096, 0.000343, 0.001703, 0.220759, -1.307027, 0.0
649.0, -0.011882, 0.000398, 0.001362, -0.134184, -0.954777, 0.0
665.0, -0.012298, 0.000329, 0.001063, -0.134184, -0.954777, 0.0
665.0, -0.012298, 0.000329, 0.001063, -0.134184, -0.954777, 0.0
683.0, -0.012396, 0.000161, 0.000709, -0.134184, -0.954777, 0.0
683.0, -0.012396, 0.000161, 0.000709, -0.134184, -0.954777, 0.0
698.0, -0.012259, -0.000121, 0.000272, -0.134184, -0.954777, 0.0
717.0, -0.0119, -0.000637, -0.000156, -0.134184, -0.954777, 0.0
717.0, -0.0119, -0.000637, -0.000156, -0.134184, -0.954777, 0.0
733.0, -0.011189, -0.001451, -0.000664, -0.134184, -0.954777, 0.0
733.0, -0.011189, -0.001451, -0.000664, -0.134184, -0.954777, 0.0
748.0, -0.010078, -0.002573, -0.001264, -0.134184, -0.954777, 0.0
765.0, -0.00851, -0.003994, -0.001907, -0.134184, -0.954777, 0.0
765.0, -0.00851, -0.003994, -0.001907, -0.134184, -0.954777, 0.0
782.0, -0.006466, -0.005704, -0.00257, -0.134184, -0.954777, 0.0
782.0, -0.006466, -0.005704, -0.00257, -0.134184, -0.954777, 0.0
798.0, -0.00394, -0.007693, -0.003234, -0.134184, -0.954777, 0.0
815.0, -0.00093, -0.009954, -0.003879, -0.134184, -0.954777, 0.0
815.0, -0.00093, -0.009954, -0.003879, -0.134184, -0.954777, 0.0
833.0, 0.002557, -0.012478, -0.00449, -0.134184, -0.954777, 0.0
833.0, 0.002557, -0.012478, -0.00449, -0.134184, -0.954777, 0.0
858.0, 0.006518, -0.015263, -0.005058, -0.134184, -0.954777, 0.0
888.0, 0.014945, -0.021047, -0.00609, -0.134184, -0.954777, 0.0
888.0, 0.014945, -0.021047, -0.00609, -0.134184, -0.954777, 0.0
888.0, 0.014945, -0.021047, -0.00609, -0.134184, -0.954777, 0.0
888.0, 0.014945, -0.021047, -0.00609, -0.134184, -0.954777, 0.0
904.0, 0.020469, -0.024717, -0.006931, -0.497654, -0.594062, 0.0
904.0, 0.020469, -0.024717, -0.006931, -0.497654, -0.594062, 0.0
921.0, 0.026798, -0.028856, -0.00759, -0.497654, -0.594062, 0.0
921.0, 0.026798, -0.028856, -0.00759, -0.497654, -0.594062, 0.0
942.0, 0.033671, -0.033297, -0.008132, -0.497654, -0.594062, 0.0
956.0, 0.040686, -0.037794, -0.008426, -0.497654, -0.594062, 0.0
956.0, 0.040686, -0.037794, -0.008426, -0.497654, -0.594062, 0.0
971.0, 0.048001, -0.042451, -0.008601, -0.497654, -0.594062, 0.0
971.0, 0.048001, -0.042451, -0.008601, -0.497654, -0.594062, 0.0
991.0, 0.055696, -0.047324, -0.008723, -0.497654, -0.594062, 0.0
1004.0, 0.063778, -0.052422, -0.008824, -0.497654, -0.594062, 0.0
1004.0, 0.063778, -0.052422, -0.008824, -0.497654, -0.594062, 0.0
1029.0, 0.072275, -0.057761, -0.00892, -0.497654, -0.594062, 0.0
1029.0, 0.072275, -0.057761, -0.00892, -0.497654, -0.594062, 0.0
1063.0, 0.089663, -0.068653, -0.009149, -0.497654, -0.594062, 0.0
1063.0, 0.089663, -0.068653, -0.009149, -0.497654, -0.594062, 0.0
1063.0, 0.089663, -0.068653, -0.009149, -0.497654, -0.594062, 0.0
1063.0, 0.089663, -0.068653, -0.009149, -0.497654, -0.594062, 0.0
1078.0, 0.098813, -0.074349, -0.009369, -0.497654, -0.594062, 0.0
1097.0, 0.108507, -0.080362, -0.009525, -0.497654, -0.594062, 0.0
1097.0, 0.108507, -0.080362, -0.009525, -0.497654, -0.594062, 0.0
1112.0, 0.118633, -0.086625, -0.009758, -0.497654, -0.594062, 0.0
1112.0, 0.118633, -0.086625, -0.009758, -0.497654, -0.594062, 0.0
1128.0, 0.129213, -0.093157, -0.010028, -0.497654, -0.594062, 0.0
1146.0, 0.14025, -0.099956, -0.010313, -0.497654, -0.594062, 0.0
1146.0, 0.14025, -0.099956, -0.010313, -0.497654, -0.594062, 0.0
1166.0, 0.155931, -0.109618, -0.012047, -0.862887, -0.231598, 0.0
1166.0, 0.155931, -0.109618, -0.012047, -0.862887, -0.231598, 0.0
1178.0, 0.172587, -0.119846, -0.013488, -0.862887, -0.231598, 0.0
1178.0, 0.172587, -0.119846, -0.013488, -0.862887, -0.231598, 0.0
1198.0, 0.189675, -0.130299, -0.014239, -0.862887, -0.231598, 0.0
1212.0, 0.206778, -0.140729, -0.014312, -0.862887, -0.231598, 0.0
1212.0, 0.206778, -0.140729, -0.014312, -0.862887, -0.231598, 0.0
1229.0, 0.223781, -0.151084, -0.013877, -0.862887, -0.231598, 0.0
1229.0, 0.223781, -0.151084, -0.013877, -0.862887, -0.231598, 0.0
1245.0, 0.24064, -0.161349, -0.013114, -0.862887, -0.231598, 0.0
1262.0, 0.257463, -0.171599, -0.012226, -0.862887, -0.231598, 0.0
1262.0, 0.257463, -0.171599, -0.012226, -0.862887, -0.231598, 0.0
1279.0, 0.274347, -0.181895, -0.011349, -0.862887, -0.231598, 0.0
1279.0, 0.274347, -0.181895, -0.011349, -0.862887, -0.231598, 0.0
1295.0, 0.291372, -0.192284, -0.01057, -0.862887, -0.231598, 0.0
1313.0, 0.308617, -0.202807, -0.009937, -0.862887, -0.231598, 0.0
1313.0, 0.308617, -0.202807, -0.009937, -0.862887, -0.231598, 0.0
1331.0, 0.326109, -0.213475, -0.00947, -0.862887, -0.231598, 0.0
1331.0, 0.326109, -0.213475, -0.00947, -0.862887, -0.231598, 0.0
1345.0, 0.342084, -0.223193, -0.008464, -0.862887, -0.231598, 0.0
1363.0, 0.35786, -0.232775, -0.007706, -0.862887, -0.231598, 0.0
1363.0, 0.35786, -0.232775, -0.007706, -0.862887, -0.231598, 0.0
1380.0, 0.373992, -0.242561, -0.007387, -0.862887, -0.231598, 0.0
1380.0, 0.373992, -0.242561, -0.007387, -0.862887, -0.231598, 0.0
1402.0, 0.390704, -0.25268, -0.007479, -1.195012, 0.098008, 0.0
1428.0, 0.423659, -0.272579, -0.008285, -1.195012, 0.098008, 0.0
1428.0, 0.423659, -0.272579, -0.008285, -1.195012, 0.098008, 0.0
1429.0, 0.423659, -0.272579, -0.008285, -1.195012, 0.098008, 0.0
1450.0, 0.442098, -0.283642, -0.009182, -1.195012, 0.098008, 0.0
1450.0, 0.442098, -0.283642, -0.009182, -1.195012, 0.098008, 0.0
1476.0, 0.477011, -0.304462, -0.00963, -1.195012, 0.098008, 0.0
1476.0, 0.477011, -0.304462, -0.00963, -1.195012, 0.098008, 0.0
1476.0, 0.477011, -0.304462, -0.00963, -1.195012, 0.098008, 0.0
1496.0, 0.495333, -0.315318, -0.010236, -1.195012, 0.098008, 0.0
1496.0, 0.495333, -0.315318, -0.010236, -1.195012, 0.098008, 0.0
1510.0, 0.514503, -0.326627, -0.010912, -1.195012, 0.098008, 0.0
1510.0, 0.514503, -0.326627, -0.010912, -1.195012, 0.098008, 0.0
1528.0, 0.534423, -0.338336, -0.011732, -1.195012, 0.098008, 0.0
1547.0, 0.555044, -0.35042, -0.012572, -1.195012, 0.098008, 0.0
1547.0, 0.555044, -0.35042, -0.012572, -1.195012, 0.098008, 0.0
1560.0, 0.578278, -0.364007, -0.014174, -1.195012, 0.098008, 0.0
1560.0, 0.578278, -0.364007, -0.014174, -1.195012, 0.098008, 0.0
1585.0, 0.602747, -0.378278, -0.015547, -1.195012, 0.098008, 0.0
1604.0, 0.639685, -0.399775, -0.016843, -1.195012, 0.098008, 0.0
1604.0, 0.639685, -0.399775, -0.016843, -1.195012, 0.098008, 0.0
1604.0, 0.639685, -0.399775, -0.016843, -1.195012, 0.098008, 0.0
1620.0, 0.664056, -0.413953, -0.017123, -1.195012, 0.098008, 0.0
1620.0, 0.664056, -0.413953, -0.017123, -1.195012, 0.098008, 0.0
1643.0, 0.688166, -0.427996, -0.016921, -1.195012, 0.098008, 0.0
1667.0, 0.732789, -0.454081, -0.016809, -1.56052, 0.460746, 0.0
1667.0, 0.732789, -0.454081, -0.016809, -1.56052, 0.460746, 0.0
1667.0, 0.732789, -0.454081, -0.016809, -1.56052, 0.460746, 0.0
1682.0, 0.757348, -0.46853, -0.016351, -1.56052, 0.460746, 0.0
1682.0, 0.757348, -0.46853, -0.016351, -1.56052, 0.460746, 0.0
1702.0, 0.781327, -0.482718, -0.015456, -1.56052, 0.460746, 0.0
1702.0, 0.781327, -0.482718, -0.015456, -1.56052, 0.460746, 0.0
1715.0, 0.804623, -0.49658, -0.014319, -1.56052, 0.460746, 0.0
1743.0, 0.827285, -0.510149, -0.013026, -1.56052, 0.460746, 0.0
1743.0, 0.827285, -0.510149, -0.013026, -1.56052, 0.460746, 0.0
1767.0, 0.869355, -0.535481, -0.009994, -1.56052, 0.460746, 0.0
1767.0, 0.869355, -0.535481, -0.009994, -1.56052, 0.460746, 0.0
1767.0, 0.869355, -0.535481, -0.009994, -1.56052, 0.460746, 0.0
1783.0, 0.889554, -0.547785, -0.008676, -1.56052, 0.460746, 0.0
1783.0, 0.889554, -0.547785, -0.008676, -1.56052, 0.460746, 0.0
1803.0, 0.909281, -0.559901, -0.007605, -1.56052, 0.460746, 0.0
1803.0, 0.909281, -0.559901, -0.007605, -1.56052, 0.460746, 0.0
1816.0, 0.928387, -0.571712, -0.0068, -1.56052, 0.460746, 0.0
1843.0, 0.947025, -0.583294, -0.006242, -1.56052, 0.460746, 0.0
1843.0, 0.947025, -0.583294, -0.006242, -1.56052, 0.460746, 0.0
1852.0, 0.9663, -0.595306, -0.005601, -1.56052, 0.460746, 0.0
1852.0, 0.9663, -0.595306, -0.005601, -1.56052, 0.460746, 0.0
1869.0, 0.983642, -0.606132, -0.005293, -1.56052, 0.460746, 0.0
1869.0, 0.983642, -0.606132, -0.005293, -1.56052, 0.460746, 0.0
1897.0, 1.012253, -0.623998, -0.005273, -1.56052, 0.460746, 0.0
1897.0, 1.012253, -0.623998, -0.005273, -1.56052, 0.460746, 0.0
1914.0, 1.029716, -0.634874, -0.005696, -1.930965, 0.828382, 0.0
1914.0, 1.029716, -0.634874, -0.005696, -1.930965, 0.828382, 0.0
1931.0, 1.047504, -0.645915, -0.006302, -1.930965, 0.828382, 0.0
1931.0, 1.047504, -0.645915, -0.006302, -1.930965, 0.828382, 0.0
1947.0, 1.066289, -0.657533, -0.007318, -1.930965, 0.828382, 0.0
1963.0, 1.085609, -0.669429, -0.008338, -1.930965, 0.828382, 0.0
1963.0, 1.085609, -0.669429, -0.008338, -1.930965, 0.828382, 0.0
1985.0, 1.105268, -0.681479, -0.009259, -1.930965, 0.828382, 0.0
1985.0, 1.105268, -0.681479, -0.009259, -1.930965, 0.828382, 0.0
2022.0, 1.142913, -0.704456, -0.010727, -1.930965, 0.828382, 0.0
2022.0, 1.142913, -0.704456, -0.010727, -1.930965, 0.828382, 0.0
2022.0, 1.142913, -0.704456, -0.010727, -1.930965, 0.828382, 0.0
2073.0, 1.183281, -0.728953, -0.012415, -1.930965, 0.828382, 0.0
2073.0, 1.183281, -0.728953, -0.012415, -1.930965, 0.828382, 0.0
2073.0, 1.183281, -0.728953, -0.012415, -1.930965, 0.828382, 0.0
2073.0, 1.183281, -0.728953, -0.012415, -1.930965, 0.828382, 0.0
2094.0, 1.221233, -0.751792, -0.012814, -1.930965, 0.828382, 0.0
2094.0, 1.221233, -0.751792, -0.012814, -1.930965, 0.828382, 0.0
2094.0, 1.221233, -0.751792, -0.012814, -1.930965, 0.828382, 0.0
2094.0, 1.221233, -0.751792, -0.012814, -1.930965, 0.828382, 0.0
2111.0, 1.241087, -0.763677, -0.013414, -1.930965, 0.828382, 0.0
2111.0, 1.241087, -0.763677, -0.013414, -1.930965, 0.828382, 0.0
2126.0, 1.261669, -0.775965, -0.014086, -1.930965, 0.828382, 0.0
2145.0, 1.282875, -0.788601, -0.014795, -1.930965, 0.828382, 0.0
2145.0, 1.282875, -0.788601, -0.014795, -1.930965, 0.828382, 0.0
2161.0, 1.31134, -0.805568, -0.018134, -2.28117, 1.175931, 0.0
2161.0, 1.31134, -0.805568, -0.018134, -2.28117, 1.175931, 0.0
2177.0, 1.342237, -0.823905, -0.020989, -2.28117, 1.175931, 0.0
2194.0, 1.373541, -0.842391, -0.022518, -2.28117, 1.175931, 0.0
2194.0, 1.373541, -0.842391, -0.022518, -2.28117, 1.175931, 0.0
2211.0, 1.404478, -0.860607, -0.022735, -2.28117, 1.175931, 0.0
2211.0, 1.404478, -0.860607, -0.022735, -2.28117, 1.175931, 0.0
2226.0, 1.434855, -0.878493, -0.021959, -2.28117, 1.175931, 0.0
2245.0, 1.464647, -0.896078, -0.020565, -2.28117, 1.175931, 0.0
2245.0, 1.464647, -0.896078, -0.020565, -2.28117, 1.175931, 0.0
2261.0, 1.491351, -0.911888, -0.017907, -2.28117, 1.175931, 0.0
2261.0, 1.491351, -0.911888, -0.017907, -2.28117, 1.175931, 0.0
2276.0, 1.516855, -0.927081, -0.015318, -2.28117, 1.175931, 0.0
2293.0, 1.541938, -0.942132, -0.013224, -2.28117, 1.175931, 0.0
2293.0, 1.541938, -0.942132, -0.013224, -2.28117, 1.175931, 0.0
2309.0, 1.566891, -0.957202, -0.01169, -2.28117, 1.175931, 0.0
2309.0, 1.566891, -0.957202, -0.01169, -2.28117, 1.175931, 0.0
2326.0, 1.591799, -0.972318, -0.010648, -2.28117, 1.175931, 0.0
2344.0, 1.616658, -0.987457, -0.00999, -2.28117, 1.175931, 0.0
2344.0, 1.616658, -0.987457, -0.00999, -2.28117, 1.175931, 0.0
2360.0, 1.641433, -1.002579, -0.009609, -2.28117, 1.175931, 0.0
2360.0, 1.641433, -1.002579, -0.009609, -2.28117, 1.175931, 0.0
2376.0, 1.666077, -1.017645, -0.009411, -2.28117, 1.175931, 0.0
2394.0, 1.690543, -1.03262, -0.009326, -2.28117, 1.175931, 0.0
2394.0, 1.690543, -1.03262, -0.009326, -2.28117, 1.175931, 0.0
2410.0, 1.714789, -1.047478, -0.009297, -2.636089, 1.528159, 0.0
2410.0, 1.714789, -1.047478, -0.009297, -2.636089, 1.528159, 0.0
2426.0, 1.738775, -1.062197, -0.009288, -2.636089, 1.528159, 0.0
2444.0, 1.76247, -1.07676, -0.009274, -2.636089, 1.528159, 0.0
2444.0, 1.76247, -1.07676, -0.009274, -2.636089, 1.528159, 0.0
2460.0, 1.785852, -1.09116, -0.009244, -2.636089, 1.528159, 0.0
2460.0, 1.785852, -1.09116, -0.009244, -2.636089, 1.528159, 0.0
2477.0, 1.808894, -1.105382, -0.009185, -2.636089, 1.528159, 0.0
2494.0, 1.831572, -1.119416, -0.009095, -2.636089, 1.528159, 0.0
2494.0, 1.831572, -1.119416, -0.009095, -2.636089, 1.528159, 0.0
2511.0, 1.85387, -1.133254, -0.008975, -2.636089, 1.528159, 0.0
2511.0, 1.85387, -1.133254, -0.008975, -2.636089, 1.528159, 0.0
2526.0, 1.875774, -1.14689, -0.008829, -2.636089, 1.528159, 0.0
2544.0, 1.897273, -1.160321, -0.008662, -2.636089, 1.528159, 0.0
2544.0, 1.897273, -1.160321, -0.008662, -2.636089, 1.528159, 0.0
2560.0, 1.91845, -1.17359, -0.008518, -2.636089, 1.528159, 0.0
2560.0, 1.91845, -1.17359, -0.008518, -2.636089, 1.528159, 0.0
2576.0, 1.939413, -1.186753, -0.008439, -2.636089, 1.528159, 0.0
2594.0, 1.96027, -1.199865, -0.008451, -2.636089, 1.528159, 0.0
2594.0, 1.96027, -1.199865, -0.008451, -2.636089, 1.528159, 0.0
2610.0, 1.98112, -1.212976, -0.008563, -2.636089, 1.528159, 0.0
2610.0, 1.98112, -1.212976, -0.008563, -2.636089, 1.528159, 0.0
2626.0, 2.002047, -1.226126, -0.008773, -2.636089, 1.528159, 0.0
2645.0, 2.023119, -1.23935, -0.00907, -2.636089, 1.528159, 0.0
2645.0, 2.023119, -1.23935, -0.00907, -2.636089, 1.528159, 0.0
2661.0, 2.044388, -1.252672, -0.009432, -2.990988, 1.880368, 0.0
2661.0, 2.044388, -1.252672, -0.009432, -2.990988, 1.880368, 0.0
2677.0, 2.065905, -1.266121, -0.009846, -2.990988, 1.880368, 0.0
2693.0, 2.08771, -1.279717, -0.010294, -2.990988, 1.880368, 0.0
2693.0, 2.08771, -1.279717, -0.010294, -2.990988, 1.880368, 0.0
2711.0, 2.109835, -1.29348, -0.01076, -2.990988, 1.880368, 0.0
2711.0, 2.109835, -1.29348, -0.01076, -2.990988, 1.880368, 0.0
2726.0, 2.132304, -1.307422, -0.011231, -2.990988, 1.880368, 0.0
2744.0, 2.155135, -1.321557, -0.011693, -2.990988, 1.880368, 0.0
2745.0, 2.155135, -1.321557, -0.011693, -2.990988, 1.880368, 0.0
2760.0, 2.178354, -1.335898, -0.012144, -2.990988, 1.880368, 0.0
2760.0, 2.178354, -1.335898, -0.012144, -2.990988, 1.880368, 0.0
2777.0, 2.201965, -1.35045, -0.012571, -2.990988, 1.880368, 0.0
2793.0, 2.225998, -1.365234, -0.012971, -2.990988, 1.880368, 0.0
2793.0, 2.225998, -1.365234, -0.012971, -2.990988, 1.880368, 0.0
2810.0, 2.250413, -1.380224, -0.013341, -2.990988, 1.880368, 0.0
2810.0, 2.250413, -1.380224, -0.013341, -2.990988, 1.880368, 0.0
2826.0, 2.275239, -1.39544, -0.013682, -2.990988, 1.880368, 0.0
2845.0, 2.300479, -1.410885, -0.013996, -2.990988, 1.880368, 0.0
2845.0, 2.300479, -1.410885, -0.013996, -2.990988, 1.880368, 0.0
2861.0, 2.326038, -1.42651, -0.01424, -2.990988, 1.880368, 0.0
2861.0, 2.326038, -1.42651, -0.01424, -2.990988, 1.880368, 0.0
2876.0, 2.351811, -1.442259, -0.014386, -2.990988, 1.880368, 0.0
2894.0, 2.377691, -1.458077, -0.014416, -2.990988, 1.880368, 0.0
2894.0, 2.377691, -1.458077, -0.014416, -2.990988, 1.880368, 0.0
2911.0, 2.403577, -1.473916, -0.014326, -3.345912, 2.2326, 0.0
2911.0, 2.403577, -1.473916, -0.014326, -3.345912, 2.2326, 0.0
2927.0, 2.429387, -1.489731, -0.014125, -3.345912, 2.2326, 0.0
2945.0, 2.455049, -1.505487, -0.013829, -3.345912, 2.2326, 0.0
2945.0, 2.455049, -1.505487, -0.013829, -3.345912, 2.2326, 0.0
2961.0, 2.480514, -1.521162, -0.01346, -3.345912, 2.2326, 0.0
2961.0, 2.480514, -1.521162, -0.01346, -3.345912, 2.2326, 0.0
2976.0, 2.505727, -1.536725, -0.013035, -3.345912, 2.2326, 0.0
2993.0, 2.530647, -1.552154, -0.012574, -3.345912, 2.2326, 0.0
2993.0, 2.530647, -1.552154, -0.012574, -3.345912, 2.2326, 0.0
3009.0, 2.555242, -1.567431, -0.012093, -3.345912, 2.2326, 0.0
3009.0, 2.555242, -1.567431, -0.012093, -3.345912, 2.2326, 0.0
3026.0, 2.579487, -1.582541, -0.011609, -3.345912, 2.2326, 0.0
3044.0, 2.603363, -1.597472, -0.011135, -3.345912, 2.2326, 0.0
3044.0, 2.603363, -1.597472, -0.011135, -3.345912, 2.2326, 0.0
3059.0, 2.626936, -1.612255, -0.010714, -3.345912, 2.2326, 0.0
3059.0, 2.626936, -1.612255, -0.010714, -3.345912, 2.2326, 0.0
3076.0, 2.650319, -1.626946, -0.010395, -3.345912, 2.2326, 0.0
3093.0, 2.673616, -1.641596, -0.010203, -3.345912, 2.2326, 0.0
3093.0, 2.673616, -1.641596, -0.010203, -3.345912, 2.2326, 0.0
3110.0, 2.696925, -1.656252, -0.010147, -3.345912, 2.2326, 0.0
3110.0, 2.696925, -1.656252, -0.010147, -3.345912, 2.2326, 0.0
3126.0, 2.720326, -1.670953, -0.01022, -3.345912, 2.2326, 0.0
3145.0, 2.743889, -1.68573, -0.010407, -3.345912, 2.2326, 0.0
3145.0, 2.743889, -1.68573, -0.010407, -3.345912, 2.2326, 0.0
3161.0, 2.767678, -1.700616, -0.010691, -3.700812, 2.584809, 0.0
3161.0, 2.767678, -1.700616, -0.010691, -3.700812, 2.584809, 0.0
3177.0, 2.791733, -1.71563, -0.011046, -3.700812, 2.584809, 0.0
3194.0, 2.816086, -1.730789, -0.011448, -3.700812, 2.584809, 0.0
3194.0, 2.816086, -1.730789, -0.011448, -3.700812, 2.584809, 0.0
3209.0, 2.840767, -1.746109, -0.011878, -3.700812, 2.584809, 0.0
3209.0, 2.840767, -1.746109, -0.011878, -3.700812, 2.584809, 0.0
3226.0, 2.865798, -1.761603, -0.01232, -3.700812, 2.584809, 0.0
3244.0, 2.891198, -1.777281, -0.012761, -3.700812, 2.584809, 0.0
3244.0, 2.891198, -1.777281, -0.012761, -3.700812, 2.584809, 0.0
3259.0, 2.916881, -1.793101, -0.013147, -3.700812, 2.584809, 0.0
3260.0, 2.916881, -1.793101, -0.013147, -3.700812, 2.584809, 0.0
3276.0, 2.942749, -1.809013, -0.01344, -3.700812, 2.584809, 0.0
3293.0, 2.968703, -1.824968, -0.013613, -3.700812, 2.584809, 0.0
3293.0, 2.968703, -1.824968, -0.013613, -3.700812, 2.584809, 0.0
3310.0, 2.994649, -1.84092, -0.013659, -3.700812, 2.584809, 0.0
3310.0, 2.994649, -1.84092, -0.013659, -3.700812, 2.584809, 0.0
3326.0, 3.020504, -1.856832, -0.013581, -3.700812, 2.584809, 0.0
3344.0, 3.046202, -1.872671, -0.013395, -3.700812, 2.584809, 0.0
3344.0, 3.046202, -1.872671, -0.013395, -3.700812, 2.584809, 0.0
3360.0, 3.071695, -1.888415, -0.013121, -3.700812, 2.584809, 0.0
3360.0, 3.071695, -1.888415, -0.013121, -3.700812, 2.584809, 0.0
3377.0, 3.096936, -1.904044, -0.012777, -3.700812, 2.584809, 0.0
3394.0, 3.121872, -1.919526, -0.012383, -3.700812, 2.584809, 0.0
3394.0, 3.121872, -1.919526, -0.012383, -3.700812, 2.584809, 0.0
3411.0, 3.146478, -1.93485, -0.011957, -4.055719, 2.937025, 0.0
3411.0, 3.146478, -1.93485, -0.011957, -4.055719, 2.937025, 0.0
3427.0, 3.170731, -1.950002, -0.011517, -4.055719, 2.937025, 0.0
3445.0, 3.194612, -1.96497, -0.011077, -4.055719, 2.937025, 0.0
3445.0, 3.194612, -1.96497, -0.011077, -4.055719, 2.937025, 0.0
3459.0, 3.218197, -1.979793, -0.010685, -4.055719, 2.937025, 0.0
3459.0, 3.218197, -1.979793, -0.010685, -4.055719, 2.937025, 0.0
3476.0, 3.24159, -1.994523, -0.010388, -4.055719, 2.937025, 0.0
3492.0, 3.264895, -2.009212, -0.010211, -4.055719, 2.937025, 0.0
3492.0, 3.264895, -2.009212, -0.010211, -4.055719, 2.937025, 0.0
3509.0, 3.288209, -2.023907, -0.010164, -4.055719, 2.937025, 0.0
3509.0, 3.288209, -2.023907, -0.010164, -4.055719, 2.937025, 0.0
3526.0, 3.311611, -2.038645, -0.010241, -4.055719, 2.937025, 0.0
3544.0, 3.33517, -2.053461, -0.010429, -4.055719, 2.937025, 0.0
3544.0, 3.33517, -2.053461, -0.010429, -4.055719, 2.937025, 0.0
3560.0, 3.358934, -2.068376, -0.010705, -4.055719, 2.937025, 0.0
3560.0, 3.358934, -2.068376, -0.010705, -4.055719, 2.937025, 0.0
3577.0, 3.382955, -2.083418, -0.011051, -4.055719, 2.937025, 0.0
3594.0, 3.407271, -2.098607, -0.011447, -4.055719, 2.937025, 0.0
3594.0, 3.407271, -2.098607, -0.011447, -4.055719, 2.937025, 0.0
3610.0, 3.431914, -2.113961, -0.011874, -4.055719, 2.937025, 0.0
3610.0, 3.431914, -2.113961, -0.011874, -4.055719, 2.937025, 0.0
3626.0, 3.456907, -2.129492, -0.012316, -4.055719, 2.937025, 0.0
3645.0, 3.482268, -2.145214, -0.012758, -4.055719, 2.937025, 0.0
3645.0, 3.482268, -2.145214, -0.012758, -4.055719, 2.937025, 0.0
3661.0, 3.507932, -2.161092, -0.013155, -4.410618, 3.289234, 0.0
3661.0, 3.507932, -2.161092, -0.013155, -4.410618, 3.289234, 0.0
3677.0, 3.533789, -2.177069, -0.013459, -4.410618, 3.289234, 0.0
3694.0, 3.559731, -2.19309, -0.01364, -4.410618, 3.289234, 0.0
3694.0, 3.559731, -2.19309, -0.01364, -4.410618, 3.289234, 0.0
3710.0, 3.585664, -2.209108, -0.013691, -4.410618, 3.289234, 0.0
3710.0, 3.585664, -2.209108, -0.013691, -4.410618, 3.289234, 0.0
3726.0, 3.611504, -2.225083, -0.013616, -4.410618, 3.289234, 0.0
3744.0, 3.637185, -2.240982, -0.013429, -4.410618, 3.289234, 0.0
3744.0, 3.637185, -2.240982, -0.013429, -4.410618, 3.289234, 0.0
3760.0, 3.66264, -2.256772, -0.013147, -4.410618, 3.289234, 0.0
3760.0, 3.66264, -2.256772, -0.013147, -4.410618, 3.289234, 0.0
3776.0, 3.68783, -2.272435, -0.012795, -4.410618, 3.289234, 0.0
3793.0, 3.712722, -2.287954, -0.012396, -4.410618, 3.289234, 0.0
3793.0, 3.712722, -2.287954, -0.012396, -4.410618, 3.289234, 0.0
3810.0, 3.737287, -2.303313, -0.011969, -4.410618, 3.289234, 0.0
3810.0, 3.737287, -2.303313, -0.011969, -4.410618, 3.289234, 0.0
3826.0, 3.761502, -2.318499, -0.01153, -4.410618, 3.289234, 0.0
3845.0, 3.785349, -2.3335, -0.011092, -4.410618, 3.289234, 0.0
3845.0, 3.785349, -2.3335, -0.011092, -4.410618, 3.289234, 0.0
3861.0, 3.808913, -2.348361, -0.010708, -4.410618, 3.289234, 0.0
3861.0, 3.808913, -2.348361, -0.010708, -4.410618, 3.289234, 0.0
3876.0, 3.83229, -2.36313, -0.010418, -4.410618, 3.289234, 0.0
3894.0, 3.855582, -2.377858, -0.010246, -4.410618, 3.289234, 0.0
3894.0, 3.855582, -2.377858, -0.010246, -4.410618, 3.289234, 0.0
3910.0, 3.87888, -2.392591, -0.010201, -4.765518, 3.641442, 0.0
3910.0, 3.87888, -2.392591, -0.010201, -4.765518, 3.641442, 0.0
3926.0, 3.902266, -2.40737, -0.010279, -4.765518, 3.641442, 0.0
3945.0, 3.925809, -2.422226, -0.010466, -4.765518, 3.641442, 0.0
3945.0, 3.925809, -2.422226, -0.010466, -4.765518, 3.641442, 0.0
3960.0, 3.949554, -2.437184, -0.01074, -4.765518, 3.641442, 0.0
3960.0, 3.949554, -2.437184, -0.01074, -4.765518, 3.641442, 0.0
3976.0, 3.973554, -2.45227, -0.011083, -4.765518, 3.641442, 0.0
3993.0, 3.997847, -2.467505, -0.011476, -4.765518, 3.641442, 0.0
3993.0, 3.997847, -2.467505, -0.011476, -4.765518, 3.641442, 0.0
4011.0, 4.022465, -2.482908, -0.0119, -4.765518, 3.641442, 0.0
4011.0, 4.022465, -2.482908, -0.0119, -4.765518, 3.641442, 0.0
4026.0, 4.047431, -2.498493, -0.012339, -4.765518, 3.641442, 0.0
4045.0, 4.072763, -2.514271, -0.012779, -4.765518, 3.641442, 0.0
4045.0, 4.072763, -2.514271, -0.012779, -4.765518, 3.641442, 0.0
4061.0, 4.098396, -2.530207, -0.013175, -4.765518, 3.641442, 0.0
4061.0, 4.098396, -2.530207, -0.013175, -4.765518, 3.641442, 0.0
4076.0, 4.124221, -2.546244, -0.013478, -4.765518, 3.641442, 0.0
4094.0, 4.15013, -2.562326, -0.013659, -4.765518, 3.641442, 0.0
4094.0, 4.15013, -2.562326, -0.013659, -4.765518, 3.641442, 0.0
4111.0, 4.17603, -2.578405, -0.01371, -4.765518, 3.641442, 0.0
4111.0, 4.17603, -2.578405, -0.01371, -4.765518, 3.641442, 0.0
4126.0, 4.201837, -2.59444, -0.013636, -4.765518, 3.641442, 0.0
4144.0, 4.227485, -2.610398, -0.013451, -4.765518, 3.641442, 0.0
4144.0, 4.227485, -2.610398, -0.013451, -4.765518, 3.641442, 0.0
4159.0, 4.252918, -2.626251, -0.013174, -5.120416, 3.993649, 0.0
4159.0, 4.252918, -2.626251, -0.013174, -5.120416, 3.993649, 0.0
4176.0, 4.27809, -2.641976, -0.012828, -5.120416, 3.993649, 0.0
4193.0, 4.302965, -2.657554, -0.012432, -5.120416, 3.993649, 0.0
4193.0, 4.302965, -2.657554, -0.012432, -5.120416, 3.993649, 0.0
4210.0, 4.327513, -2.672969, -0.012007, -5.120416, 3.993649, 0.0
4210.0, 4.327513, -2.672969, -0.012007, -5.120416, 3.993649, 0.0
4227.0, 4.351711, -2.688208, -0.011568, -5.120416, 3.993649, 0.0
4244.0, 4.375541, -2.703257, -0.011129, -5.120416, 3.993649, 0.0
4244.0, 4.375541, -2.703257, -0.011129, -5.120416, 3.993649, 0.0
4260.0, 4.399069, -2.718151, -0.010736, -5.120416, 3.993649, 0.0
4260.0, 4.399069, -2.718151, -0.010736, -5.120416, 3.993649, 0.0
4276.0, 4.422405, -2.732948, -0.010437, -5.120416, 3.993649, 0.0
4294.0, 4.445655, -2.747703, -0.01026, -5.120416, 3.993649, 0.0
4294.0, 4.445655, -2.747703, -0.01026, -5.120416, 3.993649, 0.0
4310.0, 4.468914, -2.762465, -0.010212, -5.120416, 3.993649, 0.0
4310.0, 4.468914, -2.762465, -0.010212, -5.120416, 3.993649, 0.0
4326.0, 4.492263, -2.777275, -0.01029, -5.120416, 3.993649, 0.0
4345.0, 4.515769, -2.792166, -0.010477, -5.120416, 3.993649, 0.0
4345.0, 4.515769, -2.792166, -0.010477, -5.120416, 3.993649, 0.0
4359.0, 4.539535, -2.807197, -0.01076, -5.120416, 3.993649, 0.0
4359.0, 4.539535, -2.807197, -0.01076, -5.120416, 3.993649, 0.0
4376.0, 4.563523, -2.822339, -0.011112, -5.120416, 3.993649, 0.0
4393.0, 4.587806, -2.837634, -0.011512, -5.120416, 3.993649, 0.0
4393.0, 4.587806, -2.837634, -0.011512, -5.120416, 3.993649, 0.0
4411.0, 4.612411, -2.853099, -0.011939, -5.475354, 4.345896, 0.0
4411.0, 4.612411, -2.853099, -0.011939, -5.475354, 4.345896, 0.0
4426.0, 4.637359, -2.868748, -0.012378, -5.475354, 4.345896, 0.0
4444.0, 4.662671, -2.884592, -0.012816, -5.475354, 4.345896, 0.0
4444.0, 4.662671, -2.884592, -0.012816, -5.475354, 4.345896, 0.0
4461.0, 4.688349, -2.900635, -0.013239, -5.475354, 4.345896, 0.0
4461.0, 4.688349, -2.900635, -0.013239, -5.475354, 4.345896, 0.0
4476.0, 4.714413, -2.916888, -0.013646, -5.475354, 4.345896, 0.0
4494.0, 4.740874, -2.933363, -0.014032, -5.475354, 4.345896, 0.0
4494.0, 4.740874, -2.933363, -0.014032, -5.475354, 4.345896, 0.0
4511.0, 4.767741, -2.950064, -0.014395, -5.475354, 4.345896, 0.0
4511.0, 4.767741, -2.950064, -0.014395, -5.475354, 4.345896, 0.0
4526.0, 4.79502, -2.966996, -0.014734, -5.475354, 4.345896, 0.0
4545.0, 4.822714, -2.984164, -0.01505, -5.475354, 4.345896, 0.0
4545.0, 4.822714, -2.984164, -0.01505, -5.475354, 4.345896, 0.0
4561.0, 4.850749, -3.001528, -0.015307, -5.475354, 4.345896, 0.0
4561.0, 4.850749, -3.001528, -0.015307, -5.475354, 4.345896, 0.0
4576.0, 4.879004, -3.019024, -0.015466, -5.475354, 4.345896, 0.0
4594.0, 4.907366, -3.036593, -0.015506, -5.475354, 4.345896, 0.0
4594.0, 4.907366, -3.036593, -0.015506, -5.475354, 4.345896, 0.0
4609.0, 4.935733, -3.054183, -0.015423, -5.475354, 4.345896, 0.0
4609.0, 4.935733, -3.054183, -0.015423, -5.475354, 4.345896, 0.0
4626.0, 4.96402, -3.071751, -0.015225, -5.475354, 4.345896, 0.0
4644.0, 4.992156, -3.089261, -0.01493, -5.475354, 4.345896, 0.0
4644.0, 4.992156, -3.089261, -0.01493, -5.475354, 4.345896, 0.0
4659.0, 5.020071, -3.106676, -0.014552, -5.830253, 4.698104, 0.0
4659.0, 5.020071, -3.106676, -0.014552, -5.830253, 4.698104, 0.0
4676.0, 5.047726, -3.123977, -0.014119, -5.830253, 4.698104, 0.0
4693.0, 5.075085, -3.141147, -0.013652, -5.830253, 4.698104, 0.0
4693.0, 5.075085, -3.141147, -0.013652, -5.830253, 4.698104, 0.0
4710.0, 5.102119, -3.158169, -0.01317, -5.830253, 4.698104, 0.0
4710.0, 5.102119, -3.158169, -0.01317, -5.830253, 4.698104, 0.0
4726.0, 5.128806, -3.175027, -0.012687, -5.830253, 4.698104, 0.0
4745.0, 5.155124, -3.191709, -0.012215, -5.830253, 4.698104, 0.0
4745.0, 5.155124, -3.191709, -0.012215, -5.830253, 4.698104, 0.0
4761.0, 5.181069, -3.208211, -0.011767, -5.830253, 4.698104, 0.0
4761.0, 5.181069, -3.208211, -0.011767, -5.830253, 4.698104, 0.0
4776.0, 5.206624, -3.224519, -0.011343, -5.830253, 4.698104, 0.0
4794.0, 5.231775, -3.240622, -0.010947, -5.830253, 4.698104, 0.0
4794.0, 5.231775, -3.240622, -0.010947, -5.830253, 4.698104, 0.0
4811.0, 5.256514, -3.256514, -0.010578, -5.830253, 4.698104, 0.0
4811.0, 5.256514, -3.256514, -0.010578, -5.830253, 4.698104, 0.0
4826.0, 5.280836, -3.272188, -0.010237, -5.830253, 4.698104, 0.0
4844.0, 5.304737, -3.28764, -0.009924, -5.830253, 4.698104, 0.0
4844.0, 5.304737, -3.28764, -0.009924, -5.830253, 4.698104, 0.0
4860.0, 5.328293, -3.30291, -0.009673, -5.830253, 4.698104, 0.0
4860.0, 5.328293, -3.30291, -0.009673, -5.830253, 4.698104, 0.0
4876.0, 5.351624, -3.31806, -0.009522, -5.830253, 4.698104, 0.0
4894.0, 5.374843, -3.333149, -0.00949, -5.830253, 4.698104, 0.0
4894.0, 5.374843, -3.333149, -0.00949, -5.830253, 4.698104, 0.0
4910.0, 5.398051, -3.34823, -0.009581, -6.185152, 5.050312, 0.0
4910.0, 5.398051, -3.34823, -0.009581, -6.185152, 5.050312, 0.0
4926.0, 5.421332, -3.363345, -0.009788, -6.185152, 5.050312, 0.0
4944.0, 5.444758, -3.378531, -0.010092, -6.185152, 5.050312, 0.0
4944.0, 5.444758, -3.378531, -0.010092, -6.185152, 5.050312, 0.0
4960.0, 5.468396, -3.393823, -0.010477, -6.185152, 5.050312, 0.0
4960.0, 5.468396, -3.393823, -0.010477, -6.185152, 5.050312, 0.0
4976.0, 5.492287, -3.409244, -0.010917, -6.185152, 5.050312, 0.0
4994.0, 5.516464, -3.424813, -0.01139, -6.185152, 5.050312, 0.0
4994.0, 5.516464, -3.424813, -0.01139, -6.185152, 5.050312, 0.0
5010.0, 5.540957, -3.440548, -0.011879, -6.185152, 5.050312, 0.0
5010.0, 5.540957, -3.440548, -0.011879, -6.185152, 5.050312, 0.0
5026.0, 5.565791, -3.456463, -0.012368, -6.185152, 5.050312, 0.0
5044.0, 5.590982, -3.472572, -0.012846, -6.185152, 5.050312, 0.0
5044.0, 5.590982, -3.472572, -0.012846, -6.185152, 5.050312, 0.0
5061.0, 5.616448, -3.488828, -0.013262, -6.185152, 5.050312, 0.0
5061.0, 5.616448, -3.488828, -0.013262, -6.185152, 5.050312, 0.0
5077.0, 5.642094, -3.505181, -0.013579, -6.185152, 5.050312, 0.0
5094.0, 5.66782, -3.521579, -0.013772, -6.185152, 5.050312, 0.0
5094.0, 5.66782, -3.521579, -0.013772, -6.185152, 5.050312, 0.0
5110.0, 5.693535, -3.537974, -0.013835, -6.185152, 5.050312, 0.0
5110.0, 5.693535, -3.537974, -0.013835, -6.185152, 5.050312, 0.0
5127.0, 5.719159, -3.554325, -0.013771, -6.185152, 5.050312, 0.0
5145.0, 5.744626, -3.5706, -0.013596, -6.185152, 5.050312, 0.0
5145.0, 5.744626, -3.5706, -0.013596, -6.185152, 5.050312, 0.0
5160.0, 5.769888, -3.586774, -0.013333, -6.540051, 5.402521, 0.0
5160.0, 5.769888, -3.586774, -0.013333, -6.540051, 5.402521, 0.0
5176.0, 5.794894, -3.602821, -0.012998, -6.540051, 5.402521, 0.0
5193.0, 5.819604, -3.618718, -0.012611, -6.540051, 5.402521, 0.0
5193.0, 5.819604, -3.618718, -0.012611, -6.540051, 5.402521, 0.0
5210.0, 5.843988, -3.634449, -0.012191, -6.540051, 5.402521, 0.0
5210.0, 5.843988, -3.634449, -0.012191, -6.540051, 5.402521, 0.0
5226.0, 5.868024, -3.649998, -0.011755, -6.540051, 5.402521, 0.0
5244.0, 5.891692, -3.665354, -0.011318, -6.540051, 5.402521, 0.0
5244.0, 5.891692, -3.665354, -0.011318, -6.540051, 5.402521, 0.0
5260.0, 5.915067, -3.680557, -0.010928, -6.540051, 5.402521, 0.0
5260.0, 5.915067, -3.680557, -0.010928, -6.540051, 5.402521, 0.0
5276.0, 5.938253, -3.695663, -0.010631, -6.540051, 5.402521, 0.0
5293.0, 5.961351, -3.710726, -0.010452, -6.540051, 5.402521, 0.0
5294.0, 5.961351, -3.710726, -0.010452, -6.540051, 5.402521, 0.0
5311.0, 5.984457, -3.725796, -0.0104, -6.540051, 5.402521, 0.0
5311.0, 5.984457, -3.725796, -0.0104, -6.540051, 5.402521, 0.0
5326.0, 6.00771, -3.740953, -0.010473, -6.540051, 5.402521, 0.0
5345.0, 6.031057, -3.756154, -0.010655, -6.540051, 5.402521, 0.0
5345.0, 6.031057, -3.756154, -0.010655, -6.540051, 5.402521, 0.0
5361.0, 6.054605, -3.771461, -0.010925, -6.540051, 5.402521, 0.0
5361.0, 6.054605, -3.771461, -0.010925, -6.540051, 5.402521, 0.0
5376.0, 6.078404, -3.786902, -0.011265, -6.540051, 5.402521, 0.0
5393.0, 6.102495, -3.802502, -0.011656, -6.540051, 5.402521, 0.0
5393.0, 6.102495, -3.802502, -0.011656, -6.540051, 5.402521, 0.0
5409.0, 6.126905, -3.818276, -0.012078, -6.895014, 5.754792, 0.0
5409.0, 6.126905, -3.818276, -0.012078, -6.895014, 5.754792, 0.0
5426.0, 6.15166, -3.83424, -0.012515, -6.895014, 5.754792, 0.0
5444.0, 6.176776, -3.850405, -0.012955, -6.895014, 5.754792, 0.0
5444.0, 6.176776, -3.850405, -0.012955, -6.895014, 5.754792, 0.0
5460.0, 6.202268, -3.866782, -0.013385, -6.895014, 5.754792, 0.0
5460.0, 6.202268, -3.866782, -0.013385, -6.895014, 5.754792, 0.0
5476.0, 6.228148, -3.883379, -0.013799, -6.895014, 5.754792, 0.0
5494.0, 6.254423, -3.900201, -0.014192, -6.895014, 5.754792, 0.0
5494.0, 6.254423, -3.900201, -0.014192, -6.895014, 5.754792, 0.0
5510.0, 6.281101, -3.917256, -0.01456, -6.895014, 5.754792, 0.0
5511.0, 6.281101, -3.917256, -0.01456, -6.895014, 5.754792, 0.0
5526.0, 6.308187, -3.934546, -0.014903, -6.895014, 5.754792, 0.0
5544.0, 6.335686, -3.952077, -0.015221, -6.895014, 5.754792, 0.0
5544.0, 6.335686, -3.952077, -0.015221, -6.895014, 5.754792, 0.0
5561.0, 6.363522, -3.969809, -0.01548, -6.895014, 5.754792, 0.0
5561.0, 6.363522, -3.969809, -0.01548, -6.895014, 5.754792, 0.0
5576.0, 6.391575, -3.987675, -0.015641, -6.895014, 5.754792, 0.0
5594.0, 6.419733, -4.005616, -0.015684, -6.895014, 5.754792, 0.0
5594.0, 6.419733, -4.005616, -0.015684, -6.895014, 5.754792, 0.0
5609.0, 6.447896, -4.023578, -0.015604, -6.895014, 5.754792, 0.0
5609.0, 6.447896, -4.023578, -0.015604, -6.895014, 5.754792, 0.0
5626.0, 6.475977, -4.041518, -0.015409, -6.895014, 5.754792, 0.0
5644.0, 6.503908, -4.059397, -0.015116, -6.895014, 5.754792, 0.0
5644.0, 6.503908, -4.059397, -0.015116, -6.895014, 5.754792, 0.0
5660.0, 6.531619, -4.07718, -0.014742, -7.249913, 6.107, 0.0
5660.0, 6.531619, -4.07718, -0.014742, -7.249913, 6.107, 0.0
5676.0, 6.55907, -4.094848, -0.014311, -7.249913, 6.107, 0.0
5694.0, 6.586226, -4.11238, -0.013847, -7.249913, 6.107, 0.0
5694.0, 6.586226, -4.11238, -0.013847, -7.249913, 6.107, 0.0
5710.0, 6.613059, -4.129761, -0.013367, -7.249913, 6.107, 0.0
5710.0, 6.613059, -4.129761, -0.013367, -7.249913, 6.107, 0.0
5726.0, 6.639545, -4.146975, -0.012887, -7.249913, 6.107, 0.0
5745.0, 6.665665, -4.164011, -0.012416, -7.249913, 6.107, 0.0
5745.0, 6.665665, -4.164011, -0.012416, -7.249913, 6.107, 0.0
5760.0, 6.691414, -4.180862, -0.011969, -7.249913, 6.107, 0.0
5760.0, 6.691414, -4.180862, -0.011969, -7.249913, 6.107, 0.0
5777.0, 6.716773, -4.197515, -0.011546, -7.249913, 6.107, 0.0
5794.0, 6.741731, -4.21396, -0.011149, -7.249913, 6.107, 0.0
5794.0, 6.741731, -4.21396, -0.011149, -7.249913, 6.107, 0.0
5810.0, 6.76628, -4.230189, -0.010781, -7.249913, 6.107, 0.0
5810.0, 6.76628, -4.230189, -0.010781, -7.249913, 6.107, 0.0
5827.0, 6.790413, -4.246196, -0.010439, -7.249913, 6.107, 0.0
5845.0, 6.814126, -4.261977, -0.010126, -7.249913, 6.107, 0.0
5845.0, 6.814126, -4.261977, -0.010126, -7.249913, 6.107, 0.0
5860.0, 6.837498, -4.277572, -0.009873, -7.249913, 6.107, 0.0
5860.0, 6.837498, -4.277572, -0.009873, -7.249913, 6.107, 0.0
5877.0, 6.860645, -4.293045, -0.009719, -7.249913, 6.107, 0.0
5894.0, 6.883681, -4.308457, -0.009685, -7.249913, 6.107, 0.0
5894.0, 6.883681, -4.308457, -0.009685, -7.249913, 6.107, 0.0
5910.0, 6.906705, -4.323861, -0.009773, -7.604814, 6.459209, 0.0
5910.0, 6.906705, -4.323861, -0.009773, -7.604814, 6.459209, 0.0
5927.0, 6.929802, -4.339301, -0.009976, -7.604814, 6.459209, 0.0
5945.0, 6.953043, -4.354813, -0.010277, -7.604814, 6.459209, 0.0
5945.0, 6.953043, -4.354813, -0.010277, -7.604814, 6.459209, 0.0
5961.0, 6.976493, -4.370436, -0.010658, -7.604814, 6.459209, 0.0
5961.0, 6.976493, -4.370436, -0.010658, -7.604814, 6.459209, 0.0
5977.0, 7.000195, -4.38619, -0.011095, -7.604814, 6.459209, 0.0
5994.0, 7.02418, -4.402098, -0.011566, -7.604814, 6.459209, 0.0
5994.0, 7.02418, -4.402098, -0.011566, -7.604814, 6.459209, 0.0
6011.0, 7.04848, -4.418176, -0.012052, -7.604814, 6.459209, 0.0
6011.0, 7.04848, -4.418176, -0.012052, -7.604814, 6.459209, 0.0
6026.0, 7.073116, -4.434439, -0.012539, -7.604814, 6.459209, 0.0
6044.0, 7.098107, -4.4509, -0.013016, -7.604814, 6.459209, 0.0
6044.0, 7.098107, -4.4509, -0.013016, -7.604814, 6.459209, 0.0
6059.0, 7.123469, -4.467571, -0.013474, -7.604814, 6.459209, 0.0
6059.0, 7.123469, -4.467571, -0.013474, -7.604814, 6.459209, 0.0
6076.0, 7.149213, -4.48446, -0.013908, -7.604814, 6.459209, 0.0
6093.0, 7.175348, -4.501574, -0.014314, -7.604814, 6.459209, 0.0
6093.0, 7.175348, -4.501574, -0.014314, -7.604814, 6.459209, 0.0
6110.0, 7.201882, -4.51892, -0.014692, -7.604814, 6.459209, 0.0
6110.0, 7.201882, -4.51892, -0.014692, -7.604814, 6.459209, 0.0
6126.0, 7.228821, -4.536502, -0.01504, -7.604814, 6.459209, 0.0
6145.0, 7.256169, -4.554326, -0.015361, -7.604814, 6.459209, 0.0
6145.0, 7.256169, -4.554326, -0.015361, -7.604814, 6.459209, 0.0
6160.0, 7.28383, -4.572336, -0.015614, -7.959712, 6.811417, 0.0
6160.0, 7.28383, -4.572336, -0.015614, -7.959712, 6.811417, 0.0
6177.0, 7.311699, -4.590478, -0.015769, -7.959712, 6.811417, 0.0
6195.0, 7.339673, -4.608695, -0.015808, -7.959712, 6.811417, 0.0
6195.0, 7.339673, -4.608695, -0.015808, -7.959712, 6.811417, 0.0
6211.0, 7.367651, -4.626935, -0.015728, -7.959712, 6.811417, 0.0
6211.0, 7.367651, -4.626935, -0.015728, -7.959712, 6.811417, 0.0
6226.0, 7.395552, -4.645154, -0.015536, -7.959712, 6.811417, 0.0
6245.0, 7.423304, -4.663316, -0.015248, -7.959712, 6.811417, 0.0
6245.0, 7.423304, -4.663316, -0.015248, -7.959712, 6.811417, 0.0
6261.0, 7.450859, -4.681396, -0.014888, -7.959712, 6.811417, 0.0
6261.0, 7.450859, -4.681396, -0.014888, -7.959712, 6.811417, 0.0
6276.0, 7.478162, -4.699365, -0.014471, -7.959712, 6.811417, 0.0
6293.0, 7.505172, -4.717199, -0.014016, -7.959712, 6.811417, 0.0
6293.0, 7.505172, -4.717199, -0.014016, -7.959712, 6.811417, 0.0
6309.0, 7.531857, -4.734879, -0.013541, -7.959712, 6.811417, 0.0
6309.0, 7.531857, -4.734879, -0.013541, -7.959712, 6.811417, 0.0
6326.0, 7.558192, -4.752392, -0.013061, -7.959712, 6.811417, 0.0
6344.0, 7.584159, -4.769723, -0.012589, -7.959712, 6.811417, 0.0
6344.0, 7.584159, -4.769723, -0.012589, -7.959712, 6.811417, 0.0
6359.0, 7.609734, -4.786855, -0.012131, -7.959712, 6.811417, 0.0
6359.0, 7.609734, -4.786855, -0.012131, -7.959712, 6.811417, 0.0
6376.0, 7.634912, -4.803784, -0.011697, -7.959712, 6.811417, 0.0
6393.0, 7.659688, -4.820504, -0.011293, -7.959712, 6.811417, 0.0
6393.0, 7.659688, -4.820504, -0.011293, -7.959712, 6.811417, 0.0
6410.0, 7.684056, -4.837008, -0.01092, -8.314611, 7.163626, 0.0
6410.0, 7.684056, -4.837008, -0.01092, -8.314611, 7.163626, 0.0
6426.0, 7.708012, -4.853292, -0.010578, -8.314611, 7.163626, 0.0
6445.0, 7.731551, -4.86935, -0.010265, -8.314611, 7.163626, 0.0
6445.0, 7.731551, -4.86935, -0.010265, -8.314611, 7.163626, 0.0
6461.0, 7.754767, -4.885235, -0.010022, -8.314611, 7.163626, 0.0
6461.0, 7.754767, -4.885235, -0.010022, -8.314611, 7.163626, 0.0
6477.0, 7.777767, -4.901002, -0.009877, -8.314611, 7.163626, 0.0
6494.0, 7.800655, -4.916708, -0.009849, -8.314611, 7.163626, 0.0
6494.0, 7.800655, -4.916708, -0.009849, -8.314611, 7.163626, 0.0
6511.0, 7.823531, -4.932405, -0.00994, -8.314611, 7.163626, 0.0
6511.0, 7.823531, -4.932405, -0.00994, -8.314611, 7.163626, 0.0
6527.0, 7.846478, -4.948138, -0.010142, -8.314611, 7.163626, 0.0
6546.0, 7.869567, -4.963943, -0.010441, -8.314611, 7.163626, 0.0
6546.0, 7.869567, -4.963943, -0.010441, -8.314611, 7.163626, 0.0
6559.0, 7.892854, -4.979852, -0.010816, -8.314611, 7.163626, 0.0
6559.0, 7.892854, -4.979852, -0.010816, -8.314611, 7.163626, 0.0
6576.0, 7.916387, -4.995892, -0.011246, -8.314611, 7.163626, 0.0
6592.0, 7.940203, -5.012085, -0.011711, -8.314611, 7.163626, 0.0
6592.0, 7.940203, -5.012085, -0.011711, -8.314611, 7.163626, 0.0
6610.0, 7.964331, -5.02845, -0.012193, -8.314611, 7.163626, 0.0
6610.0, 7.964331, -5.02845, -0.012193, -8.314611, 7.163626, 0.0
6627.0, 7.988796, -5.045002, -0.012678, -8.314611, 7.163626, 0.0
6644.0, 8.013616, -5.061754, -0.013155, -8.314611, 7.163626, 0.0
6644.0, 8.013616, -5.061754, -0.013155, -8.314611, 7.163626, 0.0
6660.0, 8.038709, -5.07866, -0.013571, -8.669511, 7.515834, 0.0
6660.0, 8.038709, -5.07866, -0.013571, -8.669511, 7.515834, 0.0
6677.0, 8.063979, -5.095666, -0.013889, -8.669511, 7.515834, 0.0
6694.0, 8.089331, -5.11272, -0.014085, -8.669511, 7.515834, 0.0
6694.0, 8.089331, -5.11272, -0.014085, -8.669511, 7.515834, 0.0
6711.0, 8.114671, -5.12977, -0.014152, -8.669511, 7.515834, 0.0
6711.0, 8.114671, -5.12977, -0.014152, -8.669511, 7.515834, 0.0
6727.0, 8.139921, -5.146776, -0.014093, -8.669511, 7.515834, 0.0
6745.0, 8.165015, -5.163702, -0.013923, -8.669511, 7.515834, 0.0
6745.0, 8.165015, -5.163702, -0.013923, -8.669511, 7.515834, 0.0
6760.0, 8.189907, -5.180524, -0.013665, -8.669511, 7.515834, 0.0
6760.0, 8.189907, -5.180524, -0.013665, -8.669511, 7.515834, 0.0
6777.0, 8.214544, -5.197215, -0.013335, -8.669511, 7.515834, 0.0
6793.0, 8.238889, -5.213752, -0.012952, -8.669511, 7.515834, 0.0
6793.0, 8.238889, -5.213752, -0.012952, -8.669511, 7.515834, 0.0
6811.0, 8.26291, -5.230116, -0.012536, -8.669511, 7.515834, 0.0
6811.0, 8.26291, -5.230116, -0.012536, -8.669511, 7.515834, 0.0
6826.0, 8.286586, -5.246294, -0.012103, -8.669511, 7.515834, 0.0
6844.0, 8.309897, -5.262271, -0.011667, -8.669511, 7.515834, 0.0
6844.0, 8.309897, -5.262271, -0.011667, -8.669511, 7.515834, 0.0
6861.0, 8.332911, -5.278086, -0.011275, -8.669511, 7.515834, 0.0
6861.0, 8.332911, -5.278086, -0.011275, -8.669511, 7.515834, 0.0
6877.0, 8.355732, -5.293798, -0.010974, -8.669511, 7.515834, 0.0
6894.0, 8.378469, -5.309467, -0.010792, -8.669511, 7.515834, 0.0
6894.0, 8.378469, -5.309467, -0.010792, -8.669511, 7.515834, 0.0
6911.0, 8.401212, -5.325145, -0.010738, -9.02441, 7.868042, 0.0
6911.0, 8.401212, -5.325145, -0.010738, -9.02441, 7.868042, 0.0
6927.0, 8.424043, -5.340873, -0.010808, -9.02441, 7.868042, 0.0
6944.0, 8.447027, -5.356688, -0.010988, -9.02441, 7.868042, 0.0
6944.0, 8.447027, -5.356688, -0.010988, -9.02441, 7.868042, 0.0
6960.0, 8.470228, -5.372627, -0.011262, -9.02441, 7.868042, 0.0
6960.0, 8.470228, -5.372627, -0.011262, -9.02441, 7.868042, 0.0
6976.0, 8.493685, -5.38871, -0.011607, -9.02441, 7.868042, 0.0
6993.0, 8.51743, -5.404956, -0.011999, -9.02441, 7.868042, 0.0
6993.0, 8.51743, -5.404956, -0.011999, -9.02441, 7.868042, 0.0
7010.0, 8.54149, -5.421383, -0.01242, -9.02441, 7.868042, 0.0
7010.0, 8.54149, -5.421383, -0.01242, -9.02441, 7.868042, 0.0
7027.0, 8.565887, -5.438005, -0.012855, -9.02441, 7.868042, 0.0
7045.0, 8.590641, -5.454834, -0.01329, -9.02441, 7.868042, 0.0
7045.0, 8.590641, -5.454834, -0.01329, -9.02441, 7.868042, 0.0
7060.0, 8.615754, -5.471874, -0.013712, -9.02441, 7.868042, 0.0
7061.0, 8.615754, -5.471874, -0.013712, -9.02441, 7.868042, 0.0
7077.0, 8.641245, -5.489139, -0.014118, -9.02441, 7.868042, 0.0
7094.0, 8.667127, -5.506636, -0.014506, -9.02441, 7.868042, 0.0
7094.0, 8.667127, -5.506636, -0.014506, -9.02441, 7.868042, 0.0
7111.0, 8.693406, -5.524373, -0.014871, -9.02441, 7.868042, 0.0
7111.0, 8.693406, -5.524373, -0.014871, -9.02441, 7.868042, 0.0
7127.0, 8.720089, -5.542354, -0.015214, -9.02441, 7.868042, 0.0
7145.0, 8.74718, -5.560584, -0.015534, -9.02441, 7.868042, 0.0
7145.0, 8.74718, -5.560584, -0.015534, -9.02441, 7.868042, 0.0
7160.0, 8.774605, -5.579022, -0.015797, -9.37931, 8.220251, 0.0
7160.0, 8.774605, -5.579022, -0.015797, -9.37931, 8.220251, 0.0
7177.0, 8.802244, -5.597599, -0.015963, -9.37931, 8.220251, 0.0
7193.0, 8.829988, -5.616253, -0.016012, -9.37931, 8.220251, 0.0
7193.0, 8.829988, -5.616253, -0.016012, -9.37931, 8.220251, 0.0
7210.0, 8.857737, -5.63493, -0.015938, -9.37931, 8.220251, 0.0
7210.0, 8.857737, -5.63493, -0.015938, -9.37931, 8.220251, 0.0
7226.0, 8.885405, -5.653583, -0.015751, -9.37931, 8.220251, 0.0
7244.0, 8.912922, -5.672174, -0.015466, -9.37931, 8.220251, 0.0
7244.0, 8.912922, -5.672174, -0.015466, -9.37931, 8.220251, 0.0
7260.0, 8.940235, -5.690676, -0.015103, -9.37931, 8.220251, 0.0
7260.0, 8.940235, -5.690676, -0.015103, -9.37931, 8.220251, 0.0
7276.0, 8.967289, -5.709057, -0.014683, -9.37931, 8.220251, 0.0
7294.0, 8.99405, -5.727299, -0.014226, -9.37931, 8.220251, 0.0
7294.0, 8.99405, -5.727299, -0.014226, -9.37931, 8.220251, 0.0
7311.0, 9.020489, -5.745384, -0.013751, -9.37931, 8.220251, 0.0
7311.0, 9.020489, -5.745384, -0.013751, -9.37931, 8.220251, 0.0
7327.0, 9.04658, -5.763296, -0.013272, -9.37931, 8.220251, 0.0
7345.0, 9.072307, -5.781023, -0.012802, -9.37931, 8.220251, 0.0
7345.0, 9.072307, -5.781023, -0.012802, -9.37931, 8.220251, 0.0
7360.0, 9.097644, -5.798547, -0.012346, -9.37931, 8.220251, 0.0
7360.0, 9.097644, -5.798547, -0.012346, -9.37931, 8.220251, 0.0
7377.0, 9.122588, -5.815862, -0.011914, -9.37931, 8.220251, 0.0
7394.0, 9.147133, -5.832963, -0.011512, -9.37931, 8.220251, 0.0
7394.0, 9.147133, -5.832963, -0.011512, -9.37931, 8.220251, 0.0
7410.0, 9.171274, -5.849844, -0.01114, -9.734212, 8.572463, 0.0
7410.0, 9.171274, -5.849844, -0.01114, -9.734212, 8.572463, 0.0
7427.0, 9.195006, -5.866499, -0.010799, -9.734212, 8.572463, 0.0
7444.0, 9.218325, -5.882923, -0.010486, -9.734212, 8.572463, 0.0
7444.0, 9.218325, -5.882923, -0.010486, -9.734212, 8.572463, 0.0
7475.0, 9.241324, -5.899169, -0.010242, -9.734212, 8.572463, 0.0
7475.0, 9.241324, -5.899169, -0.010242, -9.734212, 8.572463, 0.0
7486.0, 9.276579, -5.924123, -0.010025, -9.734212, 8.572463, 0.0
7486.0, 9.276579, -5.924123, -0.010025, -9.734212, 8.572463, 0.0
7504.0, 9.29924, -5.940177, -0.010068, -9.734212, 8.572463, 0.0
7504.0, 9.29924, -5.940177, -0.010068, -9.734212, 8.572463, 0.0
7520.0, 9.321966, -5.956272, -0.010232, -9.734212, 8.572463, 0.0
7520.0, 9.321966, -5.956272, -0.010232, -9.734212, 8.572463, 0.0
7537.0, 9.34481, -5.972431, -0.010498, -9.734212, 8.572463, 0.0
7554.0, 9.368981, -5.989509, -0.011315, -9.734212, 8.572463, 0.0
7554.0, 9.368981, -5.989509, -0.011315, -9.734212, 8.572463, 0.0
7570.0, 9.393696, -6.006926, -0.012132, -9.734212, 8.572463, 0.0
7570.0, 9.393696, -6.006926, -0.012132, -9.734212, 8.572463, 0.0
7586.0, 9.41865, -6.024459, -0.012781, -9.734212, 8.572463, 0.0
7602.0, 9.443748, -6.042041, -0.013244, -9.734212, 8.572463, 0.0
7602.0, 9.443748, -6.042041, -0.013244, -9.734212, 8.572463, 0.0
7619.0, 9.468981, -6.059676, -0.013554, -9.734212, 8.572463, 0.0
7619.0, 9.468981, -6.059676, -0.013554, -9.734212, 8.572463, 0.0
7636.0, 9.494377, -6.077389, -0.013759, -9.734212, 8.572463, 0.0
7652.0, 9.518685, -6.094316, -0.013388, -10.078597, 8.914237, 0.0
7652.0, 9.518685, -6.094316, -0.013388, -10.078597, 8.914237, 0.0
7669.0, 9.542687, -6.111031, -0.012978, -10.078597, 8.914237, 0.0
7669.0, 9.542687, -6.111031, -0.012978, -10.078597, 8.914237, 0.0
7686.0, 9.566661, -6.127746, -0.012675, -10.078597, 8.914237, 0.0
7703.0, 9.590669, -6.14451, -0.012488, -10.078597, 8.914237, 0.0
7703.0, 9.590669, -6.14451, -0.012488, -10.078597, 8.914237, 0.0
7719.0, 9.61469, -6.161312, -0.01238, -10.078597, 8.914237, 0.0
7719.0, 9.61469, -6.161312, -0.01238, -10.078597, 8.914237, 0.0
7737.0, 9.638672, -6.178113, -0.012308, -10.078597, 8.914237, 0.0
7753.0, 9.662653, -6.194934, -0.012282, -10.078597, 8.914237, 0.0
7753.0, 9.662653, -6.194934, -0.012282, -10.078597, 8.914237, 0.0
7770.0, 9.686682, -6.211798, -0.012309, -10.078597, 8.914237, 0.0
7770.0, 9.686682, -6.211798, -0.012309, -10.078597, 8.914237, 0.0
7786.0, 9.710818, -6.228736, -0.012397, -10.078597, 8.914237, 0.0
7803.0, 9.735117, -6.245777, -0.012549, -10.078597, 8.914237, 0.0
7803.0, 9.735117, -6.245777, -0.012549, -10.078597, 8.914237, 0.0
7820.0, 9.759626, -6.262948, -0.012759, -10.078597, 8.914237, 0.0
7820.0, 9.759626, -6.262948, -0.012759, -10.078597, 8.914237, 0.0
7837.0, 9.784389, -6.280271, -0.013021, -10.078597, 8.914237, 0.0
7853.0, 9.80943, -6.297757, -0.013319, -10.078597, 8.914237, 0.0
7853.0, 9.80943, -6.297757, -0.013319, -10.078597, 8.914237, 0.0
7869.0, 9.834784, -6.315427, -0.013648, -10.078597, 8.914237, 0.0
7869.0, 9.834784, -6.315427, -0.013648, -10.078597, 8.914237, 0.0
7886.0, 9.860475, -6.333296, -0.013996, -10.078597, 8.914237, 0.0
7903.0, 9.886524, -6.351376, -0.014355, -10.433496, 9.266444, 0.0
7903.0, 9.886524, -6.351376, -0.014355, -10.433496, 9.266444, 0.0
7919.0, 9.912946, -6.369675, -0.014717, -10.433496, 9.266444, 0.0
7919.0, 9.912946, -6.369675, -0.014717, -10.433496, 9.266444, 0.0
7937.0, 9.939751, -6.388201, -0.015073, -10.433496, 9.266444, 0.0
7953.0, 9.966871, -6.406916, -0.015384, -10.433496, 9.266444, 0.0
7953.0, 9.966871, -6.406916, -0.015384, -10.433496, 9.266444, 0.0
7969.0, 9.994193, -6.425755, -0.015606, -10.433496, 9.266444, 0.0
7969.0, 9.994193, -6.425755, -0.015606, -10.433496, 9.266444, 0.0
7985.0, 10.021608, -6.444657, -0.015712, -10.433496, 9.266444, 0.0
8003.0, 10.04902, -6.463571, -0.015696, -10.433496, 9.266444, 0.0
8003.0, 10.04902, -6.463571, -0.015696, -10.433496, 9.266444, 0.0
8020.0, 10.076345, -6.48245, -0.015564, -10.433496, 9.266444, 0.0
8020.0, 10.076345, -6.48245, -0.015564, -10.433496, 9.266444, 0.0
8037.0, 10.103516, -6.50126, -0.015329, -10.433496, 9.266444, 0.0
8053.0, 10.130475, -6.51997, -0.01501, -10.433496, 9.266444, 0.0
8053.0, 10.130475, -6.51997, -0.01501, -10.433496, 9.266444, 0.0
8070.0, 10.157176, -6.538557, -0.014629, -10.433496, 9.266444, 0.0
8070.0, 10.157176, -6.538557, -0.014629, -10.433496, 9.266444, 0.0
8085.0, 10.183582, -6.556998, -0.014205, -10.433496, 9.266444, 0.0
8103.0, 10.209664, -6.575277, -0.013757, -10.433496, 9.266444, 0.0
8103.0, 10.209664, -6.575277, -0.013757, -10.433496, 9.266444, 0.0
8120.0, 10.235399, -6.593379, -0.0133, -10.433496, 9.266444, 0.0
8120.0, 10.235399, -6.593379, -0.0133, -10.433496, 9.266444, 0.0
8137.0, 10.260768, -6.611293, -0.012848, -10.433496, 9.266444, 0.0
8152.0, 10.285748, -6.629, -0.012405, -10.788395, 9.618652, 0.0
8152.0, 10.285748, -6.629, -0.012405, -10.788395, 9.618652, 0.0
8169.0, 10.310334, -6.646495, -0.011984, -10.788395, 9.618652, 0.0
8169.0, 10.310334, -6.646495, -0.011984, -10.788395, 9.618652, 0.0
8185.0, 10.334523, -6.663773, -0.011588, -10.788395, 9.618652, 0.0
8202.0, 10.358307, -6.680827, -0.011222, -10.788395, 9.618652, 0.0
8202.0, 10.358307, -6.680827, -0.011222, -10.788395, 9.618652, 0.0
8219.0, 10.381683, -6.697651, -0.010884, -10.788395, 9.618652, 0.0
8219.0, 10.381683, -6.697651, -0.010884, -10.788395, 9.618652, 0.0
8236.0, 10.404648, -6.714242, -0.010573, -10.788395, 9.618652, 0.0
8253.0, 10.427293, -6.730653, -0.010329, -10.788395, 9.618652, 0.0
8253.0, 10.427293, -6.730653, -0.010329, -10.788395, 9.618652, 0.0
8269.0, 10.449722, -6.746943, -0.010182, -10.788395, 9.618652, 0.0
8269.0, 10.449722, -6.746943, -0.010182, -10.788395, 9.618652, 0.0
8286.0, 10.472041, -6.763171, -0.010149, -10.788395, 9.618652, 0.0
8303.0, 10.494347, -6.77939, -0.010234, -10.788395, 9.618652, 0.0
8303.0, 10.494347, -6.77939, -0.010234, -10.788395, 9.618652, 0.0
8320.0, 10.516722, -6.795648, -0.01043, -10.788395, 9.618652, 0.0
8320.0, 10.516722, -6.795648, -0.01043, -10.788395, 9.618652, 0.0
8337.0, 10.539235, -6.811983, -0.010721, -10.788395, 9.618652, 0.0
8353.0, 10.561935, -6.828422, -0.011085, -10.788395, 9.618652, 0.0
8353.0, 10.561935, -6.828422, -0.011085, -10.788395, 9.618652, 0.0
8370.0, 10.584874, -6.844996, -0.011504, -10.788395, 9.618652, 0.0
8370.0, 10.584874, -6.844996, -0.011504, -10.788395, 9.618652, 0.0
8385.0, 10.608091, -6.861733, -0.011962, -10.788395, 9.618652, 0.0
8402.0, 10.631617, -6.878651, -0.012439, -11.143294, 9.97086, 0.0
8402.0, 10.631617, -6.878651, -0.012439, -11.143294, 9.97086, 0.0
8418.0, 10.655474, -6.895767, -0.01292, -11.143294, 9.97086, 0.0
8418.0, 10.655474, -6.895767, -0.01292, -11.143294, 9.97086, 0.0
8437.0, 10.679682, -6.913095, -0.013395, -11.143294, 9.97086, 0.0
8453.0, 10.704265, -6.930652, -0.013857, -11.143294, 9.97086, 0.0
8453.0, 10.704265, -6.930652, -0.013857, -11.143294, 9.97086, 0.0
8470.0, 10.729226, -6.948442, -0.014297, -11.143294, 9.97086, 0.0
8470.0, 10.729226, -6.948442, -0.014297, -11.143294, 9.97086, 0.0
8485.0, 10.754573, -6.966471, -0.014709, -11.143294, 9.97086, 0.0
8503.0, 10.780312, -6.984743, -0.015092, -11.143294, 9.97086, 0.0
8503.0, 10.780312, -6.984743, -0.015092, -11.143294, 9.97086, 0.0
8520.0, 10.806446, -7.003264, -0.015445, -11.143294, 9.97086, 0.0
8520.0, 10.806446, -7.003264, -0.015445, -11.143294, 9.97086, 0.0
8537.0, 10.832981, -7.022038, -0.01577, -11.143294, 9.97086, 0.0
8554.0, 10.859833, -7.041016, -0.016032, -11.143294, 9.97086, 0.0
8554.0, 10.859833, -7.041016, -0.016032, -11.143294, 9.97086, 0.0
8570.0, 10.886891, -7.060133, -0.016196, -11.143294, 9.97086, 0.0
8570.0, 10.886891, -7.060133, -0.016196, -11.143294, 9.97086, 0.0
8586.0, 10.91405, -7.079329, -0.016244, -11.143294, 9.97086, 0.0
8602.0, 10.941212, -7.098547, -0.016172, -11.143294, 9.97086, 0.0
8602.0, 10.941212, -7.098547, -0.016172, -11.143294, 9.97086, 0.0
8618.0, 10.968293, -7.117742, -0.015987, -11.143294, 9.97086, 0.0
8618.0, 10.968293, -7.117742, -0.015987, -11.143294, 9.97086, 0.0
8636.0, 10.995224, -7.136874, -0.015706, -11.143294, 9.97086, 0.0
8652.0, 11.021939, -7.155903, -0.015344, -11.498194, 10.32307, 0.0
8652.0, 11.021939, -7.155903, -0.015344, -11.498194, 10.32307, 0.0
8669.0, 11.048397, -7.174809, -0.014925, -11.498194, 10.32307, 0.0
8669.0, 11.048397, -7.174809, -0.014925, -11.498194, 10.32307, 0.0
8686.0, 11.074565, -7.193573, -0.014472, -11.498194, 10.32307, 0.0
8702.0, 11.100414, -7.212177, -0.014001, -11.498194, 10.32307, 0.0
8702.0, 11.100414, -7.212177, -0.014001, -11.498194, 10.32307, 0.0
8719.0, 11.12592, -7.230605, -0.013528, -11.498194, 10.32307, 0.0
8719.0, 11.12592, -7.230605, -0.013528, -11.498194, 10.32307, 0.0
8737.0, 11.151067, -7.248843, -0.013064, -11.498194, 10.32307, 0.0
8753.0, 11.175846, -7.266888, -0.012621, -11.498194, 10.32307, 0.0
8753.0, 11.175846, -7.266888, -0.012621, -11.498194, 10.32307, 0.0
8770.0, 11.200243, -7.284724, -0.012201, -11.498194, 10.32307, 0.0
8770.0, 11.200243, -7.284724, -0.012201, -11.498194, 10.32307, 0.0
8786.0, 11.224244, -7.302339, -0.011806, -11.498194, 10.32307, 0.0
8802.0, 11.247843, -7.319727, -0.011438, -11.498194, 10.32307, 0.0
8802.0, 11.247843, -7.319727, -0.011438, -11.498194, 10.32307, 0.0
8820.0, 11.271033, -7.33688, -0.011096, -11.498194, 10.32307, 0.0
8820.0, 11.271033, -7.33688, -0.011096, -11.498194, 10.32307, 0.0
8837.0, 11.293811, -7.353795, -0.01078, -11.498194, 10.32307, 0.0
8853.0, 11.316253, -7.370513, -0.010523, -11.498194, 10.32307, 0.0
8853.0, 11.316253, -7.370513, -0.010523, -11.498194, 10.32307, 0.0
8870.0, 11.338474, -7.387104, -0.010364, -11.498194, 10.32307, 0.0
8870.0, 11.338474, -7.387104, -0.010364, -11.498194, 10.32307, 0.0
8885.0, 11.360585, -7.403632, -0.010322, -11.498194, 10.32307, 0.0
8902.0, 11.382683, -7.420152, -0.010401, -11.853093, 10.675279, 0.0
8902.0, 11.382683, -7.420152, -0.010401, -11.853093, 10.675279, 0.0
8919.0, 11.404853, -7.436713, -0.010593, -11.853093, 10.675279, 0.0
8919.0, 11.404853, -7.436713, -0.010593, -11.853093, 10.675279, 0.0
8937.0, 11.427161, -7.453354, -0.010883, -11.853093, 10.675279, 0.0
8953.0, 11.449677, -7.470114, -0.011254, -11.853093, 10.675279, 0.0
8953.0, 11.449677, -7.470114, -0.011254, -11.853093, 10.675279, 0.0
8970.0, 11.472435, -7.487017, -0.011681, -11.853093, 10.675279, 0.0
8970.0, 11.472435, -7.487017, -0.011681, -11.853093, 10.675279, 0.0
8986.0, 11.495472, -7.504084, -0.012142, -11.853093, 10.675279, 0.0
9003.0, 11.518815, -7.521335, -0.012621, -11.853093, 10.675279, 0.0
9003.0, 11.518815, -7.521335, -0.012621, -11.853093, 10.675279, 0.0
9020.0, 11.542487, -7.538784, -0.013101, -11.853093, 10.675279, 0.0
9020.0, 11.542487, -7.538784, -0.013101, -11.853093, 10.675279, 0.0
9036.0, 11.566506, -7.556447, -0.013573, -11.853093, 10.675279, 0.0
9052.0, 11.590878, -7.574327, -0.014024, -11.853093, 10.675279, 0.0
9052.0, 11.590878, -7.574327, -0.014024, -11.853093, 10.675279, 0.0
9069.0, 11.615619, -7.592438, -0.014452, -11.853093, 10.675279, 0.0
9069.0, 11.615619, -7.592438, -0.014452, -11.853093, 10.675279, 0.0
9086.0, 11.640742, -7.61079, -0.014857, -11.853093, 10.675279, 0.0
9103.0, 11.666256, -7.629391, -0.015236, -11.853093, 10.675279, 0.0
9103.0, 11.666256, -7.629391, -0.015236, -11.853093, 10.675279, 0.0
9119.0, 11.692165, -7.648244, -0.015588, -11.853093, 10.675279, 0.0
9119.0, 11.692165, -7.648244, -0.015588, -11.853093, 10.675279, 0.0
9136.0, 11.718476, -7.667356, -0.015916, -11.853093, 10.675279, 0.0
9153.0, 11.745113, -7.686682, -0.016185, -12.207994, 11.027487, 0.0
9153.0, 11.745113, -7.686682, -0.016185, -12.207994, 11.027487, 0.0
9169.0, 11.771962, -7.706153, -0.016358, -12.207994, 11.027487, 0.0
9170.0, 11.771962, -7.706153, -0.016358, -12.207994, 11.027487, 0.0
9186.0, 11.798911, -7.725704, -0.016413, -12.207994, 11.027487, 0.0
9203.0, 11.825862, -7.745277, -0.016346, -12.207994, 11.027487, 0.0
9203.0, 11.825862, -7.745277, -0.016346, -12.207994, 11.027487, 0.0
9219.0, 11.852733, -7.764825, -0.016166, -12.207994, 11.027487, 0.0
9219.0, 11.852733, -7.764825, -0.016166, -12.207994, 11.027487, 0.0
9237.0, 11.879454, -7.784308, -0.015889, -12.207994, 11.027487, 0.0
9253.0, 11.905968, -7.803694, -0.015533, -12.207994, 11.027487, 0.0
9253.0, 11.905968, -7.803694, -0.015533, -12.207994, 11.027487, 0.0
9270.0, 11.932229, -7.822958, -0.01512, -12.207994, 11.027487, 0.0
9270.0, 11.932229, -7.822958, -0.01512, -12.207994, 11.027487, 0.0
9286.0, 11.9582, -7.842075, -0.01467, -12.207994, 11.027487, 0.0
9302.0, 11.98385, -7.861028, -0.0142, -12.207994, 11.027487, 0.0
9302.0, 11.98385, -7.861028, -0.0142, -12.207994, 11.027487, 0.0
9319.0, 12.009221, -7.879848, -0.013725, -12.207994, 11.027487, 0.0
9319.0, 12.009221, -7.879848, -0.013725, -12.207994, 11.027487, 0.0
9336.0, 12.034165, -7.898427, -0.013259, -12.207994, 11.027487, 0.0
9353.0, 12.058725, -7.916795, -0.012806, -12.207994, 11.027487, 0.0
9353.0, 12.058725, -7.916795, -0.012806, -12.207994, 11.027487, 0.0
9369.0, 12.082897, -7.934946, -0.012376, -12.207994, 11.027487, 0.0
9369.0, 12.082897, -7.934946, -0.012376, -12.207994, 11.027487, 0.0
9386.0, 12.106675, -7.952873, -0.011974, -12.207994, 11.027487, 0.0
9403.0, 12.130054, -7.970572, -0.011603, -12.562952, 11.379754, 0.0
9403.0, 12.130054, -7.970572, -0.011603, -12.562952, 11.379754, 0.0
9419.0, 12.153028, -7.988034, -0.01126, -12.562952, 11.379754, 0.0
9419.0, 12.153028, -7.988034, -0.01126, -12.562952, 11.379754, 0.0
9436.0, 12.175595, -8.005256, -0.010946, -12.562952, 11.379754, 0.0
9453.0, 12.197839, -8.022287, -0.010695, -12.562952, 11.379754, 0.0
9453.0, 12.197839, -8.022287, -0.010695, -12.562952, 11.379754, 0.0
9470.0, 12.219866, -8.039192, -0.010541, -12.562952, 11.379754, 0.0
9470.0, 12.219866, -8.039192, -0.010541, -12.562952, 11.379754, 0.0
9486.0, 12.241785, -8.056034, -0.010502, -12.562952, 11.379754, 0.0
9503.0, 12.263692, -8.072868, -0.010583, -12.562952, 11.379754, 0.0
9503.0, 12.263692, -8.072868, -0.010583, -12.562952, 11.379754, 0.0
9520.0, 12.285669, -8.089744, -0.010775, -12.562952, 11.379754, 0.0
9520.0, 12.285669, -8.089744, -0.010775, -12.562952, 11.379754, 0.0
9537.0, 12.307785, -8.106699, -0.011063, -12.562952, 11.379754, 0.0
9552.0, 12.330104, -8.123776, -0.011431, -12.562952, 11.379754, 0.0
9552.0, 12.330104, -8.123776, -0.011431, -12.562952, 11.379754, 0.0
9569.0, 12.352666, -8.140998, -0.011854, -12.562952, 11.379754, 0.0
9569.0, 12.352666, -8.140998, -0.011854, -12.562952, 11.379754, 0.0
9586.0, 12.375504, -8.158386, -0.012312, -12.562952, 11.379754, 0.0
9603.0, 12.398646, -8.17596, -0.012787, -12.562952, 11.379754, 0.0
9603.0, 12.398646, -8.17596, -0.012787, -12.562952, 11.379754, 0.0
9619.0, 12.422115, -8.193736, -0.013265, -12.562952, 11.379754, 0.0
9619.0, 12.422115, -8.193736, -0.013265, -12.562952, 11.379754, 0.0
9636.0, 12.44593, -8.211728, -0.013735, -12.562952, 11.379754, 0.0
9653.0, 12.470094, -8.229939, -0.014185, -12.917851, 11.731963, 0.0
9653.0, 12.470094, -8.229939, -0.014185, -12.917851, 11.731963, 0.0
9669.0, 12.494626, -8.248385, -0.014613, -12.917851, 11.731963, 0.0
9669.0, 12.494626, -8.248385, -0.014613, -12.917851, 11.731963, 0.0
9686.0, 12.519538, -8.267076, -0.015017, -12.917851, 11.731963, 0.0
9703.0, 12.544837, -8.286017, -0.015396, -12.917851, 11.731963, 0.0
9703.0, 12.544837, -8.286017, -0.015396, -12.917851, 11.731963, 0.0
9720.0, 12.570531, -8.305216, -0.01575, -12.917851, 11.731963, 0.0
9720.0, 12.570531, -8.305216, -0.01575, -12.917851, 11.731963, 0.0
9737.0, 12.596622, -8.324675, -0.016078, -12.917851, 11.731963, 0.0
9752.0, 12.623039, -8.344353, -0.016349, -12.917851, 11.731963, 0.0
9753.0, 12.623039, -8.344353, -0.016349, -12.917851, 11.731963, 0.0
9770.0, 12.649666, -8.364177, -0.016524, -12.917851, 11.731963, 0.0
9770.0, 12.649666, -8.364177, -0.016524, -12.917851, 11.731963, 0.0
9785.0, 12.676399, -8.384086, -0.016581, -12.917851, 11.731963, 0.0
9803.0, 12.703128, -8.404012, -0.016518, -12.917851, 11.731963, 0.0
9803.0, 12.703128, -8.404012, -0.016518, -12.917851, 11.731963, 0.0
9819.0, 12.729775, -8.423913, -0.016341, -12.917851, 11.731963, 0.0
9820.0, 12.729775, -8.423913, -0.016341, -12.917851, 11.731963, 0.0
9837.0, 12.756275, -8.443748, -0.016066, -12.917851, 11.731963, 0.0
9853.0, 12.782557, -8.463475, -0.015709, -12.917851, 11.731963, 0.0
9853.0, 12.782557, -8.463475, -0.015709, -12.917851, 11.731963, 0.0
9870.0, 12.808585, -8.483076, -0.015295, -12.917851, 11.731963, 0.0
9870.0, 12.808585, -8.483076, -0.015295, -12.917851, 11.731963, 0.0
9886.0, 12.834325, -8.502528, -0.014845, -12.917851, 11.731963, 0.0
9903.0, 12.859747, -8.521815, -0.014377, -13.272756, 12.084176, 0.0
9903.0, 12.859747, -8.521815, -0.014377, -13.272756, 12.084176, 0.0
9920.0, 12.884839, -8.540927, -0.013906, -13.272756, 12.084176, 0.0
9920.0, 12.884839, -8.540927, -0.013906, -13.272756, 12.084176, 0.0
9936.0, 12.909563, -8.559837, -0.013443, -13.272756, 12.084176, 0.0
9952.0, 12.933925, -8.578547, -0.013, -13.272756, 12.084176, 0.0
9952.0, 12.933925, -8.578547, -0.013, -13.272756, 12.084176, 0.0
9969.0, 12.957936, -8.597065, -0.012579, -13.272756, 12.084176, 0.0
9969.0, 12.957936, -8.597065, -0.012579, -13.272756, 12.084176, 0.0
9986.0, 12.981525, -8.615332, -0.012183, -13.272756, 12.084176, 0.0
