1.0, 0.0, 0.0, 0.002231, 3.536941, -3.534126, 0.0
14.0, -0.00012, -0.000253, -0.004065, 3.536941, -3.534126, 0.0
14.0, -0.00012, -0.000253, -0.004065, 3.536941, -3.534126, 0.0
50.0, -0.000635, -0.000441, -0.014152, 3.536941, -3.534126, 0.0
50.0, -0.000635, -0.000441, -0.014152, 3.536941, -3.534126, 0.0
50.0, -0.000635, -0.000441, -0.014152, 3.536941, -3.534126, 0.0
50.0, -0.000635, -0.000441, -0.014152, 3.536941, -3.534126, 0.0
66.0, -0.001356, -0.000284, -0.016265, 3.536941, -3.534126, 0.0
85.0, -0.002394, -0.000049, -0.016617, 3.536941, -3.534126, 0.0
85.0, -0.002394, -0.000049, -0.016617, 3.536941, -3.534126, 0.0
100.0, -0.00369, 0.000135, -0.015744, 3.536941, -3.534126, 0.0
100.0, -0.00369, 0.000135, -0.015744, 3.536941, -3.534126, 0.0
117.0, -0.005212, 0.000209, -0.013904, 3.536941, -3.534126, 0.0
134.0, -0.006888, 0.000163, -0.011537, 3.536941, -3.534126, 0.0
134.0, -0.006888, 0.000163, -0.011537, 3.536941, -3.534126, 0.0
151.0, -0.008877, 0.000203, -0.008817, 3.53705, -3.398351, 0.0
151.0, -0.008877, 0.000203, -0.008817, 3.53705, -3.398351, 0.0
167.0, -0.01123, 0.000315, -0.005631, 3.53705, -3.398351, 0.0
185.0, -0.014016, 0.000665, -0.002182, 3.53705, -3.398351, 0.0
185.0, -0.014016, 0.000665, -0.002182, 3.53705, -3.398351, 0.0
201.0, -0.017236, 0.001287, 0.000968, 3.53705, -3.398351, 0.0
201.0, -0.017236, 0.001287, 0.000968, 3.53705, -3.398351, 0.0
217.0, -0.020372, 0.002299, 0.001443, 3.53705, -3.398351, 0.0
238.0, -0.024222, 0.003841, 0.003053, 3.53705, -3.398351, 0.0
238.0, -0.024222, 0.003841, 0.003053, 3.53705, -3.398351, 0.0
257.0, -0.030171, 0.006444, 0.004491, 3.53705, -3.398351, 0.0
257.0, -0.030171, 0.006444, 0.004491, 3.53705, -3.398351, 0.0
275.0, -0.034951, 0.008722, 0.005493, 3.53705, -3.398351, 0.0
275.0, -0.034951, 0.008722, 0.005493, 3.53705, -3.398351, 0.0
291.0, -0.040195, 0.011357, 0.0062, 3.53705, -3.398351, 0.0
291.0, -0.040195, 0.011357, 0.0062, 3.53705, -3.398351, 0.0
310.0, -0.045577, 0.014177, 0.006648, 3.53705, -3.398351, 0.0
324.0, -0.051247, 0.017263, 0.006975, 3.53705, -3.398351, 0.0
324.0, -0.051247, 0.017263, 0.006975, 3.53705, -3.398351, 0.0
343.0, -0.057287, 0.020667, 0.00724, 3.53705, -3.398351, 0.0
343.0, -0.057287, 0.020667, 0.00724, 3.53705, -3.398351, 0.0
358.0, -0.063676, 0.024382, 0.007466, 3.53705, -3.398351, 0.0
378.0, -0.070627, 0.028541, 0.007674, 3.53705, -3.398351, 0.0
378.0, -0.070627, 0.028541, 0.007674, 3.53705, -3.398351, 0.0
393.0, -0.077775, 0.032936, 0.00787, 3.53705, -3.398351, 0.0
393.0, -0.077775, 0.032936, 0.00787, 3.53705, -3.398351, 0.0
415.0, -0.085625, 0.037889, 0.008175, 3.537255, -3.140807, 0.0
449.0, -0.100052, 0.047202, 0.008707, 3.537255, -3.140807, 0.0
449.0, -0.100052, 0.047202, 0.008707, 3.537255, -3.140807, 0.0
449.0, -0.100052, 0.047202, 0.008707, 3.537255, -3.140807, 0.0
473.0, -0.117322, 0.058751, 0.009467, 3.537255, -3.140807, 0.0
473.0, -0.117322, 0.058751, 0.009467, 3.537255, -3.140807, 0.0
473.0, -0.117322, 0.058751, 0.009467, 3.537255, -3.140807, 0.0
473.0, -0.117322, 0.058751, 0.009467, 3.537255, -3.140807, 0.0
488.0, -0.126921, 0.065436, 0.009949, 3.537255, -3.140807, 0.0
505.0, -0.13736, 0.072871, 0.010464, 3.537255, -3.140807, 0.0
505.0, -0.13736, 0.072871, 0.010464, 3.537255, -3.140807, 0.0
520.0, -0.148271, 0.080767, 0.01082, 3.537255, -3.140807, 0.0
520.0, -0.148271, 0.080767, 0.01082, 3.537255, -3.140807, 0.0
538.0, -0.159507, 0.089004, 0.011, 3.537255, -3.140807, 0.0
554.0, -0.171015, 0.097538, 0.011039, 3.537255, -3.140807, 0.0
554.0, -0.171015, 0.097538, 0.011039, 3.537255, -3.140807, 0.0
570.0, -0.182785, 0.106357, 0.010987, 3.537255, -3.140807, 0.0
570.0, -0.182785, 0.106357, 0.010987, 3.537255, -3.140807, 0.0
588.0, -0.194821, 0.115463, 0.010886, 3.537255, -3.140807, 0.0
604.0, -0.20688, 0.124666, 0.010676, 3.537255, -3.140807, 0.0
604.0, -0.20688, 0.124666, 0.010676, 3.537255, -3.140807, 0.0
623.0, -0.219314, 0.134234, 0.010491, 3.537255, -3.140807, 0.0
623.0, -0.219314, 0.134234, 0.010491, 3.537255, -3.140807, 0.0
642.0, -0.23189, 0.143989, 0.010384, 3.537255, -3.140807, 0.0
664.0, -0.250963, 0.158894, 0.010368, 3.537451, -2.893796, 0.0
664.0, -0.250963, 0.158894, 0.010368, 3.537451, -2.893796, 0.0
664.0, -0.250963, 0.158894, 0.010368, 3.537451, -2.893796, 0.0
681.0, -0.264342, 0.169452, 0.010505, 3.537451, -2.893796, 0.0
681.0, -0.264342, 0.169452, 0.010505, 3.537451, -2.893796, 0.0
704.0, -0.278985, 0.181097, 0.011032, 3.537451, -2.893796, 0.0
731.0, -0.308904, 0.205036, 0.012075, 3.537451, -2.893796, 0.0
731.0, -0.308904, 0.205036, 0.012075, 3.537451, -2.893796, 0.0
731.0, -0.308904, 0.205036, 0.012075, 3.537451, -2.893796, 0.0
731.0, -0.308904, 0.205036, 0.012075, 3.537451, -2.893796, 0.0
746.0, -0.324706, 0.217792, 0.012549, 3.537451, -2.893796, 0.0
763.0, -0.341241, 0.231201, 0.012895, 3.537451, -2.893796, 0.0
763.0, -0.341241, 0.231201, 0.012895, 3.537451, -2.893796, 0.0
784.0, -0.3601, 0.246546, 0.0131, 3.537451, -2.893796, 0.0
784.0, -0.3601, 0.246546, 0.0131, 3.537451, -2.893796, 0.0
799.0, -0.375845, 0.25937, 0.012734, 3.537451, -2.893796, 0.0
799.0, -0.375845, 0.25937, 0.012734, 3.537451, -2.893796, 0.0
814.0, -0.391568, 0.272178, 0.012361, 3.537451, -2.893796, 0.0
839.0, -0.407596, 0.28523, 0.012145, 3.537451, -2.893796, 0.0
839.0, -0.407596, 0.28523, 0.012145, 3.537451, -2.893796, 0.0
863.0, -0.437541, 0.309603, 0.01213, 3.537451, -2.893796, 0.0
863.0, -0.437541, 0.309603, 0.01213, 3.537451, -2.893796, 0.0
863.0, -0.437541, 0.309603, 0.01213, 3.537451, -2.893796, 0.0
893.0, -0.467785, 0.33419, 0.012752, 3.537451, -2.893796, 0.0
893.0, -0.467785, 0.33419, 0.012752, 3.537451, -2.893796, 0.0
893.0, -0.467785, 0.33419, 0.012752, 3.537451, -2.893796, 0.0
909.0, -0.485117, 0.348237, 0.013038, 3.537653, -2.63975, 0.0
909.0, -0.485117, 0.348237, 0.013038, 3.537653, -2.63975, 0.0
927.0, -0.502916, 0.362617, 0.013395, 3.537653, -2.63975, 0.0
957.0, -0.536593, 0.389748, 0.014217, 3.537653, -2.63975, 0.0
957.0, -0.536593, 0.389748, 0.014217, 3.537653, -2.63975, 0.0
957.0, -0.536593, 0.389748, 0.014217, 3.537653, -2.63975, 0.0
972.0, -0.55577, 0.405116, 0.014864, 3.537653, -2.63975, 0.0
972.0, -0.55577, 0.405116, 0.014864, 3.537653, -2.63975, 0.0
996.0, -0.575729, 0.421042, 0.01554, 3.537653, -2.63975, 0.0
996.0, -0.575729, 0.421042, 0.01554, 3.537653, -2.63975, 0.0
1006.0, -0.597922, 0.438683, 0.016819, 3.537653, -2.63975, 0.0
1042.0, -0.621134, 0.457054, 0.017907, 3.537653, -2.63975, 0.0
1042.0, -0.621134, 0.457054, 0.017907, 3.537653, -2.63975, 0.0
1050.0, -0.661306, 0.488671, 0.019123, 3.537653, -2.63975, 0.0
1050.0, -0.661306, 0.488671, 0.019123, 3.537653, -2.63975, 0.0
1050.0, -0.661306, 0.488671, 0.019123, 3.537653, -2.63975, 0.0
1068.0, -0.685405, 0.507427, 0.019493, 3.537653, -2.63975, 0.0
1068.0, -0.685405, 0.507427, 0.019493, 3.537653, -2.63975, 0.0
1090.0, -0.709875, 0.526283, 0.019574, 3.537653, -2.63975, 0.0
1123.0, -0.759629, 0.564341, 0.019587, 3.537653, -2.63975, 0.0
1123.0, -0.759629, 0.564341, 0.019587, 3.537653, -2.63975, 0.0
1123.0, -0.759629, 0.564341, 0.019587, 3.537653, -2.63975, 0.0
1123.0, -0.759629, 0.564341, 0.019587, 3.537653, -2.63975, 0.0
1143.0, -0.785426, 0.58403, 0.019617, 3.537653, -2.63975, 0.0
1143.0, -0.785426, 0.58403, 0.019617, 3.537653, -2.63975, 0.0
1158.0, -0.81135, 0.603804, 0.019365, 3.537851, -2.392113, 0.0
1189.0, -0.850327, 0.633566, 0.018479, 3.537851, -2.392113, 0.0
1190.0, -0.850327, 0.633566, 0.018479, 3.537851, -2.392113, 0.0
1190.0, -0.850327, 0.633566, 0.018479, 3.537851, -2.392113, 0.0
1222.0, -0.899323, 0.671136, 0.016497, 3.537851, -2.392113, 0.0
1222.0, -0.899323, 0.671136, 0.016497, 3.537851, -2.392113, 0.0
1222.0, -0.899323, 0.671136, 0.016497, 3.537851, -2.392113, 0.0
1222.0, -0.899323, 0.671136, 0.016497, 3.537851, -2.392113, 0.0
1238.0, -0.92389, 0.690251, 0.015685, 3.537851, -2.392113, 0.0
1238.0, -0.92389, 0.690251, 0.015685, 3.537851, -2.392113, 0.0
1260.0, -0.950368, 0.711049, 0.014811, 3.537851, -2.392113, 0.0
1273.0, -0.973988, 0.729772, 0.013949, 3.537851, -2.392113, 0.0
1273.0, -0.973988, 0.729772, 0.013949, 3.537851, -2.392113, 0.0
1296.0, -0.996992, 0.748168, 0.013068, 3.537851, -2.392113, 0.0
1296.0, -0.996992, 0.748168, 0.013068, 3.537851, -2.392113, 0.0
1321.0, -1.033882, 0.777907, 0.010542, 3.537851, -2.392113, 0.0
1321.0, -1.033882, 0.777907, 0.010542, 3.537851, -2.392113, 0.0
1321.0, -1.033882, 0.777907, 0.010542, 3.537851, -2.392113, 0.0
1351.0, -1.070987, 0.808291, 0.008191, 3.537851, -2.392113, 0.0
1351.0, -1.070987, 0.808291, 0.008191, 3.537851, -2.392113, 0.0
1351.0, -1.070987, 0.808291, 0.008191, 3.537851, -2.392113, 0.0
1368.0, -1.089864, 0.824097, 0.007316, 3.537851, -2.392113, 0.0
1368.0, -1.089864, 0.824097, 0.007316, 3.537851, -2.392113, 0.0
1391.0, -1.108377, 0.83986, 0.006848, 3.537851, -2.392113, 0.0
1402.0, -1.128191, 0.857026, 0.007406, 3.538046, -2.146684, 0.0
1402.0, -1.128191, 0.857026, 0.007406, 3.538046, -2.146684, 0.0
1437.0, -1.167593, 0.891716, 0.008821, 3.538046, -2.146684, 0.0
1437.0, -1.167593, 0.891716, 0.008821, 3.538046, -2.146684, 0.0
1437.0, -1.167593, 0.891716, 0.008821, 3.538046, -2.146684, 0.0
1457.0, -1.188631, 0.91083, 0.009221, 3.538046, -2.146684, 0.0
1457.0, -1.188631, 0.91083, 0.009221, 3.538046, -2.146684, 0.0
1471.0, -1.206919, 0.92784, 0.009307, 3.538046, -2.146684, 0.0
1471.0, -1.206919, 0.92784, 0.009307, 3.538046, -2.146684, 0.0
1493.0, -1.224481, 0.944499, 0.009191, 3.538046, -2.146684, 0.0
1493.0, -1.224481, 0.944499, 0.009191, 3.538046, -2.146684, 0.0
1504.0, -1.24045, 0.959902, 0.008573, 3.538046, -2.146684, 0.0
1524.0, -1.255553, 0.974727, 0.007947, 3.538046, -2.146684, 0.0
1524.0, -1.255553, 0.974727, 0.007947, 3.538046, -2.146684, 0.0
1539.0, -1.270099, 0.989268, 0.007466, 3.538046, -2.146684, 0.0
1539.0, -1.270099, 0.989268, 0.007466, 3.538046, -2.146684, 0.0
1555.0, -1.284211, 1.003648, 0.007152, 3.538046, -2.146684, 0.0
1572.0, -1.298136, 1.018125, 0.006975, 3.538046, -2.146684, 0.0
1572.0, -1.298136, 1.018125, 0.006975, 3.538046, -2.146684, 0.0
1603.0, -1.312967, 1.033878, 0.006894, 3.538046, -2.146684, 0.0
1603.0, -1.312967, 1.033878, 0.006894, 3.538046, -2.146684, 0.0
1623.0, -1.338124, 1.061267, 0.006987, 3.538046, -2.146684, 0.0
1623.0, -1.338124, 1.061267, 0.006987, 3.538046, -2.146684, 0.0
1623.0, -1.338124, 1.061267, 0.006987, 3.538046, -2.146684, 0.0
1640.0, -1.350392, 1.07523, 0.006934, 3.538046, -2.146684, 0.0
1640.0, -1.350392, 1.07523, 0.006934, 3.538046, -2.146684, 0.0
1655.0, -1.362167, 1.089092, 0.006882, 3.538249, -1.891492, 0.0
1672.0, -1.373469, 1.102813, 0.006825, 3.538249, -1.891492, 0.0
1672.0, -1.373469, 1.102813, 0.006825, 3.538249, -1.891492, 0.0
1690.0, -1.384311, 1.116377, 0.006765, 3.538249, -1.891492, 0.0
1690.0, -1.384311, 1.116377, 0.006765, 3.538249, -1.891492, 0.0
1705.0, -1.394879, 1.130023, 0.006777, 3.538249, -1.891492, 0.0
1723.0, -1.405031, 1.143569, 0.006768, 3.538249, -1.891492, 0.0
1723.0, -1.405031, 1.143569, 0.006768, 3.538249, -1.891492, 0.0
1740.0, -1.414708, 1.156938, 0.006711, 3.538249, -1.891492, 0.0
1740.0, -1.414708, 1.156938, 0.006711, 3.538249, -1.891492, 0.0
1756.0, -1.423888, 1.170103, 0.006606, 3.538249, -1.891492, 0.0
1773.0, -1.432568, 1.18306, 0.006462, 3.538249, -1.891492, 0.0
1773.0, -1.432568, 1.18306, 0.006462, 3.538249, -1.891492, 0.0
1790.0, -1.440747, 1.195811, 0.00629, 3.538249, -1.891492, 0.0
1791.0, -1.440747, 1.195811, 0.00629, 3.538249, -1.891492, 0.0
1806.0, -1.448394, 1.208304, 0.006085, 3.538249, -1.891492, 0.0
1823.0, -1.455541, 1.220589, 0.005872, 3.538249, -1.891492, 0.0
1823.0, -1.455541, 1.220589, 0.005872, 3.538249, -1.891492, 0.0
1840.0, -1.462202, 1.232691, 0.005662, 3.538249, -1.891492, 0.0
1840.0, -1.462202, 1.232691, 0.005662, 3.538249, -1.891492, 0.0
1856.0, -1.468383, 1.244624, 0.005457, 3.538249, -1.891492, 0.0
1873.0, -1.474088, 1.256392, 0.005259, 3.538249, -1.891492, 0.0
1873.0, -1.474088, 1.256392, 0.005259, 3.538249, -1.891492, 0.0
1891.0, -1.479318, 1.268001, 0.005068, 3.538249, -1.891492, 0.0
1891.0, -1.479318, 1.268001, 0.005068, 3.538249, -1.891492, 0.0
1905.0, -1.484074, 1.279453, 0.004883, 3.538449, -1.64149, 0.0
1923.0, -1.488356, 1.290751, 0.004703, 3.538449, -1.64149, 0.0
1923.0, -1.488356, 1.290751, 0.004703, 3.538449, -1.64149, 0.0
1939.0, -1.492164, 1.301898, 0.004528, 3.538449, -1.64149, 0.0
1939.0, -1.492164, 1.301898, 0.004528, 3.538449, -1.64149, 0.0
1956.0, -1.495499, 1.312895, 0.004358, 3.538449, -1.64149, 0.0
1972.0, -1.49836, 1.323744, 0.004192, 3.538449, -1.64149, 0.0
1972.0, -1.49836, 1.323744, 0.004192, 3.538449, -1.64149, 0.0
1991.0, -1.500747, 1.334447, 0.004031, 3.538449, -1.64149, 0.0
1991.0, -1.500747, 1.334447, 0.004031, 3.538449, -1.64149, 0.0
2006.0, -1.502661, 1.345005, 0.003876, 3.538449, -1.64149, 0.0
2024.0, -1.5041, 1.355421, 0.003727, 3.538449, -1.64149, 0.0
2024.0, -1.5041, 1.355421, 0.003727, 3.538449, -1.64149, 0.0
2040.0, -1.505064, 1.365696, 0.003586, 3.538449, -1.64149, 0.0
2040.0, -1.505064, 1.365696, 0.003586, 3.538449, -1.64149, 0.0
2057.0, -1.505554, 1.375833, 0.003453, 3.538449, -1.64149, 0.0
2074.0, -1.505568, 1.385834, 0.00333, 3.538449, -1.64149, 0.0
2074.0, -1.505568, 1.385834, 0.00333, 3.538449, -1.64149, 0.0
2091.0, -1.505106, 1.395699, 0.003216, 3.538449, -1.64149, 0.0
2091.0, -1.505106, 1.395699, 0.003216, 3.538449, -1.64149, 0.0
2107.0, -1.504166, 1.40543, 0.003113, 3.538449, -1.64149, 0.0
2124.0, -1.502749, 1.41503, 0.003021, 3.538449, -1.64149, 0.0
2124.0, -1.502749, 1.41503, 0.003021, 3.538449, -1.64149, 0.0
2140.0, -1.500854, 1.4245, 0.002939, 3.538449, -1.64149, 0.0
2140.0, -1.500854, 1.4245, 0.002939, 3.538449, -1.64149, 0.0
2156.0, -1.498478, 1.433843, 0.002867, 3.538648, -1.391489, 0.0
2173.0, -1.495621, 1.443058, 0.002802, 3.538648, -1.391489, 0.0
2173.0, -1.495621, 1.443058, 0.002802, 3.538648, -1.391489, 0.0
2190.0, -1.492282, 1.452147, 0.002744, 3.538648, -1.391489, 0.0
2190.0, -1.492282, 1.452147, 0.002744, 3.538648, -1.391489, 0.0
2206.0, -1.48846, 1.461111, 0.00269, 3.538648, -1.391489, 0.0
2223.0, -1.484154, 1.469952, 0.002639, 3.538648, -1.391489, 0.0
2223.0, -1.484154, 1.469952, 0.002639, 3.538648, -1.391489, 0.0
2240.0, -1.479362, 1.47867, 0.002587, 3.538648, -1.391489, 0.0
2240.0, -1.479362, 1.47867, 0.002587, 3.538648, -1.391489, 0.0
2257.0, -1.474085, 1.487265, 0.002532, 3.538648, -1.391489, 0.0
2273.0, -1.46832, 1.495739, 0.002473, 3.538648, -1.391489, 0.0
2273.0, -1.46832, 1.495739, 0.002473, 3.538648, -1.391489, 0.0
2291.0, -1.462067, 1.504092, 0.002407, 3.538648, -1.391489, 0.0
2291.0, -1.462067, 1.504092, 0.002407, 3.538648, -1.391489, 0.0
2307.0, -1.455325, 1.512326, 0.002333, 3.538648, -1.391489, 0.0
2324.0, -1.448093, 1.52044, 0.002251, 3.538648, -1.391489, 0.0
2324.0, -1.448093, 1.52044, 0.002251, 3.538648, -1.391489, 0.0
2341.0, -1.440372, 1.528434, 0.002159, 3.538648, -1.391489, 0.0
2341.0, -1.440372, 1.528434, 0.002159, 3.538648, -1.391489, 0.0
2357.0, -1.432161, 1.536309, 0.002058, 3.538648, -1.391489, 0.0
2373.0, -1.423459, 1.544065, 0.001948, 3.538648, -1.391489, 0.0
2373.0, -1.423459, 1.544065, 0.001948, 3.538648, -1.391489, 0.0
2391.0, -1.414268, 1.551702, 0.001829, 3.538648, -1.391489, 0.0
2391.0, -1.414268, 1.551702, 0.001829, 3.538648, -1.391489, 0.0
2407.0, -1.404587, 1.559219, 0.001703, 3.538847, -1.141487, 0.0
2423.0, -1.394417, 1.566619, 0.001569, 3.538847, -1.141487, 0.0
2423.0, -1.394417, 1.566619, 0.001569, 3.538847, -1.141487, 0.0
2439.0, -1.383756, 1.573901, 0.001429, 3.538847, -1.141487, 0.0
2439.0, -1.383756, 1.573901, 0.001429, 3.538847, -1.141487, 0.0
2457.0, -1.372604, 1.581067, 0.001283, 3.538847, -1.141487, 0.0
2474.0, -1.360962, 1.588117, 0.001133, 3.538847, -1.141487, 0.0
2474.0, -1.360962, 1.588117, 0.001133, 3.538847, -1.141487, 0.0
2491.0, -1.348828, 1.595051, 0.00098, 3.538847, -1.141487, 0.0
2491.0, -1.348828, 1.595051, 0.00098, 3.538847, -1.141487, 0.0
2507.0, -1.336204, 1.60187, 0.000825, 3.538847, -1.141487, 0.0
2524.0, -1.323089, 1.608573, 0.000668, 3.538847, -1.141487, 0.0
2524.0, -1.323089, 1.608573, 0.000668, 3.538847, -1.141487, 0.0
2541.0, -1.309483, 1.615161, 0.000511, 3.538847, -1.141487, 0.0
2541.0, -1.309483, 1.615161, 0.000511, 3.538847, -1.141487, 0.0
2557.0, -1.295386, 1.621634, 0.000355, 3.538847, -1.141487, 0.0
2573.0, -1.2808, 1.627993, 0.0002, 3.538847, -1.141487, 0.0
2573.0, -1.2808, 1.627993, 0.0002, 3.538847, -1.141487, 0.0
2591.0, -1.265724, 1.634237, 0.000046, 3.538847, -1.141487, 0.0
2591.0, -1.265724, 1.634237, 0.000046, 3.538847, -1.141487, 0.0
2607.0, -1.250157, 1.640366, -0.000105, 3.538847, -1.141487, 0.0
2624.0, -1.234101, 1.64638, -0.000254, 3.538847, -1.141487, 0.0
2624.0, -1.234101, 1.64638, -0.000254, 3.538847, -1.141487, 0.0
2639.0, -1.217556, 1.652279, -0.0004, 3.538847, -1.141487, 0.0
2639.0, -1.217556, 1.652279, -0.0004, 3.538847, -1.141487, 0.0
2656.0, -1.200522, 1.658062, -0.000544, 3.539046, -0.891485, 0.0
2673.0, -1.182998, 1.66373, -0.000685, 3.539046, -0.891485, 0.0
2673.0, -1.182998, 1.66373, -0.000685, 3.539046, -0.891485, 0.0
2691.0, -1.164986, 1.669282, -0.000823, 3.539046, -0.891485, 0.0
2691.0, -1.164986, 1.669282, -0.000823, 3.539046, -0.891485, 0.0
2706.0, -1.146486, 1.674718, -0.000958, 3.539046, -0.891485, 0.0
2724.0, -1.127498, 1.680037, -0.00109, 3.539046, -0.891485, 0.0
2724.0, -1.127498, 1.680037, -0.00109, 3.539046, -0.891485, 0.0
2741.0, -1.108021, 1.685238, -0.00122, 3.539046, -0.891485, 0.0
2741.0, -1.108021, 1.685238, -0.00122, 3.539046, -0.891485, 0.0
2757.0, -1.088058, 1.690321, -0.001347, 3.539046, -0.891485, 0.0
2774.0, -1.067607, 1.695284, -0.001472, 3.539046, -0.891485, 0.0
2774.0, -1.067607, 1.695284, -0.001472, 3.539046, -0.891485, 0.0
2792.0, -1.046669, 1.700128, -0.001595, 3.539046, -0.891485, 0.0
2792.0, -1.046669, 1.700128, -0.001595, 3.539046, -0.891485, 0.0
2807.0, -1.025245, 1.704852, -0.001716, 3.539046, -0.891485, 0.0
2824.0, -1.003334, 1.709452, -0.001834, 3.539046, -0.891485, 0.0
2824.0, -1.003334, 1.709452, -0.001834, 3.539046, -0.891485, 0.0
2841.0, -0.980938, 1.713929, -0.001951, 3.539046, -0.891485, 0.0
2841.0, -0.980938, 1.713929, -0.001951, 3.539046, -0.891485, 0.0
2857.0, -0.958058, 1.718281, -0.002067, 3.539046, -0.891485, 0.0
2873.0, -0.934692, 1.722506, -0.002181, 3.539046, -0.891485, 0.0
2873.0, -0.934692, 1.722506, -0.002181, 3.539046, -0.891485, 0.0
2891.0, -0.910842, 1.726604, -0.002294, 3.539046, -0.891485, 0.0
2891.0, -0.910842, 1.726604, -0.002294, 3.539046, -0.891485, 0.0
2905.0, -0.886503, 1.730572, -0.002408, 3.539245, -0.641483, 0.0
2923.0, -0.861681, 1.734408, -0.00252, 3.539245, -0.641483, 0.0
2923.0, -0.861681, 1.734408, -0.00252, 3.539245, -0.641483, 0.0
2939.0, -0.836377, 1.738108, -0.002631, 3.539245, -0.641483, 0.0
2939.0, -0.836377, 1.738108, -0.002631, 3.539245, -0.641483, 0.0
2957.0, -0.810592, 1.741669, -0.002741, 3.539245, -0.641483, 0.0
2973.0, -0.784327, 1.74509, -0.00285, 3.539245, -0.641483, 0.0
2973.0, -0.784327, 1.74509, -0.00285, 3.539245, -0.641483, 0.0
2991.0, -0.757584, 1.748368, -0.002959, 3.539245, -0.641483, 0.0
2991.0, -0.757584, 1.748368, -0.002959, 3.539245, -0.641483, 0.0
3006.0, -0.730463, 1.751535, -0.003024, 3.539245, -0.641483, 0.0
3023.0, -0.703084, 1.754631, -0.00301, 3.539245, -0.641483, 0.0
3023.0, -0.703084, 1.754631, -0.00301, 3.539245, -0.641483, 0.0
3040.0, -0.675565, 1.757694, -0.002896, 3.539245, -0.641483, 0.0
3040.0, -0.675565, 1.757694, -0.002896, 3.539245, -0.641483, 0.0
3056.0, -0.648013, 1.760759, -0.002678, 3.539245, -0.641483, 0.0
3073.0, -0.620521, 1.763854, -0.00236, 3.539245, -0.641483, 0.0
3073.0, -0.620521, 1.763854, -0.00236, 3.539245, -0.641483, 0.0
3091.0, -0.593163, 1.767004, -0.00196, 3.539245, -0.641483, 0.0
3091.0, -0.593163, 1.767004, -0.00196, 3.539245, -0.641483, 0.0
3106.0, -0.566003, 1.770231, -0.001495, 3.539245, -0.641483, 0.0
3123.0, -0.539091, 1.773556, -0.000987, 3.539245, -0.641483, 0.0
3123.0, -0.539091, 1.773556, -0.000987, 3.539245, -0.641483, 0.0
3140.0, -0.512468, 1.776995, -0.000455, 3.539245, -0.641483, 0.0
3140.0, -0.512468, 1.776995, -0.000455, 3.539245, -0.641483, 0.0
3156.0, -0.486167, 1.780565, 0.000085, 3.539444, -0.391481, 0.0
3173.0, -0.460213, 1.784279, 0.00062, 3.539444, -0.391481, 0.0
3173.0, -0.460213, 1.784279, 0.00062, 3.539444, -0.391481, 0.0
3191.0, -0.434629, 1.788147, 0.001138, 3.539444, -0.391481, 0.0
3191.0, -0.434629, 1.788147, 0.001138, 3.539444, -0.391481, 0.0
3206.0, -0.409432, 1.79218, 0.001631, 3.539444, -0.391481, 0.0
3223.0, -0.384634, 1.796386, 0.002097, 3.539444, -0.391481, 0.0
3223.0, -0.384634, 1.796386, 0.002097, 3.539444, -0.391481, 0.0
3240.0, -0.360246, 1.800773, 0.00253, 3.539444, -0.391481, 0.0
3240.0, -0.360246, 1.800773, 0.00253, 3.539444, -0.391481, 0.0
3256.0, -0.336277, 1.805346, 0.002932, 3.539444, -0.391481, 0.0
3273.0, -0.312734, 1.810111, 0.003303, 3.539444, -0.391481, 0.0
3273.0, -0.312734, 1.810111, 0.003303, 3.539444, -0.391481, 0.0
3290.0, -0.289623, 1.815072, 0.003644, 3.539444, -0.391481, 0.0
3290.0, -0.289623, 1.815072, 0.003644, 3.539444, -0.391481, 0.0
3307.0, -0.266946, 1.820231, 0.003959, 3.539444, -0.391481, 0.0
3323.0, -0.24471, 1.825589, 0.004249, 3.539444, -0.391481, 0.0
3323.0, -0.24471, 1.825589, 0.004249, 3.539444, -0.391481, 0.0
3340.0, -0.222916, 1.831148, 0.00452, 3.539444, -0.391481, 0.0
3340.0, -0.222916, 1.831148, 0.00452, 3.539444, -0.391481, 0.0
3356.0, -0.201568, 1.836909, 0.004772, 3.539444, -0.391481, 0.0
3373.0, -0.180667, 1.842872, 0.00501, 3.539444, -0.391481, 0.0
3373.0, -0.180667, 1.842872, 0.00501, 3.539444, -0.391481, 0.0
3391.0, -0.160216, 1.849036, 0.005235, 3.539444, -0.391481, 0.0
3391.0, -0.160216, 1.849036, 0.005235, 3.539444, -0.391481, 0.0
3406.0, -0.140212, 1.855403, 0.00545, 3.539643, -0.141479, 0.0
3423.0, -0.12066, 1.861971, 0.005657, 3.539643, -0.141479, 0.0
3423.0, -0.12066, 1.861971, 0.005657, 3.539643, -0.141479, 0.0
3440.0, -0.101562, 1.868736, 0.005858, 3.539643, -0.141479, 0.0
3440.0, -0.101562, 1.868736, 0.005858, 3.539643, -0.141479, 0.0
3456.0, -0.08292, 1.875698, 0.006056, 3.539643, -0.141479, 0.0
3473.0, -0.064736, 1.882856, 0.006251, 3.539643, -0.141479, 0.0
3473.0, -0.064736, 1.882856, 0.006251, 3.539643, -0.141479, 0.0
3491.0, -0.047009, 1.890208, 0.006445, 3.539643, -0.141479, 0.0
3491.0, -0.047009, 1.890208, 0.006445, 3.539643, -0.141479, 0.0
3506.0, -0.029744, 1.897752, 0.006638, 3.539643, -0.141479, 0.0
3522.0, -0.01294, 1.905486, 0.00683, 3.539643, -0.141479, 0.0
3522.0, -0.01294, 1.905486, 0.00683, 3.539643, -0.141479, 0.0
3540.0, 0.003403, 1.913409, 0.007021, 3.539643, -0.141479, 0.0
3540.0, 0.003403, 1.913409, 0.007021, 3.539643, -0.141479, 0.0
3557.0, 0.019286, 1.921519, 0.007211, 3.539643, -0.141479, 0.0
3573.0, 0.034707, 1.929816, 0.007401, 3.539643, -0.141479, 0.0
3573.0, 0.034707, 1.929816, 0.007401, 3.539643, -0.141479, 0.0
3590.0, 0.049667, 1.938297, 0.00759, 3.539643, -0.141479, 0.0
3590.0, 0.049667, 1.938297, 0.00759, 3.539643, -0.141479, 0.0
3606.0, 0.06426, 1.946927, 0.007737, 3.539643, -0.141479, 0.0
3623.0, 0.078603, 1.95566, 0.007805, 3.539643, -0.141479, 0.0
3623.0, 0.078603, 1.95566, 0.007805, 3.539643, -0.141479, 0.0
3640.0, 0.092813, 1.964452, 0.007771, 3.539643, -0.141479, 0.0
3640.0, 0.092813, 1.964452, 0.007771, 3.539643, -0.141479, 0.0
3656.0, 0.106995, 1.973264, 0.007628, 3.539842, 0.108523, 0.0
3673.0, 0.121236, 1.982063, 0.007382, 3.539842, 0.108523, 0.0
3673.0, 0.121236, 1.982063, 0.007382, 3.539842, 0.108523, 0.0
3690.0, 0.135613, 1.990822, 0.007045, 3.539842, 0.108523, 0.0
3690.0, 0.135613, 1.990822, 0.007045, 3.539842, 0.108523, 0.0
3705.0, 0.150186, 1.999516, 0.006637, 3.539842, 0.108523, 0.0
3723.0, 0.165007, 2.008125, 0.006177, 3.539842, 0.108523, 0.0
3723.0, 0.165007, 2.008125, 0.006177, 3.539842, 0.108523, 0.0
3740.0, 0.180117, 2.016634, 0.005682, 3.539842, 0.108523, 0.0
3740.0, 0.180117, 2.016634, 0.005682, 3.539842, 0.108523, 0.0
3756.0, 0.195551, 2.025028, 0.00517, 3.539842, 0.108523, 0.0
3773.0, 0.211336, 2.033297, 0.004655, 3.539842, 0.108523, 0.0
3773.0, 0.211336, 2.033297, 0.004655, 3.539842, 0.108523, 0.0
3790.0, 0.227496, 2.04143, 0.004148, 3.539842, 0.108523, 0.0
3790.0, 0.227496, 2.04143, 0.004148, 3.539842, 0.108523, 0.0
3806.0, 0.243953, 2.049457, 0.003698, 3.539842, 0.108523, 0.0
3822.0, 0.260605, 2.057416, 0.003351, 3.539842, 0.108523, 0.0
3823.0, 0.260605, 2.057416, 0.003351, 3.539842, 0.108523, 0.0
3840.0, 0.277345, 2.065346, 0.003132, 3.539842, 0.108523, 0.0
3840.0, 0.277345, 2.065346, 0.003132, 3.539842, 0.108523, 0.0
3856.0, 0.294078, 2.073282, 0.003051, 3.539842, 0.108523, 0.0
3873.0, 0.310724, 2.081253, 0.003102, 3.539842, 0.108523, 0.0
3873.0, 0.310724, 2.081253, 0.003102, 3.539842, 0.108523, 0.0
3891.0, 0.327212, 2.089283, 0.003272, 3.539842, 0.108523, 0.0
3891.0, 0.327212, 2.089283, 0.003272, 3.539842, 0.108523, 0.0
3906.0, 0.343486, 2.097394, 0.003539, 3.540041, 0.358525, 0.0
3923.0, 0.359499, 2.105604, 0.003882, 3.540041, 0.358525, 0.0
3923.0, 0.359499, 2.105604, 0.003882, 3.540041, 0.358525, 0.0
3939.0, 0.375213, 2.113928, 0.00428, 3.540041, 0.358525, 0.0
3939.0, 0.375213, 2.113928, 0.00428, 3.540041, 0.358525, 0.0
3956.0, 0.390597, 2.122378, 0.004715, 3.540041, 0.358525, 0.0
3973.0, 0.405626, 2.130966, 0.005168, 3.540041, 0.358525, 0.0
3973.0, 0.405626, 2.130966, 0.005168, 3.540041, 0.358525, 0.0
3991.0, 0.420279, 2.1397, 0.005627, 3.540041, 0.358525, 0.0
3991.0, 0.420279, 2.1397, 0.005627, 3.540041, 0.358525, 0.0
4006.0, 0.434637, 2.148552, 0.006038, 3.540041, 0.358525, 0.0
4023.0, 0.4488, 2.15748, 0.006357, 3.540041, 0.358525, 0.0
4023.0, 0.4488, 2.15748, 0.006357, 3.540041, 0.358525, 0.0
4040.0, 0.462874, 2.166444, 0.006557, 3.540041, 0.358525, 0.0
4040.0, 0.462874, 2.166444, 0.006557, 3.540041, 0.358525, 0.0
4057.0, 0.476952, 2.175406, 0.006627, 3.540041, 0.358525, 0.0
4073.0, 0.491115, 2.184334, 0.00657, 3.540041, 0.358525, 0.0
4073.0, 0.491115, 2.184334, 0.00657, 3.540041, 0.358525, 0.0
4092.0, 0.505433, 2.193203, 0.006401, 3.540041, 0.358525, 0.0
4092.0, 0.505433, 2.193203, 0.006401, 3.540041, 0.358525, 0.0
4107.0, 0.519959, 2.201989, 0.006137, 3.540041, 0.358525, 0.0
4123.0, 0.534742, 2.210674, 0.005799, 3.540041, 0.358525, 0.0
4123.0, 0.534742, 2.210674, 0.005799, 3.540041, 0.358525, 0.0
4140.0, 0.549822, 2.219242, 0.005405, 3.540041, 0.358525, 0.0
4141.0, 0.549822, 2.219242, 0.005405, 3.540041, 0.358525, 0.0
4156.0, 0.56523, 2.227681, 0.004975, 3.54024, 0.608526, 0.0
4173.0, 0.580993, 2.235981, 0.004525, 3.54024, 0.608526, 0.0
4173.0, 0.580993, 2.235981, 0.004525, 3.54024, 0.608526, 0.0
4190.0, 0.597131, 2.244132, 0.004068, 3.54024, 0.608526, 0.0
4190.0, 0.597131, 2.244132, 0.004068, 3.54024, 0.608526, 0.0
4206.0, 0.613568, 2.252166, 0.003656, 3.54024, 0.608526, 0.0
4223.0, 0.630201, 2.260124, 0.003336, 3.54024, 0.608526, 0.0
4223.0, 0.630201, 2.260124, 0.003336, 3.54024, 0.608526, 0.0
4240.0, 0.646924, 2.268049, 0.003135, 3.54024, 0.608526, 0.0
4240.0, 0.646924, 2.268049, 0.003135, 3.54024, 0.608526, 0.0
4257.0, 0.663644, 2.275979, 0.003065, 3.54024, 0.608526, 0.0
4273.0, 0.680277, 2.283944, 0.003122, 3.54024, 0.608526, 0.0
4273.0, 0.680277, 2.283944, 0.003122, 3.54024, 0.608526, 0.0
4291.0, 0.696756, 2.291971, 0.003292, 3.54024, 0.608526, 0.0
4291.0, 0.696756, 2.291971, 0.003292, 3.54024, 0.608526, 0.0
4307.0, 0.713024, 2.300083, 0.003558, 3.54024, 0.608526, 0.0
4323.0, 0.729035, 2.3083, 0.003899, 3.54024, 0.608526, 0.0
4324.0, 0.729035, 2.3083, 0.003899, 3.54024, 0.608526, 0.0
4340.0, 0.744751, 2.316636, 0.004294, 3.54024, 0.608526, 0.0
4340.0, 0.744751, 2.316636, 0.004294, 3.54024, 0.608526, 0.0
4357.0, 0.760139, 2.325105, 0.004725, 3.54024, 0.608526, 0.0
4373.0, 0.775221, 2.333743, 0.005177, 3.54024, 0.608526, 0.0
4373.0, 0.775221, 2.333743, 0.005177, 3.54024, 0.608526, 0.0
4391.0, 0.789885, 2.342511, 0.005634, 3.54024, 0.608526, 0.0
4391.0, 0.789885, 2.342511, 0.005634, 3.54024, 0.608526, 0.0
4406.0, 0.804251, 2.3514, 0.006046, 3.540439, 0.858579, 0.0
4423.0, 0.818423, 2.360367, 0.006367, 3.540439, 0.858579, 0.0
4423.0, 0.818423, 2.360367, 0.006367, 3.540439, 0.858579, 0.0
4440.0, 0.832507, 2.36937, 0.006569, 3.540439, 0.858579, 0.0
4440.0, 0.832507, 2.36937, 0.006569, 3.540439, 0.858579, 0.0
4456.0, 0.846595, 2.378372, 0.006642, 3.540439, 0.858579, 0.0
4474.0, 0.860769, 2.387338, 0.006588, 3.540439, 0.858579, 0.0
4474.0, 0.860769, 2.387338, 0.006588, 3.540439, 0.858579, 0.0
4491.0, 0.875096, 2.396242, 0.006421, 3.540439, 0.858579, 0.0
4491.0, 0.875096, 2.396242, 0.006421, 3.540439, 0.858579, 0.0
4507.0, 0.889635, 2.405061, 0.006158, 3.540439, 0.858579, 0.0
4524.0, 0.904431, 2.413774, 0.00582, 3.540439, 0.858579, 0.0
4524.0, 0.904431, 2.413774, 0.00582, 3.540439, 0.858579, 0.0
4541.0, 0.91952, 2.422363, 0.005427, 3.540439, 0.858579, 0.0
4541.0, 0.91952, 2.422363, 0.005427, 3.540439, 0.858579, 0.0
4557.0, 0.934935, 2.430816, 0.004998, 3.540439, 0.858579, 0.0
4573.0, 0.9507, 2.43912, 0.00455, 3.540439, 0.858579, 0.0
4573.0, 0.9507, 2.43912, 0.00455, 3.540439, 0.858579, 0.0
4591.0, 0.966835, 2.447266, 0.004094, 3.540439, 0.858579, 0.0
4591.0, 0.966835, 2.447266, 0.004094, 3.540439, 0.858579, 0.0
4607.0, 0.983267, 2.455287, 0.003682, 3.540439, 0.858579, 0.0
4624.0, 0.999891, 2.463228, 0.003361, 3.540439, 0.858579, 0.0
4624.0, 0.999891, 2.463228, 0.003361, 3.540439, 0.858579, 0.0
4640.0, 1.016604, 2.471133, 0.003158, 3.540439, 0.858579, 0.0
4640.0, 1.016604, 2.471133, 0.003158, 3.540439, 0.858579, 0.0
4656.0, 1.033313, 2.479042, 0.003085, 3.540638, 1.108581, 0.0
4674.0, 1.049936, 2.486987, 0.003137, 3.540638, 1.108581, 0.0
4674.0, 1.049936, 2.486987, 0.003137, 3.540638, 1.108581, 0.0
4691.0, 1.066407, 2.494999, 0.003303, 3.540638, 1.108581, 0.0
4691.0, 1.066407, 2.494999, 0.003303, 3.540638, 1.108581, 0.0
4707.0, 1.082668, 2.503099, 0.003564, 3.540638, 1.108581, 0.0
4724.0, 1.098675, 2.511309, 0.0039, 3.540638, 1.108581, 0.0
4724.0, 1.098675, 2.511309, 0.0039, 3.540638, 1.108581, 0.0
4740.0, 1.114389, 2.519644, 0.004291, 3.540638, 1.108581, 0.0
4740.0, 1.114389, 2.519644, 0.004291, 3.540638, 1.108581, 0.0
4757.0, 1.129779, 2.52812, 0.004719, 3.540638, 1.108581, 0.0
4774.0, 1.144821, 2.536746, 0.005166, 3.540638, 1.108581, 0.0
4774.0, 1.144821, 2.536746, 0.005166, 3.540638, 1.108581, 0.0
4792.0, 1.159495, 2.545535, 0.005621, 3.540638, 1.108581, 0.0
4792.0, 1.159495, 2.545535, 0.005621, 3.540638, 1.108581, 0.0
4807.0, 1.173875, 2.554451, 0.006032, 3.540638, 1.108581, 0.0
4824.0, 1.188065, 2.563449, 0.006353, 3.540638, 1.108581, 0.0
4824.0, 1.188065, 2.563449, 0.006353, 3.540638, 1.108581, 0.0
4840.0, 1.202166, 2.572486, 0.006557, 3.540638, 1.108581, 0.0
4840.0, 1.202166, 2.572486, 0.006557, 3.540638, 1.108581, 0.0
4857.0, 1.216271, 2.581519, 0.006632, 3.540638, 1.108581, 0.0
4873.0, 1.23046, 2.590515, 0.006583, 3.540638, 1.108581, 0.0
4873.0, 1.23046, 2.590515, 0.006583, 3.540638, 1.108581, 0.0
4890.0, 1.2448, 2.599444, 0.006421, 3.540638, 1.108581, 0.0
4890.0, 1.2448, 2.599444, 0.006421, 3.540638, 1.108581, 0.0
4906.0, 1.259347, 2.608281, 0.006163, 3.540838, 1.358583, 0.0
4923.0, 1.274146, 2.617005, 0.005831, 3.540838, 1.358583, 0.0
4923.0, 1.274146, 2.617005, 0.005831, 3.540838, 1.358583, 0.0
4940.0, 1.289236, 2.625598, 0.005443, 3.540838, 1.358583, 0.0
4940.0, 1.289236, 2.625598, 0.005443, 3.540838, 1.358583, 0.0
4956.0, 1.304647, 2.634047, 0.005018, 3.540838, 1.358583, 0.0
4973.0, 1.320404, 2.642339, 0.004571, 3.540838, 1.358583, 0.0
4973.0, 1.320404, 2.642339, 0.004571, 3.540838, 1.358583, 0.0
4991.0, 1.336529, 2.650465, 0.004116, 3.540838, 1.358583, 0.0
4991.0, 1.336529, 2.650465, 0.004116, 3.540838, 1.358583, 0.0
5006.0, 1.35304, 2.658416, 0.003662, 3.540838, 1.358583, 0.0
5023.0, 1.36995, 2.666185, 0.003219, 3.540838, 1.358583, 0.0
5023.0, 1.36995, 2.666185, 0.003219, 3.540838, 1.358583, 0.0
5039.0, 1.387269, 2.673765, 0.002792, 3.540838, 1.358583, 0.0
5039.0, 1.387269, 2.673765, 0.002792, 3.540838, 1.358583, 0.0
5056.0, 1.405004, 2.681152, 0.002385, 3.540838, 1.358583, 0.0
5073.0, 1.423164, 2.688339, 0.002, 3.540838, 1.358583, 0.0
5073.0, 1.423164, 2.688339, 0.002, 3.540838, 1.358583, 0.0
5091.0, 1.441753, 2.695325, 0.001638, 3.540838, 1.358583, 0.0
5091.0, 1.441753, 2.695325, 0.001638, 3.540838, 1.358583, 0.0
5106.0, 1.460681, 2.702148, 0.00134, 3.540838, 1.358583, 0.0
5123.0, 1.479838, 2.70886, 0.001141, 3.540838, 1.358583, 0.0
5123.0, 1.479838, 2.70886, 0.001141, 3.540838, 1.358583, 0.0
5139.0, 1.499114, 2.715513, 0.001062, 3.540838, 1.358583, 0.0
5139.0, 1.499114, 2.715513, 0.001062, 3.540838, 1.358583, 0.0
5156.0, 1.51841, 2.722151, 0.001108, 3.541037, 1.608585, 0.0
5173.0, 1.53764, 2.728813, 0.001273, 3.541037, 1.608585, 0.0
5173.0, 1.53764, 2.728813, 0.001273, 3.541037, 1.608585, 0.0
5191.0, 1.556734, 2.735531, 0.001541, 3.541037, 1.608585, 0.0
5191.0, 1.556734, 2.735531, 0.001541, 3.541037, 1.608585, 0.0
5206.0, 1.575632, 2.742332, 0.001893, 3.541037, 1.608585, 0.0
5223.0, 1.594286, 2.749237, 0.002309, 3.541037, 1.608585, 0.0
5223.0, 1.594286, 2.749237, 0.002309, 3.541037, 1.608585, 0.0
5240.0, 1.612655, 2.756265, 0.002768, 3.541037, 1.608585, 0.0
5240.0, 1.612655, 2.756265, 0.002768, 3.541037, 1.608585, 0.0
5256.0, 1.630708, 2.763432, 0.003252, 3.541037, 1.608585, 0.0
5274.0, 1.648419, 2.770751, 0.003747, 3.541037, 1.608585, 0.0
5274.0, 1.648419, 2.770751, 0.003747, 3.541037, 1.608585, 0.0
5293.0, 1.665778, 2.778238, 0.00424, 3.541037, 1.608585, 0.0
5293.0, 1.665778, 2.778238, 0.00424, 3.541037, 1.608585, 0.0
5308.0, 1.683323, 2.786154, 0.004742, 3.541037, 1.608585, 0.0
5323.0, 1.699882, 2.793992, 0.005207, 3.541037, 1.608585, 0.0
5323.0, 1.699882, 2.793992, 0.005207, 3.541037, 1.608585, 0.0
5341.0, 1.716068, 2.802037, 0.005652, 3.541037, 1.608585, 0.0
5341.0, 1.716068, 2.802037, 0.005652, 3.541037, 1.608585, 0.0
5357.0, 1.731805, 2.810259, 0.006069, 3.541037, 1.608585, 0.0
5374.0, 1.74712, 2.818678, 0.006461, 3.541037, 1.608585, 0.0
5374.0, 1.74712, 2.818678, 0.006461, 3.541037, 1.608585, 0.0
5391.0, 1.762008, 2.827298, 0.006827, 3.541037, 1.608585, 0.0
5391.0, 1.762008, 2.827298, 0.006827, 3.541037, 1.608585, 0.0
5408.0, 1.776411, 2.836087, 0.007192, 3.541236, 1.859212, 0.0
5423.0, 1.790367, 2.845072, 0.007531, 3.541236, 1.859212, 0.0
5423.0, 1.790367, 2.845072, 0.007531, 3.541236, 1.859212, 0.0
5441.0, 1.80389, 2.854267, 0.007841, 3.541236, 1.859212, 0.0
5441.0, 1.80389, 2.854267, 0.007841, 3.541236, 1.859212, 0.0
5456.0, 1.816983, 2.863678, 0.008124, 3.541236, 1.859212, 0.0
5474.0, 1.829648, 2.873308, 0.008386, 3.541236, 1.859212, 0.0
5474.0, 1.829648, 2.873308, 0.008386, 3.541236, 1.859212, 0.0
5491.0, 1.841882, 2.883157, 0.008631, 3.541236, 1.859212, 0.0
5491.0, 1.841882, 2.883157, 0.008631, 3.541236, 1.859212, 0.0
5508.0, 1.853816, 2.893222, 0.008806, 3.541236, 1.859212, 0.0
5525.0, 1.865528, 2.903417, 0.008898, 3.541236, 1.859212, 0.0
5525.0, 1.865528, 2.903417, 0.008898, 3.541236, 1.859212, 0.0
5541.0, 1.877111, 2.913675, 0.008892, 3.541236, 1.859212, 0.0
5541.0, 1.877111, 2.913675, 0.008892, 3.541236, 1.859212, 0.0
5556.0, 1.888658, 2.923942, 0.008783, 3.541236, 1.859212, 0.0
5575.0, 1.90025, 2.934174, 0.008575, 3.541236, 1.859212, 0.0
5575.0, 1.90025, 2.934174, 0.008575, 3.541236, 1.859212, 0.0
5591.0, 1.911958, 2.944334, 0.008278, 3.541236, 1.859212, 0.0
5591.0, 1.911958, 2.944334, 0.008278, 3.541236, 1.859212, 0.0
5606.0, 1.923842, 2.954394, 0.007909, 3.541236, 1.859212, 0.0
5624.0, 1.935949, 2.964328, 0.007484, 3.541236, 1.859212, 0.0
5624.0, 1.935949, 2.964328, 0.007484, 3.541236, 1.859212, 0.0
5641.0, 1.948319, 2.974114, 0.00702, 3.541236, 1.859212, 0.0
5641.0, 1.948319, 2.974114, 0.00702, 3.541236, 1.859212, 0.0
5657.0, 1.960986, 2.983736, 0.006533, 3.541435, 2.109215, 0.0
5674.0, 1.973976, 2.993179, 0.006036, 3.541435, 2.109215, 0.0
5674.0, 1.973976, 2.993179, 0.006036, 3.541435, 2.109215, 0.0
5692.0, 1.987312, 3.002433, 0.005538, 3.541435, 2.109215, 0.0
5692.0, 1.987312, 3.002433, 0.005538, 3.541435, 2.109215, 0.0
5707.0, 2.001011, 3.011486, 0.00505, 3.541435, 2.109215, 0.0
5724.0, 2.015087, 3.020331, 0.004577, 3.541435, 2.109215, 0.0
5724.0, 2.015087, 3.020331, 0.004577, 3.541435, 2.109215, 0.0
5741.0, 2.029554, 3.028961, 0.004122, 3.541435, 2.109215, 0.0
5741.0, 2.029554, 3.028961, 0.004122, 3.541435, 2.109215, 0.0
5757.0, 2.04442, 3.037371, 0.003689, 3.541435, 2.109215, 0.0
5774.0, 2.059693, 3.045556, 0.003278, 3.541435, 2.109215, 0.0
5774.0, 2.059693, 3.045556, 0.003278, 3.541435, 2.109215, 0.0
5791.0, 2.07538, 3.053512, 0.00289, 3.541435, 2.109215, 0.0
5791.0, 2.07538, 3.053512, 0.00289, 3.541435, 2.109215, 0.0
5808.0, 2.091489, 3.061238, 0.002522, 3.541435, 2.109215, 0.0
5824.0, 2.108022, 3.068731, 0.002175, 3.541435, 2.109215, 0.0
5824.0, 2.108022, 3.068731, 0.002175, 3.541435, 2.109215, 0.0
5843.0, 2.124982, 3.07599, 0.001846, 3.541435, 2.109215, 0.0
5843.0, 2.124982, 3.07599, 0.001846, 3.541435, 2.109215, 0.0
5858.0, 2.142372, 3.083013, 0.001535, 3.541435, 2.109215, 0.0
5874.0, 2.160193, 3.089798, 0.001239, 3.541435, 2.109215, 0.0
5874.0, 2.160193, 3.089798, 0.001239, 3.541435, 2.109215, 0.0
5892.0, 2.178448, 3.096346, 0.000956, 3.541435, 2.109215, 0.0
5892.0, 2.178448, 3.096346, 0.000956, 3.541435, 2.109215, 0.0
5907.0, 2.197057, 3.102706, 0.000727, 3.541634, 2.359217, 0.0
5924.0, 2.215885, 3.10893, 0.000585, 3.541634, 2.359217, 0.0
5924.0, 2.215885, 3.10893, 0.000585, 3.541634, 2.359217, 0.0
5941.0, 2.234837, 3.115079, 0.000552, 3.541634, 2.359217, 0.0
5941.0, 2.234837, 3.115079, 0.000552, 3.541634, 2.359217, 0.0
5957.0, 2.253812, 3.121204, 0.000633, 3.541634, 2.359217, 0.0
5974.0, 2.272726, 3.127348, 0.000824, 3.541634, 2.359217, 0.0
5974.0, 2.272726, 3.127348, 0.000824, 3.541634, 2.359217, 0.0
5992.0, 2.291509, 3.133547, 0.00111, 3.541634, 2.359217, 0.0
5992.0, 2.291509, 3.133547, 0.00111, 3.541634, 2.359217, 0.0
6007.0, 2.310292, 3.139897, 0.001478, 3.541634, 2.359217, 0.0
6025.0, 2.328644, 3.146292, 0.001901, 3.541634, 2.359217, 0.0
6025.0, 2.328644, 3.146292, 0.001901, 3.541634, 2.359217, 0.0
6041.0, 2.346716, 3.152819, 0.002364, 3.541634, 2.359217, 0.0
6041.0, 2.346716, 3.152819, 0.002364, 3.541634, 2.359217, 0.0
6058.0, 2.364479, 3.159493, 0.00285, 3.541634, 2.359217, 0.0
6075.0, 2.381905, 3.166329, 0.003346, 3.541634, 2.359217, 0.0
6075.0, 2.381905, 3.166329, 0.003346, 3.541634, 2.359217, 0.0
6093.0, 2.398974, 3.173339, 0.003839, 3.541634, 2.359217, 0.0
6093.0, 2.398974, 3.173339, 0.003839, 3.541634, 2.359217, 0.0
6108.0, 2.41565, 3.180525, 0.004328, 3.541634, 2.359217, 0.0
6125.0, 2.431934, 3.1879, 0.0048, 3.541634, 2.359217, 0.0
6125.0, 2.431934, 3.1879, 0.0048, 3.541634, 2.359217, 0.0
6142.0, 2.447821, 3.195475, 0.005247, 3.541634, 2.359217, 0.0
6142.0, 2.447821, 3.195475, 0.005247, 3.541634, 2.359217, 0.0
6157.0, 2.463305, 3.203256, 0.005667, 3.541834, 2.609403, 0.0
6174.0, 2.478379, 3.211249, 0.006061, 3.541834, 2.609403, 0.0
6174.0, 2.478379, 3.211249, 0.006061, 3.541834, 2.609403, 0.0
6192.0, 2.493037, 3.219458, 0.00643, 3.541834, 2.609403, 0.0
6192.0, 2.493037, 3.219458, 0.00643, 3.541834, 2.609403, 0.0
6207.0, 2.507381, 3.227848, 0.00673, 3.541834, 2.609403, 0.0
6225.0, 2.521505, 3.236356, 0.006933, 3.541834, 2.609403, 0.0
6225.0, 2.521505, 3.236356, 0.006933, 3.541834, 2.609403, 0.0
6241.0, 2.535511, 3.244925, 0.007021, 3.541834, 2.609403, 0.0
6241.0, 2.535511, 3.244925, 0.007021, 3.541834, 2.609403, 0.0
6258.0, 2.549493, 3.253503, 0.006989, 3.541834, 2.609403, 0.0
6275.0, 2.563534, 3.262047, 0.006841, 3.541834, 2.609403, 0.0
6275.0, 2.563534, 3.262047, 0.006841, 3.541834, 2.609403, 0.0
6293.0, 2.577701, 3.270522, 0.006591, 3.541834, 2.609403, 0.0
6293.0, 2.577701, 3.270522, 0.006591, 3.541834, 2.609403, 0.0
6308.0, 2.592052, 3.278897, 0.006258, 3.541834, 2.609403, 0.0
6325.0, 2.606635, 3.287147, 0.005859, 3.541834, 2.609403, 0.0
6325.0, 2.606635, 3.287147, 0.005859, 3.541834, 2.609403, 0.0
6344.0, 2.621486, 3.295249, 0.005414, 3.541834, 2.609403, 0.0
6344.0, 2.621486, 3.295249, 0.005414, 3.541834, 2.609403, 0.0
6360.0, 2.636875, 3.30331, 0.004934, 3.541834, 2.609403, 0.0
6360.0, 2.636875, 3.30331, 0.004934, 3.541834, 2.609403, 0.0
6374.0, 2.652358, 3.311066, 0.004442, 3.541834, 2.609403, 0.0
6392.0, 2.668192, 3.31863, 0.003948, 3.541834, 2.609403, 0.0
6392.0, 2.668192, 3.31863, 0.003948, 3.541834, 2.609403, 0.0
6408.0, 2.684367, 3.32598, 0.003472, 3.542033, 2.859667, 0.0
6408.0, 2.684367, 3.32598, 0.003472, 3.542033, 2.859667, 0.0
6424.0, 2.700915, 3.333117, 0.003008, 3.542033, 2.859667, 0.0
6441.0, 2.717853, 3.340039, 0.00256, 3.542033, 2.859667, 0.0
6441.0, 2.717853, 3.340039, 0.00256, 3.542033, 2.859667, 0.0
6458.0, 2.735193, 3.346739, 0.002129, 3.542033, 2.859667, 0.0
6458.0, 2.735193, 3.346739, 0.002129, 3.542033, 2.859667, 0.0
6474.0, 2.752944, 3.353214, 0.001718, 3.542033, 2.859667, 0.0
6493.0, 2.771112, 3.35946, 0.001329, 3.542033, 2.859667, 0.0
6493.0, 2.771112, 3.35946, 0.001329, 3.542033, 2.859667, 0.0
6508.0, 2.78964, 3.365531, 0.000988, 3.542033, 2.859667, 0.0
6508.0, 2.78964, 3.365531, 0.000988, 3.542033, 2.859667, 0.0
6524.0, 2.808442, 3.371493, 0.000748, 3.542033, 2.859667, 0.0
