2.0, 0.0, 0.0, 0.002231, 0.765547, -1.847685, 0.0
2.0, 0.0, 0.0, 0.002231, 0.765547, -1.847685, 0.0
15.0, -0.000051, -0.000257, -0.004076, 0.765547, -1.847685, 0.0
15.0, -0.000051, -0.000257, -0.004076, 0.765547, -1.847685, 0.0
31.0, -0.000001, -0.000387, -0.009542, 0.765547, -1.847685, 0.0
49.0, 0.000248, -0.000324, -0.012361, 0.765547, -1.847685, 0.0
49.0, 0.000248, -0.000324, -0.012361, 0.765547, -1.847685, 0.0
65.0, 0.000669, -0.000134, -0.013587, 0.765547, -1.847685, 0.0
65.0, 0.000669, -0.000134, -0.013587, 0.765547, -1.847685, 0.0
81.0, 0.001192, 0.000082, -0.01362, 0.765547, -1.847685, 0.0
99.0, 0.00173, 0.000225, -0.012789, 0.765547, -1.847685, 0.0
99.0, 0.00173, 0.000225, -0.012789, 0.765547, -1.847685, 0.0
114.0, 0.002204, 0.000199, -0.011367, 0.765547, -1.847685, 0.0
114.0, 0.002204, 0.000199, -0.011367, 0.765547, -1.847685, 0.0
131.0, 0.002399, -0.000011, -0.011051, 0.765547, -1.847685, 0.0
149.0, 0.002431, -0.000283, -0.01089, 0.765547, -1.847685, 0.0
149.0, 0.002431, -0.000283, -0.01089, 0.765547, -1.847685, 0.0
164.0, 0.002242, -0.00049, -0.00978, 0.765785, -1.547682, 0.0
164.0, 0.002242, -0.00049, -0.00978, 0.765785, -1.547682, 0.0
181.0, 0.001729, -0.000628, -0.007858, 0.765785, -1.547682, 0.0
197.0, 0.000866, -0.000595, -0.005647, 0.765785, -1.547682, 0.0
197.0, 0.000866, -0.000595, -0.005647, 0.765785, -1.547682, 0.0
214.0, 0.000061, -0.000683, -0.005497, 0.765785, -1.547682, 0.0
214.0, 0.000061, -0.000683, -0.005497, 0.765785, -1.547682, 0.0
231.0, -0.001336, -0.000075, -0.004368, 0.765785, -1.547682, 0.0
249.0, -0.003213, 0.00078, -0.003098, 0.765785, -1.547682, 0.0
249.0, -0.003213, 0.00078, -0.003098, 0.765785, -1.547682, 0.0
265.0, -0.005415, 0.001823, -0.001894, 0.765785, -1.547682, 0.0
265.0, -0.005415, 0.001823, -0.001894, 0.765785, -1.547682, 0.0
281.0, -0.00785, 0.002963, -0.000804, 0.765785, -1.547682, 0.0
299.0, -0.010415, 0.004135, 0.000132, 0.765785, -1.547682, 0.0
299.0, -0.010415, 0.004135, 0.000132, 0.765785, -1.547682, 0.0
315.0, -0.013011, 0.005289, 0.000887, 0.765785, -1.547682, 0.0
315.0, -0.013011, 0.005289, 0.000887, 0.765785, -1.547682, 0.0
331.0, -0.015553, 0.006386, 0.001457, 0.765785, -1.547682, 0.0
349.0, -0.017966, 0.007396, 0.00185, 0.765785, -1.547682, 0.0
349.0, -0.017966, 0.007396, 0.00185, 0.765785, -1.547682, 0.0
364.0, -0.020188, 0.008294, 0.002084, 0.765785, -1.547682, 0.0
364.0, -0.020188, 0.008294, 0.002084, 0.765785, -1.547682, 0.0
381.0, -0.02217, 0.00906, 0.002183, 0.765785, -1.547682, 0.0
398.0, -0.02387, 0.009678, 0.002175, 0.765785, -1.547682, 0.0
398.0, -0.02387, 0.009678, 0.002175, 0.765785, -1.547682, 0.0
415.0, -0.025254, 0.010138, 0.002085, 0.766184, -1.047678, 0.0
415.0, -0.025254, 0.010138, 0.002085, 0.766184, -1.047678, 0.0
431.0, -0.026294, 0.010433, 0.001938, 0.766184, -1.047678, 0.0
449.0, -0.026966, 0.010566, 0.001758, 0.766184, -1.047678, 0.0
449.0, -0.026966, 0.010566, 0.001758, 0.766184, -1.047678, 0.0
465.0, -0.027264, 0.010565, 0.001555, 0.766184, -1.047678, 0.0
465.0, -0.027264, 0.010565, 0.001555, 0.766184, -1.047678, 0.0
481.0, -0.027245, 0.010485, 0.001332, 0.766184, -1.047678, 0.0
498.0, -0.027055, 0.010329, 0.00101, 0.766184, -1.047678, 0.0
498.0, -0.027055, 0.010329, 0.00101, 0.766184, -1.047678, 0.0
515.0, -0.026642, 0.009972, 0.000713, 0.766184, -1.047678, 0.0
515.0, -0.026642, 0.009972, 0.000713, 0.766184, -1.047678, 0.0
531.0, -0.025874, 0.009336, 0.000245, 0.766184, -1.047678, 0.0
549.0, -0.024666, 0.008416, -0.000352, 0.766184, -1.047678, 0.0
549.0, -0.024666, 0.008416, -0.000352, 0.766184, -1.047678, 0.0
565.0, -0.022978, 0.007218, -0.001048, 0.766184, -1.047678, 0.0
565.0, -0.022978, 0.007218, -0.001048, 0.766184, -1.047678, 0.0
581.0, -0.020793, 0.005757, -0.001799, 0.766184, -1.047678, 0.0
598.0, -0.018108, 0.004046, -0.002568, 0.766184, -1.047678, 0.0
598.0, -0.018108, 0.004046, -0.002568, 0.766184, -1.047678, 0.0
615.0, -0.014922, 0.002093, -0.003322, 0.766184, -1.047678, 0.0
615.0, -0.014922, 0.002093, -0.003322, 0.766184, -1.047678, 0.0
632.0, -0.011242, -0.000093, -0.004038, 0.766184, -1.047678, 0.0
650.0, -0.007072, -0.002508, -0.004701, 0.766184, -1.047678, 0.0
650.0, -0.007072, -0.002508, -0.004701, 0.766184, -1.047678, 0.0
664.0, -0.002419, -0.005146, -0.005301, 0.766582, -0.547674, 0.0
664.0, -0.002419, -0.005146, -0.005301, 0.766582, -0.547674, 0.0
680.0, 0.002713, -0.008006, -0.005836, 0.766582, -0.547674, 0.0
697.0, 0.008319, -0.011084, -0.006307, 0.766582, -0.547674, 0.0
697.0, 0.008319, -0.011084, -0.006307, 0.766582, -0.547674, 0.0
714.0, 0.014396, -0.01438, -0.006717, 0.766582, -0.547674, 0.0
714.0, 0.014396, -0.01438, -0.006717, 0.766582, -0.547674, 0.0
731.0, 0.02094, -0.017892, -0.007071, 0.766582, -0.547674, 0.0
749.0, 0.027949, -0.02162, -0.007376, 0.766582, -0.547674, 0.0
749.0, 0.027949, -0.02162, -0.007376, 0.766582, -0.547674, 0.0
765.0, 0.035422, -0.025565, -0.007639, 0.766582, -0.547674, 0.0
765.0, 0.035422, -0.025565, -0.007639, 0.766582, -0.547674, 0.0
781.0, 0.043357, -0.029723, -0.007867, 0.766582, -0.547674, 0.0
798.0, 0.05175, -0.034094, -0.008066, 0.766582, -0.547674, 0.0
798.0, 0.05175, -0.034094, -0.008066, 0.766582, -0.547674, 0.0
815.0, 0.060601, -0.038676, -0.00824, 0.766582, -0.547674, 0.0
815.0, 0.060601, -0.038676, -0.00824, 0.766582, -0.547674, 0.0
831.0, 0.069909, -0.043469, -0.008397, 0.766582, -0.547674, 0.0
849.0, 0.079672, -0.048471, -0.00854, 0.766582, -0.547674, 0.0
849.0, 0.079672, -0.048471, -0.00854, 0.766582, -0.547674, 0.0
865.0, 0.089887, -0.05368, -0.008671, 0.766582, -0.547674, 0.0
865.0, 0.089887, -0.05368, -0.008671, 0.766582, -0.547674, 0.0
881.0, 0.100557, -0.059095, -0.008796, 0.766582, -0.547674, 0.0
897.0, 0.111683, -0.064715, -0.008918, 0.766582, -0.547674, 0.0
897.0, 0.111683, -0.064715, -0.008918, 0.766582, -0.547674, 0.0
914.0, 0.123266, -0.07054, -0.009038, 0.76698, -0.04767, 0.0
914.0, 0.123266, -0.07054, -0.009038, 0.76698, -0.04767, 0.0
930.0, 0.135305, -0.076569, -0.009158, 0.76698, -0.04767, 0.0
949.0, 0.147803, -0.0828, -0.009279, 0.76698, -0.04767, 0.0
949.0, 0.147803, -0.0828, -0.009279, 0.76698, -0.04767, 0.0
964.0, 0.160764, -0.089235, -0.009402, 0.76698, -0.04767, 0.0
964.0, 0.160764, -0.089235, -0.009402, 0.76698, -0.04767, 0.0
981.0, 0.174186, -0.09587, -0.009526, 0.76698, -0.04767, 0.0
998.0, 0.188067, -0.102703, -0.009651, 0.76698, -0.04767, 0.0
998.0, 0.188067, -0.102703, -0.009651, 0.76698, -0.04767, 0.0
1014.0, 0.202408, -0.109732, -0.009775, 0.76698, -0.04767, 0.0
1014.0, 0.202408, -0.109732, -0.009775, 0.76698, -0.04767, 0.0
1031.0, 0.217208, -0.116955, -0.009901, 0.76698, -0.04767, 0.0
1049.0, 0.232469, -0.124372, -0.010027, 0.76698, -0.04767, 0.0
1049.0, 0.232469, -0.124372, -0.010027, 0.76698, -0.04767, 0.0
1065.0, 0.248191, -0.131981, -0.010153, 0.76698, -0.04767, 0.0
1065.0, 0.248191, -0.131981, -0.010153, 0.76698, -0.04767, 0.0
1081.0, 0.264374, -0.139781, -0.01028, 0.76698, -0.04767, 0.0
1098.0, 0.28102, -0.147769, -0.010407, 0.76698, -0.04767, 0.0
1098.0, 0.28102, -0.147769, -0.010407, 0.76698, -0.04767, 0.0
1113.0, 0.29813, -0.155944, -0.010534, 0.76698, -0.04767, 0.0
1113.0, 0.29813, -0.155944, -0.010534, 0.76698, -0.04767, 0.0
1130.0, 0.315703, -0.164306, -0.010662, 0.76698, -0.04767, 0.0
1148.0, 0.33374, -0.172852, -0.010789, 0.76698, -0.04767, 0.0
1148.0, 0.33374, -0.172852, -0.010789, 0.76698, -0.04767, 0.0
1164.0, 0.352234, -0.181578, -0.010913, 0.767378, 0.452334, 0.0
1164.0, 0.352234, -0.181578, -0.010913, 0.767378, 0.452334, 0.0
1180.0, 0.371192, -0.190486, -0.011038, 0.767378, 0.452334, 0.0
1197.0, 0.390616, -0.199573, -0.011163, 0.767378, 0.452334, 0.0
1197.0, 0.390616, -0.199573, -0.011163, 0.767378, 0.452334, 0.0
1215.0, 0.410508, -0.208839, -0.011289, 0.767378, 0.452334, 0.0
1215.0, 0.410508, -0.208839, -0.011289, 0.767378, 0.452334, 0.0
1230.0, 0.430868, -0.218282, -0.011415, 0.767378, 0.452334, 0.0
1249.0, 0.451697, -0.227903, -0.011541, 0.767378, 0.452334, 0.0
1249.0, 0.451697, -0.227903, -0.011541, 0.767378, 0.452334, 0.0
1265.0, 0.473003, -0.237703, -0.01167, 0.767378, 0.452334, 0.0
1265.0, 0.473003, -0.237703, -0.01167, 0.767378, 0.452334, 0.0
1280.0, 0.494781, -0.247677, -0.011797, 0.767378, 0.452334, 0.0
1298.0, 0.51703, -0.257822, -0.011923, 0.767378, 0.452334, 0.0
1298.0, 0.51703, -0.257822, -0.011923, 0.767378, 0.452334, 0.0
1314.0, 0.539748, -0.268138, -0.012045, 0.767378, 0.452334, 0.0
1314.0, 0.539748, -0.268138, -0.012045, 0.767378, 0.452334, 0.0
1330.0, 0.562936, -0.278621, -0.012166, 0.767378, 0.452334, 0.0
1349.0, 0.586594, -0.289272, -0.012284, 0.767378, 0.452334, 0.0
1349.0, 0.586594, -0.289272, -0.012284, 0.767378, 0.452334, 0.0
1365.0, 0.610713, -0.300085, -0.012398, 0.767378, 0.452334, 0.0
1365.0, 0.610713, -0.300085, -0.012398, 0.767378, 0.452334, 0.0
1380.0, 0.635301, -0.31106, -0.01251, 0.767378, 0.452334, 0.0
1397.0, 0.660361, -0.322198, -0.012624, 0.767378, 0.452334, 0.0
1397.0, 0.660361, -0.322198, -0.012624, 0.767378, 0.452334, 0.0
1415.0, 0.685895, -0.333499, -0.012738, 0.767776, 0.952338, 0.0
1415.0, 0.685895, -0.333499, -0.012738, 0.767776, 0.952338, 0.0
1430.0, 0.711903, -0.34496, -0.012852, 0.767776, 0.952338, 0.0
1448.0, 0.738385, -0.356581, -0.012967, 0.767776, 0.952338, 0.0
1448.0, 0.738385, -0.356581, -0.012967, 0.767776, 0.952338, 0.0
1464.0, 0.765353, -0.368365, -0.013085, 0.767776, 0.952338, 0.0
1464.0, 0.765353, -0.368365, -0.013085, 0.767776, 0.952338, 0.0
1480.0, 0.7928, -0.380307, -0.013202, 0.767776, 0.952338, 0.0
1498.0, 0.820723, -0.392404, -0.013317, 0.767776, 0.952338, 0.0
1498.0, 0.820723, -0.392404, -0.013317, 0.767776, 0.952338, 0.0
1515.0, 0.84912, -0.404654, -0.013429, 0.767776, 0.952338, 0.0
1515.0, 0.84912, -0.404654, -0.013429, 0.767776, 0.952338, 0.0
1531.0, 0.877993, -0.417056, -0.013538, 0.767776, 0.952338, 0.0
1548.0, 0.907341, -0.42961, -0.013646, 0.767776, 0.952338, 0.0
1548.0, 0.907341, -0.42961, -0.013646, 0.767776, 0.952338, 0.0
1564.0, 0.937164, -0.442314, -0.013752, 0.767776, 0.952338, 0.0
1564.0, 0.937164, -0.442314, -0.013752, 0.767776, 0.952338, 0.0
1580.0, 0.967464, -0.455167, -0.013856, 0.767776, 0.952338, 0.0
1597.0, 0.998241, -0.468167, -0.01396, 0.767776, 0.952338, 0.0
1597.0, 0.998241, -0.468167, -0.01396, 0.767776, 0.952338, 0.0
1614.0, 1.029494, -0.481314, -0.014063, 0.767776, 0.952338, 0.0
1614.0, 1.029494, -0.481314, -0.014063, 0.767776, 0.952338, 0.0
1631.0, 1.061225, -0.494606, -0.014166, 0.767776, 0.952338, 0.0
1648.0, 1.093434, -0.508044, -0.014268, 0.767776, 0.952338, 0.0
1648.0, 1.093434, -0.508044, -0.014268, 0.767776, 0.952338, 0.0
1664.0, 1.126109, -0.52162, -0.014365, 0.768174, 1.452342, 0.0
1664.0, 1.126109, -0.52162, -0.014365, 0.768174, 1.452342, 0.0
1680.0, 1.159258, -0.535337, -0.014462, 0.768174, 1.452342, 0.0
1698.0, 1.192886, -0.549197, -0.01456, 0.768174, 1.452342, 0.0
1698.0, 1.192886, -0.549197, -0.01456, 0.768174, 1.452342, 0.0
1715.0, 1.226996, -0.563198, -0.014661, 0.768174, 1.452342, 0.0
1715.0, 1.226996, -0.563198, -0.014661, 0.768174, 1.452342, 0.0
1730.0, 1.261587, -0.577341, -0.014762, 0.768174, 1.452342, 0.0
1749.0, 1.296659, -0.591623, -0.014864, 0.768174, 1.452342, 0.0
1749.0, 1.296659, -0.591623, -0.014864, 0.768174, 1.452342, 0.0
1765.0, 1.332227, -0.606051, -0.014971, 0.768174, 1.452342, 0.0
1765.0, 1.332227, -0.606051, -0.014971, 0.768174, 1.452342, 0.0
1781.0, 1.368281, -0.62062, -0.015078, 0.768174, 1.452342, 0.0
1797.0, 1.404817, -0.635326, -0.015181, 0.768174, 1.452342, 0.0
1797.0, 1.404817, -0.635326, -0.015181, 0.768174, 1.452342, 0.0
1813.0, 1.441832, -0.650169, -0.015281, 0.768174, 1.452342, 0.0
1813.0, 1.441832, -0.650169, -0.015281, 0.768174, 1.452342, 0.0
1830.0, 1.479327, -0.665148, -0.015377, 0.768174, 1.452342, 0.0
1848.0, 1.517302, -0.680263, -0.015472, 0.768174, 1.452342, 0.0
1848.0, 1.517302, -0.680263, -0.015472, 0.768174, 1.452342, 0.0
1863.0, 1.555742, -0.695508, -0.01556, 0.768174, 1.452342, 0.0
1863.0, 1.555742, -0.695508, -0.01556, 0.768174, 1.452342, 0.0
1880.0, 1.594658, -0.710886, -0.015647, 0.768174, 1.452342, 0.0
1898.0, 1.634054, -0.726401, -0.015736, 0.768174, 1.452342, 0.0
1898.0, 1.634054, -0.726401, -0.015736, 0.768174, 1.452342, 0.0
1914.0, 1.673932, -0.742051, -0.015828, 0.768573, 1.952346, 0.0
1914.0, 1.673932, -0.742051, -0.015828, 0.768573, 1.952346, 0.0
1930.0, 1.714293, -0.757838, -0.015921, 0.768573, 1.952346, 0.0
1948.0, 1.755136, -0.773761, -0.016016, 0.768573, 1.952346, 0.0
1948.0, 1.755136, -0.773761, -0.016016, 0.768573, 1.952346, 0.0
1965.0, 1.796478, -0.789826, -0.016117, 0.768573, 1.952346, 0.0
1965.0, 1.796478, -0.789826, -0.016117, 0.768573, 1.952346, 0.0
1980.0, 1.838307, -0.806029, -0.016218, 0.768573, 1.952346, 0.0
1997.0, 1.880618, -0.822369, -0.016316, 0.768573, 1.952346, 0.0
1997.0, 1.880618, -0.822369, -0.016316, 0.768573, 1.952346, 0.0
2015.0, 1.92341, -0.838845, -0.016412, 0.768573, 1.952346, 0.0
2015.0, 1.92341, -0.838845, -0.016412, 0.768573, 1.952346, 0.0
2030.0, 1.96668, -0.855458, -0.016504, 0.768573, 1.952346, 0.0
2049.0, 2.010429, -0.872207, -0.016595, 0.768573, 1.952346, 0.0
2049.0, 2.010429, -0.872207, -0.016595, 0.768573, 1.952346, 0.0
2064.0, 2.05464, -0.889087, -0.016678, 0.768573, 1.952346, 0.0
2064.0, 2.05464, -0.889087, -0.016678, 0.768573, 1.952346, 0.0
2080.0, 2.099326, -0.906106, -0.016762, 0.768573, 1.952346, 0.0
2097.0, 2.14449, -0.923264, -0.016848, 0.768573, 1.952346, 0.0
2097.0, 2.14449, -0.923264, -0.016848, 0.768573, 1.952346, 0.0
2114.0, 2.190135, -0.940566, -0.016938, 0.768573, 1.952346, 0.0
2114.0, 2.190135, -0.940566, -0.016938, 0.768573, 1.952346, 0.0
2131.0, 2.236261, -0.95801, -0.01703, 0.768573, 1.952346, 0.0
2148.0, 2.282868, -0.975598, -0.017125, 0.768573, 1.952346, 0.0
2148.0, 2.282868, -0.975598, -0.017125, 0.768573, 1.952346, 0.0
2164.0, 2.329875, -0.993307, -0.017187, 0.768971, 2.45235, 0.0
2164.0, 2.329875, -0.993307, -0.017187, 0.768971, 2.45235, 0.0
2181.0, 2.377147, -1.011096, -0.017169, 0.768971, 2.45235, 0.0
2197.0, 2.424553, -1.028929, -0.017047, 0.768971, 2.45235, 0.0
2198.0, 2.424553, -1.028929, -0.017047, 0.768971, 2.45235, 0.0
2214.0, 2.471981, -1.046775, -0.016815, 0.768971, 2.45235, 0.0
2214.0, 2.471981, -1.046775, -0.016815, 0.768971, 2.45235, 0.0
2231.0, 2.519343, -1.064612, -0.016482, 0.768971, 2.45235, 0.0
2249.0, 2.566547, -1.082414, -0.016066, 0.768971, 2.45235, 0.0
2249.0, 2.566547, -1.082414, -0.016066, 0.768971, 2.45235, 0.0
2264.0, 2.613535, -1.100165, -0.015585, 0.768971, 2.45235, 0.0
2264.0, 2.613535, -1.100165, -0.015585, 0.768971, 2.45235, 0.0
2280.0, 2.660256, -1.117848, -0.015063, 0.768971, 2.45235, 0.0
2297.0, 2.706666, -1.135447, -0.014521, 0.768971, 2.45235, 0.0
2297.0, 2.706666, -1.135447, -0.014521, 0.768971, 2.45235, 0.0
2314.0, 2.752733, -1.152949, -0.013976, 0.768971, 2.45235, 0.0
2314.0, 2.752733, -1.152949, -0.013976, 0.768971, 2.45235, 0.0
2330.0, 2.798433, -1.170343, -0.013443, 0.768971, 2.45235, 0.0
2348.0, 2.843743, -1.187616, -0.012932, 0.768971, 2.45235, 0.0
2348.0, 2.843743, -1.187616, -0.012932, 0.768971, 2.45235, 0.0
2365.0, 2.888631, -1.204753, -0.012446, 0.768971, 2.45235, 0.0
2365.0, 2.888631, -1.204753, -0.012446, 0.768971, 2.45235, 0.0
2380.0, 2.933096, -1.22175, -0.011997, 0.768971, 2.45235, 0.0
2398.0, 2.977135, -1.238601, -0.011588, 0.768971, 2.45235, 0.0
2398.0, 2.977135, -1.238601, -0.011588, 0.768971, 2.45235, 0.0
2415.0, 3.02074, -1.255301, -0.011221, 0.769369, 2.952359, 0.0
2415.0, 3.02074, -1.255301, -0.011221, 0.769369, 2.952359, 0.0
2430.0, 3.063908, -1.271845, -0.010893, 0.769369, 2.952359, 0.0
2448.0, 3.106632, -1.288228, -0.010601, 0.769369, 2.952359, 0.0
2448.0, 3.106632, -1.288228, -0.010601, 0.769369, 2.952359, 0.0
2463.0, 3.148924, -1.304453, -0.010347, 0.769369, 2.952359, 0.0
2463.0, 3.148924, -1.304453, -0.010347, 0.769369, 2.952359, 0.0
2480.0, 3.19077, -1.320514, -0.01012, 0.769369, 2.952359, 0.0
2497.0, 3.23216, -1.336406, -0.009914, 0.769369, 2.952359, 0.0
2497.0, 3.23216, -1.336406, -0.009914, 0.769369, 2.952359, 0.0
2513.0, 3.273092, -1.352128, -0.009725, 0.769369, 2.952359, 0.0
2513.0, 3.273092, -1.352128, -0.009725, 0.769369, 2.952359, 0.0
2530.0, 3.313562, -1.36768, -0.009551, 0.769369, 2.952359, 0.0
2548.0, 3.353569, -1.383061, -0.009389, 0.769369, 2.952359, 0.0
2548.0, 3.353569, -1.383061, -0.009389, 0.769369, 2.952359, 0.0
2564.0, 3.393096, -1.398265, -0.009231, 0.769369, 2.952359, 0.0
2564.0, 3.393096, -1.398265, -0.009231, 0.769369, 2.952359, 0.0
2580.0, 3.432153, -1.4133, -0.009083, 0.769369, 2.952359, 0.0
2598.0, 3.470743, -1.428166, -0.008944, 0.769369, 2.952359, 0.0
2598.0, 3.470743, -1.428166, -0.008944, 0.769369, 2.952359, 0.0
2614.0, 3.508867, -1.442866, -0.008814, 0.769369, 2.952359, 0.0
2614.0, 3.508867, -1.442866, -0.008814, 0.769369, 2.952359, 0.0
2630.0, 3.546524, -1.4574, -0.00869, 0.769369, 2.952359, 0.0
2649.0, 3.583715, -1.47177, -0.008571, 0.769369, 2.952359, 0.0
2649.0, 3.583715, -1.47177, -0.008571, 0.769369, 2.952359, 0.0
2665.0, 3.620451, -1.485982, -0.008462, 0.769767, 3.452362, 0.0
2665.0, 3.620451, -1.485982, -0.008462, 0.769767, 3.452362, 0.0
2681.0, 3.656722, -1.500034, -0.008354, 0.769767, 3.452362, 0.0
2697.0, 3.692521, -1.513925, -0.008245, 0.769767, 3.452362, 0.0
2697.0, 3.692521, -1.513925, -0.008245, 0.769767, 3.452362, 0.0
2714.0, 3.727848, -1.527655, -0.008135, 0.769767, 3.452362, 0.0
2714.0, 3.727848, -1.527655, -0.008135, 0.769767, 3.452362, 0.0
2730.0, 3.762699, -1.541227, -0.008024, 0.769767, 3.452362, 0.0
2748.0, 3.797075, -1.55464, -0.007912, 0.769767, 3.452362, 0.0
2748.0, 3.797075, -1.55464, -0.007912, 0.769767, 3.452362, 0.0
2764.0, 3.831074, -1.567926, -0.007842, 0.769767, 3.452362, 0.0
2764.0, 3.831074, -1.567926, -0.007842, 0.769767, 3.452362, 0.0
2780.0, 3.864819, -1.581122, -0.007852, 0.769767, 3.452362, 0.0
2797.0, 3.898433, -1.594264, -0.007964, 0.769767, 3.452362, 0.0
2797.0, 3.898433, -1.594264, -0.007964, 0.769767, 3.452362, 0.0
2814.0, 3.932026, -1.607382, -0.008183, 0.769767, 3.452362, 0.0
2815.0, 3.932026, -1.607382, -0.008183, 0.769767, 3.452362, 0.0
2830.0, 3.965691, -1.620504, -0.008502, 0.769767, 3.452362, 0.0
2848.0, 3.999508, -1.633651, -0.008903, 0.769767, 3.452362, 0.0
2848.0, 3.999508, -1.633651, -0.008903, 0.769767, 3.452362, 0.0
2865.0, 4.033529, -1.646835, -0.009362, 0.769767, 3.452362, 0.0
2865.0, 4.033529, -1.646835, -0.009362, 0.769767, 3.452362, 0.0
2880.0, 4.067814, -1.660075, -0.009864, 0.769767, 3.452362, 0.0
2897.0, 4.102412, -1.673385, -0.010389, 0.769767, 3.452362, 0.0
2897.0, 4.102412, -1.673385, -0.010389, 0.769767, 3.452362, 0.0
2913.0, 4.137357, -1.686777, -0.010921, 0.770165, 3.952365, 0.0
2913.0, 4.137357, -1.686777, -0.010921, 0.770165, 3.952365, 0.0
2930.0, 4.172677, -1.700259, -0.011443, 0.770165, 3.952365, 0.0
2948.0, 4.208393, -1.713841, -0.011944, 0.770165, 3.952365, 0.0
2948.0, 4.208393, -1.713841, -0.011944, 0.770165, 3.952365, 0.0
2964.0, 4.244594, -1.727557, -0.012422, 0.770165, 3.952365, 0.0
2964.0, 4.244594, -1.727557, -0.012422, 0.770165, 3.952365, 0.0
2980.0, 4.281168, -1.741366, -0.012864, 0.770165, 3.952365, 0.0
2998.0, 4.31818, -1.755294, -0.013265, 0.770165, 3.952365, 0.0
2998.0, 4.31818, -1.755294, -0.013265, 0.770165, 3.952365, 0.0
3015.0, 4.355636, -1.769346, -0.013625, 0.770165, 3.952365, 0.0
3015.0, 4.355636, -1.769346, -0.013625, 0.770165, 3.952365, 0.0
3030.0, 4.39354, -1.783526, -0.013946, 0.770165, 3.952365, 0.0
3049.0, 4.431899, -1.797837, -0.01423, 0.770165, 3.952365, 0.0
3049.0, 4.431899, -1.797837, -0.01423, 0.770165, 3.952365, 0.0
3065.0, 4.470603, -1.812249, -0.014433, 0.770165, 3.952365, 0.0
3065.0, 4.470603, -1.812249, -0.014433, 0.770165, 3.952365, 0.0
3081.0, 4.509542, -1.826732, -0.014528, 0.770165, 3.952365, 0.0
3097.0, 4.548599, -1.841257, -0.0145, 0.770165, 3.952365, 0.0
3097.0, 4.548599, -1.841257, -0.0145, 0.770165, 3.952365, 0.0
3113.0, 4.587669, -1.855796, -0.014346, 0.770165, 3.952365, 0.0
3113.0, 4.587669, -1.855796, -0.014346, 0.770165, 3.952365, 0.0
3130.0, 4.626659, -1.870326, -0.014078, 0.770165, 3.952365, 0.0
3148.0, 4.665492, -1.884827, -0.013715, 0.770165, 3.952365, 0.0
3148.0, 4.665492, -1.884827, -0.013715, 0.770165, 3.952365, 0.0
3163.0, 4.704105, -1.899281, -0.013279, 0.770563, 4.452424, 0.0
3163.0, 4.704105, -1.899281, -0.013279, 0.770563, 4.452424, 0.0
3181.0, 4.742447, -1.913672, -0.012793, 0.770563, 4.452424, 0.0
3197.0, 4.780475, -1.927987, -0.012279, 0.770563, 4.452424, 0.0
3197.0, 4.780475, -1.927987, -0.012279, 0.770563, 4.452424, 0.0
3214.0, 4.818156, -1.942212, -0.011757, 0.770563, 4.452424, 0.0
3214.0, 4.818156, -1.942212, -0.011757, 0.770563, 4.452424, 0.0
3230.0, 4.855466, -1.956335, -0.011241, 0.770563, 4.452424, 0.0
3248.0, 4.892382, -1.970348, -0.010746, 0.770563, 4.452424, 0.0
3248.0, 4.892382, -1.970348, -0.010746, 0.770563, 4.452424, 0.0
3263.0, 4.928903, -1.984248, -0.010283, 0.770563, 4.452424, 0.0
3263.0, 4.928903, -1.984248, -0.010283, 0.770563, 4.452424, 0.0
3280.0, 4.965005, -1.998021, -0.009854, 0.770563, 4.452424, 0.0
3297.0, 5.000674, -2.011662, -0.009458, 0.770563, 4.452424, 0.0
3297.0, 5.000674, -2.011662, -0.009458, 0.770563, 4.452424, 0.0
3314.0, 5.0359, -2.025164, -0.009098, 0.770563, 4.452424, 0.0
3314.0, 5.0359, -2.025164, -0.009098, 0.770563, 4.452424, 0.0
3330.0, 5.070677, -2.038523, -0.008771, 0.770563, 4.452424, 0.0
3348.0, 5.105, -2.051736, -0.008478, 0.770563, 4.452424, 0.0
3348.0, 5.105, -2.051736, -0.008478, 0.770563, 4.452424, 0.0
3364.0, 5.138962, -2.064829, -0.008258, 0.770563, 4.452424, 0.0
3364.0, 5.138962, -2.064829, -0.008258, 0.770563, 4.452424, 0.0
3381.0, 5.172685, -2.077837, -0.008145, 0.770563, 4.452424, 0.0
3397.0, 5.20629, -2.090793, -0.008159, 0.770563, 4.452424, 0.0
3397.0, 5.20629, -2.090793, -0.008159, 0.770563, 4.452424, 0.0
3414.0, 5.239885, -2.103728, -0.0083, 0.770962, 4.952429, 0.0
3414.0, 5.239885, -2.103728, -0.0083, 0.770962, 4.952429, 0.0
3431.0, 5.273562, -2.116664, -0.008558, 0.770962, 4.952429, 0.0
3449.0, 5.307399, -2.129624, -0.008913, 0.770962, 4.952429, 0.0
3449.0, 5.307399, -2.129624, -0.008913, 0.770962, 4.952429, 0.0
3464.0, 5.341445, -2.14262, -0.009337, 0.770962, 4.952429, 0.0
3464.0, 5.341445, -2.14262, -0.009337, 0.770962, 4.952429, 0.0
3481.0, 5.375763, -2.155669, -0.009813, 0.770962, 4.952429, 0.0
3497.0, 5.410405, -2.168789, -0.01032, 0.770962, 4.952429, 0.0
3497.0, 5.410405, -2.168789, -0.01032, 0.770962, 4.952429, 0.0
3514.0, 5.445392, -2.181984, -0.010838, 0.770962, 4.952429, 0.0
3514.0, 5.445392, -2.181984, -0.010838, 0.770962, 4.952429, 0.0
3531.0, 5.480757, -2.195269, -0.01135, 0.770962, 4.952429, 0.0
3549.0, 5.516523, -2.20865, -0.011845, 0.770962, 4.952429, 0.0
3549.0, 5.516523, -2.20865, -0.011845, 0.770962, 4.952429, 0.0
3565.0, 5.552719, -2.22214, -0.012317, 0.770962, 4.952429, 0.0
3565.0, 5.552719, -2.22214, -0.012317, 0.770962, 4.952429, 0.0
3580.0, 5.589347, -2.235744, -0.012755, 0.770962, 4.952429, 0.0
3597.0, 5.626415, -2.249465, -0.013154, 0.770962, 4.952429, 0.0
3597.0, 5.626415, -2.249465, -0.013154, 0.770962, 4.952429, 0.0
3614.0, 5.663928, -2.263307, -0.013512, 0.770962, 4.952429, 0.0
3614.0, 5.663928, -2.263307, -0.013512, 0.770962, 4.952429, 0.0
3630.0, 5.701891, -2.277277, -0.013831, 0.770962, 4.952429, 0.0
3649.0, 5.74031, -2.291377, -0.014113, 0.770962, 4.952429, 0.0
3649.0, 5.74031, -2.291377, -0.014113, 0.770962, 4.952429, 0.0
3664.0, 5.779075, -2.305576, -0.014315, 0.77136, 5.452438, 0.0
3664.0, 5.779075, -2.305576, -0.014315, 0.77136, 5.452438, 0.0
3681.0, 5.818075, -2.319846, -0.014409, 0.77136, 5.452438, 0.0
3698.0, 5.857195, -2.334156, -0.014379, 0.77136, 5.452438, 0.0
3698.0, 5.857195, -2.334156, -0.014379, 0.77136, 5.452438, 0.0
3715.0, 5.896328, -2.34848, -0.014224, 0.77136, 5.452438, 0.0
3715.0, 5.896328, -2.34848, -0.014224, 0.77136, 5.452438, 0.0
3731.0, 5.935383, -2.362792, -0.013956, 0.77136, 5.452438, 0.0
3749.0, 5.974282, -2.377075, -0.013591, 0.77136, 5.452438, 0.0
3749.0, 5.974282, -2.377075, -0.013591, 0.77136, 5.452438, 0.0
3765.0, 6.012975, -2.391314, -0.01316, 0.77136, 5.452438, 0.0
3765.0, 6.012975, -2.391314, -0.01316, 0.77136, 5.452438, 0.0
3780.0, 6.051403, -2.405491, -0.012678, 0.77136, 5.452438, 0.0
3798.0, 6.089517, -2.419588, -0.012166, 0.77136, 5.452438, 0.0
3798.0, 6.089517, -2.419588, -0.012166, 0.77136, 5.452438, 0.0
3814.0, 6.127284, -2.433593, -0.011642, 0.77136, 5.452438, 0.0
3814.0, 6.127284, -2.433593, -0.011642, 0.77136, 5.452438, 0.0
3831.0, 6.164677, -2.447494, -0.011124, 0.77136, 5.452438, 0.0
3848.0, 6.201674, -2.461281, -0.010624, 0.77136, 5.452438, 0.0
3848.0, 6.201674, -2.461281, -0.010624, 0.77136, 5.452438, 0.0
3864.0, 6.238262, -2.474945, -0.010151, 0.77136, 5.452438, 0.0
3864.0, 6.238262, -2.474945, -0.010151, 0.77136, 5.452438, 0.0
3880.0, 6.274426, -2.48848, -0.009712, 0.77136, 5.452438, 0.0
3898.0, 6.310155, -2.501879, -0.00931, 0.77136, 5.452438, 0.0
3898.0, 6.310155, -2.501879, -0.00931, 0.77136, 5.452438, 0.0
3915.0, 6.345445, -2.515138, -0.008945, 0.771758, 5.952442, 0.0
3915.0, 6.345445, -2.515138, -0.008945, 0.771758, 5.952442, 0.0
3931.0, 6.380287, -2.528251, -0.008617, 0.771758, 5.952442, 0.0
3949.0, 6.414677, -2.541217, -0.008324, 0.771758, 5.952442, 0.0
3949.0, 6.414677, -2.541217, -0.008324, 0.771758, 5.952442, 0.0
3964.0, 6.448695, -2.554055, -0.008099, 0.771758, 5.952442, 0.0
3964.0, 6.448695, -2.554055, -0.008099, 0.771758, 5.952442, 0.0
3981.0, 6.482474, -2.566806, -0.007983, 0.771758, 5.952442, 0.0
3998.0, 6.516136, -2.579505, -0.007995, 0.771758, 5.952442, 0.0
3998.0, 6.516136, -2.579505, -0.007995, 0.771758, 5.952442, 0.0
4015.0, 6.549789, -2.592182, -0.008138, 0.771758, 5.952442, 0.0
4015.0, 6.549789, -2.592182, -0.008138, 0.771758, 5.952442, 0.0
4030.0, 6.583529, -2.604863, -0.008398, 0.771758, 5.952442, 0.0
4048.0, 6.61743, -2.617568, -0.008756, 0.771758, 5.952442, 0.0
4048.0, 6.61743, -2.617568, -0.008756, 0.771758, 5.952442, 0.0
4063.0, 6.65157, -2.63032, -0.009194, 0.771758, 5.952442, 0.0
4063.0, 6.65157, -2.63032, -0.009194, 0.771758, 5.952442, 0.0
4080.0, 6.68599, -2.643129, -0.009683, 0.771758, 5.952442, 0.0
4097.0, 6.720728, -2.656007, -0.010197, 0.771758, 5.952442, 0.0
4097.0, 6.720728, -2.656007, -0.010197, 0.771758, 5.952442, 0.0
4114.0, 6.755815, -2.668963, -0.010717, 0.771758, 5.952442, 0.0
4114.0, 6.755815, -2.668963, -0.010717, 0.771758, 5.952442, 0.0
4131.0, 6.791278, -2.682007, -0.011229, 0.771758, 5.952442, 0.0
4148.0, 6.827137, -2.695149, -0.011719, 0.771758, 5.952442, 0.0
4148.0, 6.827137, -2.695149, -0.011719, 0.771758, 5.952442, 0.0
4165.0, 6.863396, -2.70839, -0.012175, 0.772156, 6.452447, 0.0
4165.0, 6.863396, -2.70839, -0.012175, 0.772156, 6.452447, 0.0
4181.0, 6.900076, -2.721742, -0.012597, 0.772156, 6.452447, 0.0
4198.0, 6.937193, -2.735212, -0.012984, 0.772156, 6.452447, 0.0
4198.0, 6.937193, -2.735212, -0.012984, 0.772156, 6.452447, 0.0
4215.0, 6.974756, -2.748808, -0.013336, 0.772156, 6.452447, 0.0
4215.0, 6.974756, -2.748808, -0.013336, 0.772156, 6.452447, 0.0
4231.0, 7.012771, -2.762533, -0.013654, 0.772156, 6.452447, 0.0
4249.0, 7.051244, -2.776392, -0.013938, 0.772156, 6.452447, 0.0
4249.0, 7.051244, -2.776392, -0.013938, 0.772156, 6.452447, 0.0
4265.0, 7.090193, -2.790395, -0.014198, 0.772156, 6.452447, 0.0
4265.0, 7.090193, -2.790395, -0.014198, 0.772156, 6.452447, 0.0
4280.0, 7.12961, -2.80454, -0.014429, 0.772156, 6.452447, 0.0
4296.0, 7.169492, -2.818831, -0.014632, 0.772156, 6.452447, 0.0
4296.0, 7.169492, -2.818831, -0.014632, 0.772156, 6.452447, 0.0
4314.0, 7.209839, -2.833269, -0.014812, 0.772156, 6.452447, 0.0
4314.0, 7.209839, -2.833269, -0.014812, 0.772156, 6.452447, 0.0
4330.0, 7.250651, -2.847856, -0.014972, 0.772156, 6.452447, 0.0
4348.0, 7.291931, -2.862596, -0.015116, 0.772156, 6.452447, 0.0
4348.0, 7.291931, -2.862596, -0.015116, 0.772156, 6.452447, 0.0
4364.0, 7.333565, -2.87745, -0.015199, 0.772156, 6.452447, 0.0
4364.0, 7.333565, -2.87745, -0.015199, 0.772156, 6.452447, 0.0
4380.0, 7.375443, -2.892384, -0.015195, 0.772156, 6.452447, 0.0
4398.0, 7.417449, -2.907364, -0.015086, 0.772156, 6.452447, 0.0
4398.0, 7.417449, -2.907364, -0.015086, 0.772156, 6.452447, 0.0
4415.0, 7.459477, -2.922356, -0.014868, 0.772554, 6.952451, 0.0
4415.0, 7.459477, -2.922356, -0.014868, 0.772554, 6.952451, 0.0
4431.0, 7.501434, -2.937333, -0.01455, 0.772554, 6.952451, 0.0
4449.0, 7.543243, -2.952272, -0.014148, 0.772554, 6.952451, 0.0
4449.0, 7.543243, -2.952272, -0.014148, 0.772554, 6.952451, 0.0
4465.0, 7.584857, -2.967158, -0.01369, 0.772554, 6.952451, 0.0
4465.0, 7.584857, -2.967158, -0.01369, 0.772554, 6.952451, 0.0
4481.0, 7.626213, -2.981966, -0.013188, 0.772554, 6.952451, 0.0
4497.0, 7.667265, -2.99668, -0.012661, 0.772554, 6.952451, 0.0
4497.0, 7.667265, -2.99668, -0.012661, 0.772554, 6.952451, 0.0
4514.0, 7.707979, -3.011284, -0.012127, 0.772554, 6.952451, 0.0
4514.0, 7.707979, -3.011284, -0.012127, 0.772554, 6.952451, 0.0
4530.0, 7.748328, -3.025764, -0.0116, 0.772554, 6.952451, 0.0
4548.0, 7.788291, -3.04011, -0.011093, 0.772554, 6.952451, 0.0
4548.0, 7.788291, -3.04011, -0.011093, 0.772554, 6.952451, 0.0
4564.0, 7.827852, -3.054311, -0.010614, 0.772554, 6.952451, 0.0
4565.0, 7.827852, -3.054311, -0.010614, 0.772554, 6.952451, 0.0
4580.0, 7.867, -3.06836, -0.010168, 0.772554, 6.952451, 0.0
4598.0, 7.905723, -3.082248, -0.009759, 0.772554, 6.952451, 0.0
4598.0, 7.905723, -3.082248, -0.009759, 0.772554, 6.952451, 0.0
4615.0, 7.944016, -3.095971, -0.009387, 0.772554, 6.952451, 0.0
4615.0, 7.944016, -3.095971, -0.009387, 0.772554, 6.952451, 0.0
4631.0, 7.981871, -3.109523, -0.00905, 0.772554, 6.952451, 0.0
4649.0, 8.019283, -3.122899, -0.008747, 0.772554, 6.952451, 0.0
4649.0, 8.019283, -3.122899, -0.008747, 0.772554, 6.952451, 0.0
4664.0, 8.056333, -3.136129, -0.008511, 0.772952, 7.452456, 0.0
4664.0, 8.056333, -3.136129, -0.008511, 0.772952, 7.452456, 0.0
4680.0, 8.093145, -3.149257, -0.008382, 0.772952, 7.452456, 0.0
4698.0, 8.129846, -3.162326, -0.008379, 0.772952, 7.452456, 0.0
4698.0, 8.129846, -3.162326, -0.008379, 0.772952, 7.452456, 0.0
4715.0, 8.166539, -3.175373, -0.008505, 0.772952, 7.452456, 0.0
4715.0, 8.166539, -3.175373, -0.008505, 0.772952, 7.452456, 0.0
4730.0, 8.203318, -3.188429, -0.00875, 0.772952, 7.452456, 0.0
4748.0, 8.240254, -3.201519, -0.009092, 0.772952, 7.452456, 0.0
4748.0, 8.240254, -3.201519, -0.009092, 0.772952, 7.452456, 0.0
4764.0, 8.277427, -3.214669, -0.009516, 0.772952, 7.452456, 0.0
4764.0, 8.277427, -3.214669, -0.009516, 0.772952, 7.452456, 0.0
4780.0, 8.314875, -3.227893, -0.009992, 0.772952, 7.452456, 0.0
4797.0, 8.352633, -3.241205, -0.010495, 0.772952, 7.452456, 0.0
4797.0, 8.352633, -3.241205, -0.010495, 0.772952, 7.452456, 0.0
4814.0, 8.390736, -3.254618, -0.011007, 0.772952, 7.452456, 0.0
4814.0, 8.390736, -3.254618, -0.011007, 0.772952, 7.452456, 0.0
4831.0, 8.429205, -3.268143, -0.011512, 0.772952, 7.452456, 0.0
4849.0, 8.468062, -3.281791, -0.011999, 0.772952, 7.452456, 0.0
4849.0, 8.468062, -3.281791, -0.011999, 0.772952, 7.452456, 0.0
4864.0, 8.507214, -3.295531, -0.012412, 0.772952, 7.452456, 0.0
4864.0, 8.507214, -3.295531, -0.012412, 0.772952, 7.452456, 0.0
4881.0, 8.546559, -3.30933, -0.012716, 0.772952, 7.452456, 0.0
4898.0, 8.585994, -3.323155, -0.012887, 0.772952, 7.452456, 0.0
4898.0, 8.585994, -3.323155, -0.012887, 0.772952, 7.452456, 0.0
4914.0, 8.62542, -3.336976, -0.01292, 0.773351, 7.95246, 0.0
4914.0, 8.62542, -3.336976, -0.01292, 0.773351, 7.95246, 0.0
4931.0, 8.66475, -3.350768, -0.012822, 0.773351, 7.95246, 0.0
4949.0, 8.703914, -3.364508, -0.012609, 0.773351, 7.95246, 0.0
4949.0, 8.703914, -3.364508, -0.012609, 0.773351, 7.95246, 0.0
4964.0, 8.742866, -3.378185, -0.01231, 0.773351, 7.95246, 0.0
4964.0, 8.742866, -3.378185, -0.01231, 0.773351, 7.95246, 0.0
4981.0, 8.781548, -3.391775, -0.01194, 0.773351, 7.95246, 0.0
4997.0, 8.819916, -3.405263, -0.011522, 0.773351, 7.95246, 0.0
4997.0, 8.819916, -3.405263, -0.011522, 0.773351, 7.95246, 0.0
5014.0, 8.857938, -3.418635, -0.011075, 0.773351, 7.95246, 0.0
5014.0, 8.857938, -3.418635, -0.011075, 0.773351, 7.95246, 0.0
5030.0, 8.895588, -3.431879, -0.010617, 0.773351, 7.95246, 0.0
5048.0, 8.932847, -3.444984, -0.010163, 0.773351, 7.95246, 0.0
5048.0, 8.932847, -3.444984, -0.010163, 0.773351, 7.95246, 0.0
5064.0, 8.969795, -3.457979, -0.009766, 0.773351, 7.95246, 0.0
5064.0, 8.969795, -3.457979, -0.009766, 0.773351, 7.95246, 0.0
5081.0, 9.006542, -3.470901, -0.00947, 0.773351, 7.95246, 0.0
5098.0, 9.043318, -3.483831, -0.009302, 0.773351, 7.95246, 0.0
5098.0, 9.043318, -3.483831, -0.009302, 0.773351, 7.95246, 0.0
5114.0, 9.079983, -3.496719, -0.00927, 0.773351, 7.95246, 0.0
5114.0, 9.079983, -3.496719, -0.00927, 0.773351, 7.95246, 0.0
5131.0, 9.116743, -3.509634, -0.009368, 0.773351, 7.95246, 0.0
5149.0, 9.153671, -3.5226, -0.009579, 0.773351, 7.95246, 0.0
5149.0, 9.153671, -3.5226, -0.009579, 0.773351, 7.95246, 0.0
5164.0, 9.190797, -3.535626, -0.00987, 0.773749, 8.452575, 0.0
5164.0, 9.190797, -3.535626, -0.00987, 0.773749, 8.452575, 0.0
5181.0, 9.228189, -3.548737, -0.010232, 0.773749, 8.452575, 0.0
5198.0, 9.265896, -3.561949, -0.010645, 0.773749, 8.452575, 0.0
5198.0, 9.265896, -3.561949, -0.010645, 0.773749, 8.452575, 0.0
5215.0, 9.30395, -3.575276, -0.011088, 0.773749, 8.452575, 0.0
5215.0, 9.30395, -3.575276, -0.011088, 0.773749, 8.452575, 0.0
5231.0, 9.342381, -3.58873, -0.011545, 0.773749, 8.452575, 0.0
5248.0, 9.381204, -3.602319, -0.011999, 0.773749, 8.452575, 0.0
5249.0, 9.381204, -3.602319, -0.011999, 0.773749, 8.452575, 0.0
5265.0, 9.420465, -3.616064, -0.01245, 0.773749, 8.452575, 0.0
5265.0, 9.420465, -3.616064, -0.01245, 0.773749, 8.452575, 0.0
5281.0, 9.460156, -3.629966, -0.012878, 0.773749, 8.452575, 0.0
5298.0, 9.500276, -3.644027, -0.013273, 0.773749, 8.452575, 0.0
5298.0, 9.500276, -3.644027, -0.013273, 0.773749, 8.452575, 0.0
5315.0, 9.540827, -3.658256, -0.013632, 0.773749, 8.452575, 0.0
5315.0, 9.540827, -3.658256, -0.013632, 0.773749, 8.452575, 0.0
5331.0, 9.581813, -3.672655, -0.013956, 0.773749, 8.452575, 0.0
5349.0, 9.623238, -3.687232, -0.014246, 0.773749, 8.452575, 0.0
5349.0, 9.623238, -3.687232, -0.014246, 0.773749, 8.452575, 0.0
5365.0, 9.664996, -3.701944, -0.014461, 0.773749, 8.452575, 0.0
5365.0, 9.664996, -3.701944, -0.014461, 0.773749, 8.452575, 0.0
5381.0, 9.706981, -3.716748, -0.014572, 0.773749, 8.452575, 0.0
5397.0, 9.749083, -3.731603, -0.014565, 0.773749, 8.452575, 0.0
5397.0, 9.749083, -3.731603, -0.014565, 0.773749, 8.452575, 0.0
5413.0, 9.7912, -3.746468, -0.014435, 0.774147, 8.952579, 0.0
5413.0, 9.7912, -3.746468, -0.014435, 0.774147, 8.952579, 0.0
5430.0, 9.833242, -3.761309, -0.014194, 0.774147, 8.952579, 0.0
5448.0, 9.875137, -3.7761, -0.013858, 0.774147, 8.952579, 0.0
5448.0, 9.875137, -3.7761, -0.013858, 0.774147, 8.952579, 0.0
5464.0, 9.916841, -3.790819, -0.013453, 0.774147, 8.952579, 0.0
5464.0, 9.916841, -3.790819, -0.013453, 0.774147, 8.952579, 0.0
5480.0, 9.958291, -3.80544, -0.012997, 0.774147, 8.952579, 0.0
5497.0, 9.999446, -3.819943, -0.012506, 0.774147, 8.952579, 0.0
5498.0, 9.999446, -3.819943, -0.012506, 0.774147, 8.952579, 0.0
5514.0, 10.040271, -3.834309, -0.011999, 0.774147, 8.952579, 0.0
5514.0, 10.040271, -3.834309, -0.011999, 0.774147, 8.952579, 0.0
5530.0, 10.08074, -3.848524, -0.011494, 0.774147, 8.952579, 0.0
5548.0, 10.120835, -3.862574, -0.011001, 0.774147, 8.952579, 0.0
5548.0, 10.120835, -3.862574, -0.011001, 0.774147, 8.952579, 0.0
5564.0, 10.160542, -3.876449, -0.01053, 0.774147, 8.952579, 0.0
5565.0, 10.160542, -3.876449, -0.01053, 0.774147, 8.952579, 0.0
5581.0, 10.199847, -3.890138, -0.010088, 0.774147, 8.952579, 0.0
5599.0, 10.238743, -3.903634, -0.009678, 0.774147, 8.952579, 0.0
5599.0, 10.238743, -3.903634, -0.009678, 0.774147, 8.952579, 0.0
5614.0, 10.277223, -3.916929, -0.009301, 0.774147, 8.952579, 0.0
5614.0, 10.277223, -3.916929, -0.009301, 0.774147, 8.952579, 0.0
5630.0, 10.315279, -3.930018, -0.008956, 0.774147, 8.952579, 0.0
5649.0, 10.352909, -3.942895, -0.008643, 0.774147, 8.952579, 0.0
5649.0, 10.352909, -3.942895, -0.008643, 0.774147, 8.952579, 0.0
5664.0, 10.390188, -3.955598, -0.008392, 0.774545, 9.452583, 0.0
5664.0, 10.390188, -3.955598, -0.008392, 0.774545, 9.452583, 0.0
5680.0, 10.427239, -3.96818, -0.008245, 0.774545, 9.452583, 0.0
5698.0, 10.464182, -3.980696, -0.008221, 0.774545, 9.452583, 0.0
5698.0, 10.464182, -3.980696, -0.008221, 0.774545, 9.452583, 0.0
5714.0, 10.501117, -3.993191, -0.008323, 0.774545, 9.452583, 0.0
5714.0, 10.501117, -3.993191, -0.008323, 0.774545, 9.452583, 0.0
5731.0, 10.538134, -4.005701, -0.008542, 0.774545, 9.452583, 0.0
5749.0, 10.575304, -4.01826, -0.008858, 0.774545, 9.452583, 0.0
5749.0, 10.575304, -4.01826, -0.008858, 0.774545, 9.452583, 0.0
5764.0, 10.612701, -4.030899, -0.009258, 0.774545, 9.452583, 0.0
5764.0, 10.612701, -4.030899, -0.009258, 0.774545, 9.452583, 0.0
5781.0, 10.650364, -4.043636, -0.009711, 0.774545, 9.452583, 0.0
5798.0, 10.688327, -4.056488, -0.010194, 0.774545, 9.452583, 0.0
5798.0, 10.688327, -4.056488, -0.010194, 0.774545, 9.452583, 0.0
5814.0, 10.726619, -4.069471, -0.010689, 0.774545, 9.452583, 0.0
5814.0, 10.726619, -4.069471, -0.010689, 0.774545, 9.452583, 0.0
5831.0, 10.765265, -4.082599, -0.011182, 0.774545, 9.452583, 0.0
5849.0, 10.804284, -4.095884, -0.011661, 0.774545, 9.452583, 0.0
5849.0, 10.804284, -4.095884, -0.011661, 0.774545, 9.452583, 0.0
5864.0, 10.843678, -4.109332, -0.012111, 0.774545, 9.452583, 0.0
5864.0, 10.843678, -4.109332, -0.012111, 0.774545, 9.452583, 0.0
5880.0, 10.883469, -4.122958, -0.012534, 0.774545, 9.452583, 0.0
5898.0, 10.923669, -4.136771, -0.012929, 0.774545, 9.452583, 0.0
5898.0, 10.923669, -4.136771, -0.012929, 0.774545, 9.452583, 0.0
5914.0, 10.964288, -4.150779, -0.013294, 0.774943, 9.952588, 0.0
5914.0, 10.964288, -4.150779, -0.013294, 0.774943, 9.952588, 0.0
5931.0, 11.005333, -4.16499, -0.013631, 0.774943, 9.952588, 0.0
5949.0, 11.046867, -4.17943, -0.013939, 0.774943, 9.952588, 0.0
5949.0, 11.046867, -4.17943, -0.013939, 0.774943, 9.952588, 0.0
5964.0, 11.088683, -4.194014, -0.014182, 0.774943, 9.952588, 0.0
5964.0, 11.088683, -4.194014, -0.014182, 0.774943, 9.952588, 0.0
5981.0, 11.130727, -4.208708, -0.014323, 0.774943, 9.952588, 0.0
5997.0, 11.172887, -4.223461, -0.014345, 0.774943, 9.952588, 0.0
5997.0, 11.172887, -4.223461, -0.014345, 0.774943, 9.952588, 0.0
6014.0, 11.215062, -4.238225, -0.014244, 0.774943, 9.952588, 0.0
6014.0, 11.215062, -4.238225, -0.014244, 0.774943, 9.952588, 0.0
6031.0, 11.257164, -4.252961, -0.014029, 0.774943, 9.952588, 0.0
6049.0, 11.299123, -4.267637, -0.013716, 0.774943, 9.952588, 0.0
6049.0, 11.299123, -4.267637, -0.013716, 0.774943, 9.952588, 0.0
6064.0, 11.340895, -4.282228, -0.013334, 0.774943, 9.952588, 0.0
6064.0, 11.340895, -4.282228, -0.013334, 0.774943, 9.952588, 0.0
6081.0, 11.382421, -4.296705, -0.012895, 0.774943, 9.952588, 0.0
6097.0, 11.423659, -4.311045, -0.012421, 0.774943, 9.952588, 0.0
6097.0, 11.423659, -4.311045, -0.012421, 0.774943, 9.952588, 0.0
6114.0, 11.464579, -4.325229, -0.011927, 0.774943, 9.952588, 0.0
6114.0, 11.464579, -4.325229, -0.011927, 0.774943, 9.952588, 0.0
6131.0, 11.505154, -4.33924, -0.011432, 0.774943, 9.952588, 0.0
6149.0, 11.545365, -4.353063, -0.010946, 0.774943, 9.952588, 0.0
6149.0, 11.545365, -4.353063, -0.010946, 0.774943, 9.952588, 0.0
6164.0, 11.585201, -4.366686, -0.01048, 0.775342, 10.452643, 0.0
6164.0, 11.585201, -4.366686, -0.01048, 0.775342, 10.452643, 0.0
6180.0, 11.624649, -4.3801, -0.010039, 0.775342, 10.452643, 0.0
6198.0, 11.663701, -4.393295, -0.009628, 0.775342, 10.452643, 0.0
6198.0, 11.663701, -4.393295, -0.009628, 0.775342, 10.452643, 0.0
6215.0, 11.702351, -4.406262, -0.009248, 0.775342, 10.452643, 0.0
6215.0, 11.702351, -4.406262, -0.009248, 0.775342, 10.452643, 0.0
6231.0, 11.740591, -4.418997, -0.008898, 0.775342, 10.452643, 0.0
6250.0, 11.778419, -4.431494, -0.008577, 0.775342, 10.452643, 0.0
6250.0, 11.778419, -4.431494, -0.008577, 0.775342, 10.452643, 0.0
6265.0, 11.815908, -4.443794, -0.008316, 0.775342, 10.452643, 0.0
6265.0, 11.815908, -4.443794, -0.008316, 0.775342, 10.452643, 0.0
6281.0, 11.853177, -4.455962, -0.008155, 0.775342, 10.452643, 0.0
6297.0, 11.89034, -4.468055, -0.008114, 0.775342, 10.452643, 0.0
6297.0, 11.89034, -4.468055, -0.008114, 0.775342, 10.452643, 0.0
6313.0, 11.927497, -4.480128, -0.008197, 0.775342, 10.452643, 0.0
6313.0, 11.927497, -4.480128, -0.008197, 0.775342, 10.452643, 0.0
6330.0, 11.964731, -4.492224, -0.008394, 0.775342, 10.452643, 0.0
6348.0, 12.002115, -4.504378, -0.008689, 0.775342, 10.452643, 0.0
6348.0, 12.002115, -4.504378, -0.008689, 0.775342, 10.452643, 0.0
6364.0, 12.039718, -4.516627, -0.009067, 0.775342, 10.452643, 0.0
6364.0, 12.039718, -4.516627, -0.009067, 0.775342, 10.452643, 0.0
6381.0, 12.077577, -4.528993, -0.0095, 0.775342, 10.452643, 0.0
6397.0, 12.115725, -4.541493, -0.009966, 0.775342, 10.452643, 0.0
6397.0, 12.115725, -4.541493, -0.009966, 0.775342, 10.452643, 0.0
6414.0, 12.15419, -4.554148, -0.010446, 0.77574, 10.952647, 0.0
6414.0, 12.15419, -4.554148, -0.010446, 0.77574, 10.952647, 0.0
6431.0, 12.192998, -4.566973, -0.010926, 0.77574, 10.952647, 0.0
6449.0, 12.232165, -4.57998, -0.011395, 0.77574, 10.952647, 0.0
6449.0, 12.232165, -4.57998, -0.011395, 0.77574, 10.952647, 0.0
6465.0, 12.271692, -4.593177, -0.01184, 0.77574, 10.952647, 0.0
6465.0, 12.271692, -4.593177, -0.01184, 0.77574, 10.952647, 0.0
6482.0, 12.311651, -4.606596, -0.012261, 0.77574, 10.952647, 0.0
6498.0, 12.351956, -4.620214, -0.012656, 0.77574, 10.952647, 0.0
6498.0, 12.351956, -4.620214, -0.012656, 0.77574, 10.952647, 0.0
6515.0, 12.392665, -4.634057, -0.013026, 0.77574, 10.952647, 0.0
6515.0, 12.392665, -4.634057, -0.013026, 0.77574, 10.952647, 0.0
6531.0, 12.433783, -4.64813, -0.013368, 0.77574, 10.952647, 0.0
6548.0, 12.475314, -4.662441, -0.013684, 0.77574, 10.952647, 0.0
6548.0, 12.475314, -4.662441, -0.013684, 0.77574, 10.952647, 0.0
6564.0, 12.517192, -4.676947, -0.013944, 0.77574, 10.952647, 0.0
6564.0, 12.517192, -4.676947, -0.013944, 0.77574, 10.952647, 0.0
6580.0, 12.559294, -4.69158, -0.014106, 0.77574, 10.952647, 0.0
6599.0, 12.604386, -4.707281, -0.014153, 0.77574, 10.952647, 0.0
6599.0, 12.604386, -4.707281, -0.014153, 0.77574, 10.952647, 0.0
6615.0, 12.646609, -4.721989, -0.014079, 0.77574, 10.952647, 0.0
6615.0, 12.646609, -4.721989, -0.014079, 0.77574, 10.952647, 0.0
6633.0, 12.688754, -4.73666, -0.013888, 0.77574, 10.952647, 0.0
6650.0, 12.730757, -4.751257, -0.013596, 0.77574, 10.952647, 0.0
6650.0, 12.730757, -4.751257, -0.013596, 0.77574, 10.952647, 0.0
6665.0, 12.772247, -4.765639, -0.0131, 0.77614, 11.454988, 0.0
6665.0, 12.772247, -4.765639, -0.0131, 0.77614, 11.454988, 0.0
6684.0, 12.815917, -4.780727, -0.012532, 0.77614, 11.454988, 0.0
6703.0, 12.85679, -4.79479, -0.012017, 0.77614, 11.454988, 0.0
6703.0, 12.85679, -4.79479, -0.012017, 0.77614, 11.454988, 0.0
6717.0, 12.897398, -4.80869, -0.011539, 0.77614, 11.454988, 0.0
6717.0, 12.897398, -4.80869, -0.011539, 0.77614, 11.454988, 0.0
6734.0, 12.93773, -4.822412, -0.011099, 0.77614, 11.454988, 0.0
6751.0, 12.977765, -4.835938, -0.010692, 0.77614, 11.454988, 0.0
6751.0, 12.977765, -4.835938, -0.010692, 0.77614, 11.454988, 0.0
6768.0, 13.01753, -4.849267, -0.010332, 0.77614, 11.454988, 0.0
6768.0, 13.01753, -4.849267, -0.010332, 0.77614, 11.454988, 0.0
6783.0, 13.056977, -4.862375, -0.009994, 0.77614, 11.454988, 0.0
6802.0, 13.096076, -4.875245, -0.009669, 0.77614, 11.454988, 0.0
6802.0, 13.096076, -4.875245, -0.009669, 0.77614, 11.454988, 0.0
6816.0, 13.134812, -4.887866, -0.009353, 0.77614, 11.454988, 0.0
6816.0, 13.134812, -4.887866, -0.009353, 0.77614, 11.454988, 0.0
6833.0, 13.173222, -4.900247, -0.009047, 0.77614, 11.454988, 0.0
6850.0, 13.211199, -4.912349, -0.008752, 0.77614, 11.454988, 0.0
6850.0, 13.211199, -4.912349, -0.008752, 0.77614, 11.454988, 0.0
6866.0, 13.24903, -4.924263, -0.008565, 0.77614, 11.454988, 0.0
6866.0, 13.24903, -4.924263, -0.008565, 0.77614, 11.454988, 0.0
6883.0, 13.28653, -4.935924, -0.008377, 0.77614, 11.454988, 0.0
6903.0, 13.323625, -4.947306, -0.008156, 0.77614, 11.454988, 0.0
6903.0, 13.323625, -4.947306, -0.008156, 0.77614, 11.454988, 0.0
6916.0, 13.360284, -4.958402, -0.007903, 0.77654, 11.957079, 0.0
6916.0, 13.360284, -4.958402, -0.007903, 0.77654, 11.957079, 0.0
6932.0, 13.396497, -4.969208, -0.007628, 0.77654, 11.957079, 0.0
6951.0, 13.432262, -4.979726, -0.007343, 0.77654, 11.957079, 0.0
6951.0, 13.432262, -4.979726, -0.007343, 0.77654, 11.957079, 0.0
6967.0, 13.467657, -4.990008, -0.007089, 0.77654, 11.957079, 0.0
6967.0, 13.467657, -4.990008, -0.007089, 0.77654, 11.957079, 0.0
6983.0, 13.502803, -5.00013, -0.006917, 0.77654, 11.957079, 0.0
7000.0, 13.537816, -5.01016, -0.006852, 0.77654, 11.957079, 0.0
7000.0, 13.537816, -5.01016, -0.006852, 0.77654, 11.957079, 0.0
7019.0, 13.57518, -5.020842, -0.00691, 0.77654, 11.957079, 0.0
7019.0, 13.57518, -5.020842, -0.00691, 0.77654, 11.957079, 0.0
7037.0, 13.610216, -5.030865, -0.007085, 0.77654, 11.957079, 0.0
7037.0, 13.610216, -5.030865, -0.007085, 0.77654, 11.957079, 0.0
7051.0, 13.64945, -5.042135, -0.009018, 0.77654, 11.957079, 0.0
7066.0, 13.689947, -5.053781, -0.010795, 0.77654, 11.957079, 0.0
7066.0, 13.689947, -5.053781, -0.010795, 0.77654, 11.957079, 0.0
7084.0, 13.730515, -5.065468, -0.011871, 0.77654, 11.957079, 0.0
7084.0, 13.730515, -5.065468, -0.011871, 0.77654, 11.957079, 0.0
7101.0, 13.770742, -5.077117, -0.012239, 0.77654, 11.957079, 0.0
7117.0, 13.81056, -5.088752, -0.012082, 0.77654, 11.957079, 0.0
7117.0, 13.81056, -5.088752, -0.012082, 0.77654, 11.957079, 0.0
7135.0, 13.850033, -5.100427, -0.01161, 0.77654, 11.957079, 0.0
7135.0, 13.850033, -5.100427, -0.01161, 0.77654, 11.957079, 0.0
7151.0, 13.885402, -5.110981, -0.00947, 0.776913, 12.426041, 0.0
7168.0, 13.919419, -5.121241, -0.007467, 0.776913, 12.426041, 0.0
7168.0, 13.919419, -5.121241, -0.007467, 0.776913, 12.426041, 0.0
7185.0, 13.953298, -5.131544, -0.006114, 0.776913, 12.426041, 0.0
7185.0, 13.953298, -5.131544, -0.006114, 0.776913, 12.426041, 0.0
7201.0, 13.987413, -5.141954, -0.005438, 0.776913, 12.426041, 0.0
7218.0, 14.02164, -5.152381, -0.005296, 0.776913, 12.426041, 0.0
7218.0, 14.02164, -5.152381, -0.005296, 0.776913, 12.426041, 0.0
7236.0, 14.056113, -5.162817, -0.005506, 0.776913, 12.426041, 0.0
7236.0, 14.056113, -5.162817, -0.005506, 0.776913, 12.426041, 0.0
7251.0, 14.090805, -5.17325, -0.005931, 0.776913, 12.426041, 0.0
7267.0, 14.12577, -5.183711, -0.006501, 0.776913, 12.426041, 0.0
7267.0, 14.12577, -5.183711, -0.006501, 0.776913, 12.426041, 0.0
7285.0, 14.161044, -5.194233, -0.007158, 0.776913, 12.426041, 0.0
7285.0, 14.161044, -5.194233, -0.007158, 0.776913, 12.426041, 0.0
7301.0, 14.196657, -5.204851, -0.007852, 0.776913, 12.426041, 0.0
7318.0, 14.232626, -5.215592, -0.008548, 0.776913, 12.426041, 0.0
7318.0, 14.232626, -5.215592, -0.008548, 0.776913, 12.426041, 0.0
7335.0, 14.268968, -5.226485, -0.009221, 0.776913, 12.426041, 0.0
7335.0, 14.268968, -5.226485, -0.009221, 0.776913, 12.426041, 0.0
7352.0, 14.305768, -5.237575, -0.009871, 0.776913, 12.426041, 0.0
7367.0, 14.342935, -5.248852, -0.010468, 0.776913, 12.426041, 0.0
7367.0, 14.342935, -5.248852, -0.010468, 0.776913, 12.426041, 0.0
7387.0, 14.381009, -5.260498, -0.011011, 0.776913, 12.426041, 0.0
7387.0, 14.381009, -5.260498, -0.011011, 0.776913, 12.426041, 0.0
7401.0, 14.418966, -5.272213, -0.011487, 0.777312, 12.926786, 0.0
7419.0, 14.457321, -5.284165, -0.011905, 0.777312, 12.926786, 0.0
7419.0, 14.457321, -5.284165, -0.011905, 0.777312, 12.926786, 0.0
7436.0, 14.496076, -5.296365, -0.012271, 0.777312, 12.926786, 0.0
7436.0, 14.496076, -5.296365, -0.012271, 0.777312, 12.926786, 0.0
7452.0, 14.535152, -5.308795, -0.012561, 0.777312, 12.926786, 0.0
7468.0, 14.574608, -5.321484, -0.012818, 0.777312, 12.926786, 0.0
7468.0, 14.574608, -5.321484, -0.012818, 0.777312, 12.926786, 0.0
7485.0, 14.614463, -5.334444, -0.013056, 0.777312, 12.926786, 0.0
7485.0, 14.614463, -5.334444, -0.013056, 0.777312, 12.926786, 0.0
7501.0, 14.654728, -5.347682, -0.013284, 0.777312, 12.926786, 0.0
7517.0, 14.695405, -5.361203, -0.013502, 0.777312, 12.926786, 0.0
7517.0, 14.695405, -5.361203, -0.013502, 0.777312, 12.926786, 0.0
7535.0, 14.736495, -5.37501, -0.013713, 0.777312, 12.926786, 0.0
7535.0, 14.736495, -5.37501, -0.013713, 0.777312, 12.926786, 0.0
7551.0, 14.778076, -5.389134, -0.01395, 0.777312, 12.926786, 0.0
7568.0, 14.820089, -5.403556, -0.014176, 0.777312, 12.926786, 0.0
7568.0, 14.820089, -5.403556, -0.014176, 0.777312, 12.926786, 0.0
7585.0, 14.862509, -5.418272, -0.014383, 0.777312, 12.926786, 0.0
7585.0, 14.862509, -5.418272, -0.014383, 0.777312, 12.926786, 0.0
7602.0, 14.905324, -5.43328, -0.014572, 0.777312, 12.926786, 0.0
7618.0, 14.94853, -5.448583, -0.014747, 0.777312, 12.926786, 0.0
7618.0, 14.94853, -5.448583, -0.014747, 0.777312, 12.926786, 0.0
7636.0, 14.992127, -5.464182, -0.014913, 0.777312, 12.926786, 0.0
7636.0, 14.992127, -5.464182, -0.014913, 0.777312, 12.926786, 0.0
7651.0, 15.036097, -5.480074, -0.015067, 0.77771, 13.42679, 0.0
7669.0, 15.080449, -5.496267, -0.01522, 0.77771, 13.42679, 0.0
7669.0, 15.080449, -5.496267, -0.01522, 0.77771, 13.42679, 0.0
7685.0, 15.12519, -5.512767, -0.015376, 0.77771, 13.42679, 0.0
7685.0, 15.12519, -5.512767, -0.015376, 0.77771, 13.42679, 0.0
7701.0, 15.170319, -5.529576, -0.015537, 0.77771, 13.42679, 0.0
7719.0, 15.215837, -5.546696, -0.015704, 0.77771, 13.42679, 0.0
7719.0, 15.215837, -5.546696, -0.015704, 0.77771, 13.42679, 0.0
7737.0, 15.261744, -5.564128, -0.015876, 0.77771, 13.42679, 0.0
7737.0, 15.261744, -5.564128, -0.015876, 0.77771, 13.42679, 0.0
7752.0, 15.30798, -5.581815, -0.016025, 0.77771, 13.42679, 0.0
7768.0, 15.35443, -5.59967, -0.016108, 0.77771, 13.42679, 0.0
7768.0, 15.35443, -5.59967, -0.016108, 0.77771, 13.42679, 0.0
7784.0, 15.400991, -5.617611, -0.016104, 0.77771, 13.42679, 0.0
7784.0, 15.400991, -5.617611, -0.016104, 0.77771, 13.42679, 0.0
7803.0, 15.447572, -5.635569, -0.016002, 0.77771, 13.42679, 0.0
7818.0, 15.494098, -5.653484, -0.015808, 0.77771, 13.42679, 0.0
7818.0, 15.494098, -5.653484, -0.015808, 0.77771, 13.42679, 0.0
7837.0, 15.540504, -5.671308, -0.015531, 0.77771, 13.42679, 0.0
7837.0, 15.540504, -5.671308, -0.015531, 0.77771, 13.42679, 0.0
7851.0, 15.58674, -5.688999, -0.015189, 0.77771, 13.42679, 0.0
7867.0, 15.632766, -5.706522, -0.014798, 0.77771, 13.42679, 0.0
7868.0, 15.632766, -5.706522, -0.014798, 0.77771, 13.42679, 0.0
7885.0, 15.67855, -5.723846, -0.014373, 0.77771, 13.42679, 0.0
7885.0, 15.67855, -5.723846, -0.014373, 0.77771, 13.42679, 0.0
7902.0, 15.724066, -5.740948, -0.013932, 0.778108, 13.926793, 0.0
7918.0, 15.769295, -5.757805, -0.013484, 0.778108, 13.926793, 0.0
7918.0, 15.769295, -5.757805, -0.013484, 0.778108, 13.926793, 0.0
7939.0, 15.814221, -5.7744, -0.01304, 0.778108, 13.926793, 0.0
7939.0, 15.814221, -5.7744, -0.01304, 0.778108, 13.926793, 0.0
7953.0, 15.858815, -5.79071, -0.012602, 0.778108, 13.926793, 0.0
7969.0, 15.903099, -5.806733, -0.012181, 0.778108, 13.926793, 0.0
7969.0, 15.903099, -5.806733, -0.012181, 0.778108, 13.926793, 0.0
7985.0, 15.947036, -5.822447, -0.011783, 0.778108, 13.926793, 0.0
7985.0, 15.947036, -5.822447, -0.011783, 0.778108, 13.926793, 0.0
8001.0, 15.990639, -5.837848, -0.01141, 0.778108, 13.926793, 0.0
8019.0, 16.033907, -5.85293, -0.011059, 0.778108, 13.926793, 0.0
8019.0, 16.033907, -5.85293, -0.011059, 0.778108, 13.926793, 0.0
8035.0, 16.076834, -5.867685, -0.010731, 0.778108, 13.926793, 0.0
8035.0, 16.076834, -5.867685, -0.010731, 0.778108, 13.926793, 0.0
8052.0, 16.119436, -5.882113, -0.010429, 0.778108, 13.926793, 0.0
8068.0, 16.161697, -5.896205, -0.010143, 0.778108, 13.926793, 0.0
8068.0, 16.161697, -5.896205, -0.010143, 0.778108, 13.926793, 0.0
8085.0, 16.203615, -5.909956, -0.009868, 0.778108, 13.926793, 0.0
8085.0, 16.203615, -5.909956, -0.009868, 0.778108, 13.926793, 0.0
8101.0, 16.24518, -5.923363, -0.009603, 0.778108, 13.926793, 0.0
8119.0, 16.286396, -5.936423, -0.009346, 0.778108, 13.926793, 0.0
8119.0, 16.286396, -5.936423, -0.009346, 0.778108, 13.926793, 0.0
8137.0, 16.327259, -5.949135, -0.009095, 0.778108, 13.926793, 0.0
8137.0, 16.327259, -5.949135, -0.009095, 0.778108, 13.926793, 0.0
8151.0, 16.367754, -5.961493, -0.008844, 0.778506, 14.426811, 0.0
8169.0, 16.407892, -5.973499, -0.008597, 0.778506, 14.426811, 0.0
8169.0, 16.407892, -5.973499, -0.008597, 0.778506, 14.426811, 0.0
8187.0, 16.449795, -5.985776, -0.008346, 0.778506, 14.426811, 0.0
8187.0, 16.449795, -5.985776, -0.008346, 0.778506, 14.426811, 0.0
8202.0, 16.48921, -5.997067, -0.008111, 0.778506, 14.426811, 0.0
8218.0, 16.528275, -6.008004, -0.007881, 0.778506, 14.426811, 0.0
8218.0, 16.528275, -6.008004, -0.007881, 0.778506, 14.426811, 0.0
8238.0, 16.566986, -6.018588, -0.007653, 0.778506, 14.426811, 0.0
8238.0, 16.566986, -6.018588, -0.007653, 0.778506, 14.426811, 0.0
8252.0, 16.605143, -6.028768, -0.007344, 0.778506, 14.426811, 0.0
8268.0, 16.642893, -6.038586, -0.007047, 0.778506, 14.426811, 0.0
8268.0, 16.642893, -6.038586, -0.007047, 0.778506, 14.426811, 0.0
8286.0, 16.680296, -6.048059, -0.006786, 0.778506, 14.426811, 0.0
8286.0, 16.680296, -6.048059, -0.006786, 0.778506, 14.426811, 0.0
8303.0, 16.717375, -6.057192, -0.00656, 0.778506, 14.426811, 0.0
8319.0, 16.754133, -6.065986, -0.006359, 0.778506, 14.426811, 0.0
8319.0, 16.754133, -6.065986, -0.006359, 0.778506, 14.426811, 0.0
8336.0, 16.790571, -6.07444, -0.006174, 0.778506, 14.426811, 0.0
8336.0, 16.790571, -6.07444, -0.006174, 0.778506, 14.426811, 0.0
8352.0, 16.826887, -6.082596, -0.006079, 0.778506, 14.426811, 0.0
8369.0, 16.862928, -6.090418, -0.005973, 0.778506, 14.426811, 0.0
8369.0, 16.862928, -6.090418, -0.005973, 0.778506, 14.426811, 0.0
8386.0, 16.898628, -6.09789, -0.005826, 0.778506, 14.426811, 0.0
8386.0, 16.898628, -6.09789, -0.005826, 0.778506, 14.426811, 0.0
8403.0, 16.93396, -6.105009, -0.005636, 0.778906, 14.928601, 0.0
8420.0, 16.96891, -6.111773, -0.00541, 0.778906, 14.928601, 0.0
8420.0, 16.96891, -6.111773, -0.00541, 0.778906, 14.928601, 0.0
8437.0, 17.003481, -6.118185, -0.00516, 0.778906, 14.928601, 0.0
8437.0, 17.003481, -6.118185, -0.00516, 0.778906, 14.928601, 0.0
8453.0, 17.037659, -6.124245, -0.004889, 0.778906, 14.928601, 0.0
8468.0, 17.071453, -6.129955, -0.00461, 0.778906, 14.928601, 0.0
8468.0, 17.071453, -6.129955, -0.00461, 0.778906, 14.928601, 0.0
8486.0, 17.104872, -6.13532, -0.004332, 0.778906, 14.928601, 0.0
8486.0, 17.104872, -6.13532, -0.004332, 0.778906, 14.928601, 0.0
8502.0, 17.137917, -6.140339, -0.004057, 0.778906, 14.928601, 0.0
8520.0, 17.170813, -6.145046, -0.003786, 0.778906, 14.928601, 0.0
8520.0, 17.170813, -6.145046, -0.003786, 0.778906, 14.928601, 0.0
8536.0, 17.203117, -6.149375, -0.003523, 0.778906, 14.928601, 0.0
8536.0, 17.203117, -6.149375, -0.003523, 0.778906, 14.928601, 0.0
8553.0, 17.235039, -6.153359, -0.003261, 0.778906, 14.928601, 0.0
8569.0, 17.267302, -6.157083, -0.002999, 0.778906, 14.928601, 0.0
8569.0, 17.267302, -6.157083, -0.002999, 0.778906, 14.928601, 0.0
8587.0, 17.298475, -6.160377, -0.002749, 0.778906, 14.928601, 0.0
8587.0, 17.298475, -6.160377, -0.002749, 0.778906, 14.928601, 0.0
8602.0, 17.329283, -6.16333, -0.002504, 0.778906, 14.928601, 0.0
8620.0, 17.359722, -6.165943, -0.002264, 0.778906, 14.928601, 0.0
8620.0, 17.359722, -6.165943, -0.002264, 0.778906, 14.928601, 0.0
8638.0, 17.389795, -6.168217, -0.002027, 0.778906, 14.928601, 0.0
8638.0, 17.389795, -6.168217, -0.002027, 0.778906, 14.928601, 0.0
8652.0, 17.419445, -6.170151, -0.001769, 0.779305, 15.42959, 0.0
8670.0, 17.448709, -6.17175, -0.001514, 0.779305, 15.42959, 0.0
8670.0, 17.448709, -6.17175, -0.001514, 0.779305, 15.42959, 0.0
8687.0, 17.477655, -6.173018, -0.001268, 0.779305, 15.42959, 0.0
8687.0, 17.477655, -6.173018, -0.001268, 0.779305, 15.42959, 0.0
8702.0, 17.506187, -6.173953, -0.001032, 0.779305, 15.42959, 0.0
8719.0, 17.534355, -6.174557, -0.000801, 0.779305, 15.42959, 0.0
8719.0, 17.534355, -6.174557, -0.000801, 0.779305, 15.42959, 0.0
8738.0, 17.56216, -6.174831, -0.000574, 0.779305, 15.42959, 0.0
8738.0, 17.56216, -6.174831, -0.000574, 0.779305, 15.42959, 0.0
8753.0, 17.58967, -6.174777, -0.000376, 0.779305, 15.42959, 0.0
8770.0, 17.61692, -6.174394, -0.000172, 0.779305, 15.42959, 0.0
8770.0, 17.61692, -6.174394, -0.000172, 0.779305, 15.42959, 0.0
8787.0, 17.643702, -6.173685, 0.000047, 0.779305, 15.42959, 0.0
8787.0, 17.643702, -6.173685, 0.000047, 0.779305, 15.42959, 0.0
8803.0, 17.670107, -6.172652, 0.000282, 0.779305, 15.42959, 0.0
8820.0, 17.696112, -6.171297, 0.000529, 0.779305, 15.42959, 0.0
8820.0, 17.696112, -6.171297, 0.000529, 0.779305, 15.42959, 0.0
8838.0, 17.721725, -6.169621, 0.000786, 0.779305, 15.42959, 0.0
8838.0, 17.721725, -6.169621, 0.000786, 0.779305, 15.42959, 0.0
8854.0, 17.747025, -6.167622, 0.001057, 0.779305, 15.42959, 0.0
8870.0, 17.771826, -6.165315, 0.001328, 0.779305, 15.42959, 0.0
8870.0, 17.771826, -6.165315, 0.001328, 0.779305, 15.42959, 0.0
8885.0, 17.796234, -6.162696, 0.001598, 0.779305, 15.42959, 0.0
8885.0, 17.796234, -6.162696, 0.001598, 0.779305, 15.42959, 0.0
8902.0, 17.82025, -6.159766, 0.001864, 0.779703, 15.92991, 0.0
8919.0, 17.843874, -6.156527, 0.002127, 0.779703, 15.92991, 0.0
8919.0, 17.843874, -6.156527, 0.002127, 0.779703, 15.92991, 0.0
8938.0, 17.867104, -6.152981, 0.002387, 0.779703, 15.92991, 0.0
8938.0, 17.867104, -6.152981, 0.002387, 0.779703, 15.92991, 0.0
8953.0, 17.88995, -6.149128, 0.002641, 0.779703, 15.92991, 0.0
8970.0, 17.912399, -6.144973, 0.002895, 0.779703, 15.92991, 0.0
8970.0, 17.912399, -6.144973, 0.002895, 0.779703, 15.92991, 0.0
8986.0, 17.93445, -6.140519, 0.00315, 0.779703, 15.92991, 0.0
8986.0, 17.93445, -6.140519, 0.00315, 0.779703, 15.92991, 0.0
9002.0, 17.9561, -6.135769, 0.003406, 0.779703, 15.92991, 0.0
9020.0, 17.977345, -6.130726, 0.003664, 0.779703, 15.92991, 0.0
9020.0, 17.977345, -6.130726, 0.003664, 0.779703, 15.92991, 0.0
9037.0, 17.998184, -6.125391, 0.003922, 0.779703, 15.92991, 0.0
9038.0, 17.998184, -6.125391, 0.003922, 0.779703, 15.92991, 0.0
9052.0, 18.018616, -6.119768, 0.00418, 0.779703, 15.92991, 0.0
9072.0, 18.038637, -6.11386, 0.00444, 0.779703, 15.92991, 0.0
9072.0, 18.038637, -6.11386, 0.00444, 0.779703, 15.92991, 0.0
9087.0, 18.058245, -6.107672, 0.0047, 0.779703, 15.92991, 0.0
9087.0, 18.058245, -6.107672, 0.0047, 0.779703, 15.92991, 0.0
9103.0, 18.077459, -6.1012, 0.004961, 0.779703, 15.92991, 0.0
9119.0, 18.096235, -6.094461, 0.005221, 0.779703, 15.92991, 0.0
9119.0, 18.096235, -6.094461, 0.005221, 0.779703, 15.92991, 0.0
9137.0, 18.114595, -6.087449, 0.005481, 0.779703, 15.92991, 0.0
9137.0, 18.114595, -6.087449, 0.005481, 0.779703, 15.92991, 0.0
9153.0, 18.132629, -6.080215, 0.005698, 0.780102, 16.429951, 0.0
9169.0, 18.150446, -6.072824, 0.005838, 0.780102, 16.429951, 0.0
9169.0, 18.150446, -6.072824, 0.005838, 0.780102, 16.429951, 0.0
9187.0, 18.168148, -6.065339, 0.005878, 0.780102, 16.429951, 0.0
9187.0, 18.168148, -6.065339, 0.005878, 0.780102, 16.429951, 0.0
9203.0, 18.185831, -6.057817, 0.005812, 0.780102, 16.429951, 0.0
9219.0, 18.203579, -6.050303, 0.005641, 0.780102, 16.429951, 0.0
9219.0, 18.203579, -6.050303, 0.005641, 0.780102, 16.429951, 0.0
9238.0, 18.221458, -6.042839, 0.005378, 0.780102, 16.429951, 0.0
9238.0, 18.221458, -6.042839, 0.005378, 0.780102, 16.429951, 0.0
9252.0, 18.239525, -6.035457, 0.005041, 0.780102, 16.429951, 0.0
9270.0, 18.25783, -6.028179, 0.004644, 0.780102, 16.429951, 0.0
9270.0, 18.25783, -6.028179, 0.004644, 0.780102, 16.429951, 0.0
9289.0, 18.276415, -6.021024, 0.004205, 0.780102, 16.429951, 0.0
9289.0, 18.276415, -6.021024, 0.004205, 0.780102, 16.429951, 0.0
9303.0, 18.295313, -6.014009, 0.003739, 0.780102, 16.429951, 0.0
9320.0, 18.314554, -6.007144, 0.003261, 0.780102, 16.429951, 0.0
9320.0, 18.314554, -6.007144, 0.003261, 0.780102, 16.429951, 0.0
9339.0, 18.33416, -6.000443, 0.002783, 0.780102, 16.429951, 0.0
9339.0, 18.33416, -6.000443, 0.002783, 0.780102, 16.429951, 0.0
9352.0, 18.354153, -5.99391, 0.002311, 0.780102, 16.429951, 0.0
9369.0, 18.374546, -5.987555, 0.001855, 0.780102, 16.429951, 0.0
9369.0, 18.374546, -5.987555, 0.001855, 0.780102, 16.429951, 0.0
9386.0, 18.395346, -5.981384, 0.001421, 0.780102, 16.429951, 0.0
9386.0, 18.395346, -5.981384, 0.001421, 0.780102, 16.429951, 0.0
9403.0, 18.416563, -5.975401, 0.001013, 0.7805, 16.929955, 0.0
9420.0, 18.438206, -5.96961, 0.000631, 0.7805, 16.929955, 0.0
9420.0, 18.438206, -5.96961, 0.000631, 0.7805, 16.929955, 0.0
9438.0, 18.460278, -5.964015, 0.000274, 0.7805, 16.929955, 0.0
9438.0, 18.460278, -5.964015, 0.000274, 0.7805, 16.929955, 0.0
9454.0, 18.482803, -5.958615, -0.000054, 0.7805, 16.929955, 0.0
9472.0, 18.505739, -5.953422, -0.000359, 0.7805, 16.929955, 0.0
9472.0, 18.505739, -5.953422, -0.000359, 0.7805, 16.929955, 0.0
9487.0, 18.529119, -5.948431, -0.000643, 0.7805, 16.929955, 0.0
9487.0, 18.529119, -5.948431, -0.000643, 0.7805, 16.929955, 0.0
9503.0, 18.553026, -5.943628, -0.000911, 0.7805, 16.929955, 0.0
9521.0, 18.577305, -5.939045, -0.001162, 0.7805, 16.929955, 0.0
9521.0, 18.577305, -5.939045, -0.001162, 0.7805, 16.929955, 0.0
9539.0, 18.602032, -5.93467, -0.001399, 0.7805, 16.929955, 0.0
9539.0, 18.602032, -5.93467, -0.001399, 0.7805, 16.929955, 0.0
9553.0, 18.627211, -5.930501, -0.001622, 0.7805, 16.929955, 0.0
9570.0, 18.652842, -5.926541, -0.001835, 0.7805, 16.929955, 0.0
9570.0, 18.652842, -5.926541, -0.001835, 0.7805, 16.929955, 0.0
9586.0, 18.678925, -5.922791, -0.002037, 0.7805, 16.929955, 0.0
9586.0, 18.678925, -5.922791, -0.002037, 0.7805, 16.929955, 0.0
9603.0, 18.705458, -5.91925, -0.002231, 0.7805, 16.929955, 0.0
9620.0, 18.732445, -5.915922, -0.002418, 0.7805, 16.929955, 0.0
9620.0, 18.732445, -5.915922, -0.002418, 0.7805, 16.929955, 0.0
9638.0, 18.759884, -5.912806, -0.0026, 0.7805, 16.929955, 0.0
9638.0, 18.759884, -5.912806, -0.0026, 0.7805, 16.929955, 0.0
9653.0, 18.787775, -5.909903, -0.002776, 0.780898, 17.430111, 0.0
9670.0, 18.816118, -5.907214, -0.002949, 0.780898, 17.430111, 0.0
9670.0, 18.816118, -5.907214, -0.002949, 0.780898, 17.430111, 0.0
9687.0, 18.844912, -5.904742, -0.003118, 0.780898, 17.430111, 0.0
9688.0, 18.844912, -5.904742, -0.003118, 0.780898, 17.430111, 0.0
9703.0, 18.874197, -5.902483, -0.003285, 0.780898, 17.430111, 0.0
9722.0, 18.903898, -5.900446, -0.00345, 0.780898, 17.430111, 0.0
9722.0, 18.903898, -5.900446, -0.00345, 0.780898, 17.430111, 0.0
9739.0, 18.934044, -5.898628, -0.003614, 0.780898, 17.430111, 0.0
9739.0, 18.934044, -5.898628, -0.003614, 0.780898, 17.430111, 0.0
9753.0, 18.96464, -5.89703, -0.003777, 0.780898, 17.430111, 0.0
9771.0, 18.995684, -5.895654, -0.003938, 0.780898, 17.430111, 0.0
9771.0, 18.995684, -5.895654, -0.003938, 0.780898, 17.430111, 0.0
9786.0, 19.027174, -5.894503, -0.004099, 0.780898, 17.430111, 0.0
9786.0, 19.027174, -5.894503, -0.004099, 0.780898, 17.430111, 0.0
9803.0, 19.059113, -5.893576, -0.004259, 0.780898, 17.430111, 0.0
9820.0, 19.091497, -5.892875, -0.004418, 0.780898, 17.430111, 0.0
9820.0, 19.091497, -5.892875, -0.004418, 0.780898, 17.430111, 0.0
9837.0, 19.124327, -5.892402, -0.004578, 0.780898, 17.430111, 0.0
9837.0, 19.124327, -5.892402, -0.004578, 0.780898, 17.430111, 0.0
9852.0, 19.157614, -5.892158, -0.004742, 0.780898, 17.430111, 0.0
9869.0, 19.191349, -5.892145, -0.004906, 0.780898, 17.430111, 0.0
9869.0, 19.191349, -5.892145, -0.004906, 0.780898, 17.430111, 0.0
9886.0, 19.225527, -5.892365, -0.005067, 0.780898, 17.430111, 0.0
9886.0, 19.225527, -5.892365, -0.005067, 0.780898, 17.430111, 0.0
9903.0, 19.260145, -5.892821, -0.005226, 0.781296, 17.93017, 0.0
9920.0, 19.2952, -5.893513, -0.005384, 0.781296, 17.93017, 0.0
9920.0, 19.2952, -5.893513, -0.005384, 0.781296, 17.93017, 0.0
9938.0, 19.330742, -5.894444, -0.005541, 0.781296, 17.93017, 0.0
9938.0, 19.330742, -5.894444, -0.005541, 0.781296, 17.93017, 0.0
9953.0, 19.366659, -5.895615, -0.005693, 0.781296, 17.93017, 0.0
9970.0, 19.403011, -5.897027, -0.005846, 0.781296, 17.93017, 0.0
9970.0, 19.403011, -5.897027, -0.005846, 0.781296, 17.93017, 0.0
9987.0, 19.439796, -5.898685, -0.006001, 0.781296, 17.93017, 0.0
9987.0, 19.439796, -5.898685, -0.006001, 0.781296, 17.93017, 0.0
