1.0, 0.0, 0.0, 0.002231, 1.414777, -1.41365, 0.0
1.0, 0.0, 0.0, 0.002231, 1.414777, -1.41365, 0.0
16.0, -0.00005, -0.000251, -0.004077, 1.414777, -1.41365, 0.0
16.0, -0.00005, -0.000251, -0.004077, 1.414777, -1.41365, 0.0
31.0, 0.000002, -0.000356, -0.009547, 1.414777, -1.41365, 0.0
49.0, 0.000256, -0.000239, -0.012366, 1.414777, -1.41365, 0.0
49.0, 0.000256, -0.000239, -0.012366, 1.414777, -1.41365, 0.0
66.0, 0.000787, 0.00002, -0.013632, 1.414777, -1.41365, 0.0
66.0, 0.000787, 0.00002, -0.013632, 1.414777, -1.41365, 0.0
82.0, 0.00165, 0.000299, -0.013783, 1.414777, -1.41365, 0.0
100.0, 0.002883, 0.000474, -0.013172, 1.414777, -1.41365, 0.0
100.0, 0.002883, 0.000474, -0.013172, 1.414777, -1.41365, 0.0
116.0, 0.004431, 0.000468, -0.01204, 1.414777, -1.41365, 0.0
116.0, 0.004431, 0.000468, -0.01204, 1.414777, -1.41365, 0.0
131.0, 0.005941, 0.000295, -0.012843, 1.414777, -1.41365, 0.0
148.0, 0.007586, 0.000156, -0.014065, 1.414777, -1.41365, 0.0
148.0, 0.007586, 0.000156, -0.014065, 1.414777, -1.41365, 0.0
165.0, 0.009329, 0.000145, -0.014432, 1.414777, -1.41365, 0.0
165.0, 0.009329, 0.000145, -0.014432, 1.414777, -1.41365, 0.0
181.0, 0.011037, 0.000315, -0.013962, 1.414777, -1.41365, 0.0
200.0, 0.012698, 0.000753, -0.013031, 1.414777, -1.41365, 0.0
200.0, 0.012698, 0.000753, -0.013031, 1.414777, -1.41365, 0.0
215.0, 0.013912, 0.001099, -0.010819, 1.414777, -1.41365, 0.0
215.0, 0.013912, 0.001099, -0.010819, 1.414777, -1.41365, 0.0
231.0, 0.015086, 0.002264, -0.009156, 1.414777, -1.41365, 0.0
249.0, 0.016109, 0.00381, -0.007299, 1.414777, -1.41365, 0.0
249.0, 0.016109, 0.00381, -0.007299, 1.414777, -1.41365, 0.0
266.0, 0.016926, 0.005592, -0.005591, 1.414777, -1.41365, 0.0
266.0, 0.016926, 0.005592, -0.005591, 1.414777, -1.41365, 0.0
282.0, 0.017516, 0.007641, -0.003994, 1.414777, -1.41365, 0.0
300.0, 0.01783, 0.009921, -0.002655, 1.414777, -1.41365, 0.0
300.0, 0.01783, 0.009921, -0.002655, 1.414777, -1.41365, 0.0
316.0, 0.01783, 0.012446, -0.001476, 1.414777, -1.41365, 0.0
316.0, 0.01783, 0.012446, -0.001476, 1.414777, -1.41365, 0.0
331.0, 0.017483, 0.015225, -0.000422, 1.414777, -1.41365, 0.0
348.0, 0.016765, 0.018254, 0.000527, 1.414777, -1.41365, 0.0
348.0, 0.016765, 0.018254, 0.000527, 1.414777, -1.41365, 0.0
366.0, 0.015652, 0.021532, 0.001394, 1.414777, -1.41365, 0.0
366.0, 0.015652, 0.021532, 0.001394, 1.414777, -1.41365, 0.0
381.0, 0.014124, 0.025051, 0.002192, 1.414777, -1.41365, 0.0
399.0, 0.012167, 0.028806, 0.002932, 1.414777, -1.41365, 0.0
399.0, 0.012167, 0.028806, 0.002932, 1.414777, -1.41365, 0.0
416.0, 0.009769, 0.032786, 0.003622, 1.414777, -1.41365, 0.0
416.0, 0.009769, 0.032786, 0.003622, 1.414777, -1.41365, 0.0
431.0, 0.00692, 0.036983, 0.004265, 1.414777, -1.41365, 0.0
449.0, 0.003613, 0.041388, 0.004865, 1.414777, -1.41365, 0.0
449.0, 0.003613, 0.041388, 0.004865, 1.414777, -1.41365, 0.0
466.0, -0.000159, 0.045994, 0.005423, 1.414777, -1.41365, 0.0
466.0, -0.000159, 0.045994, 0.005423, 1.414777, -1.41365, 0.0
482.0, -0.004398, 0.050794, 0.00594, 1.414777, -1.41365, 0.0
500.0, -0.009108, 0.055784, 0.006416, 1.414777, -1.41365, 0.0
500.0, -0.009108, 0.055784, 0.006416, 1.414777, -1.41365, 0.0
516.0, -0.014293, 0.06096, 0.006855, 1.414777, -1.41365, 0.0
516.0, -0.014293, 0.06096, 0.006855, 1.414777, -1.41365, 0.0
532.0, -0.019953, 0.066316, 0.007257, 1.414777, -1.41365, 0.0
549.0, -0.026089, 0.071845, 0.007624, 1.414777, -1.41365, 0.0
549.0, -0.026089, 0.071845, 0.007624, 1.414777, -1.41365, 0.0
566.0, -0.032701, 0.077545, 0.007958, 1.414777, -1.41365, 0.0
566.0, -0.032701, 0.077545, 0.007958, 1.414777, -1.41365, 0.0
581.0, -0.039791, 0.083411, 0.00826, 1.414777, -1.41365, 0.0
599.0, -0.047357, 0.089442, 0.008535, 1.414777, -1.41365, 0.0
599.0, -0.047357, 0.089442, 0.008535, 1.414777, -1.41365, 0.0
614.0, -0.0554, 0.095633, 0.008784, 1.414777, -1.41365, 0.0
614.0, -0.0554, 0.095633, 0.008784, 1.414777, -1.41365, 0.0
631.0, -0.06392, 0.101984, 0.00901, 1.414777, -1.41365, 0.0
648.0, -0.072918, 0.108493, 0.009217, 1.414777, -1.41365, 0.0
648.0, -0.072918, 0.108493, 0.009217, 1.414777, -1.41365, 0.0
665.0, -0.082394, 0.115158, 0.009407, 1.414777, -1.41365, 0.0
665.0, -0.082394, 0.115158, 0.009407, 1.414777, -1.41365, 0.0
681.0, -0.092348, 0.121978, 0.009582, 1.414777, -1.41365, 0.0
699.0, -0.10278, 0.128953, 0.009743, 1.414777, -1.41365, 0.0
699.0, -0.10278, 0.128953, 0.009743, 1.414777, -1.41365, 0.0
716.0, -0.113691, 0.136082, 0.009894, 1.414777, -1.41365, 0.0
716.0, -0.113691, 0.136082, 0.009894, 1.414777, -1.41365, 0.0
732.0, -0.125078, 0.143365, 0.010036, 1.414777, -1.41365, 0.0
749.0, -0.136943, 0.150803, 0.01017, 1.414777, -1.41365, 0.0
749.0, -0.136943, 0.150803, 0.01017, 1.414777, -1.41365, 0.0
766.0, -0.149284, 0.158397, 0.010297, 1.414777, -1.41365, 0.0
766.0, -0.149284, 0.158397, 0.010297, 1.414777, -1.41365, 0.0
782.0, -0.162102, 0.166145, 0.010418, 1.414777, -1.41365, 0.0
800.0, -0.175396, 0.17405, 0.010534, 1.414777, -1.41365, 0.0
800.0, -0.175396, 0.17405, 0.010534, 1.414777, -1.41365, 0.0
814.0, -0.189166, 0.182112, 0.010647, 1.414777, -1.41365, 0.0
814.0, -0.189166, 0.182112, 0.010647, 1.414777, -1.41365, 0.0
831.0, -0.20341, 0.190333, 0.010757, 1.414777, -1.41365, 0.0
848.0, -0.218129, 0.198715, 0.010864, 1.414777, -1.41365, 0.0
848.0, -0.218129, 0.198715, 0.010864, 1.414777, -1.41365, 0.0
865.0, -0.23332, 0.207259, 0.01097, 1.414777, -1.41365, 0.0
865.0, -0.23332, 0.207259, 0.01097, 1.414777, -1.41365, 0.0
881.0, -0.248985, 0.215967, 0.011073, 1.414777, -1.41365, 0.0
899.0, -0.265122, 0.224841, 0.011176, 1.414777, -1.41365, 0.0
899.0, -0.265122, 0.224841, 0.011176, 1.414777, -1.41365, 0.0
916.0, -0.281732, 0.233874, 0.011279, 1.414777, -1.41365, 0.0
916.0, -0.281732, 0.233874, 0.011279, 1.414777, -1.41365, 0.0
931.0, -0.298818, 0.243061, 0.011382, 1.414777, -1.41365, 0.0
949.0, -0.316382, 0.252396, 0.011485, 1.414777, -1.41365, 0.0
949.0, -0.316382, 0.252396, 0.011485, 1.414777, -1.41365, 0.0
966.0, -0.334424, 0.261872, 0.011588, 1.414777, -1.41365, 0.0
966.0, -0.334424, 0.261872, 0.011588, 1.414777, -1.41365, 0.0
981.0, -0.352947, 0.271485, 0.011692, 1.414777, -1.41365, 0.0
1000.0, -0.371952, 0.28123, 0.011794, 1.414777, -1.41365, 0.0
1000.0, -0.371952, 0.28123, 0.011794, 1.414777, -1.41365, 0.0
1015.0, -0.391339, 0.291096, 0.011854, 1.414777, -1.41365, 0.0
1015.0, -0.391339, 0.291096, 0.011854, 1.414777, -1.41365, 0.0
1031.0, -0.410983, 0.301065, 0.011833, 1.414777, -1.41365, 0.0
1048.0, -0.430759, 0.311124, 0.011712, 1.414777, -1.41365, 0.0
1048.0, -0.430759, 0.311124, 0.011712, 1.414777, -1.41365, 0.0
1065.0, -0.450557, 0.321257, 0.011487, 1.414777, -1.41365, 0.0
1065.0, -0.450557, 0.321257, 0.011487, 1.414777, -1.41365, 0.0
1081.0, -0.470315, 0.331472, 0.011168, 1.414777, -1.41365, 0.0
1099.0, -0.489889, 0.341724, 0.010773, 1.414777, -1.41365, 0.0
1099.0, -0.489889, 0.341724, 0.010773, 1.414777, -1.41365, 0.0
1115.0, -0.509246, 0.352013, 0.010322, 1.414777, -1.41365, 0.0
1115.0, -0.509246, 0.352013, 0.010322, 1.414777, -1.41365, 0.0
1131.0, -0.528335, 0.362319, 0.009835, 1.414777, -1.41365, 0.0
1148.0, -0.547111, 0.372623, 0.009333, 1.414777, -1.41365, 0.0
1148.0, -0.547111, 0.372623, 0.009333, 1.414777, -1.41365, 0.0
1168.0, -0.565589, 0.382938, 0.00883, 1.414777, -1.41365, 0.0
1168.0, -0.565589, 0.382938, 0.00883, 1.414777, -1.41365, 0.0
1183.0, -0.58364, 0.393196, 0.008342, 1.414777, -1.41365, 0.0
1201.0, -0.601293, 0.403415, 0.007878, 1.414777, -1.41365, 0.0
1201.0, -0.601293, 0.403415, 0.007878, 1.414777, -1.41365, 0.0
1216.0, -0.618523, 0.413578, 0.007443, 1.414777, -1.41365, 0.0
1216.0, -0.618523, 0.413578, 0.007443, 1.414777, -1.41365, 0.0
1232.0, -0.635323, 0.423671, 0.007043, 1.414777, -1.41365, 0.0
1248.0, -0.651684, 0.433683, 0.006682, 1.414777, -1.41365, 0.0
1248.0, -0.651684, 0.433683, 0.006682, 1.414777, -1.41365, 0.0
1265.0, -0.667599, 0.443604, 0.006359, 1.414777, -1.41365, 0.0
1265.0, -0.667599, 0.443604, 0.006359, 1.414777, -1.41365, 0.0
1281.0, -0.683062, 0.453422, 0.006072, 1.414777, -1.41365, 0.0
1299.0, -0.698069, 0.463132, 0.005817, 1.414777, -1.41365, 0.0
1299.0, -0.698069, 0.463132, 0.005817, 1.414777, -1.41365, 0.0
1315.0, -0.712622, 0.472731, 0.005595, 1.414777, -1.41365, 0.0
1315.0, -0.712622, 0.472731, 0.005595, 1.414777, -1.41365, 0.0
1332.0, -0.726713, 0.482211, 0.005396, 1.414777, -1.41365, 0.0
1348.0, -0.740337, 0.491566, 0.005217, 1.414777, -1.41365, 0.0
1348.0, -0.740337, 0.491566, 0.005217, 1.414777, -1.41365, 0.0
1365.0, -0.753489, 0.500793, 0.005054, 1.414777, -1.41365, 0.0
1365.0, -0.753489, 0.500793, 0.005054, 1.414777, -1.41365, 0.0
1382.0, -0.766169, 0.509888, 0.004903, 1.414777, -1.41365, 0.0
1400.0, -0.778374, 0.518849, 0.004763, 1.414777, -1.41365, 0.0
1400.0, -0.778374, 0.518849, 0.004763, 1.414777, -1.41365, 0.0
1417.0, -0.79011, 0.527682, 0.004629, 1.414777, -1.41365, 0.0
1417.0, -0.79011, 0.527682, 0.004629, 1.414777, -1.41365, 0.0
1432.0, -0.80136, 0.536379, 0.0045, 1.414777, -1.41365, 0.0
1449.0, -0.812131, 0.544949, 0.004375, 1.414777, -1.41365, 0.0
1449.0, -0.812131, 0.544949, 0.004375, 1.414777, -1.41365, 0.0
1465.0, -0.822423, 0.553394, 0.004253, 1.414777, -1.41365, 0.0
1465.0, -0.822423, 0.553394, 0.004253, 1.414777, -1.41365, 0.0
1482.0, -0.832234, 0.561717, 0.004132, 1.414777, -1.41365, 0.0
1500.0, -0.841564, 0.569919, 0.004011, 1.414777, -1.41365, 0.0
1500.0, -0.841564, 0.569919, 0.004011, 1.414777, -1.41365, 0.0
1515.0, -0.850413, 0.578004, 0.003889, 1.414777, -1.41365, 0.0
1515.0, -0.850413, 0.578004, 0.003889, 1.414777, -1.41365, 0.0
1532.0, -0.858778, 0.585976, 0.003765, 1.414777, -1.41365, 0.0
1548.0, -0.86666, 0.593838, 0.003638, 1.414777, -1.41365, 0.0
1548.0, -0.86666, 0.593838, 0.003638, 1.414777, -1.41365, 0.0
1565.0, -0.874058, 0.601593, 0.003508, 1.414777, -1.41365, 0.0
1565.0, -0.874058, 0.601593, 0.003508, 1.414777, -1.41365, 0.0
1582.0, -0.88097, 0.609244, 0.003374, 1.414777, -1.41365, 0.0
1600.0, -0.887398, 0.616793, 0.003236, 1.414777, -1.41365, 0.0
1600.0, -0.887398, 0.616793, 0.003236, 1.414777, -1.41365, 0.0
1615.0, -0.89344, 0.624262, 0.003134, 1.414777, -1.41365, 0.0
1615.0, -0.89344, 0.624262, 0.003134, 1.414777, -1.41365, 0.0
1632.0, -0.899219, 0.631681, 0.003109, 1.414777, -1.41365, 0.0
1648.0, -0.904856, 0.639079, 0.003181, 1.414777, -1.41365, 0.0
1648.0, -0.904856, 0.639079, 0.003181, 1.414777, -1.41365, 0.0
1667.0, -0.910458, 0.646482, 0.00336, 1.414777, -1.41365, 0.0
1667.0, -0.910458, 0.646482, 0.00336, 1.414777, -1.41365, 0.0
1682.0, -0.91612, 0.65391, 0.003639, 1.414777, -1.41365, 0.0
1700.0, -0.921918, 0.661379, 0.004006, 1.414777, -1.41365, 0.0
1700.0, -0.921918, 0.661379, 0.004006, 1.414777, -1.41365, 0.0
1715.0, -0.927919, 0.668901, 0.004443, 1.414777, -1.41365, 0.0
1715.0, -0.927919, 0.668901, 0.004443, 1.414777, -1.41365, 0.0
1731.0, -0.934177, 0.676483, 0.004932, 1.414777, -1.41365, 0.0
1748.0, -0.940736, 0.684127, 0.005455, 1.414777, -1.41365, 0.0
1748.0, -0.940736, 0.684127, 0.005455, 1.414777, -1.41365, 0.0
1765.0, -0.947635, 0.691838, 0.005993, 1.414777, -1.41365, 0.0
1765.0, -0.947635, 0.691838, 0.005993, 1.414777, -1.41365, 0.0
1782.0, -0.954902, 0.699618, 0.006532, 1.414777, -1.41365, 0.0
1802.0, -0.962564, 0.707466, 0.007061, 1.414777, -1.41365, 0.0
1802.0, -0.962564, 0.707466, 0.007061, 1.414777, -1.41365, 0.0
1815.0, -0.970539, 0.715373, 0.007526, 1.414777, -1.41365, 0.0
1815.0, -0.970539, 0.715373, 0.007526, 1.414777, -1.41365, 0.0
1832.0, -0.978717, 0.723322, 0.007883, 1.414777, -1.41365, 0.0
1849.0, -0.986988, 0.731296, 0.008104, 1.414777, -1.41365, 0.0
1849.0, -0.986988, 0.731296, 0.008104, 1.414777, -1.41365, 0.0
1865.0, -0.99525, 0.739283, 0.008183, 1.414777, -1.41365, 0.0
1865.0, -0.99525, 0.739283, 0.008183, 1.414777, -1.41365, 0.0
1882.0, -1.003476, 0.747327, 0.008126, 1.414777, -1.41365, 0.0
1901.0, -1.011472, 0.755302, 0.00795, 1.414777, -1.41365, 0.0
1901.0, -1.011472, 0.755302, 0.00795, 1.414777, -1.41365, 0.0
1915.0, -1.019237, 0.763254, 0.007673, 1.414777, -1.41365, 0.0
1915.0, -1.019237, 0.763254, 0.007673, 1.414777, -1.41365, 0.0
1932.0, -1.026717, 0.771169, 0.007322, 1.414777, -1.41365, 0.0
1948.0, -1.033878, 0.779042, 0.006918, 1.414777, -1.41365, 0.0
1948.0, -1.033878, 0.779042, 0.006918, 1.414777, -1.41365, 0.0
1965.0, -1.040688, 0.786867, 0.006483, 1.414777, -1.41365, 0.0
1965.0, -1.040688, 0.786867, 0.006483, 1.414777, -1.41365, 0.0
1982.0, -1.047121, 0.79464, 0.006032, 1.414777, -1.41365, 0.0
2000.0, -1.053155, 0.802354, 0.005578, 1.414777, -1.41365, 0.0
2000.0, -1.053155, 0.802354, 0.005578, 1.414777, -1.41365, 0.0
2016.0, -1.058778, 0.81001, 0.005133, 1.414777, -1.41365, 0.0
2016.0, -1.058778, 0.81001, 0.005133, 1.414777, -1.41365, 0.0
2032.0, -1.063972, 0.817594, 0.004703, 1.414777, -1.41365, 0.0
2048.0, -1.068727, 0.825099, 0.00429, 1.414777, -1.41365, 0.0
2048.0, -1.068727, 0.825099, 0.00429, 1.414777, -1.41365, 0.0
2066.0, -1.073035, 0.832516, 0.003899, 1.414777, -1.41365, 0.0
2066.0, -1.073035, 0.832516, 0.003899, 1.414777, -1.41365, 0.0
2082.0, -1.076888, 0.839842, 0.00353, 1.414777, -1.41365, 0.0
2100.0, -1.080282, 0.847073, 0.003183, 1.414777, -1.41365, 0.0
2100.0, -1.080282, 0.847073, 0.003183, 1.414777, -1.41365, 0.0
2115.0, -1.08331, 0.854228, 0.002901, 1.414777, -1.41365, 0.0
2115.0, -1.08331, 0.854228, 0.002901, 1.414777, -1.41365, 0.0
2132.0, -1.086089, 0.861339, 0.002717, 1.414777, -1.41365, 0.0
2148.0, -1.088735, 0.868432, 0.002653, 1.414777, -1.41365, 0.0
2148.0, -1.088735, 0.868432, 0.002653, 1.414777, -1.41365, 0.0
2165.0, -1.09135, 0.875532, 0.002714, 1.414777, -1.41365, 0.0
2165.0, -1.09135, 0.875532, 0.002714, 1.414777, -1.41365, 0.0
2181.0, -1.094024, 0.882661, 0.002891, 1.414777, -1.41365, 0.0
2199.0, -1.096833, 0.889834, 0.003171, 1.414777, -1.41365, 0.0
2199.0, -1.096833, 0.889834, 0.003171, 1.414777, -1.41365, 0.0
2215.0, -1.099841, 0.897059, 0.003536, 1.414777, -1.41365, 0.0
2215.0, -1.099841, 0.897059, 0.003536, 1.414777, -1.41365, 0.0
2232.0, -1.103104, 0.904339, 0.003966, 1.414777, -1.41365, 0.0
2249.0, -1.106666, 0.911673, 0.004442, 1.414777, -1.41365, 0.0
2249.0, -1.106666, 0.911673, 0.004442, 1.414777, -1.41365, 0.0
2265.0, -1.110564, 0.919062, 0.004946, 1.414777, -1.41365, 0.0
2265.0, -1.110564, 0.919062, 0.004946, 1.414777, -1.41365, 0.0
2282.0, -1.11483, 0.926504, 0.005463, 1.414777, -1.41365, 0.0
2300.0, -1.119489, 0.933999, 0.005981, 1.414777, -1.41365, 0.0
2300.0, -1.119489, 0.933999, 0.005981, 1.414777, -1.41365, 0.0
2321.0, -1.124463, 0.941537, 0.006447, 1.414777, -1.41365, 0.0
2321.0, -1.124463, 0.941537, 0.006447, 1.414777, -1.41365, 0.0
2333.0, -1.129734, 0.949236, 0.00682, 1.414777, -1.41365, 0.0
2353.0, -1.13501, 0.956814, 0.007058, 1.414777, -1.41365, 0.0
2353.0, -1.13501, 0.956814, 0.007058, 1.414777, -1.41365, 0.0
2367.0, -1.140282, 0.964395, 0.007158, 1.414777, -1.41365, 0.0
2367.0, -1.140282, 0.964395, 0.007158, 1.414777, -1.41365, 0.0
2383.0, -1.145463, 0.971968, 0.007123, 1.414777, -1.41365, 0.0
2399.0, -1.150481, 0.979523, 0.006968, 1.414777, -1.41365, 0.0
2399.0, -1.150481, 0.979523, 0.006968, 1.414777, -1.41365, 0.0
2415.0, -1.155265, 0.987031, 0.006708, 1.414777, -1.41365, 0.0
2415.0, -1.155265, 0.987031, 0.006708, 1.414777, -1.41365, 0.0
2431.0, -1.159774, 0.994491, 0.00637, 1.414777, -1.41365, 0.0
2448.0, -1.163973, 1.001895, 0.005976, 1.414777, -1.41365, 0.0
2449.0, -1.163973, 1.001895, 0.005976, 1.414777, -1.41365, 0.0
2465.0, -1.16783, 1.009234, 0.005547, 1.414777, -1.41365, 0.0
2465.0, -1.16783, 1.009234, 0.005547, 1.414777, -1.41365, 0.0
2482.0, -1.171319, 1.016502, 0.005097, 1.414777, -1.41365, 0.0
2499.0, -1.174419, 1.023691, 0.004642, 1.414777, -1.41365, 0.0
2499.0, -1.174419, 1.023691, 0.004642, 1.414777, -1.41365, 0.0
2516.0, -1.177119, 1.030809, 0.004193, 1.414777, -1.41365, 0.0
2516.0, -1.177119, 1.030809, 0.004193, 1.414777, -1.41365, 0.0
2532.0, -1.1794, 1.037839, 0.003757, 1.414777, -1.41365, 0.0
2550.0, -1.18125, 1.044773, 0.003341, 1.414777, -1.41365, 0.0
2550.0, -1.18125, 1.044773, 0.003341, 1.414777, -1.41365, 0.0
2566.0, -1.18266, 1.051604, 0.002949, 1.414777, -1.41365, 0.0
2566.0, -1.18266, 1.051604, 0.002949, 1.414777, -1.41365, 0.0
2583.0, -1.183624, 1.058331, 0.002587, 1.414777, -1.41365, 0.0
2601.0, -1.184135, 1.06495, 0.002257, 1.414777, -1.41365, 0.0
2601.0, -1.184135, 1.06495, 0.002257, 1.414777, -1.41365, 0.0
2616.0, -1.184286, 1.071478, 0.002001, 1.414777, -1.41365, 0.0
2616.0, -1.184286, 1.071478, 0.002001, 1.414777, -1.41365, 0.0
2632.0, -1.18419, 1.077935, 0.001851, 1.414777, -1.41365, 0.0
2650.0, -1.18396, 1.084344, 0.001822, 1.414777, -1.41365, 0.0
2650.0, -1.18396, 1.084344, 0.001822, 1.414777, -1.41365, 0.0
2665.0, -1.183699, 1.090714, 0.001912, 1.414777, -1.41365, 0.0
2665.0, -1.183699, 1.090714, 0.001912, 1.414777, -1.41365, 0.0
2682.0, -1.183496, 1.097064, 0.00211, 1.414777, -1.41365, 0.0
2699.0, -1.183426, 1.103404, 0.002397, 1.414777, -1.41365, 0.0
2699.0, -1.183426, 1.103404, 0.002397, 1.414777, -1.41365, 0.0
2715.0, -1.183554, 1.109736, 0.002751, 1.414777, -1.41365, 0.0
2715.0, -1.183554, 1.109736, 0.002751, 1.414777, -1.41365, 0.0
2732.0, -1.183933, 1.116057, 0.003153, 1.414777, -1.41365, 0.0
2749.0, -1.184606, 1.122363, 0.003583, 1.414777, -1.41365, 0.0
2749.0, -1.184606, 1.122363, 0.003583, 1.414777, -1.41365, 0.0
2766.0, -1.185612, 1.128651, 0.004024, 1.414777, -1.41365, 0.0
2766.0, -1.185612, 1.128651, 0.004024, 1.414777, -1.41365, 0.0
2782.0, -1.18698, 1.134917, 0.004466, 1.414777, -1.41365, 0.0
2800.0, -1.188736, 1.141159, 0.0049, 1.414777, -1.41365, 0.0
2800.0, -1.188736, 1.141159, 0.0049, 1.414777, -1.41365, 0.0
2816.0, -1.190902, 1.147374, 0.00532, 1.414777, -1.41365, 0.0
2816.0, -1.190902, 1.147374, 0.00532, 1.414777, -1.41365, 0.0
2833.0, -1.193535, 1.153659, 0.005731, 1.414777, -1.41365, 0.0
2849.0, -1.196574, 1.159811, 0.006119, 1.414777, -1.41365, 0.0
2849.0, -1.196574, 1.159811, 0.006119, 1.414777, -1.41365, 0.0
2866.0, -1.200077, 1.165943, 0.006492, 1.414777, -1.41365, 0.0
2866.0, -1.200077, 1.165943, 0.006492, 1.414777, -1.41365, 0.0
2883.0, -1.204039, 1.172026, 0.006845, 1.414777, -1.41365, 0.0
2901.0, -1.208474, 1.178071, 0.007179, 1.414777, -1.41365, 0.0
2901.0, -1.208474, 1.178071, 0.007179, 1.414777, -1.41365, 0.0
2915.0, -1.21328, 1.184058, 0.007448, 1.414777, -1.41365, 0.0
2915.0, -1.21328, 1.184058, 0.007448, 1.414777, -1.41365, 0.0
2932.0, -1.218343, 1.189988, 0.007619, 1.414777, -1.41365, 0.0
2948.0, -1.223548, 1.195856, 0.007669, 1.414777, -1.41365, 0.0
2948.0, -1.223548, 1.195856, 0.007669, 1.414777, -1.41365, 0.0
2965.0, -1.228788, 1.201656, 0.007594, 1.414777, -1.41365, 0.0
2965.0, -1.228788, 1.201656, 0.007594, 1.414777, -1.41365, 0.0
2982.0, -1.233971, 1.207382, 0.007399, 1.414777, -1.41365, 0.0
3000.0, -1.239018, 1.213032, 0.0071, 1.414777, -1.41365, 0.0
3000.0, -1.239018, 1.213032, 0.0071, 1.414777, -1.41365, 0.0
3016.0, -1.243879, 1.218601, 0.006721, 1.414777, -1.41365, 0.0
3016.0, -1.243879, 1.218601, 0.006721, 1.414777, -1.41365, 0.0
3032.0, -1.248497, 1.22406, 0.006278, 1.414777, -1.41365, 0.0
