1.0, 0.0, 0.0, 0.002231, 3.695057, -1.531846, 0.0
15.0, -0.00012, -0.000247, -0.004066, 3.695057, -1.531846, 0.0
15.0, -0.00012, -0.000247, -0.004066, 3.695057, -1.531846, 0.0
32.0, -0.000393, -0.000331, -0.009464, 3.695057, -1.531846, 0.0
32.0, -0.000393, -0.000331, -0.009464, 3.695057, -1.531846, 0.0
48.0, -0.000832, -0.00017, -0.012069, 3.695057, -1.531846, 0.0
66.0, -0.00147, 0.000159, -0.013006, 3.695057, -1.531846, 0.0
66.0, -0.00147, 0.000159, -0.013006, 3.695057, -1.531846, 0.0
82.0, -0.002319, 0.000581, -0.012735, 3.695057, -1.531846, 0.0
82.0, -0.002319, 0.000581, -0.012735, 3.695057, -1.531846, 0.0
99.0, -0.003382, 0.00103, -0.011635, 3.695057, -1.531846, 0.0
116.0, -0.00468, 0.001451, -0.009983, 3.695057, -1.531846, 0.0
116.0, -0.00468, 0.001451, -0.009983, 3.695057, -1.531846, 0.0
132.0, -0.006044, 0.001707, -0.008131, 3.695057, -1.531846, 0.0
132.0, -0.006044, 0.001707, -0.008131, 3.695057, -1.531846, 0.0
149.0, -0.007638, 0.002251, -0.006207, 3.695057, -1.531846, 0.0
167.0, -0.009542, 0.003121, -0.003967, 3.695057, -1.531846, 0.0
167.0, -0.009542, 0.003121, -0.003967, 3.695057, -1.531846, 0.0
182.0, -0.011744, 0.00429, -0.001375, 3.695057, -1.531846, 0.0
182.0, -0.011744, 0.00429, -0.001375, 3.695057, -1.531846, 0.0
200.0, -0.014256, 0.005862, 0.001148, 3.695057, -1.531846, 0.0
215.0, -0.01655, 0.007528, 0.000933, 3.695057, -1.531846, 0.0
215.0, -0.01655, 0.007528, 0.000933, 3.695057, -1.531846, 0.0
232.0, -0.019468, 0.010052, 0.00163, 3.695057, -1.531846, 0.0
232.0, -0.019468, 0.010052, 0.00163, 3.695057, -1.531846, 0.0
249.0, -0.022741, 0.013067, 0.002464, 3.695057, -1.531846, 0.0
267.0, -0.026304, 0.016509, 0.003205, 3.695057, -1.531846, 0.0
267.0, -0.026304, 0.016509, 0.003205, 3.695057, -1.531846, 0.0
282.0, -0.030175, 0.020368, 0.003864, 3.695057, -1.531846, 0.0
282.0, -0.030175, 0.020368, 0.003864, 3.695057, -1.531846, 0.0
298.0, -0.034348, 0.024618, 0.0045, 3.695057, -1.531846, 0.0
314.0, -0.038829, 0.029249, 0.005053, 3.695057, -1.531846, 0.0
314.0, -0.038829, 0.029249, 0.005053, 3.695057, -1.531846, 0.0
332.0, -0.043611, 0.034259, 0.005584, 3.695057, -1.531846, 0.0
332.0, -0.043611, 0.034259, 0.005584, 3.695057, -1.531846, 0.0
349.0, -0.048702, 0.039648, 0.006037, 3.695057, -1.531846, 0.0
367.0, -0.054099, 0.045415, 0.006477, 3.695057, -1.531846, 0.0
367.0, -0.054099, 0.045415, 0.006477, 3.695057, -1.531846, 0.0
386.0, -0.059809, 0.051561, 0.00685, 3.695057, -1.531846, 0.0
386.0, -0.059809, 0.051561, 0.00685, 3.695057, -1.531846, 0.0
398.0, -0.065829, 0.058086, 0.007221, 3.695057, -1.531846, 0.0
419.0, -0.073079, 0.065987, 0.007583, 3.695057, -1.531846, 0.0
419.0, -0.073079, 0.065987, 0.007583, 3.695057, -1.531846, 0.0
434.0, -0.079757, 0.073306, 0.007935, 3.695057, -1.531846, 0.0
434.0, -0.079757, 0.073306, 0.007935, 3.695057, -1.531846, 0.0
451.0, -0.086949, 0.081221, 0.008244, 3.695057, -1.531846, 0.0
451.0, -0.086949, 0.081221, 0.008244, 3.695057, -1.531846, 0.0
468.0, -0.094299, 0.089341, 0.008559, 3.695057, -1.531846, 0.0
484.0, -0.101833, 0.097689, 0.008766, 3.695057, -1.531846, 0.0
484.0, -0.101833, 0.097689, 0.008766, 3.695057, -1.531846, 0.0
502.0, -0.109643, 0.106365, 0.008998, 3.695057, -1.531846, 0.0
502.0, -0.109643, 0.106365, 0.008998, 3.695057, -1.531846, 0.0
519.0, -0.117771, 0.115417, 0.009207, 3.695057, -1.531846, 0.0
534.0, -0.126228, 0.124857, 0.009465, 3.695057, -1.531846, 0.0
534.0, -0.126228, 0.124857, 0.009465, 3.695057, -1.531846, 0.0
552.0, -0.135329, 0.135035, 0.009711, 3.695057, -1.531846, 0.0
552.0, -0.135329, 0.135035, 0.009711, 3.695057, -1.531846, 0.0
570.0, -0.144469, 0.145275, 0.009997, 3.695057, -1.531846, 0.0
585.0, -0.154095, 0.15608, 0.010309, 3.695057, -1.531846, 0.0
585.0, -0.154095, 0.15608, 0.010309, 3.695057, -1.531846, 0.0
602.0, -0.164101, 0.167329, 0.010647, 3.695057, -1.531846, 0.0
602.0, -0.164101, 0.167329, 0.010647, 3.695057, -1.531846, 0.0
619.0, -0.174444, 0.178974, 0.010922, 3.695057, -1.531846, 0.0
636.0, -0.185527, 0.191467, 0.011213, 3.695057, -1.531846, 0.0
636.0, -0.185527, 0.191467, 0.011213, 3.695057, -1.531846, 0.0
652.0, -0.196509, 0.203863, 0.011439, 3.695057, -1.531846, 0.0
652.0, -0.196509, 0.203863, 0.011439, 3.695057, -1.531846, 0.0
670.0, -0.207807, 0.216629, 0.011683, 3.695057, -1.531846, 0.0
670.0, -0.207807, 0.216629, 0.011683, 3.695057, -1.531846, 0.0
687.0, -0.220129, 0.230568, 0.011889, 3.695057, -1.531846, 0.0
705.0, -0.23206, 0.244082, 0.012123, 3.695057, -1.531846, 0.0
705.0, -0.23206, 0.244082, 0.012123, 3.695057, -1.531846, 0.0
722.0, -0.244313, 0.257976, 0.012318, 3.695057, -1.531846, 0.0
722.0, -0.244313, 0.257976, 0.012318, 3.695057, -1.531846, 0.0
737.0, -0.256881, 0.272247, 0.012545, 3.695057, -1.531846, 0.0
756.0, -0.270823, 0.288097, 0.012751, 3.695057, -1.531846, 0.0
756.0, -0.270823, 0.288097, 0.012751, 3.695057, -1.531846, 0.0
773.0, -0.28404, 0.303142, 0.012993, 3.695057, -1.531846, 0.0
773.0, -0.28404, 0.303142, 0.012993, 3.695057, -1.531846, 0.0
789.0, -0.297437, 0.318412, 0.013141, 3.695057, -1.531846, 0.0
805.0, -0.311107, 0.334015, 0.01333, 3.695057, -1.531846, 0.0
805.0, -0.311107, 0.334015, 0.01333, 3.695057, -1.531846, 0.0
822.0, -0.325093, 0.350003, 0.013507, 3.695057, -1.531846, 0.0
822.0, -0.325093, 0.350003, 0.013507, 3.695057, -1.531846, 0.0
838.0, -0.339406, 0.366391, 0.013746, 3.695057, -1.531846, 0.0
856.0, -0.354052, 0.383191, 0.013968, 3.695057, -1.531846, 0.0
856.0, -0.354052, 0.383191, 0.013968, 3.695057, -1.531846, 0.0
874.0, -0.369027, 0.400397, 0.01424, 3.695057, -1.531846, 0.0
874.0, -0.369027, 0.400397, 0.01424, 3.695057, -1.531846, 0.0
888.0, -0.384569, 0.41829, 0.014579, 3.695057, -1.531846, 0.0
905.0, -0.400504, 0.436669, 0.014945, 3.695057, -1.531846, 0.0
905.0, -0.400504, 0.436669, 0.014945, 3.695057, -1.531846, 0.0
921.0, -0.416762, 0.455456, 0.015231, 3.695057, -1.531846, 0.0
921.0, -0.416762, 0.455456, 0.015231, 3.695057, -1.531846, 0.0
938.0, -0.433313, 0.474613, 0.015509, 3.695057, -1.531846, 0.0
955.0, -0.450152, 0.494137, 0.015713, 3.695057, -1.531846, 0.0
955.0, -0.450152, 0.494137, 0.015713, 3.695057, -1.531846, 0.0
977.0, -0.468635, 0.515598, 0.015949, 3.695057, -1.531846, 0.0
977.0, -0.468635, 0.515598, 0.015949, 3.695057, -1.531846, 0.0
990.0, -0.485916, 0.535684, 0.016068, 3.695057, -1.531846, 0.0
990.0, -0.485916, 0.535684, 0.016068, 3.695057, -1.531846, 0.0
1007.0, -0.503469, 0.556087, 0.016232, 3.695057, -1.531846, 0.0
1023.0, -0.521341, 0.57685, 0.016387, 3.695057, -1.531846, 0.0
1023.0, -0.521341, 0.57685, 0.016387, 3.695057, -1.531846, 0.0
1040.0, -0.539551, 0.597984, 0.01661, 3.695057, -1.531846, 0.0
1040.0, -0.539551, 0.597984, 0.01661, 3.695057, -1.531846, 0.0
1057.0, -0.558112, 0.619494, 0.016823, 3.695057, -1.531846, 0.0
1075.0, -0.577027, 0.641374, 0.017093, 3.695057, -1.531846, 0.0
1075.0, -0.577027, 0.641374, 0.017093, 3.695057, -1.531846, 0.0
1093.0, -0.597905, 0.665539, 0.01739, 3.695057, -1.531846, 0.0
1093.0, -0.597905, 0.665539, 0.01739, 3.695057, -1.531846, 0.0
1109.0, -0.619403, 0.69051, 0.01766, 3.695057, -1.531846, 0.0
1109.0, -0.619403, 0.69051, 0.01766, 3.695057, -1.531846, 0.0
1126.0, -0.639005, 0.713435, 0.01774, 3.695057, -1.531846, 0.0
1143.0, -0.658547, 0.736488, 0.017723, 3.695057, -1.531846, 0.0
1143.0, -0.658547, 0.736488, 0.017723, 3.695057, -1.531846, 0.0
1160.0, -0.677942, 0.759611, 0.01754, 3.695057, -1.531846, 0.0
1160.0, -0.677942, 0.759611, 0.01754, 3.695057, -1.531846, 0.0
1176.0, -0.699012, 0.785111, 0.018057, 3.695057, -1.531846, 0.0
1193.0, -0.720269, 0.811274, 0.018305, 3.695057, -1.531846, 0.0
1193.0, -0.720269, 0.811274, 0.018305, 3.695057, -1.531846, 0.0
1210.0, -0.741082, 0.837385, 0.018147, 3.695057, -1.531846, 0.0
1210.0, -0.741082, 0.837385, 0.018147, 3.695057, -1.531846, 0.0
1226.0, -0.761221, 0.863198, 0.017548, 3.695057, -1.531846, 0.0
1243.0, -0.78062, 0.888663, 0.016718, 3.695057, -1.531846, 0.0
1243.0, -0.78062, 0.888663, 0.016718, 3.695057, -1.531846, 0.0
1262.0, -0.799289, 0.913825, 0.015707, 3.695057, -1.531846, 0.0
1262.0, -0.799289, 0.913825, 0.015707, 3.695057, -1.531846, 0.0
1276.0, -0.815759, 0.936602, 0.014109, 3.695057, -1.531846, 0.0
1293.0, -0.831217, 0.958642, 0.012637, 3.695057, -1.531846, 0.0
1293.0, -0.831217, 0.958642, 0.012637, 3.695057, -1.531846, 0.0
1310.0, -0.846152, 0.980649, 0.011608, 3.695057, -1.531846, 0.0
1310.0, -0.846152, 0.980649, 0.011608, 3.695057, -1.531846, 0.0
1328.0, -0.863073, 1.006465, 0.010842, 3.695057, -1.531846, 0.0
1328.0, -0.863073, 1.006465, 0.010842, 3.695057, -1.531846, 0.0
1345.0, -0.877344, 1.029133, 0.010574, 3.695057, -1.531846, 0.0
1363.0, -0.89132, 1.052215, 0.010517, 3.695057, -1.531846, 0.0
1363.0, -0.89132, 1.052215, 0.010517, 3.695057, -1.531846, 0.0
1379.0, -0.904755, 1.075271, 0.01058, 3.695057, -1.531846, 0.0
1379.0, -0.904755, 1.075271, 0.01058, 3.695057, -1.531846, 0.0
1395.0, -0.917795, 1.098547, 0.010712, 3.695057, -1.531846, 0.0
1413.0, -0.930483, 1.122123, 0.010988, 3.695057, -1.531846, 0.0
1413.0, -0.930483, 1.122123, 0.010988, 3.695057, -1.531846, 0.0
1429.0, -0.942815, 1.145998, 0.011274, 3.695057, -1.531846, 0.0
1429.0, -0.942815, 1.145998, 0.011274, 3.695057, -1.531846, 0.0
1445.0, -0.954781, 1.17016, 0.011633, 3.695057, -1.531846, 0.0
1463.0, -0.966366, 1.194589, 0.01194, 3.695057, -1.531846, 0.0
1463.0, -0.966366, 1.194589, 0.01194, 3.695057, -1.531846, 0.0
1481.0, -0.97885, 1.222128, 0.0124, 3.695057, -1.531846, 0.0
1481.0, -0.97885, 1.222128, 0.0124, 3.695057, -1.531846, 0.0
1498.0, -0.990511, 1.249141, 0.012722, 3.695057, -1.531846, 0.0
1515.0, -1.00099, 1.27468, 0.012994, 3.695057, -1.531846, 0.0
1515.0, -1.00099, 1.27468, 0.012994, 3.695057, -1.531846, 0.0
1531.0, -1.010985, 1.300302, 0.013134, 3.695057, -1.531846, 0.0
1531.0, -1.010985, 1.300302, 0.013134, 3.695057, -1.531846, 0.0
1547.0, -1.020488, 1.325957, 0.01326, 3.695057, -1.531846, 0.0
1566.0, -1.029499, 1.35163, 0.013279, 3.695057, -1.531846, 0.0
1566.0, -1.029499, 1.35163, 0.013279, 3.695057, -1.531846, 0.0
1582.0, -1.037879, 1.376864, 0.013249, 3.695057, -1.531846, 0.0
1582.0, -1.037879, 1.376864, 0.013249, 3.695057, -1.531846, 0.0
1599.0, -1.045738, 1.401963, 0.013145, 3.695057, -1.531846, 0.0
1618.0, -1.053454, 1.428182, 0.013101, 3.695057, -1.531846, 0.0
1618.0, -1.053454, 1.428182, 0.013101, 3.695057, -1.531846, 0.0
1637.0, -1.060355, 1.453275, 0.013011, 3.695057, -1.531846, 0.0
1637.0, -1.060355, 1.453275, 0.013011, 3.695057, -1.531846, 0.0
1650.0, -1.066788, 1.478389, 0.01299, 3.695057, -1.531846, 0.0
1650.0, -1.066788, 1.478389, 0.01299, 3.695057, -1.531846, 0.0
1666.0, -1.072756, 1.503518, 0.012923, 3.695057, -1.531846, 0.0
1682.0, -1.078417, 1.528976, 0.012992, 3.695057, -1.531846, 0.0
1682.0, -1.078417, 1.528976, 0.012992, 3.695057, -1.531846, 0.0
1700.0, -1.083874, 1.554713, 0.01308, 3.695057, -1.531846, 0.0
1700.0, -1.083874, 1.554713, 0.01308, 3.695057, -1.531846, 0.0
1716.0, -1.089154, 1.580334, 0.013308, 3.695057, -1.531846, 0.0
1734.0, -1.094392, 1.605983, 0.013563, 3.695057, -1.531846, 0.0
1734.0, -1.094392, 1.605983, 0.013563, 3.695057, -1.531846, 0.0
1750.0, -1.099673, 1.631657, 0.013956, 3.695057, -1.531846, 0.0
1750.0, -1.099673, 1.631657, 0.013956, 3.695057, -1.531846, 0.0
1766.0, -1.105076, 1.657375, 0.014358, 3.695057, -1.531846, 0.0
1782.0, -1.110689, 1.683246, 0.01488, 3.695057, -1.531846, 0.0
1782.0, -1.110689, 1.683246, 0.01488, 3.695057, -1.531846, 0.0
1799.0, -1.116553, 1.709203, 0.015379, 3.695057, -1.531846, 0.0
1799.0, -1.116553, 1.709203, 0.015379, 3.695057, -1.531846, 0.0
1815.0, -1.122707, 1.73521, 0.015946, 3.695057, -1.531846, 0.0
1832.0, -1.129188, 1.761263, 0.016455, 3.695057, -1.531846, 0.0
1832.0, -1.129188, 1.761263, 0.016455, 3.695057, -1.531846, 0.0
1849.0, -1.136025, 1.787355, 0.017004, 3.695057, -1.531846, 0.0
1849.0, -1.136025, 1.787355, 0.017004, 3.695057, -1.531846, 0.0
1867.0, -1.143247, 1.813494, 0.017473, 3.695057, -1.531846, 0.0
1883.0, -1.150879, 1.839688, 0.017969, 3.695057, -1.531846, 0.0
1883.0, -1.150879, 1.839688, 0.017969, 3.695057, -1.531846, 0.0
1900.0, -1.158938, 1.865929, 0.018375, 3.695057, -1.531846, 0.0
1900.0, -1.158938, 1.865929, 0.018375, 3.695057, -1.531846, 0.0
1916.0, -1.167437, 1.892202, 0.018797, 3.695057, -1.531846, 0.0
1934.0, -1.176388, 1.918509, 0.019127, 3.695057, -1.531846, 0.0
1934.0, -1.176388, 1.918509, 0.019127, 3.695057, -1.531846, 0.0
1949.0, -1.185801, 1.94484, 0.019472, 3.695057, -1.531846, 0.0
1949.0, -1.185801, 1.94484, 0.019472, 3.695057, -1.531846, 0.0
1966.0, -1.195686, 1.971201, 0.019728, 3.695057, -1.531846, 0.0
1983.0, -1.205948, 1.99756, 0.019961, 3.695057, -1.531846, 0.0
1983.0, -1.205948, 1.99756, 0.019961, 3.695057, -1.531846, 0.0
2000.0, -1.216474, 2.023896, 0.020031, 3.695057, -1.531846, 0.0
2000.0, -1.216474, 2.023896, 0.020031, 3.695057, -1.531846, 0.0
2015.0, -1.227144, 2.050174, 0.020026, 3.695057, -1.531846, 0.0
2033.0, -1.237905, 2.07649, 0.019838, 3.695057, -1.531846, 0.0
2033.0, -1.237905, 2.07649, 0.019838, 3.695057, -1.531846, 0.0
2049.0, -1.248569, 2.102586, 0.019584, 3.695057, -1.531846, 0.0
2049.0, -1.248569, 2.102586, 0.019584, 3.695057, -1.531846, 0.0
2067.0, -1.259113, 2.128568, 0.019179, 3.695057, -1.531846, 0.0
2082.0, -1.269475, 2.154387, 0.018748, 3.695057, -1.531846, 0.0
2082.0, -1.269475, 2.154387, 0.018748, 3.695057, -1.531846, 0.0
2099.0, -1.279622, 2.180029, 0.018217, 3.695057, -1.531846, 0.0
2099.0, -1.279622, 2.180029, 0.018217, 3.695057, -1.531846, 0.0
2115.0, -1.28952, 2.205464, 0.017711, 3.695057, -1.531846, 0.0
2133.0, -1.299149, 2.230678, 0.017145, 3.695057, -1.531846, 0.0
2133.0, -1.299149, 2.230678, 0.017145, 3.695057, -1.531846, 0.0
2149.0, -1.308672, 2.256148, 0.016626, 3.695057, -1.531846, 0.0
2149.0, -1.308672, 2.256148, 0.016626, 3.695057, -1.531846, 0.0
2171.0, -1.319153, 2.284851, 0.015988, 3.695057, -1.531846, 0.0
2171.0, -1.319153, 2.284851, 0.015988, 3.695057, -1.531846, 0.0
2186.0, -1.327654, 2.308784, 0.01545, 3.695057, -1.531846, 0.0
2203.0, -1.33578, 2.332311, 0.014901, 3.695057, -1.531846, 0.0
2203.0, -1.33578, 2.332311, 0.014901, 3.695057, -1.531846, 0.0
2219.0, -1.343576, 2.35555, 0.014471, 3.695057, -1.531846, 0.0
2219.0, -1.343576, 2.35555, 0.014471, 3.695057, -1.531846, 0.0
2235.0, -1.351061, 2.378547, 0.014053, 3.695057, -1.531846, 0.0
2252.0, -1.358234, 2.4013, 0.013745, 3.695057, -1.531846, 0.0
2252.0, -1.358234, 2.4013, 0.013745, 3.695057, -1.531846, 0.0
2272.0, -1.365093, 2.423807, 0.013427, 3.695057, -1.531846, 0.0
2272.0, -1.365093, 2.423807, 0.013427, 3.695057, -1.531846, 0.0
2285.0, -1.371751, 2.446479, 0.013247, 3.695057, -1.531846, 0.0
2302.0, -1.378109, 2.468992, 0.013024, 3.695057, -1.531846, 0.0
2302.0, -1.378109, 2.468992, 0.013024, 3.695057, -1.531846, 0.0
2319.0, -1.384118, 2.491198, 0.012841, 3.695057, -1.531846, 0.0
2319.0, -1.384118, 2.491198, 0.012841, 3.695057, -1.531846, 0.0
2336.0, -1.389823, 2.51328, 0.012579, 3.695057, -1.531846, 0.0
2352.0, -1.395091, 2.534741, 0.012357, 3.695057, -1.531846, 0.0
2353.0, -1.395091, 2.534741, 0.012357, 3.695057, -1.531846, 0.0
2388.0, -1.400175, 2.55664, 0.012055, 3.695057, -1.531846, 0.0
2388.0, -1.400175, 2.55664, 0.012055, 3.695057, -1.531846, 0.0
2397.0, -1.407475, 2.590182, 0.011624, 3.695057, -1.531846, 0.0
2397.0, -1.407475, 2.590182, 0.011624, 3.695057, -1.531846, 0.0
2414.0, -1.411369, 2.610173, 0.011198, 3.695057, -1.531846, 0.0
2414.0, -1.411369, 2.610173, 0.011198, 3.695057, -1.531846, 0.0
2434.0, -1.41494, 2.630526, 0.01084, 3.695057, -1.531846, 0.0
2434.0, -1.41494, 2.630526, 0.01084, 3.695057, -1.531846, 0.0
2448.0, -1.417969, 2.649815, 0.010469, 3.695057, -1.531846, 0.0
2466.0, -1.420603, 2.668786, 0.010194, 3.695057, -1.531846, 0.0
2466.0, -1.420603, 2.668786, 0.010194, 3.695057, -1.531846, 0.0
2481.0, -1.422928, 2.688231, 0.009937, 3.695057, -1.531846, 0.0
2481.0, -1.422928, 2.688231, 0.009937, 3.695057, -1.531846, 0.0
2498.0, -1.424859, 2.707583, 0.009748, 3.695057, -1.531846, 0.0
2515.0, -1.426375, 2.726772, 0.00949, 3.695057, -1.531846, 0.0
2515.0, -1.426375, 2.726772, 0.00949, 3.695057, -1.531846, 0.0
2534.0, -1.427509, 2.746805, 0.00926, 3.695057, -1.531846, 0.0
2534.0, -1.427509, 2.746805, 0.00926, 3.695057, -1.531846, 0.0
2550.0, -1.42809, 2.765047, 0.008961, 3.695057, -1.531846, 0.0
2550.0, -1.42809, 2.765047, 0.008961, 3.695057, -1.531846, 0.0
2566.0, -1.428205, 2.782909, 0.008714, 3.695057, -1.531846, 0.0
2583.0, -1.427983, 2.799723, 0.008456, 3.695057, -1.531846, 0.0
2583.0, -1.427983, 2.799723, 0.008456, 3.695057, -1.531846, 0.0
2600.0, -1.42754, 2.816086, 0.008342, 3.695057, -1.531846, 0.0
2600.0, -1.42754, 2.816086, 0.008342, 3.695057, -1.531846, 0.0
2619.0, -1.426993, 2.832286, 0.008286, 3.695057, -1.531846, 0.0
2642.0, -1.426167, 2.856344, 0.008474, 3.695057, -1.531846, 0.0
2642.0, -1.426167, 2.856344, 0.008474, 3.695057, -1.531846, 0.0
2642.0, -1.426167, 2.856344, 0.008474, 3.695057, -1.531846, 0.0
2657.0, -1.425776, 2.87252, 0.008644, 3.695057, -1.531846, 0.0
2676.0, -1.425579, 2.888789, 0.008986, 3.695057, -1.531846, 0.0
2676.0, -1.425579, 2.888789, 0.008986, 3.695057, -1.531846, 0.0
2691.0, -1.425621, 2.904452, 0.009338, 3.695057, -1.531846, 0.0
2691.0, -1.425621, 2.904452, 0.009338, 3.695057, -1.531846, 0.0
2707.0, -1.42593, 2.919964, 0.009792, 3.695057, -1.531846, 0.0
2725.0, -1.426547, 2.935519, 0.010223, 3.695057, -1.531846, 0.0
2725.0, -1.426547, 2.935519, 0.010223, 3.695057, -1.531846, 0.0
2741.0, -1.427498, 2.951173, 0.010725, 3.695057, -1.531846, 0.0
2741.0, -1.427498, 2.951173, 0.010725, 3.695057, -1.531846, 0.0
2757.0, -1.428814, 2.966942, 0.011176, 3.695057, -1.531846, 0.0
2774.0, -1.430513, 2.98281, 0.011675, 3.695057, -1.531846, 0.0
2774.0, -1.430513, 2.98281, 0.011675, 3.695057, -1.531846, 0.0
2790.0, -1.432747, 2.999632, 0.012156, 3.695057, -1.531846, 0.0
2790.0, -1.432747, 2.999632, 0.012156, 3.695057, -1.531846, 0.0
2806.0, -1.435459, 3.016766, 0.012666, 3.695057, -1.531846, 0.0
2824.0, -1.438637, 3.03395, 0.013069, 3.695057, -1.531846, 0.0
2824.0, -1.438637, 3.03395, 0.013069, 3.695057, -1.531846, 0.0
2841.0, -1.442275, 3.051073, 0.013465, 3.695057, -1.531846, 0.0
2841.0, -1.442275, 3.051073, 0.013465, 3.695057, -1.531846, 0.0
2857.0, -1.446381, 3.068109, 0.01375, 3.695057, -1.531846, 0.0
2876.0, -1.450957, 3.08505, 0.014033, 3.695057, -1.531846, 0.0
2876.0, -1.450957, 3.08505, 0.014033, 3.695057, -1.531846, 0.0
2891.0, -1.45592, 3.101881, 0.014178, 3.695057, -1.531846, 0.0
2891.0, -1.45592, 3.101881, 0.014178, 3.695057, -1.531846, 0.0
2908.0, -1.461448, 3.119501, 0.014264, 3.695057, -1.531846, 0.0
2926.0, -1.46685, 3.136014, 0.014165, 3.695057, -1.531846, 0.0
2926.0, -1.46685, 3.136014, 0.014165, 3.695057, -1.531846, 0.0
2942.0, -1.472316, 3.152336, 0.013988, 3.695057, -1.531846, 0.0
2942.0, -1.472316, 3.152336, 0.013988, 3.695057, -1.531846, 0.0
2961.0, -1.477766, 3.168457, 0.013644, 3.695057, -1.531846, 0.0
2977.0, -1.48312, 3.184346, 0.013252, 3.695057, -1.531846, 0.0
2977.0, -1.48312, 3.184346, 0.013252, 3.695057, -1.531846, 0.0
3002.0, -1.488304, 3.199897, 0.012725, 3.695057, -1.531846, 0.0
3002.0, -1.488304, 3.199897, 0.012725, 3.695057, -1.531846, 0.0
3024.0, -1.497738, 3.22871, 0.011708, 3.695057, -1.531846, 0.0
3024.0, -1.497738, 3.22871, 0.011708, 3.695057, -1.531846, 0.0
3024.0, -1.497738, 3.22871, 0.011708, 3.695057, -1.531846, 0.0
3040.0, -1.502337, 3.243411, 0.01103, 3.695057, -1.531846, 0.0
3040.0, -1.502337, 3.243411, 0.01103, 3.695057, -1.531846, 0.0
3057.0, -1.506662, 3.257809, 0.010432, 3.695057, -1.531846, 0.0
3075.0, -1.510718, 3.271874, 0.009824, 3.695057, -1.531846, 0.0
3076.0, -1.510718, 3.271874, 0.009824, 3.695057, -1.531846, 0.0
3090.0, -1.514555, 3.28581, 0.009331, 3.695057, -1.531846, 0.0
3090.0, -1.514555, 3.28581, 0.009331, 3.695057, -1.531846, 0.0
3107.0, -1.518131, 3.299465, 0.008825, 3.695057, -1.531846, 0.0
3125.0, -1.521415, 3.312761, 0.008395, 3.695057, -1.531846, 0.0
3125.0, -1.521415, 3.312761, 0.008395, 3.695057, -1.531846, 0.0
3141.0, -1.5244, 3.325675, 0.007938, 3.695057, -1.531846, 0.0
3141.0, -1.5244, 3.325675, 0.007938, 3.695057, -1.531846, 0.0
3162.0, -1.527075, 3.338192, 0.007552, 3.695057, -1.531846, 0.0
3190.0, -1.531319, 3.359926, 0.006799, 3.695057, -1.531846, 0.0
3190.0, -1.531319, 3.359926, 0.006799, 3.695057, -1.531846, 0.0
3190.0, -1.531319, 3.359926, 0.006799, 3.695057, -1.531846, 0.0
3207.0, -1.53318, 3.37147, 0.006174, 3.695057, -1.531846, 0.0
3207.0, -1.53318, 3.37147, 0.006174, 3.695057, -1.531846, 0.0
3223.0, -1.534442, 3.381251, 0.005674, 3.695057, -1.531846, 0.0
3223.0, -1.534442, 3.381251, 0.005674, 3.695057, -1.531846, 0.0
3241.0, -1.535375, 3.390698, 0.005262, 3.695057, -1.531846, 0.0
3241.0, -1.535375, 3.390698, 0.005262, 3.695057, -1.531846, 0.0
3256.0, -1.536009, 3.39993, 0.004935, 3.695057, -1.531846, 0.0
3274.0, -1.536351, 3.40898, 0.004677, 3.695057, -1.531846, 0.0
3274.0, -1.536351, 3.40898, 0.004677, 3.695057, -1.531846, 0.0
3289.0, -1.536357, 3.419792, 0.004484, 3.695057, -1.531846, 0.0
3289.0, -1.536357, 3.419792, 0.004484, 3.695057, -1.531846, 0.0
3306.0, -1.535965, 3.430883, 0.004301, 3.695057, -1.531846, 0.0
3322.0, -1.535152, 3.441634, 0.004105, 3.695057, -1.531846, 0.0
3322.0, -1.535152, 3.441634, 0.004105, 3.695057, -1.531846, 0.0
