2.0, 0.0, 0.0, 0.002231, 3.695057, -1.531846, 0.0
2.0, 0.0, 0.0, 0.002231, 3.695057, -1.531846, 0.0
18.0, -0.000117, -0.000235, -0.00407, 3.695057, -1.531846, 0.0
18.0, -0.000117, -0.000235, -0.00407, 3.695057, -1.531846, 0.0
34.0, -0.000375, -0.000265, -0.009479, 3.695057, -1.531846, 0.0
49.0, -0.000786, -0.000006, -0.01209, 3.695057, -1.531846, 0.0
49.0, -0.000786, -0.000006, -0.01209, 3.695057, -1.531846, 0.0
66.0, -0.001384, 0.000457, -0.01303, 3.695057, -1.531846, 0.0
66.0, -0.001384, 0.000457, -0.01303, 3.695057, -1.531846, 0.0
83.0, -0.002212, 0.001001, -0.012747, 3.695057, -1.531846, 0.0
100.0, -0.00331, 0.001499, -0.011614, 3.538585, -1.474446, 0.0
100.0, -0.00331, 0.001499, -0.011614, 3.538585, -1.474446, 0.0
116.0, -0.004715, 0.001833, -0.009932, 3.538585, -1.474446, 0.0
116.0, -0.004715, 0.001833, -0.009932, 3.538585, -1.474446, 0.0
134.0, -0.006277, 0.001878, -0.007585, 3.538585, -1.474446, 0.0
151.0, -0.008236, 0.001975, -0.005188, 3.538585, -1.474446, 0.0
151.0, -0.008236, 0.001975, -0.005188, 3.538585, -1.474446, 0.0
167.0, -0.010637, 0.002028, -0.002309, 3.538585, -1.474446, 0.0
167.0, -0.010637, 0.002028, -0.002309, 3.538585, -1.474446, 0.0
183.0, -0.013582, 0.002151, 0.000702, 3.538585, -1.474446, 0.0
201.0, -0.017027, 0.002324, 0.003672, 3.538585, -1.474446, 0.0
201.0, -0.017027, 0.002324, 0.003672, 3.538585, -1.474446, 0.0
218.0, -0.020301, 0.00256, 0.002941, 3.538585, -1.474446, 0.0
218.0, -0.020301, 0.00256, 0.002941, 3.538585, -1.474446, 0.0
234.0, -0.024553, 0.003101, 0.003157, 3.538585, -1.474446, 0.0
250.0, -0.029381, 0.003704, 0.003462, 3.538585, -1.474446, 0.0
250.0, -0.029381, 0.003704, 0.003462, 3.538585, -1.474446, 0.0
266.0, -0.034711, 0.004316, 0.003797, 3.538585, -1.474446, 0.0
266.0, -0.034711, 0.004316, 0.003797, 3.538585, -1.474446, 0.0
283.0, -0.040541, 0.004895, 0.00415, 3.538585, -1.474446, 0.0
300.0, -0.046872, 0.005424, 0.004498, 3.538585, -1.474446, 0.0
300.0, -0.046872, 0.005424, 0.004498, 3.538585, -1.474446, 0.0
317.0, -0.053702, 0.005896, 0.004821, 3.538585, -1.474446, 0.0
317.0, -0.053702, 0.005896, 0.004821, 3.538585, -1.474446, 0.0
333.0, -0.061032, 0.006304, 0.005108, 3.538585, -1.474446, 0.0
350.0, -0.068863, 0.00665, 0.005355, 3.069168, -1.302248, 0.0
350.0, -0.068863, 0.00665, 0.005355, 3.069168, -1.302248, 0.0
367.0, -0.077194, 0.006932, 0.005558, 3.069168, -1.302248, 0.0
367.0, -0.077194, 0.006932, 0.005558, 3.069168, -1.302248, 0.0
383.0, -0.086025, 0.007153, 0.005719, 3.069168, -1.302248, 0.0
400.0, -0.095355, 0.007312, 0.005842, 3.069168, -1.302248, 0.0
400.0, -0.095355, 0.007312, 0.005842, 3.069168, -1.302248, 0.0
417.0, -0.105184, 0.007412, 0.005929, 3.069168, -1.302248, 0.0
417.0, -0.105184, 0.007412, 0.005929, 3.069168, -1.302248, 0.0
434.0, -0.11551, 0.007453, 0.005985, 3.069168, -1.302248, 0.0
450.0, -0.126334, 0.007438, 0.006016, 3.069168, -1.302248, 0.0
450.0, -0.126334, 0.007438, 0.006016, 3.069168, -1.302248, 0.0
467.0, -0.137656, 0.00737, 0.006025, 3.069168, -1.302248, 0.0
467.0, -0.137656, 0.00737, 0.006025, 3.069168, -1.302248, 0.0
483.0, -0.149476, 0.007253, 0.006017, 3.069168, -1.302248, 0.0
499.0, -0.161793, 0.007088, 0.005997, 3.069168, -1.302248, 0.0
499.0, -0.161793, 0.007088, 0.005997, 3.069168, -1.302248, 0.0
516.0, -0.174609, 0.006879, 0.005969, 3.069168, -1.302248, 0.0
516.0, -0.174609, 0.006879, 0.005969, 3.069168, -1.302248, 0.0
534.0, -0.187923, 0.006627, 0.005934, 3.069168, -1.302248, 0.0
550.0, -0.201633, 0.006338, 0.005854, 3.069168, -1.302248, 0.0
550.0, -0.201633, 0.006338, 0.005854, 3.069168, -1.302248, 0.0
567.0, -0.215609, 0.006019, 0.005695, 3.069168, -1.302248, 0.0
567.0, -0.215609, 0.006019, 0.005695, 3.069168, -1.302248, 0.0
583.0, -0.229725, 0.005673, 0.005439, 3.069168, -1.302248, 0.0
600.0, -0.243867, 0.005306, 0.005086, 2.599751, -1.13005, 0.0
600.0, -0.243867, 0.005306, 0.005086, 2.599751, -1.13005, 0.0
617.0, -0.257937, 0.004922, 0.004648, 2.599751, -1.13005, 0.0
617.0, -0.257937, 0.004922, 0.004648, 2.599751, -1.13005, 0.0
634.0, -0.271854, 0.004523, 0.004143, 2.599751, -1.13005, 0.0
651.0, -0.285554, 0.00411, 0.003593, 2.599751, -1.13005, 0.0
651.0, -0.285554, 0.00411, 0.003593, 2.599751, -1.13005, 0.0
667.0, -0.29898, 0.003683, 0.00302, 2.599751, -1.13005, 0.0
667.0, -0.29898, 0.003683, 0.00302, 2.599751, -1.13005, 0.0
683.0, -0.312104, 0.003241, 0.002442, 2.599751, -1.13005, 0.0
700.0, -0.324857, 0.002785, 0.001879, 2.599751, -1.13005, 0.0
700.0, -0.324857, 0.002785, 0.001879, 2.599751, -1.13005, 0.0
717.0, -0.337226, 0.002314, 0.001342, 2.599751, -1.13005, 0.0
717.0, -0.337226, 0.002314, 0.001342, 2.599751, -1.13005, 0.0
733.0, -0.34919, 0.00183, 0.000841, 2.599751, -1.13005, 0.0
749.0, -0.360727, 0.001331, 0.000381, 2.599751, -1.13005, 0.0
749.0, -0.360727, 0.001331, 0.000381, 2.599751, -1.13005, 0.0
765.0, -0.371824, 0.000816, -0.000033, 2.599751, -1.13005, 0.0
765.0, -0.371824, 0.000816, -0.000033, 2.599751, -1.13005, 0.0
783.0, -0.38247, 0.000283, -0.0004, 2.599751, -1.13005, 0.0
799.0, -0.392657, -0.000269, -0.000721, 2.599751, -1.13005, 0.0
799.0, -0.392657, -0.000269, -0.000721, 2.599751, -1.13005, 0.0
816.0, -0.402377, -0.00084, -0.001, 2.599751, -1.13005, 0.0
816.0, -0.402377, -0.00084, -0.001, 2.599751, -1.13005, 0.0
834.0, -0.411623, -0.001433, -0.00124, 2.599751, -1.13005, 0.0
850.0, -0.420393, -0.002049, -0.001444, 2.130291, -0.957835, 0.0
850.0, -0.420393, -0.002049, -0.001444, 2.130291, -0.957835, 0.0
867.0, -0.428682, -0.002687, -0.001618, 2.130291, -0.957835, 0.0
867.0, -0.428682, -0.002687, -0.001618, 2.130291, -0.957835, 0.0
882.0, -0.436485, -0.00335, -0.001767, 2.130291, -0.957835, 0.0
900.0, -0.443802, -0.004038, -0.001894, 2.130291, -0.957835, 0.0
900.0, -0.443802, -0.004038, -0.001894, 2.130291, -0.957835, 0.0
917.0, -0.45063, -0.004752, -0.002005, 2.130291, -0.957835, 0.0
917.0, -0.45063, -0.004752, -0.002005, 2.130291, -0.957835, 0.0
934.0, -0.456967, -0.005493, -0.002102, 2.130291, -0.957835, 0.0
950.0, -0.462812, -0.00626, -0.00219, 2.130291, -0.957835, 0.0
950.0, -0.462812, -0.00626, -0.00219, 2.130291, -0.957835, 0.0
967.0, -0.468164, -0.007052, -0.002272, 2.130291, -0.957835, 0.0
967.0, -0.468164, -0.007052, -0.002272, 2.130291, -0.957835, 0.0
983.0, -0.473023, -0.00787, -0.00235, 2.130291, -0.957835, 0.0
999.0, -0.477388, -0.008712, -0.002429, 2.130291, -0.957835, 0.0
999.0, -0.477388, -0.008712, -0.002429, 2.130291, -0.957835, 0.0
1016.0, -0.481259, -0.009576, -0.002511, 2.130291, -0.957835, 0.0
1016.0, -0.481259, -0.009576, -0.002511, 2.130291, -0.957835, 0.0
1034.0, -0.484637, -0.010462, -0.0026, 2.130291, -0.957835, 0.0
1049.0, -0.487522, -0.011364, -0.002699, 2.130291, -0.957835, 0.0
1049.0, -0.487522, -0.011364, -0.002699, 2.130291, -0.957835, 0.0
1065.0, -0.489918, -0.01228, -0.002814, 2.130291, -0.957835, 0.0
1065.0, -0.489918, -0.01228, -0.002814, 2.130291, -0.957835, 0.0
1082.0, -0.491827, -0.013202, -0.002953, 2.130291, -0.957835, 0.0
1099.0, -0.493258, -0.014122, -0.003124, 1.660873, -0.785637, 0.0
1099.0, -0.493258, -0.014122, -0.003124, 1.660873, -0.785637, 0.0
1117.0, -0.494228, -0.015031, -0.003337, 1.660873, -0.785637, 0.0
1117.0, -0.494228, -0.015031, -0.003337, 1.660873, -0.785637, 0.0
1134.0, -0.494762, -0.015925, -0.003587, 1.660873, -0.785637, 0.0
1149.0, -0.494895, -0.016816, -0.003832, 1.660873, -0.785637, 0.0
1149.0, -0.494895, -0.016816, -0.003832, 1.660873, -0.785637, 0.0
1167.0, -0.49464, -0.017745, -0.004038, 1.660873, -0.785637, 0.0
1167.0, -0.49464, -0.017745, -0.004038, 1.660873, -0.785637, 0.0
1183.0, -0.493971, -0.018751, -0.004232, 1.660873, -0.785637, 0.0
1200.0, -0.492838, -0.019851, -0.004457, 1.660873, -0.785637, 0.0
1200.0, -0.492838, -0.019851, -0.004457, 1.660873, -0.785637, 0.0
1217.0, -0.491197, -0.021033, -0.004726, 1.660873, -0.785637, 0.0
1217.0, -0.491197, -0.021033, -0.004726, 1.660873, -0.785637, 0.0
1234.0, -0.489022, -0.022279, -0.005035, 1.660873, -0.785637, 0.0
1249.0, -0.486401, -0.023568, -0.005327, 1.660873, -0.785637, 0.0
1249.0, -0.486401, -0.023568, -0.005327, 1.660873, -0.785637, 0.0
1265.0, -0.483456, -0.024881, -0.005546, 1.660873, -0.785637, 0.0
1265.0, -0.483456, -0.024881, -0.005546, 1.660873, -0.785637, 0.0
1281.0, -0.480317, -0.026204, -0.005659, 1.660873, -0.785637, 0.0
1299.0, -0.477102, -0.02753, -0.005652, 1.660873, -0.785637, 0.0
1299.0, -0.477102, -0.02753, -0.005652, 1.660873, -0.785637, 0.0
1316.0, -0.473913, -0.028853, -0.005528, 1.660873, -0.785637, 0.0
1316.0, -0.473913, -0.028853, -0.005528, 1.660873, -0.785637, 0.0
1333.0, -0.470836, -0.030172, -0.005301, 1.660873, -0.785637, 0.0
1349.0, -0.467945, -0.031486, -0.004991, 1.191457, -0.613439, 0.0
1349.0, -0.467945, -0.031486, -0.004991, 1.191457, -0.613439, 0.0
1367.0, -0.465297, -0.032794, -0.004619, 1.191457, -0.613439, 0.0
1367.0, -0.465297, -0.032794, -0.004619, 1.191457, -0.613439, 0.0
1383.0, -0.462939, -0.034097, -0.004206, 1.191457, -0.613439, 0.0
1399.0, -0.460907, -0.035393, -0.003768, 1.191457, -0.613439, 0.0
1399.0, -0.460907, -0.035393, -0.003768, 1.191457, -0.613439, 0.0
1416.0, -0.459228, -0.036679, -0.003318, 1.191457, -0.613439, 0.0
1416.0, -0.459228, -0.036679, -0.003318, 1.191457, -0.613439, 0.0
1434.0, -0.45792, -0.037954, -0.002861, 1.191457, -0.613439, 0.0
1450.0, -0.456896, -0.039216, -0.002437, 1.191457, -0.613439, 0.0
1450.0, -0.456896, -0.039216, -0.002437, 1.191457, -0.613439, 0.0
1467.0, -0.45605, -0.040477, -0.002082, 1.191457, -0.613439, 0.0
1467.0, -0.45605, -0.040477, -0.002082, 1.191457, -0.613439, 0.0
1483.0, -0.455288, -0.041745, -0.001815, 1.191457, -0.613439, 0.0
1498.0, -0.454522, -0.04303, -0.001647, 1.191457, -0.613439, 0.0
1498.0, -0.454522, -0.04303, -0.001647, 1.191457, -0.613439, 0.0
1516.0, -0.453678, -0.044336, -0.001581, 1.191457, -0.613439, 0.0
1516.0, -0.453678, -0.044336, -0.001581, 1.191457, -0.613439, 0.0
1533.0, -0.452688, -0.045673, -0.001616, 1.191457, -0.613439, 0.0
1549.0, -0.451498, -0.047031, -0.001752, 1.191457, -0.613439, 0.0
1549.0, -0.451498, -0.047031, -0.001752, 1.191457, -0.613439, 0.0
1566.0, -0.45005, -0.048418, -0.00198, 1.191457, -0.613439, 0.0
1566.0, -0.45005, -0.048418, -0.00198, 1.191457, -0.613439, 0.0
1583.0, -0.448297, -0.049832, -0.00229, 1.191457, -0.613439, 0.0
1600.0, -0.446197, -0.051267, -0.002665, 0.721881, -0.441182, 0.0
1600.0, -0.446197, -0.051267, -0.002665, 0.721881, -0.441182, 0.0
1617.0, -0.443714, -0.05272, -0.003086, 0.721881, -0.441182, 0.0
1617.0, -0.443714, -0.05272, -0.003086, 0.721881, -0.441182, 0.0
1633.0, -0.440822, -0.054185, -0.003533, 0.721881, -0.441182, 0.0
1650.0, -0.437495, -0.055657, -0.003989, 0.721881, -0.441182, 0.0
1650.0, -0.437495, -0.055657, -0.003989, 0.721881, -0.441182, 0.0
1667.0, -0.433719, -0.057133, -0.004437, 0.721881, -0.441182, 0.0
1667.0, -0.433719, -0.057133, -0.004437, 0.721881, -0.441182, 0.0
1683.0, -0.42948, -0.058608, -0.004862, 0.721881, -0.441182, 0.0
1699.0, -0.424769, -0.060081, -0.005257, 0.721881, -0.441182, 0.0
1699.0, -0.424769, -0.060081, -0.005257, 0.721881, -0.441182, 0.0
1716.0, -0.419579, -0.061551, -0.005614, 0.721881, -0.441182, 0.0
1716.0, -0.419579, -0.061551, -0.005614, 0.721881, -0.441182, 0.0
1734.0, -0.413904, -0.063017, -0.005929, 0.721881, -0.441182, 0.0
1750.0, -0.407741, -0.064479, -0.006203, 0.721881, -0.441182, 0.0
1750.0, -0.407741, -0.064479, -0.006203, 0.721881, -0.441182, 0.0
1766.0, -0.401086, -0.065934, -0.006434, 0.721881, -0.441182, 0.0
1766.0, -0.401086, -0.065934, -0.006434, 0.721881, -0.441182, 0.0
1782.0, -0.393939, -0.067381, -0.006626, 0.721881, -0.441182, 0.0
1800.0, -0.386297, -0.068821, -0.006782, 0.721881, -0.441182, 0.0
1800.0, -0.386297, -0.068821, -0.006782, 0.721881, -0.441182, 0.0
1817.0, -0.378159, -0.070253, -0.006905, 0.721881, -0.441182, 0.0
1817.0, -0.378159, -0.070253, -0.006905, 0.721881, -0.441182, 0.0
1834.0, -0.369524, -0.071676, -0.007, 0.721881, -0.441182, 0.0
1850.0, -0.360494, -0.073095, -0.007029, 0.252465, -0.268984, 0.0
1850.0, -0.360494, -0.073095, -0.007029, 0.252465, -0.268984, 0.0
1867.0, -0.351196, -0.074514, -0.006961, 0.252465, -0.268984, 0.0
1867.0, -0.351196, -0.074514, -0.006961, 0.252465, -0.268984, 0.0
1882.0, -0.34176, -0.075939, -0.006783, 0.252465, -0.268984, 0.0
