1.0, 0.0, 0.0, 0.002231, 4.244329, -4.240951, 0.0
1.0, 0.0, 0.0, 0.002231, 4.244329, -4.240951, 0.0
16.0, -0.000051, -0.000256, -0.004076, 4.244329, -4.240951, 0.0
33.0, -0.0, -0.000386, -0.009535, 4.244329, -4.240951, 0.0
33.0, -0.0, -0.000386, -0.009535, 4.244329, -4.240951, 0.0
49.0, 0.000154, -0.000288, -0.012308, 4.244329, -4.240951, 0.0
49.0, 0.000154, -0.000288, -0.012308, 4.244329, -4.240951, 0.0
66.0, 0.000362, -0.000015, -0.013454, 4.244329, -4.240951, 0.0
83.0, 0.000561, 0.000347, -0.013388, 4.244329, -4.240951, 0.0
83.0, 0.000561, 0.000347, -0.013388, 4.244329, -4.240951, 0.0
99.0, 0.000681, 0.000703, -0.012455, 4.244462, -4.074229, 0.0
99.0, 0.000681, 0.000703, -0.012455, 4.244462, -4.074229, 0.0
116.0, 0.000663, 0.000962, -0.01094, 4.244462, -4.074229, 0.0
134.0, 0.000392, 0.001036, -0.010196, 4.244462, -4.074229, 0.0
134.0, 0.000392, 0.001036, -0.010196, 4.244462, -4.074229, 0.0
149.0, -0.000063, 0.001193, -0.00928, 4.244462, -4.074229, 0.0
149.0, -0.000063, 0.001193, -0.00928, 4.244462, -4.074229, 0.0
166.0, -0.000816, 0.001532, -0.007627, 4.244462, -4.074229, 0.0
182.0, -0.001921, 0.002022, -0.005301, 4.244462, -4.074229, 0.0
182.0, -0.001921, 0.002022, -0.005301, 4.244462, -4.074229, 0.0
199.0, -0.003408, 0.002765, -0.002833, 4.244462, -4.074229, 0.0
199.0, -0.003408, 0.002765, -0.002833, 4.244462, -4.074229, 0.0
216.0, -0.004799, 0.003443, -0.002801, 4.244462, -4.074229, 0.0
233.0, -0.006853, 0.004867, -0.00165, 4.244462, -4.074229, 0.0
233.0, -0.006853, 0.004867, -0.00165, 4.244462, -4.074229, 0.0
249.0, -0.009406, 0.006616, -0.000481, 4.244462, -4.074229, 0.0
249.0, -0.009406, 0.006616, -0.000481, 4.244462, -4.074229, 0.0
266.0, -0.012371, 0.008643, 0.000627, 4.244462, -4.074229, 0.0
282.0, -0.015765, 0.010916, 0.001667, 4.244462, -4.074229, 0.0
282.0, -0.015765, 0.010916, 0.001667, 4.244462, -4.074229, 0.0
299.0, -0.019596, 0.01342, 0.00263, 4.244462, -4.074229, 0.0
299.0, -0.019596, 0.01342, 0.00263, 4.244462, -4.074229, 0.0
316.0, -0.023867, 0.016149, 0.003509, 4.244462, -4.074229, 0.0
333.0, -0.028582, 0.019102, 0.0043, 4.244462, -4.074229, 0.0
333.0, -0.028582, 0.019102, 0.0043, 4.244462, -4.074229, 0.0
348.0, -0.033741, 0.022277, 0.005005, 4.244861, -3.574225, 0.0
349.0, -0.033741, 0.022277, 0.005005, 4.244861, -3.574225, 0.0
366.0, -0.039346, 0.025675, 0.005626, 4.244861, -3.574225, 0.0
382.0, -0.045396, 0.029296, 0.00617, 4.244861, -3.574225, 0.0
382.0, -0.045396, 0.029296, 0.00617, 4.244861, -3.574225, 0.0
399.0, -0.051891, 0.033139, 0.006644, 4.244861, -3.574225, 0.0
399.0, -0.051891, 0.033139, 0.006644, 4.244861, -3.574225, 0.0
415.0, -0.058833, 0.037206, 0.007054, 4.244861, -3.574225, 0.0
433.0, -0.06622, 0.041496, 0.00741, 4.244861, -3.574225, 0.0
433.0, -0.06622, 0.041496, 0.00741, 4.244861, -3.574225, 0.0
449.0, -0.074049, 0.046007, 0.007718, 4.244861, -3.574225, 0.0
449.0, -0.074049, 0.046007, 0.007718, 4.244861, -3.574225, 0.0
465.0, -0.082325, 0.050737, 0.007987, 4.244861, -3.574225, 0.0
483.0, -0.091048, 0.055687, 0.008225, 4.244861, -3.574225, 0.0
483.0, -0.091048, 0.055687, 0.008225, 4.244861, -3.574225, 0.0
499.0, -0.100219, 0.060855, 0.008437, 4.244861, -3.574225, 0.0
499.0, -0.100219, 0.060855, 0.008437, 4.244861, -3.574225, 0.0
516.0, -0.109839, 0.066241, 0.008629, 4.244861, -3.574225, 0.0
534.0, -0.119909, 0.071843, 0.008804, 4.244861, -3.574225, 0.0
534.0, -0.119909, 0.071843, 0.008804, 4.244861, -3.574225, 0.0
550.0, -0.130434, 0.077661, 0.008969, 4.244861, -3.574225, 0.0
550.0, -0.130434, 0.077661, 0.008969, 4.244861, -3.574225, 0.0
566.0, -0.141412, 0.083691, 0.009124, 4.244861, -3.574225, 0.0
583.0, -0.152844, 0.089931, 0.009272, 4.244861, -3.574225, 0.0
583.0, -0.152844, 0.089931, 0.009272, 4.244861, -3.574225, 0.0
598.0, -0.164729, 0.096377, 0.009414, 4.245259, -3.074222, 0.0
598.0, -0.164729, 0.096377, 0.009414, 4.245259, -3.074222, 0.0
616.0, -0.177069, 0.103028, 0.009552, 4.245259, -3.074222, 0.0
633.0, -0.189865, 0.109883, 0.009687, 4.245259, -3.074222, 0.0
633.0, -0.189865, 0.109883, 0.009687, 4.245259, -3.074222, 0.0
649.0, -0.203111, 0.116935, 0.009819, 4.245259, -3.074222, 0.0
649.0, -0.203111, 0.116935, 0.009819, 4.245259, -3.074222, 0.0
666.0, -0.216815, 0.124184, 0.009949, 4.245259, -3.074222, 0.0
682.0, -0.230979, 0.131626, 0.01008, 4.245259, -3.074222, 0.0
682.0, -0.230979, 0.131626, 0.01008, 4.245259, -3.074222, 0.0
699.0, -0.245604, 0.13926, 0.010211, 4.245259, -3.074222, 0.0
699.0, -0.245604, 0.13926, 0.010211, 4.245259, -3.074222, 0.0
716.0, -0.260692, 0.147083, 0.010342, 4.245259, -3.074222, 0.0
734.0, -0.276244, 0.155093, 0.010473, 4.245259, -3.074222, 0.0
734.0, -0.276244, 0.155093, 0.010473, 4.245259, -3.074222, 0.0
750.0, -0.292268, 0.163289, 0.010606, 4.245259, -3.074222, 0.0
751.0, -0.292268, 0.163289, 0.010606, 4.245259, -3.074222, 0.0
766.0, -0.308761, 0.171665, 0.010737, 4.245259, -3.074222, 0.0
783.0, -0.325723, 0.180215, 0.010867, 4.245259, -3.074222, 0.0
783.0, -0.325723, 0.180215, 0.010867, 4.245259, -3.074222, 0.0
800.0, -0.343154, 0.188935, 0.010994, 4.245259, -3.074222, 0.0
800.0, -0.343154, 0.188935, 0.010994, 4.245259, -3.074222, 0.0
815.0, -0.361056, 0.197821, 0.011118, 4.245259, -3.074222, 0.0
833.0, -0.379429, 0.206872, 0.01124, 4.245259, -3.074222, 0.0
833.0, -0.379429, 0.206872, 0.01124, 4.245259, -3.074222, 0.0
849.0, -0.398177, 0.216054, 0.011317, 4.245657, -2.574219, 0.0
849.0, -0.398177, 0.216054, 0.011317, 4.245657, -2.574219, 0.0
865.0, -0.417177, 0.225327, 0.011313, 4.245657, -2.574219, 0.0
882.0, -0.436309, 0.23465, 0.011207, 4.245657, -2.574219, 0.0
882.0, -0.436309, 0.23465, 0.011207, 4.245657, -2.574219, 0.0
899.0, -0.455464, 0.243987, 0.010994, 4.245657, -2.574219, 0.0
899.0, -0.455464, 0.243987, 0.010994, 4.245657, -2.574219, 0.0
916.0, -0.474552, 0.253307, 0.010681, 4.245657, -2.574219, 0.0
933.0, -0.493495, 0.262585, 0.010287, 4.245657, -2.574219, 0.0
933.0, -0.493495, 0.262585, 0.010287, 4.245657, -2.574219, 0.0
950.0, -0.512223, 0.271799, 0.009827, 4.245657, -2.574219, 0.0
950.0, -0.512223, 0.271799, 0.009827, 4.245657, -2.574219, 0.0
966.0, -0.530687, 0.280935, 0.009327, 4.245657, -2.574219, 0.0
983.0, -0.548849, 0.289983, 0.008806, 4.245657, -2.574219, 0.0
983.0, -0.548849, 0.289983, 0.008806, 4.245657, -2.574219, 0.0
1001.0, -0.566676, 0.298937, 0.008282, 4.245657, -2.574219, 0.0
1001.0, -0.566676, 0.298937, 0.008282, 4.245657, -2.574219, 0.0
1015.0, -0.584134, 0.307787, 0.007769, 4.245657, -2.574219, 0.0
1033.0, -0.601203, 0.316531, 0.007278, 4.245657, -2.574219, 0.0
1033.0, -0.601203, 0.316531, 0.007278, 4.245657, -2.574219, 0.0
1049.0, -0.617871, 0.325168, 0.006818, 4.245657, -2.574219, 0.0
1049.0, -0.617871, 0.325168, 0.006818, 4.245657, -2.574219, 0.0
1065.0, -0.634117, 0.333694, 0.006392, 4.245657, -2.574219, 0.0
1083.0, -0.649929, 0.342106, 0.006001, 4.245657, -2.574219, 0.0
1083.0, -0.649929, 0.342106, 0.006001, 4.245657, -2.574219, 0.0
1100.0, -0.665293, 0.350403, 0.005647, 4.246055, -2.074208, 0.0
1100.0, -0.665293, 0.350403, 0.005647, 4.246055, -2.074208, 0.0
1116.0, -0.680204, 0.358584, 0.005327, 4.246055, -2.074208, 0.0
1136.0, -0.694654, 0.366649, 0.005042, 4.246055, -2.074208, 0.0
1136.0, -0.694654, 0.366649, 0.005042, 4.246055, -2.074208, 0.0
1150.0, -0.708634, 0.374593, 0.004785, 4.246055, -2.074208, 0.0
1150.0, -0.708634, 0.374593, 0.004785, 4.246055, -2.074208, 0.0
1165.0, -0.722142, 0.382421, 0.004558, 4.246055, -2.074208, 0.0
1183.0, -0.735179, 0.390132, 0.004356, 4.246055, -2.074208, 0.0
1183.0, -0.735179, 0.390132, 0.004356, 4.246055, -2.074208, 0.0
1200.0, -0.747741, 0.397727, 0.004177, 4.246055, -2.074208, 0.0
1200.0, -0.747741, 0.397727, 0.004177, 4.246055, -2.074208, 0.0
1216.0, -0.759827, 0.405205, 0.004017, 4.246055, -2.074208, 0.0
1234.0, -0.771436, 0.412568, 0.003872, 4.246055, -2.074208, 0.0
1234.0, -0.771436, 0.412568, 0.003872, 4.246055, -2.074208, 0.0
1250.0, -0.78257, 0.419818, 0.003741, 4.246055, -2.074208, 0.0
1250.0, -0.78257, 0.419818, 0.003741, 4.246055, -2.074208, 0.0
1266.0, -0.793225, 0.426953, 0.003619, 4.246055, -2.074208, 0.0
1283.0, -0.803398, 0.433973, 0.003504, 4.246055, -2.074208, 0.0
1283.0, -0.803398, 0.433973, 0.003504, 4.246055, -2.074208, 0.0
1299.0, -0.813089, 0.440877, 0.003392, 4.246055, -2.074208, 0.0
1299.0, -0.813089, 0.440877, 0.003392, 4.246055, -2.074208, 0.0
1314.0, -0.822297, 0.447667, 0.003282, 4.246055, -2.074208, 0.0
1333.0, -0.831021, 0.454341, 0.003173, 4.246055, -2.074208, 0.0
1333.0, -0.831021, 0.454341, 0.003173, 4.246055, -2.074208, 0.0
1348.0, -0.839259, 0.460898, 0.003062, 4.246453, -1.574206, 0.0
1348.0, -0.839259, 0.460898, 0.003062, 4.246453, -1.574206, 0.0
1365.0, -0.847011, 0.46734, 0.00295, 4.246453, -1.574206, 0.0
1382.0, -0.85428, 0.47367, 0.002836, 4.246453, -1.574206, 0.0
1382.0, -0.85428, 0.47367, 0.002836, 4.246453, -1.574206, 0.0
1399.0, -0.861066, 0.479888, 0.002718, 4.246453, -1.574206, 0.0
1399.0, -0.861066, 0.479888, 0.002718, 4.246453, -1.574206, 0.0
1415.0, -0.867369, 0.485994, 0.002595, 4.246453, -1.574206, 0.0
1433.0, -0.87319, 0.491989, 0.002467, 4.246453, -1.574206, 0.0
1433.0, -0.87319, 0.491989, 0.002467, 4.246453, -1.574206, 0.0
1449.0, -0.87853, 0.497877, 0.002333, 4.246453, -1.574206, 0.0
1449.0, -0.87853, 0.497877, 0.002333, 4.246453, -1.574206, 0.0
1465.0, -0.883389, 0.503656, 0.002191, 4.246453, -1.574206, 0.0
1482.0, -0.887766, 0.509327, 0.00204, 4.246453, -1.574206, 0.0
1482.0, -0.887766, 0.509327, 0.00204, 4.246453, -1.574206, 0.0
1499.0, -0.891663, 0.51489, 0.001878, 4.246453, -1.574206, 0.0
1499.0, -0.891663, 0.51489, 0.001878, 4.246453, -1.574206, 0.0
1515.0, -0.895079, 0.520346, 0.001707, 4.246453, -1.574206, 0.0
1616.0, -0.898017, 0.525696, 0.001525, 4.246453, -1.574206, 0.0
1616.0, -0.898017, 0.525696, 0.001525, 4.246453, -1.574206, 0.0
1632.0, -0.900477, 0.530942, 0.001334, 4.246453, -1.574206, 0.0
1632.0, -0.900477, 0.530942, 0.001334, 4.246453, -1.574206, 0.0
1649.0, -0.902462, 0.536087, 0.001136, 4.246453, -1.574206, 0.0
1665.0, -0.903972, 0.541134, 0.000935, 4.246453, -1.574206, 0.0
1665.0, -0.903972, 0.541134, 0.000935, 4.246453, -1.574206, 0.0
1682.0, -0.905008, 0.546084, 0.000735, 4.246851, -1.074199, 0.0
1682.0, -0.905008, 0.546084, 0.000735, 4.246851, -1.074199, 0.0
1699.0, -0.905571, 0.550944, 0.000543, 4.246851, -1.074199, 0.0
1716.0, -0.90566, 0.555715, 0.000364, 4.246851, -1.074199, 0.0
1716.0, -0.90566, 0.555715, 0.000364, 4.246851, -1.074199, 0.0
1732.0, -0.905275, 0.560402, 0.000204, 4.246851, -1.074199, 0.0
1732.0, -0.905275, 0.560402, 0.000204, 4.246851, -1.074199, 0.0
1749.0, -0.904411, 0.565009, 0.000066, 4.246851, -1.074199, 0.0
1766.0, -0.903066, 0.569542, -0.000048, 4.246851, -1.074199, 0.0
1766.0, -0.903066, 0.569542, -0.000048, 4.246851, -1.074199, 0.0
1782.0, -0.901235, 0.574003, -0.000143, 4.246851, -1.074199, 0.0
1782.0, -0.901235, 0.574003, -0.000143, 4.246851, -1.074199, 0.0
1799.0, -0.898913, 0.578393, -0.000221, 4.246851, -1.074199, 0.0
1815.0, -0.896095, 0.582712, -0.000291, 4.246851, -1.074199, 0.0
1815.0, -0.896095, 0.582712, -0.000291, 4.246851, -1.074199, 0.0
1832.0, -0.892776, 0.586962, -0.000359, 4.246851, -1.074199, 0.0
1832.0, -0.892776, 0.586962, -0.000359, 4.246851, -1.074199, 0.0
1849.0, -0.888955, 0.591138, -0.000431, 4.246851, -1.074199, 0.0
1865.0, -0.884627, 0.59524, -0.000513, 4.246851, -1.074199, 0.0
1865.0, -0.884627, 0.59524, -0.000513, 4.246851, -1.074199, 0.0
1882.0, -0.879794, 0.599266, -0.000607, 4.246851, -1.074199, 0.0
1882.0, -0.879794, 0.599266, -0.000607, 4.246851, -1.074199, 0.0
1899.0, -0.874453, 0.603213, -0.000715, 4.246851, -1.074199, 0.0
1916.0, -0.868604, 0.607081, -0.000837, 4.246851, -1.074199, 0.0
1916.0, -0.868604, 0.607081, -0.000837, 4.246851, -1.074199, 0.0
1932.0, -0.86225, 0.610866, -0.000972, 4.24725, -0.574194, 0.0
1932.0, -0.86225, 0.610866, -0.000972, 4.24725, -0.574194, 0.0
1949.0, -0.855391, 0.61457, -0.001119, 4.24725, -0.574194, 0.0
1965.0, -0.848024, 0.618193, -0.001275, 4.24725, -0.574194, 0.0
1965.0, -0.848024, 0.618193, -0.001275, 4.24725, -0.574194, 0.0
1983.0, -0.840152, 0.621736, -0.001439, 4.24725, -0.574194, 0.0
1983.0, -0.840152, 0.621736, -0.001439, 4.24725, -0.574194, 0.0
1999.0, -0.831775, 0.625199, -0.001607, 4.24725, -0.574194, 0.0
2016.0, -0.822893, 0.628581, -0.001777, 4.24725, -0.574194, 0.0
2016.0, -0.822893, 0.628581, -0.001777, 4.24725, -0.574194, 0.0
2032.0, -0.813504, 0.631886, -0.001949, 4.24725, -0.574194, 0.0
2032.0, -0.813504, 0.631886, -0.001949, 4.24725, -0.574194, 0.0
2049.0, -0.803611, 0.635113, -0.002117, 4.24725, -0.574194, 0.0
2066.0, -0.793215, 0.638263, -0.002281, 4.24725, -0.574194, 0.0
2066.0, -0.793215, 0.638263, -0.002281, 4.24725, -0.574194, 0.0
2082.0, -0.782318, 0.641337, -0.00244, 4.24725, -0.574194, 0.0
2082.0, -0.782318, 0.641337, -0.00244, 4.24725, -0.574194, 0.0
2099.0, -0.770921, 0.644336, -0.002592, 4.24725, -0.574194, 0.0
2116.0, -0.759024, 0.64726, -0.002737, 4.24725, -0.574194, 0.0
2116.0, -0.759024, 0.64726, -0.002737, 4.24725, -0.574194, 0.0
2132.0, -0.746633, 0.65011, -0.002873, 4.24725, -0.574194, 0.0
2132.0, -0.746633, 0.65011, -0.002873, 4.24725, -0.574194, 0.0
2148.0, -0.733745, 0.652887, -0.003002, 4.24725, -0.574194, 0.0
2165.0, -0.720358, 0.655594, -0.003125, 4.24725, -0.574194, 0.0
2165.0, -0.720358, 0.655594, -0.003125, 4.24725, -0.574194, 0.0
2182.0, -0.706472, 0.658231, -0.003241, 4.247648, -0.074188, 0.0
2182.0, -0.706472, 0.658231, -0.003241, 4.247648, -0.074188, 0.0
2198.0, -0.692088, 0.660799, -0.003353, 4.247648, -0.074188, 0.0
2216.0, -0.677205, 0.6633, -0.003458, 4.247648, -0.074188, 0.0
2216.0, -0.677205, 0.6633, -0.003458, 4.247648, -0.074188, 0.0
2231.0, -0.661819, 0.665735, -0.00356, 4.247648, -0.074188, 0.0
2231.0, -0.661819, 0.665735, -0.00356, 4.247648, -0.074188, 0.0
2248.0, -0.645932, 0.668104, -0.003657, 4.247648, -0.074188, 0.0
2266.0, -0.629547, 0.670408, -0.003748, 4.247648, -0.074188, 0.0
2266.0, -0.629547, 0.670408, -0.003748, 4.247648, -0.074188, 0.0
2282.0, -0.612665, 0.672649, -0.003833, 4.247648, -0.074188, 0.0
2282.0, -0.612665, 0.672649, -0.003833, 4.247648, -0.074188, 0.0
2299.0, -0.595287, 0.674826, -0.003914, 4.247648, -0.074188, 0.0
2316.0, -0.577412, 0.676941, -0.00399, 4.247648, -0.074188, 0.0
2316.0, -0.577412, 0.676941, -0.00399, 4.247648, -0.074188, 0.0
2331.0, -0.55904, 0.678994, -0.004063, 4.247648, -0.074188, 0.0
2331.0, -0.55904, 0.678994, -0.004063, 4.247648, -0.074188, 0.0
2348.0, -0.540172, 0.680986, -0.004132, 4.247648, -0.074188, 0.0
2366.0, -0.520807, 0.682918, -0.004199, 4.247648, -0.074188, 0.0
2366.0, -0.520807, 0.682918, -0.004199, 4.247648, -0.074188, 0.0
2382.0, -0.500945, 0.684791, -0.004263, 4.247648, -0.074188, 0.0
2382.0, -0.500945, 0.684791, -0.004263, 4.247648, -0.074188, 0.0
2398.0, -0.480587, 0.686604, -0.004326, 4.247648, -0.074188, 0.0
2416.0, -0.459731, 0.68836, -0.004386, 4.247648, -0.074188, 0.0
2416.0, -0.459731, 0.68836, -0.004386, 4.247648, -0.074188, 0.0
2431.0, -0.438387, 0.690058, -0.004442, 4.248046, 0.425817, 0.0
2431.0, -0.438387, 0.690058, -0.004442, 4.248046, 0.425817, 0.0
2448.0, -0.416549, 0.691698, -0.004496, 4.248046, 0.425817, 0.0
2465.0, -0.394214, 0.693282, -0.004551, 4.248046, 0.425817, 0.0
2465.0, -0.394214, 0.693282, -0.004551, 4.248046, 0.425817, 0.0
2481.0, -0.37138, 0.694811, -0.004606, 4.248046, 0.425817, 0.0
2481.0, -0.37138, 0.694811, -0.004606, 4.248046, 0.425817, 0.0
2498.0, -0.348049, 0.696284, -0.00466, 4.248046, 0.425817, 0.0
2516.0, -0.324219, 0.697703, -0.004714, 4.248046, 0.425817, 0.0
2516.0, -0.324219, 0.697703, -0.004714, 4.248046, 0.425817, 0.0
2533.0, -0.299881, 0.699068, -0.004771, 4.248046, 0.425817, 0.0
2533.0, -0.299881, 0.699068, -0.004771, 4.248046, 0.425817, 0.0
2548.0, -0.275043, 0.700379, -0.004827, 4.248046, 0.425817, 0.0
2566.0, -0.249707, 0.701637, -0.00488, 4.248046, 0.425817, 0.0
2566.0, -0.249707, 0.701637, -0.00488, 4.248046, 0.425817, 0.0
2583.0, -0.223873, 0.702841, -0.00493, 4.248046, 0.425817, 0.0
2583.0, -0.223873, 0.702841, -0.00493, 4.248046, 0.425817, 0.0
2598.0, -0.197543, 0.703993, -0.004978, 4.248046, 0.425817, 0.0
2618.0, -0.170717, 0.705092, -0.005024, 4.248046, 0.425817, 0.0
2618.0, -0.170717, 0.705092, -0.005024, 4.248046, 0.425817, 0.0
2633.0, -0.143405, 0.706137, -0.005065, 4.248046, 0.425817, 0.0
2633.0, -0.143405, 0.706137, -0.005065, 4.248046, 0.425817, 0.0
2648.0, -0.1156, 0.707131, -0.005105, 4.248046, 0.425817, 0.0
2667.0, -0.087298, 0.708072, -0.005147, 4.248046, 0.425817, 0.0
2667.0, -0.087298, 0.708072, -0.005147, 4.248046, 0.425817, 0.0
2682.0, -0.058497, 0.708961, -0.005189, 4.248444, 0.92582, 0.0
2682.0, -0.058497, 0.708961, -0.005189, 4.248444, 0.92582, 0.0
2699.0, -0.029198, 0.709799, -0.005233, 4.248444, 0.92582, 0.0
2716.0, 0.000599, 0.710585, -0.005277, 4.248444, 0.92582, 0.0
2716.0, 0.000599, 0.710585, -0.005277, 4.248444, 0.92582, 0.0
2732.0, 0.030907, 0.71132, -0.005326, 4.248444, 0.92582, 0.0
2732.0, 0.030907, 0.71132, -0.005326, 4.248444, 0.92582, 0.0
2749.0, 0.061716, 0.712003, -0.005375, 4.248444, 0.92582, 0.0
2766.0, 0.093023, 0.712636, -0.005421, 4.248444, 0.92582, 0.0
2766.0, 0.093023, 0.712636, -0.005421, 4.248444, 0.92582, 0.0
2782.0, 0.124827, 0.713216, -0.005464, 4.248444, 0.92582, 0.0
2782.0, 0.124827, 0.713216, -0.005464, 4.248444, 0.92582, 0.0
2799.0, 0.157127, 0.713746, -0.005506, 4.248444, 0.92582, 0.0
2817.0, 0.189924, 0.714224, -0.005546, 4.248444, 0.92582, 0.0
2817.0, 0.189924, 0.714224, -0.005546, 4.248444, 0.92582, 0.0
2832.0, 0.223216, 0.71465, -0.005585, 4.248444, 0.92582, 0.0
2832.0, 0.223216, 0.71465, -0.005585, 4.248444, 0.92582, 0.0
2849.0, 0.257006, 0.715025, -0.005624, 4.248444, 0.92582, 0.0
2866.0, 0.291291, 0.715347, -0.005663, 4.248444, 0.92582, 0.0
2866.0, 0.291291, 0.715347, -0.005663, 4.248444, 0.92582, 0.0
2883.0, 0.326073, 0.715616, -0.005701, 4.248444, 0.92582, 0.0
2883.0, 0.326073, 0.715616, -0.005701, 4.248444, 0.92582, 0.0
2898.0, 0.361352, 0.715834, -0.00574, 4.248444, 0.92582, 0.0
2916.0, 0.397128, 0.715998, -0.005779, 4.248444, 0.92582, 0.0
2916.0, 0.397128, 0.715998, -0.005779, 4.248444, 0.92582, 0.0
2932.0, 0.433386, 0.71611, -0.005812, 4.248842, 1.425824, 0.0
2932.0, 0.433386, 0.71611, -0.005812, 4.248842, 1.425824, 0.0
2949.0, 0.470137, 0.716167, -0.005847, 4.248842, 1.425824, 0.0
2966.0, 0.507385, 0.716171, -0.005884, 4.248842, 1.425824, 0.0
2966.0, 0.507385, 0.716171, -0.005884, 4.248842, 1.425824, 0.0
2982.0, 0.545132, 0.71612, -0.005924, 4.248842, 1.425824, 0.0
2982.0, 0.545132, 0.71612, -0.005924, 4.248842, 1.425824, 0.0
2999.0, 0.583377, 0.716014, -0.005966, 4.248842, 1.425824, 0.0
3017.0, 0.622122, 0.715853, -0.006009, 4.248842, 1.425824, 0.0
3017.0, 0.622122, 0.715853, -0.006009, 4.248842, 1.425824, 0.0
3032.0, 0.66138, 0.715636, -0.006059, 4.248842, 1.425824, 0.0
3032.0, 0.66138, 0.715636, -0.006059, 4.248842, 1.425824, 0.0
3049.0, 0.701141, 0.715363, -0.006109, 4.248842, 1.425824, 0.0
3066.0, 0.7414, 0.715033, -0.006156, 4.248842, 1.425824, 0.0
3066.0, 0.7414, 0.715033, -0.006156, 4.248842, 1.425824, 0.0
3083.0, 0.782154, 0.714644, -0.0062, 4.248842, 1.425824, 0.0
3083.0, 0.782154, 0.714644, -0.0062, 4.248842, 1.425824, 0.0
3099.0, 0.823403, 0.714196, -0.006243, 4.248842, 1.425824, 0.0
3117.0, 0.865148, 0.713689, -0.006283, 4.248842, 1.425824, 0.0
3117.0, 0.865148, 0.713689, -0.006283, 4.248842, 1.425824, 0.0
3132.0, 0.907371, 0.713122, -0.006317, 4.248842, 1.425824, 0.0
3132.0, 0.907371, 0.713122, -0.006317, 4.248842, 1.425824, 0.0
3149.0, 0.950085, 0.712492, -0.006351, 4.248842, 1.425824, 0.0
3166.0, 0.993293, 0.7118, -0.006389, 4.248842, 1.425824, 0.0
3166.0, 0.993293, 0.7118, -0.006389, 4.248842, 1.425824, 0.0
3182.0, 1.036999, 0.711043, -0.006429, 4.24924, 1.925827, 0.0
3182.0, 1.036999, 0.711043, -0.006429, 4.24924, 1.925827, 0.0
3199.0, 1.081203, 0.710222, -0.006473, 4.24924, 1.925827, 0.0
3217.0, 1.125904, 0.709335, -0.006518, 4.24924, 1.925827, 0.0
3217.0, 1.125904, 0.709335, -0.006518, 4.24924, 1.925827, 0.0
3232.0, 1.171119, 0.708381, -0.006572, 4.24924, 1.925827, 0.0
3232.0, 1.171119, 0.708381, -0.006572, 4.24924, 1.925827, 0.0
3249.0, 1.216836, 0.707359, -0.006627, 4.24924, 1.925827, 0.0
3266.0, 1.263049, 0.706268, -0.006678, 4.24924, 1.925827, 0.0
3266.0, 1.263049, 0.706268, -0.006678, 4.24924, 1.925827, 0.0
3283.0, 1.309756, 0.705106, -0.006728, 4.24924, 1.925827, 0.0
3283.0, 1.309756, 0.705106, -0.006728, 4.24924, 1.925827, 0.0
3299.0, 1.356956, 0.703871, -0.006775, 4.24924, 1.925827, 0.0
3317.0, 1.404631, 0.702564, -0.006814, 4.24924, 1.925827, 0.0
3317.0, 1.404631, 0.702564, -0.006814, 4.24924, 1.925827, 0.0
3333.0, 1.452706, 0.701181, -0.006818, 4.24924, 1.925827, 0.0
3333.0, 1.452706, 0.701181, -0.006818, 4.24924, 1.925827, 0.0
3349.0, 1.501131, 0.699719, -0.006781, 4.24924, 1.925827, 0.0
3366.0, 1.549852, 0.698173, -0.006698, 4.24924, 1.925827, 0.0
3366.0, 1.549852, 0.698173, -0.006698, 4.24924, 1.925827, 0.0
3383.0, 1.598817, 0.696541, -0.006572, 4.24924, 1.925827, 0.0
3383.0, 1.598817, 0.696541, -0.006572, 4.24924, 1.925827, 0.0
3398.0, 1.647981, 0.694818, -0.006408, 4.24924, 1.925827, 0.0
3416.0, 1.697307, 0.693003, -0.006215, 4.24924, 1.925827, 0.0
3416.0, 1.697307, 0.693003, -0.006215, 4.24924, 1.925827, 0.0
3431.0, 1.746783, 0.691092, -0.006011, 4.249639, 2.425832, 0.0
3431.0, 1.746783, 0.691092, -0.006011, 4.249639, 2.425832, 0.0
3448.0, 1.79637, 0.689084, -0.005798, 4.249639, 2.425832, 0.0
3465.0, 1.846042, 0.686977, -0.005582, 4.249639, 2.425832, 0.0
3465.0, 1.846042, 0.686977, -0.005582, 4.249639, 2.425832, 0.0
3483.0, 1.895779, 0.684771, -0.005372, 4.249639, 2.425832, 0.0
3483.0, 1.895779, 0.684771, -0.005372, 4.249639, 2.425832, 0.0
3499.0, 1.945568, 0.682465, -0.005175, 4.249639, 2.425832, 0.0
3516.0, 1.995397, 0.680061, -0.004994, 4.249639, 2.425832, 0.0
3516.0, 1.995397, 0.680061, -0.004994, 4.249639, 2.425832, 0.0
3532.0, 2.045259, 0.677556, -0.004836, 4.249639, 2.425832, 0.0
3532.0, 2.045259, 0.677556, -0.004836, 4.249639, 2.425832, 0.0
3549.0, 2.095147, 0.674951, -0.004701, 4.249639, 2.425832, 0.0
3565.0, 2.145055, 0.672246, -0.00459, 4.249639, 2.425832, 0.0
3565.0, 2.145055, 0.672246, -0.00459, 4.249639, 2.425832, 0.0
3582.0, 2.194981, 0.669439, -0.004503, 4.249639, 2.425832, 0.0
3582.0, 2.194981, 0.669439, -0.004503, 4.249639, 2.425832, 0.0
3598.0, 2.244921, 0.666532, -0.00444, 4.249639, 2.425832, 0.0
3616.0, 2.294872, 0.663523, -0.004397, 4.249639, 2.425832, 0.0
3616.0, 2.294872, 0.663523, -0.004397, 4.249639, 2.425832, 0.0
3631.0, 2.344813, 0.660412, -0.004366, 4.249639, 2.425832, 0.0
3631.0, 2.344813, 0.660412, -0.004366, 4.249639, 2.425832, 0.0
3648.0, 2.394756, 0.657197, -0.004354, 4.249639, 2.425832, 0.0
3665.0, 2.444705, 0.653877, -0.004359, 4.249639, 2.425832, 0.0
3665.0, 2.444705, 0.653877, -0.004359, 4.249639, 2.425832, 0.0
3682.0, 2.494663, 0.65045, -0.004381, 4.250037, 2.925835, 0.0
3682.0, 2.494663, 0.65045, -0.004381, 4.250037, 2.925835, 0.0
3699.0, 2.544629, 0.646914, -0.004417, 4.250037, 2.925835, 0.0
3716.0, 2.5946, 0.643269, -0.004463, 4.250037, 2.925835, 0.0
3716.0, 2.5946, 0.643269, -0.004463, 4.250037, 2.925835, 0.0
3732.0, 2.644598, 0.639511, -0.004526, 4.250037, 2.925835, 0.0
3732.0, 2.644598, 0.639511, -0.004526, 4.250037, 2.925835, 0.0
3748.0, 2.694604, 0.63564, -0.004594, 4.250037, 2.925835, 0.0
3766.0, 2.744616, 0.631654, -0.004664, 4.250037, 2.925835, 0.0
3766.0, 2.744616, 0.631654, -0.004664, 4.250037, 2.925835, 0.0
3782.0, 2.794628, 0.627551, -0.004734, 4.250037, 2.925835, 0.0
3782.0, 2.794628, 0.627551, -0.004734, 4.250037, 2.925835, 0.0
3798.0, 2.84464, 0.62333, -0.004805, 4.250037, 2.925835, 0.0
3816.0, 2.894652, 0.618989, -0.004876, 4.250037, 2.925835, 0.0
3816.0, 2.894652, 0.618989, -0.004876, 4.250037, 2.925835, 0.0
3831.0, 2.944643, 0.614528, -0.004941, 4.250037, 2.925835, 0.0
3831.0, 2.944643, 0.614528, -0.004941, 4.250037, 2.925835, 0.0
3848.0, 2.99463, 0.609943, -0.005008, 4.250037, 2.925835, 0.0
3865.0, 3.044616, 0.605232, -0.00508, 4.250037, 2.925835, 0.0
3865.0, 3.044616, 0.605232, -0.00508, 4.250037, 2.925835, 0.0
3882.0, 3.094604, 0.600392, -0.005157, 4.250037, 2.925835, 0.0
3882.0, 3.094604, 0.600392, -0.005157, 4.250037, 2.925835, 0.0
3898.0, 3.144595, 0.595423, -0.005238, 4.250037, 2.925835, 0.0
3916.0, 3.19459, 0.590323, -0.005322, 4.250037, 2.925835, 0.0
3916.0, 3.19459, 0.590323, -0.005322, 4.250037, 2.925835, 0.0
3932.0, 3.244606, 0.585089, -0.005416, 4.250435, 3.425838, 0.0
3932.0, 3.244606, 0.585089, -0.005416, 4.250435, 3.425838, 0.0
3949.0, 3.29463, 0.57972, -0.005511, 4.250435, 3.425838, 0.0
3965.0, 3.344655, 0.574215, -0.005604, 4.250435, 3.425838, 0.0
3965.0, 3.344655, 0.574215, -0.005604, 4.250435, 3.425838, 0.0
3982.0, 3.394679, 0.568574, -0.005695, 4.250435, 3.425838, 0.0
3982.0, 3.394679, 0.568574, -0.005695, 4.250435, 3.425838, 0.0
3999.0, 3.444702, 0.562793, -0.005784, 4.250435, 3.425838, 0.0
4016.0, 3.494723, 0.556873, -0.005871, 4.250435, 3.425838, 0.0
4016.0, 3.494723, 0.556873, -0.005871, 4.250435, 3.425838, 0.0
4032.0, 3.544693, 0.550842, -0.005937, 4.250435, 3.425838, 0.0
4032.0, 3.544693, 0.550842, -0.005937, 4.250435, 3.425838, 0.0
4049.0, 3.594552, 0.544738, -0.005962, 4.250435, 3.425838, 0.0
4065.0, 3.644238, 0.538596, -0.005933, 4.250435, 3.425838, 0.0
4065.0, 3.644238, 0.538596, -0.005933, 4.250435, 3.425838, 0.0
4082.0, 3.693696, 0.532447, -0.005848, 4.250435, 3.425838, 0.0
4082.0, 3.693696, 0.532447, -0.005848, 4.250435, 3.425838, 0.0
4098.0, 3.742881, 0.526319, -0.005708, 4.250435, 3.425838, 0.0
4116.0, 3.791754, 0.520232, -0.005522, 4.250435, 3.425838, 0.0
4116.0, 3.791754, 0.520232, -0.005522, 4.250435, 3.425838, 0.0
4132.0, 3.840264, 0.514208, -0.005291, 4.250435, 3.425838, 0.0
4132.0, 3.840264, 0.514208, -0.005291, 4.250435, 3.425838, 0.0
4148.0, 3.8884, 0.508262, -0.005035, 4.250435, 3.425838, 0.0
4165.0, 3.936146, 0.502407, -0.004765, 4.250435, 3.425838, 0.0
4165.0, 3.936146, 0.502407, -0.004765, 4.250435, 3.425838, 0.0
4182.0, 3.983488, 0.496654, -0.00449, 4.250833, 3.925841, 0.0
4182.0, 3.983488, 0.496654, -0.00449, 4.250833, 3.925841, 0.0
4198.0, 4.030413, 0.491015, -0.004216, 4.250833, 3.925841, 0.0
4216.0, 4.076909, 0.485497, -0.003949, 4.250833, 3.925841, 0.0
4216.0, 4.076909, 0.485497, -0.003949, 4.250833, 3.925841, 0.0
4231.0, 4.122987, 0.480108, -0.003699, 4.250833, 3.925841, 0.0
4231.0, 4.122987, 0.480108, -0.003699, 4.250833, 3.925841, 0.0
4248.0, 4.168626, 0.474854, -0.003461, 4.250833, 3.925841, 0.0
4265.0, 4.213815, 0.469743, -0.003233, 4.250833, 3.925841, 0.0
4265.0, 4.213815, 0.469743, -0.003233, 4.250833, 3.925841, 0.0
4282.0, 4.258548, 0.464779, -0.003016, 4.250833, 3.925841, 0.0
4282.0, 4.258548, 0.464779, -0.003016, 4.250833, 3.925841, 0.0
4298.0, 4.302821, 0.459967, -0.00281, 4.250833, 3.925841, 0.0
4317.0, 4.346631, 0.455308, -0.002617, 4.250833, 3.925841, 0.0
4317.0, 4.346631, 0.455308, -0.002617, 4.250833, 3.925841, 0.0
4332.0, 4.389958, 0.450807, -0.002429, 4.250833, 3.925841, 0.0
4332.0, 4.389958, 0.450807, -0.002429, 4.250833, 3.925841, 0.0
4348.0, 4.432817, 0.446464, -0.002252, 4.250833, 3.925841, 0.0
4365.0, 4.475207, 0.44228, -0.002089, 4.250833, 3.925841, 0.0
4365.0, 4.475207, 0.44228, -0.002089, 4.250833, 3.925841, 0.0
4382.0, 4.517131, 0.438255, -0.001937, 4.250833, 3.925841, 0.0
4382.0, 4.517131, 0.438255, -0.001937, 4.250833, 3.925841, 0.0
4398.0, 4.558587, 0.434391, -0.001796, 4.250833, 3.925841, 0.0
4416.0, 4.599576, 0.430687, -0.001663, 4.250833, 3.925841, 0.0
4416.0, 4.599576, 0.430687, -0.001663, 4.250833, 3.925841, 0.0
4431.0, 4.640112, 0.427143, -0.001542, 4.251231, 4.425848, 0.0
4431.0, 4.640112, 0.427143, -0.001542, 4.251231, 4.425848, 0.0
4448.0, 4.680183, 0.423759, -0.001425, 4.251231, 4.425848, 0.0
4465.0, 4.719783, 0.420536, -0.001309, 4.251231, 4.425848, 0.0
4465.0, 4.719783, 0.420536, -0.001309, 4.251231, 4.425848, 0.0
4481.0, 4.758909, 0.417472, -0.001193, 4.251231, 4.425848, 0.0
4481.0, 4.758909, 0.417472, -0.001193, 4.251231, 4.425848, 0.0
4498.0, 4.797561, 0.414567, -0.001077, 4.251231, 4.425848, 0.0
4516.0, 4.835738, 0.411821, -0.000961, 4.251231, 4.425848, 0.0
4516.0, 4.835738, 0.411821, -0.000961, 4.251231, 4.425848, 0.0
4532.0, 4.873439, 0.409232, -0.000845, 4.251231, 4.425848, 0.0
4532.0, 4.873439, 0.409232, -0.000845, 4.251231, 4.425848, 0.0
4549.0, 4.910666, 0.4068, -0.00073, 4.251231, 4.425848, 0.0
4566.0, 4.947415, 0.404522, -0.000616, 4.251231, 4.425848, 0.0
4566.0, 4.947415, 0.404522, -0.000616, 4.251231, 4.425848, 0.0
4583.0, 4.983689, 0.402398, -0.000502, 4.251231, 4.425848, 0.0
4583.0, 4.983689, 0.402398, -0.000502, 4.251231, 4.425848, 0.0
4598.0, 5.019487, 0.400428, -0.000389, 4.251231, 4.425848, 0.0
4617.0, 5.054808, 0.398609, -0.000277, 4.251231, 4.425848, 0.0
4617.0, 5.054808, 0.398609, -0.000277, 4.251231, 4.425848, 0.0
4633.0, 5.089736, 0.396914, -0.000203, 4.251231, 4.425848, 0.0
4633.0, 5.089736, 0.396914, -0.000203, 4.251231, 4.425848, 0.0
4648.0, 5.124414, 0.395304, -0.000209, 4.251231, 4.425848, 0.0
4666.0, 5.158952, 0.393745, -0.00032, 4.251231, 4.425848, 0.0
4666.0, 5.158952, 0.393745, -0.00032, 4.251231, 4.425848, 0.0
4682.0, 5.193468, 0.392206, -0.00054, 4.251629, 4.925858, 0.0
4682.0, 5.193468, 0.392206, -0.00054, 4.251629, 4.925858, 0.0
4699.0, 5.228055, 0.390662, -0.00086, 4.251629, 4.925858, 0.0
4716.0, 5.262793, 0.389093, -0.001264, 4.251629, 4.925858, 0.0
4716.0, 5.262793, 0.389093, -0.001264, 4.251629, 4.925858, 0.0
4732.0, 5.297757, 0.38748, -0.001737, 4.251629, 4.925858, 0.0
4732.0, 5.297757, 0.38748, -0.001737, 4.251629, 4.925858, 0.0
4748.0, 5.332989, 0.385809, -0.002251, 4.251629, 4.925858, 0.0
4766.0, 5.36853, 0.384068, -0.002784, 4.251629, 4.925858, 0.0
4766.0, 5.36853, 0.384068, -0.002784, 4.251629, 4.925858, 0.0
4783.0, 5.404412, 0.382246, -0.003319, 4.251629, 4.925858, 0.0
4783.0, 5.404412, 0.382246, -0.003319, 4.251629, 4.925858, 0.0
4798.0, 5.440662, 0.380335, -0.003842, 4.251629, 4.925858, 0.0
4816.0, 5.477303, 0.378325, -0.004342, 4.251629, 4.925858, 0.0
4817.0, 5.477303, 0.378325, -0.004342, 4.251629, 4.925858, 0.0
4833.0, 5.514337, 0.376209, -0.004806, 4.251629, 4.925858, 0.0
4833.0, 5.514337, 0.376209, -0.004806, 4.251629, 4.925858, 0.0
4849.0, 5.551788, 0.373981, -0.005236, 4.251629, 4.925858, 0.0
4866.0, 5.589674, 0.371632, -0.005631, 4.251629, 4.925858, 0.0
4866.0, 5.589674, 0.371632, -0.005631, 4.251629, 4.925858, 0.0
4883.0, 5.628004, 0.369159, -0.005992, 4.251629, 4.925858, 0.0
4883.0, 5.628004, 0.369159, -0.005992, 4.251629, 4.925858, 0.0
4898.0, 5.666785, 0.366555, -0.006318, 4.251629, 4.925858, 0.0
4916.0, 5.706023, 0.363818, -0.006612, 4.251629, 4.925858, 0.0
4916.0, 5.706023, 0.363818, -0.006612, 4.251629, 4.925858, 0.0
4932.0, 5.745641, 0.360974, -0.00684, 4.252028, 5.425863, 0.0
4932.0, 5.745641, 0.360974, -0.00684, 4.252028, 5.425863, 0.0
4949.0, 5.785506, 0.358057, -0.006959, 4.252028, 5.425863, 0.0
4966.0, 5.825494, 0.355101, -0.00695, 4.252028, 5.425863, 0.0
4966.0, 5.825494, 0.355101, -0.00695, 4.252028, 5.425863, 0.0
4982.0, 5.865498, 0.352135, -0.00681, 4.252028, 5.425863, 0.0
4982.0, 5.865498, 0.352135, -0.00681, 4.252028, 5.425863, 0.0
4999.0, 5.90543, 0.349181, -0.006552, 4.252028, 5.425863, 0.0
5017.0, 5.945203, 0.346262, -0.006194, 4.252028, 5.425863, 0.0
5017.0, 5.945203, 0.346262, -0.006194, 4.252028, 5.425863, 0.0
5032.0, 5.984746, 0.343397, -0.005756, 4.252028, 5.425863, 0.0
5033.0, 5.984746, 0.343397, -0.005756, 4.252028, 5.425863, 0.0
5049.0, 6.024017, 0.3406, -0.005266, 4.252028, 5.425863, 0.0
5065.0, 6.062982, 0.337887, -0.00475, 4.252028, 5.425863, 0.0
5065.0, 6.062982, 0.337887, -0.00475, 4.252028, 5.425863, 0.0
5082.0, 6.101607, 0.335269, -0.004226, 4.252028, 5.425863, 0.0
5082.0, 6.101607, 0.335269, -0.004226, 4.252028, 5.425863, 0.0
5099.0, 6.139869, 0.332758, -0.00371, 4.252028, 5.425863, 0.0
5116.0, 6.177745, 0.330366, -0.003212, 4.252028, 5.425863, 0.0
5116.0, 6.177745, 0.330366, -0.003212, 4.252028, 5.425863, 0.0
5133.0, 6.215232, 0.328099, -0.002748, 4.252028, 5.425863, 0.0
5133.0, 6.215232, 0.328099, -0.002748, 4.252028, 5.425863, 0.0
5149.0, 6.252307, 0.325967, -0.002314, 4.252028, 5.425863, 0.0
5166.0, 6.288954, 0.323976, -0.001913, 4.252028, 5.425863, 0.0
5166.0, 6.288954, 0.323976, -0.001913, 4.252028, 5.425863, 0.0
5182.0, 6.325163, 0.322132, -0.001545, 4.252426, 5.925872, 0.0
5182.0, 6.325163, 0.322132, -0.001545, 4.252426, 5.925872, 0.0
5199.0, 6.360927, 0.320439, -0.00121, 4.252426, 5.925872, 0.0
5216.0, 6.396239, 0.318901, -0.000905, 4.252426, 5.925872, 0.0
5216.0, 6.396239, 0.318901, -0.000905, 4.252426, 5.925872, 0.0
5233.0, 6.431097, 0.317519, -0.000631, 4.252426, 5.925872, 0.0
5233.0, 6.431097, 0.317519, -0.000631, 4.252426, 5.925872, 0.0
5249.0, 6.465504, 0.316295, -0.000383, 4.252426, 5.925872, 0.0
5266.0, 6.49944, 0.315231, -0.000159, 4.252426, 5.925872, 0.0
5266.0, 6.49944, 0.315231, -0.000159, 4.252426, 5.925872, 0.0
5283.0, 6.532912, 0.314325, 0.000044, 4.252426, 5.925872, 0.0
5283.0, 6.532912, 0.314325, 0.000044, 4.252426, 5.925872, 0.0
5299.0, 6.565917, 0.313578, 0.000229, 4.252426, 5.925872, 0.0
5318.0, 6.598455, 0.312991, 0.000399, 4.252426, 5.925872, 0.0
5318.0, 6.598455, 0.312991, 0.000399, 4.252426, 5.925872, 0.0
5333.0, 6.630609, 0.312533, 0.00052, 4.252426, 5.925872, 0.0
5333.0, 6.630609, 0.312533, 0.00052, 4.252426, 5.925872, 0.0
5349.0, 6.66251, 0.312165, 0.00055, 4.252426, 5.925872, 0.0
5366.0, 6.694283, 0.311852, 0.000469, 4.252426, 5.925872, 0.0
5366.0, 6.694283, 0.311852, 0.000469, 4.252426, 5.925872, 0.0
5383.0, 6.726038, 0.311562, 0.000273, 4.252426, 5.925872, 0.0
5383.0, 6.726038, 0.311562, 0.000273, 4.252426, 5.925872, 0.0
5398.0, 6.757867, 0.311269, -0.000029, 4.252426, 5.925872, 0.0
5416.0, 6.789846, 0.31095, -0.000418, 4.252426, 5.925872, 0.0
5416.0, 6.789846, 0.31095, -0.000418, 4.252426, 5.925872, 0.0
5431.0, 6.822052, 0.310587, -0.000879, 4.252824, 6.425886, 0.0
5431.0, 6.822052, 0.310587, -0.000879, 4.252824, 6.425886, 0.0
5448.0, 6.854528, 0.310166, -0.001383, 4.252824, 6.425886, 0.0
5464.0, 6.887312, 0.309674, -0.001909, 4.252824, 6.425886, 0.0
5464.0, 6.887312, 0.309674, -0.001909, 4.252824, 6.425886, 0.0
5482.0, 6.920437, 0.309099, -0.002439, 4.252824, 6.425886, 0.0
5482.0, 6.920437, 0.309099, -0.002439, 4.252824, 6.425886, 0.0
5499.0, 6.95393, 0.308432, -0.002958, 4.252824, 6.425886, 0.0
5516.0, 6.987813, 0.307665, -0.003456, 4.252824, 6.425886, 0.0
5516.0, 6.987813, 0.307665, -0.003456, 4.252824, 6.425886, 0.0
5532.0, 7.02209, 0.30679, -0.00392, 4.252824, 6.425886, 0.0
5532.0, 7.02209, 0.30679, -0.00392, 4.252824, 6.425886, 0.0
5549.0, 7.056786, 0.3058, -0.004351, 4.252824, 6.425886, 0.0
5565.0, 7.091915, 0.304689, -0.004748, 4.252824, 6.425886, 0.0
5565.0, 7.091915, 0.304689, -0.004748, 4.252824, 6.425886, 0.0
5582.0, 7.127487, 0.303451, -0.00511, 4.252824, 6.425886, 0.0
5582.0, 7.127487, 0.303451, -0.00511, 4.252824, 6.425886, 0.0
5599.0, 7.163512, 0.302083, -0.005438, 4.252824, 6.425886, 0.0
5617.0, 7.199992, 0.30058, -0.005734, 4.252824, 6.425886, 0.0
5617.0, 7.199992, 0.30058, -0.005734, 4.252824, 6.425886, 0.0
5632.0, 7.236851, 0.29897, -0.005964, 4.252824, 6.425886, 0.0
5632.0, 7.236851, 0.29897, -0.005964, 4.252824, 6.425886, 0.0
5649.0, 7.273957, 0.297287, -0.006085, 4.252824, 6.425886, 0.0
5665.0, 7.311187, 0.295564, -0.006078, 4.252824, 6.425886, 0.0
5665.0, 7.311187, 0.295564, -0.006078, 4.252824, 6.425886, 0.0
5682.0, 7.348433, 0.293831, -0.005941, 4.253222, 6.925891, 0.0
5682.0, 7.348433, 0.293831, -0.005941, 4.253222, 6.925891, 0.0
5698.0, 7.385601, 0.292112, -0.005685, 4.253222, 6.925891, 0.0
5716.0, 7.422616, 0.290428, -0.00533, 4.253222, 6.925891, 0.0
5716.0, 7.422616, 0.290428, -0.00533, 4.253222, 6.925891, 0.0
5732.0, 7.459403, 0.288796, -0.004894, 4.253222, 6.925891, 0.0
5732.0, 7.459403, 0.288796, -0.004894, 4.253222, 6.925891, 0.0
5748.0, 7.495918, 0.287234, -0.004407, 4.253222, 6.925891, 0.0
5765.0, 7.532128, 0.285754, -0.003892, 4.253222, 6.925891, 0.0
5765.0, 7.532128, 0.285754, -0.003892, 4.253222, 6.925891, 0.0
5782.0, 7.567999, 0.28437, -0.00337, 4.253222, 6.925891, 0.0
5782.0, 7.567999, 0.28437, -0.00337, 4.253222, 6.925891, 0.0
5799.0, 7.603507, 0.283093, -0.002854, 4.253222, 6.925891, 0.0
5815.0, 7.638628, 0.281933, -0.002357, 4.253222, 6.925891, 0.0
5815.0, 7.638628, 0.281933, -0.002357, 4.253222, 6.925891, 0.0
5832.0, 7.673359, 0.280898, -0.001892, 4.253222, 6.925891, 0.0
5832.0, 7.673359, 0.280898, -0.001892, 4.253222, 6.925891, 0.0
5849.0, 7.707676, 0.279996, -0.001457, 4.253222, 6.925891, 0.0
5866.0, 7.741565, 0.279232, -0.001055, 4.253222, 6.925891, 0.0
5866.0, 7.741565, 0.279232, -0.001055, 4.253222, 6.925891, 0.0
5882.0, 7.775015, 0.278611, -0.000685, 4.253222, 6.925891, 0.0
5882.0, 7.775015, 0.278611, -0.000685, 4.253222, 6.925891, 0.0
5898.0, 7.808019, 0.278138, -0.000349, 4.253222, 6.925891, 0.0
5916.0, 7.84057, 0.277817, -0.000044, 4.253222, 6.925891, 0.0
5916.0, 7.84057, 0.277817, -0.000044, 4.253222, 6.925891, 0.0
5932.0, 7.872665, 0.277647, 0.000232, 4.25362, 7.425895, 0.0
5932.0, 7.872665, 0.277647, 0.000232, 4.25362, 7.425895, 0.0
5949.0, 7.9043, 0.277631, 0.000481, 4.25362, 7.425895, 0.0
5966.0, 7.935471, 0.277769, 0.000706, 4.25362, 7.425895, 0.0
5966.0, 7.935471, 0.277769, 0.000706, 4.25362, 7.425895, 0.0
5982.0, 7.966176, 0.278061, 0.00091, 4.25362, 7.425895, 0.0
5982.0, 7.966176, 0.278061, 0.00091, 4.25362, 7.425895, 0.0
5999.0, 7.996413, 0.278506, 0.001095, 4.25362, 7.425895, 0.0
6016.0, 8.02618, 0.279105, 0.001266, 4.25362, 7.425895, 0.0
6016.0, 8.02618, 0.279105, 0.001266, 4.25362, 7.425895, 0.0
6032.0, 8.055563, 0.279828, 0.001387, 4.25362, 7.425895, 0.0
6032.0, 8.055563, 0.279828, 0.001387, 4.25362, 7.425895, 0.0
6049.0, 8.084699, 0.280638, 0.001417, 4.25362, 7.425895, 0.0
6066.0, 8.113701, 0.281502, 0.001335, 4.25362, 7.425895, 0.0
6066.0, 8.113701, 0.281502, 0.001335, 4.25362, 7.425895, 0.0
6082.0, 8.142684, 0.28239, 0.001138, 4.25362, 7.425895, 0.0
6082.0, 8.142684, 0.28239, 0.001138, 4.25362, 7.425895, 0.0
6099.0, 8.171844, 0.283278, 0.000835, 4.25362, 7.425895, 0.0
6116.0, 8.201052, 0.28414, 0.000445, 4.25362, 7.425895, 0.0
6116.0, 8.201052, 0.28414, 0.000445, 4.25362, 7.425895, 0.0
6132.0, 8.230474, 0.284961, -0.000012, 4.25362, 7.425895, 0.0
6132.0, 8.230474, 0.284961, -0.000012, 4.25362, 7.425895, 0.0
6148.0, 8.260164, 0.285727, -0.000512, 4.25362, 7.425895, 0.0
6166.0, 8.290163, 0.286426, -0.001036, 4.25362, 7.425895, 0.0
6166.0, 8.290163, 0.286426, -0.001036, 4.25362, 7.425895, 0.0
6182.0, 8.320506, 0.287049, -0.001566, 4.254018, 7.926026, 0.0
6182.0, 8.320506, 0.287049, -0.001566, 4.254018, 7.926026, 0.0
6198.0, 8.351219, 0.287585, -0.002087, 4.254018, 7.926026, 0.0
6217.0, 8.382327, 0.288028, -0.002587, 4.254018, 7.926026, 0.0
6217.0, 8.382327, 0.288028, -0.002587, 4.254018, 7.926026, 0.0
6232.0, 8.413845, 0.28837, -0.003058, 4.254018, 7.926026, 0.0
6232.0, 8.413845, 0.28837, -0.003058, 4.254018, 7.926026, 0.0
6249.0, 8.445789, 0.288605, -0.003496, 4.254018, 7.926026, 0.0
6265.0, 8.478169, 0.288728, -0.003898, 4.254018, 7.926026, 0.0
6265.0, 8.478169, 0.288728, -0.003898, 4.254018, 7.926026, 0.0
6282.0, 8.510996, 0.288734, -0.004262, 4.254018, 7.926026, 0.0
6282.0, 8.510996, 0.288734, -0.004262, 4.254018, 7.926026, 0.0
6299.0, 8.544275, 0.288618, -0.004589, 4.254018, 7.926026, 0.0
6317.0, 8.578012, 0.288379, -0.004883, 4.254018, 7.926026, 0.0
6317.0, 8.578012, 0.288379, -0.004883, 4.254018, 7.926026, 0.0
6332.0, 8.612226, 0.288012, -0.005149, 4.254018, 7.926026, 0.0
6332.0, 8.612226, 0.288012, -0.005149, 4.254018, 7.926026, 0.0
6349.0, 8.64691, 0.287513, -0.005387, 4.254018, 7.926026, 0.0
6365.0, 8.682061, 0.286881, -0.005596, 4.254018, 7.926026, 0.0
6366.0, 8.682061, 0.286881, -0.005596, 4.254018, 7.926026, 0.0
6382.0, 8.717683, 0.286112, -0.005782, 4.254018, 7.926026, 0.0
6382.0, 8.717683, 0.286112, -0.005782, 4.254018, 7.926026, 0.0
6399.0, 8.753774, 0.285206, -0.005948, 4.254018, 7.926026, 0.0
6417.0, 8.790338, 0.284161, -0.006097, 4.254018, 7.926026, 0.0
6417.0, 8.790338, 0.284161, -0.006097, 4.254018, 7.926026, 0.0
6432.0, 8.827262, 0.283004, -0.006186, 4.254416, 8.42603, 0.0
6432.0, 8.827262, 0.283004, -0.006186, 4.254416, 8.42603, 0.0
6449.0, 8.864434, 0.281773, -0.006186, 4.254416, 8.42603, 0.0
6466.0, 8.901738, 0.280499, -0.006079, 4.254416, 8.42603, 0.0
6466.0, 8.901738, 0.280499, -0.006079, 4.254416, 8.42603, 0.0
6482.0, 8.939067, 0.279214, -0.005862, 4.254416, 8.42603, 0.0
6482.0, 8.939067, 0.279214, -0.005862, 4.254416, 8.42603, 0.0
6499.0, 8.976328, 0.277943, -0.005545, 4.254416, 8.42603, 0.0
6516.0, 9.013444, 0.276705, -0.005144, 4.254416, 8.42603, 0.0
6516.0, 9.013444, 0.276705, -0.005144, 4.254416, 8.42603, 0.0
6533.0, 9.050366, 0.275521, -0.004684, 4.254416, 8.42603, 0.0
6533.0, 9.050366, 0.275521, -0.004684, 4.254416, 8.42603, 0.0
6549.0, 9.087032, 0.274405, -0.004181, 4.254416, 8.42603, 0.0
6566.0, 9.123396, 0.273374, -0.003653, 4.254416, 8.42603, 0.0
6566.0, 9.123396, 0.273374, -0.003653, 4.254416, 8.42603, 0.0
6582.0, 9.159421, 0.272439, -0.003117, 4.254416, 8.42603, 0.0
6582.0, 9.159421, 0.272439, -0.003117, 4.254416, 8.42603, 0.0
6599.0, 9.195081, 0.271613, -0.002589, 4.254416, 8.42603, 0.0
6617.0, 9.230352, 0.270904, -0.002079, 4.254416, 8.42603, 0.0
6617.0, 9.230352, 0.270904, -0.002079, 4.254416, 8.42603, 0.0
6633.0, 9.26522, 0.270321, -0.001598, 4.254416, 8.42603, 0.0
6633.0, 9.26522, 0.270321, -0.001598, 4.254416, 8.42603, 0.0
6649.0, 9.299668, 0.26987, -0.001149, 4.254416, 8.42603, 0.0
6667.0, 9.333688, 0.269559, -0.000736, 4.254416, 8.42603, 0.0
6667.0, 9.333688, 0.269559, -0.000736, 4.254416, 8.42603, 0.0
6682.0, 9.367269, 0.269391, -0.000359, 4.254815, 8.926035, 0.0
6682.0, 9.367269, 0.269391, -0.000359, 4.254815, 8.926035, 0.0
6699.0, 9.400404, 0.26937, -0.000019, 4.254815, 8.926035, 0.0
6716.0, 9.433089, 0.269501, 0.000288, 4.254815, 8.926035, 0.0
6716.0, 9.433089, 0.269501, 0.000288, 4.254815, 8.926035, 0.0
6732.0, 9.465306, 0.269784, 0.000569, 4.254815, 8.926035, 0.0
6732.0, 9.465306, 0.269784, 0.000569, 4.254815, 8.926035, 0.0
6749.0, 9.49726, 0.270222, 0.000823, 4.254815, 8.926035, 0.0
6766.0, 9.528549, 0.270813, 0.001049, 4.254815, 8.926035, 0.0
6766.0, 9.528549, 0.270813, 0.001049, 4.254815, 8.926035, 0.0
6782.0, 9.559375, 0.271557, 0.001253, 4.254815, 8.926035, 0.0
6782.0, 9.559375, 0.271557, 0.001253, 4.254815, 8.926035, 0.0
6799.0, 9.589736, 0.272455, 0.001436, 4.254815, 8.926035, 0.0
6817.0, 9.619629, 0.273506, 0.001604, 4.254815, 8.926035, 0.0
6817.0, 9.619629, 0.273506, 0.001604, 4.254815, 8.926035, 0.0
6833.0, 9.64914, 0.274681, 0.001721, 4.254815, 8.926035, 0.0
6833.0, 9.64914, 0.274681, 0.001721, 4.254815, 8.926035, 0.0
6849.0, 9.6784, 0.275943, 0.001748, 4.254815, 8.926035, 0.0
6866.0, 9.707533, 0.277259, 0.001663, 4.254815, 8.926035, 0.0
6866.0, 9.707533, 0.277259, 0.001663, 4.254815, 8.926035, 0.0
6883.0, 9.736648, 0.278599, 0.001465, 4.254815, 8.926035, 0.0
6883.0, 9.736648, 0.278599, 0.001465, 4.254815, 8.926035, 0.0
6898.0, 9.765836, 0.279936, 0.001161, 4.254815, 8.926035, 0.0
6917.0, 9.795176, 0.28125, 0.000771, 4.254815, 8.926035, 0.0
6917.0, 9.795176, 0.28125, 0.000771, 4.254815, 8.926035, 0.0
6932.0, 9.824753, 0.282524, 0.000305, 4.255213, 9.42625, 0.0
6932.0, 9.824753, 0.282524, 0.000305, 4.255213, 9.42625, 0.0
6949.0, 9.854604, 0.283744, -0.000204, 4.255213, 9.42625, 0.0
6966.0, 9.884764, 0.284898, -0.000732, 4.255213, 9.42625, 0.0
6966.0, 9.884764, 0.284898, -0.000732, 4.255213, 9.42625, 0.0
6982.0, 9.915263, 0.285974, -0.001262, 4.255213, 9.42625, 0.0
6982.0, 9.915263, 0.285974, -0.001262, 4.255213, 9.42625, 0.0
6999.0, 9.946132, 0.286964, -0.001781, 4.255213, 9.42625, 0.0
7017.0, 9.977389, 0.28786, -0.002277, 4.255213, 9.42625, 0.0
7017.0, 9.977389, 0.28786, -0.002277, 4.255213, 9.42625, 0.0
7033.0, 10.009043, 0.288654, -0.002739, 4.255213, 9.42625, 0.0
7033.0, 10.009043, 0.288654, -0.002739, 4.255213, 9.42625, 0.0
7049.0, 10.041116, 0.28934, -0.003168, 4.255213, 9.42625, 0.0
7066.0, 10.073623, 0.289914, -0.003562, 4.255213, 9.42625, 0.0
7066.0, 10.073623, 0.289914, -0.003562, 4.255213, 9.42625, 0.0
7083.0, 10.106576, 0.29037, -0.003923, 4.255213, 9.42625, 0.0
7083.0, 10.106576, 0.29037, -0.003923, 4.255213, 9.42625, 0.0
7099.0, 10.139981, 0.290705, -0.004249, 4.255213, 9.42625, 0.0
7117.0, 10.173847, 0.290915, -0.004543, 4.255213, 9.42625, 0.0
7117.0, 10.173847, 0.290915, -0.004543, 4.255213, 9.42625, 0.0
7132.0, 10.208188, 0.290996, -0.004811, 4.255213, 9.42625, 0.0
7132.0, 10.208188, 0.290996, -0.004811, 4.255213, 9.42625, 0.0
7149.0, 10.242999, 0.290947, -0.005051, 4.255213, 9.42625, 0.0
7166.0, 10.27828, 0.290764, -0.005264, 4.255213, 9.42625, 0.0
7166.0, 10.27828, 0.290764, -0.005264, 4.255213, 9.42625, 0.0
7183.0, 10.314031, 0.290444, -0.005453, 4.255611, 9.926255, 0.0
7183.0, 10.314031, 0.290444, -0.005453, 4.255611, 9.926255, 0.0
7198.0, 10.350252, 0.289986, -0.005622, 4.255611, 9.926255, 0.0
7217.0, 10.386945, 0.289388, -0.005774, 4.255611, 9.926255, 0.0
7217.0, 10.386945, 0.289388, -0.005774, 4.255611, 9.926255, 0.0
7233.0, 10.424, 0.28868, -0.005866, 4.255611, 9.926255, 0.0
7233.0, 10.424, 0.28868, -0.005866, 4.255611, 9.926255, 0.0
7249.0, 10.461303, 0.287895, -0.005868, 4.255611, 9.926255, 0.0
7266.0, 10.498737, 0.287069, -0.005763, 4.255611, 9.926255, 0.0
7266.0, 10.498737, 0.287069, -0.005763, 4.255611, 9.926255, 0.0
7283.0, 10.536197, 0.286232, -0.005548, 4.255611, 9.926255, 0.0
7283.0, 10.536197, 0.286232, -0.005548, 4.255611, 9.926255, 0.0
7299.0, 10.573589, 0.285407, -0.005232, 4.255611, 9.926255, 0.0
7317.0, 10.610837, 0.284618, -0.004832, 4.255611, 9.926255, 0.0
7317.0, 10.610837, 0.284618, -0.004832, 4.255611, 9.926255, 0.0
7333.0, 10.647892, 0.283881, -0.004373, 4.255611, 9.926255, 0.0
7333.0, 10.647892, 0.283881, -0.004373, 4.255611, 9.926255, 0.0
7349.0, 10.68469, 0.283214, -0.003871, 4.255611, 9.926255, 0.0
7367.0, 10.721187, 0.282631, -0.003343, 4.255611, 9.926255, 0.0
7367.0, 10.721187, 0.282631, -0.003343, 4.255611, 9.926255, 0.0
7383.0, 10.757344, 0.282145, -0.002807, 4.255611, 9.926255, 0.0
7383.0, 10.757344, 0.282145, -0.002807, 4.255611, 9.926255, 0.0
7398.0, 10.793138, 0.281768, -0.002279, 4.255611, 9.926255, 0.0
7417.0, 10.828544, 0.281508, -0.001769, 4.255611, 9.926255, 0.0
7417.0, 10.828544, 0.281508, -0.001769, 4.255611, 9.926255, 0.0
7432.0, 10.863544, 0.281375, -0.001287, 4.25601, 10.42626, 0.0
7432.0, 10.863544, 0.281375, -0.001287, 4.25601, 10.42626, 0.0
7449.0, 10.898128, 0.281375, -0.000837, 4.25601, 10.42626, 0.0
7465.0, 10.932281, 0.281514, -0.000424, 4.25601, 10.42626, 0.0
7465.0, 10.932281, 0.281514, -0.000424, 4.25601, 10.42626, 0.0
7482.0, 10.965998, 0.281797, -0.000046, 4.25601, 10.42626, 0.0
7482.0, 10.965998, 0.281797, -0.000046, 4.25601, 10.42626, 0.0
7499.0, 10.999269, 0.282228, 0.000295, 4.25601, 10.42626, 0.0
7517.0, 11.032088, 0.282811, 0.000603, 4.25601, 10.42626, 0.0
7517.0, 11.032088, 0.282811, 0.000603, 4.25601, 10.42626, 0.0
7532.0, 11.064441, 0.283547, 0.000886, 4.25601, 10.42626, 0.0
7532.0, 11.064441, 0.283547, 0.000886, 4.25601, 10.42626, 0.0
7548.0, 11.096331, 0.284436, 0.001139, 4.25601, 10.42626, 0.0
7566.0, 11.127759, 0.285479, 0.001367, 4.25601, 10.42626, 0.0
7566.0, 11.127759, 0.285479, 0.001367, 4.25601, 10.42626, 0.0
7582.0, 11.158725, 0.286677, 0.001571, 4.25601, 10.42626, 0.0
7582.0, 11.158725, 0.286677, 0.001571, 4.25601, 10.42626, 0.0
7598.0, 11.189224, 0.28803, 0.001756, 4.25601, 10.42626, 0.0
7616.0, 11.219257, 0.289536, 0.001924, 4.25601, 10.42626, 0.0
7616.0, 11.219257, 0.289536, 0.001924, 4.25601, 10.42626, 0.0
7632.0, 11.248931, 0.291168, 0.002034, 4.25601, 10.42626, 0.0
7632.0, 11.248931, 0.291168, 0.002034, 4.25601, 10.42626, 0.0
7648.0, 11.278359, 0.292889, 0.002054, 4.25601, 10.42626, 0.0
7665.0, 11.307659, 0.294663, 0.001967, 4.25601, 10.42626, 0.0
7665.0, 11.307659, 0.294663, 0.001967, 4.25601, 10.42626, 0.0
7682.0, 11.336938, 0.296461, 0.00177, 4.256408, 10.926265, 0.0
7682.0, 11.336938, 0.296461, 0.00177, 4.256408, 10.926265, 0.0
7699.0, 11.366287, 0.298255, 0.00147, 4.256408, 10.926265, 0.0
7716.0, 11.395843, 0.30003, 0.001083, 4.256408, 10.926265, 0.0
7716.0, 11.395843, 0.30003, 0.001083, 4.256408, 10.926265, 0.0
7731.0, 11.42554, 0.301758, 0.000637, 4.256408, 10.926265, 0.0
7731.0, 11.42554, 0.301758, 0.000637, 4.256408, 10.926265, 0.0
7749.0, 11.455498, 0.30343, 0.000146, 4.256408, 10.926265, 0.0
7766.0, 11.485763, 0.305034, -0.000371, 4.256408, 10.926265, 0.0
7766.0, 11.485763, 0.305034, -0.000371, 4.256408, 10.926265, 0.0
7782.0, 11.51637, 0.30656, -0.000896, 4.256408, 10.926265, 0.0
7782.0, 11.51637, 0.30656, -0.000896, 4.256408, 10.926265, 0.0
7799.0, 11.547348, 0.307998, -0.001415, 4.256408, 10.926265, 0.0
7816.0, 11.578719, 0.309341, -0.001915, 4.256408, 10.926265, 0.0
7816.0, 11.578719, 0.309341, -0.001915, 4.256408, 10.926265, 0.0
7832.0, 11.610502, 0.310582, -0.002388, 4.256408, 10.926265, 0.0
7832.0, 11.610502, 0.310582, -0.002388, 4.256408, 10.926265, 0.0
7849.0, 11.642973, 0.311724, -0.002832, 4.256408, 10.926265, 0.0
7866.0, 11.675619, 0.312741, -0.003238, 4.256408, 10.926265, 0.0
7866.0, 11.675619, 0.312741, -0.003238, 4.256408, 10.926265, 0.0
7883.0, 11.708714, 0.31364, -0.003608, 4.256408, 10.926265, 0.0
7883.0, 11.708714, 0.31364, -0.003608, 4.256408, 10.926265, 0.0
7899.0, 11.742262, 0.314417, -0.00394, 4.256408, 10.926265, 0.0
7916.0, 11.776268, 0.315067, -0.004238, 4.256408, 10.926265, 0.0
7916.0, 11.776268, 0.315067, -0.004238, 4.256408, 10.926265, 0.0
7932.0, 11.810723, 0.315587, -0.004498, 4.256806, 11.426609, 0.0
7932.0, 11.810723, 0.315587, -0.004498, 4.256806, 11.426609, 0.0
7949.0, 11.845641, 0.315975, -0.004729, 4.256806, 11.426609, 0.0
7966.0, 11.881027, 0.316226, -0.004937, 4.256806, 11.426609, 0.0
7966.0, 11.881027, 0.316226, -0.004937, 4.256806, 11.426609, 0.0
7982.0, 11.916884, 0.31634, -0.005126, 4.256806, 11.426609, 0.0
7982.0, 11.916884, 0.31634, -0.005126, 4.256806, 11.426609, 0.0
7999.0, 11.953217, 0.316313, -0.005297, 4.256806, 11.426609, 0.0
8016.0, 11.990023, 0.316146, -0.005453, 4.256806, 11.426609, 0.0
8016.0, 11.990023, 0.316146, -0.005453, 4.256806, 11.426609, 0.0
8032.0, 12.027223, 0.315866, -0.005562, 4.256806, 11.426609, 0.0
8032.0, 12.027223, 0.315866, -0.005562, 4.256806, 11.426609, 0.0
8049.0, 12.064681, 0.31551, -0.00558, 4.256806, 11.426609, 0.0
8066.0, 12.102274, 0.315112, -0.005487, 4.256806, 11.426609, 0.0
8066.0, 12.102274, 0.315112, -0.005487, 4.256806, 11.426609, 0.0
8082.0, 12.13989, 0.314702, -0.005277, 4.256806, 11.426609, 0.0
8082.0, 12.13989, 0.314702, -0.005277, 4.256806, 11.426609, 0.0
8099.0, 12.177475, 0.314306, -0.004963, 4.256806, 11.426609, 0.0
8117.0, 12.214874, 0.313945, -0.004561, 4.256806, 11.426609, 0.0
8117.0, 12.214874, 0.313945, -0.004561, 4.256806, 11.426609, 0.0
8132.0, 12.252078, 0.313638, -0.004098, 4.256806, 11.426609, 0.0
8132.0, 12.252078, 0.313638, -0.004098, 4.256806, 11.426609, 0.0
8149.0, 12.289024, 0.313401, -0.003591, 4.256806, 11.426609, 0.0
8166.0, 12.325666, 0.313249, -0.003058, 4.256806, 11.426609, 0.0
8166.0, 12.325666, 0.313249, -0.003058, 4.256806, 11.426609, 0.0
8182.0, 12.36197, 0.313195, -0.002518, 4.257205, 11.926648, 0.0
8182.0, 12.36197, 0.313195, -0.002518, 4.257205, 11.926648, 0.0
8199.0, 12.397907, 0.31325, -0.001985, 4.257205, 11.926648, 0.0
8217.0, 12.433456, 0.313425, -0.001472, 4.257205, 11.926648, 0.0
8217.0, 12.433456, 0.313425, -0.001472, 4.257205, 11.926648, 0.0
8232.0, 12.468588, 0.313726, -0.000981, 4.257205, 11.926648, 0.0
8232.0, 12.468588, 0.313726, -0.000981, 4.257205, 11.926648, 0.0
8249.0, 12.503297, 0.314162, -0.000524, 4.257205, 11.926648, 0.0
8266.0, 12.537578, 0.314739, -0.000105, 4.257205, 11.926648, 0.0
8266.0, 12.537578, 0.314739, -0.000105, 4.257205, 11.926648, 0.0
8283.0, 12.571422, 0.315461, 0.000274, 4.257205, 11.926648, 0.0
8283.0, 12.571422, 0.315461, 0.000274, 4.257205, 11.926648, 0.0
8299.0, 12.604824, 0.316332, 0.000616, 4.257205, 11.926648, 0.0
8317.0, 12.637777, 0.317357, 0.000923, 4.257205, 11.926648, 0.0
8317.0, 12.637777, 0.317357, 0.000923, 4.257205, 11.926648, 0.0
8332.0, 12.670291, 0.318538, 0.001194, 4.257205, 11.926648, 0.0
8332.0, 12.670291, 0.318538, 0.001194, 4.257205, 11.926648, 0.0
8348.0, 12.702351, 0.319874, 0.001437, 4.257205, 11.926648, 0.0
8366.0, 12.733949, 0.321368, 0.001658, 4.257205, 11.926648, 0.0
8366.0, 12.733949, 0.321368, 0.001658, 4.257205, 11.926648, 0.0
8383.0, 12.765081, 0.323017, 0.001861, 4.257205, 11.926648, 0.0
8383.0, 12.765081, 0.323017, 0.001861, 4.257205, 11.926648, 0.0
8399.0, 12.795747, 0.324824, 0.002049, 4.257205, 11.926648, 0.0
8416.0, 12.825942, 0.326786, 0.002222, 4.257205, 11.926648, 0.0
8416.0, 12.825942, 0.326786, 0.002222, 4.257205, 11.926648, 0.0
8432.0, 12.855753, 0.328873, 0.002348, 4.257603, 12.426653, 0.0
8432.0, 12.855753, 0.328873, 0.002348, 4.257603, 12.426653, 0.0
8449.0, 12.885309, 0.33105, 0.002383, 4.257603, 12.426653, 0.0
8466.0, 12.914737, 0.333279, 0.002307, 4.257603, 12.426653, 0.0
8466.0, 12.914737, 0.333279, 0.002307, 4.257603, 12.426653, 0.0
8482.0, 12.944143, 0.335532, 0.002115, 4.257603, 12.426653, 0.0
8482.0, 12.944143, 0.335532, 0.002115, 4.257603, 12.426653, 0.0
8499.0, 12.973623, 0.337782, 0.001819, 4.257603, 12.426653, 0.0
8517.0, 13.003252, 0.340006, 0.001433, 4.257603, 12.426653, 0.0
8517.0, 13.003252, 0.340006, 0.001433, 4.257603, 12.426653, 0.0
8533.0, 13.033105, 0.342189, 0.000977, 4.257603, 12.426653, 0.0
8533.0, 13.033105, 0.342189, 0.000977, 4.257603, 12.426653, 0.0
8549.0, 13.063226, 0.344315, 0.000475, 4.257603, 12.426653, 0.0
8566.0, 13.093654, 0.346372, -0.000049, 4.257603, 12.426653, 0.0
8566.0, 13.093654, 0.346372, -0.000049, 4.257603, 12.426653, 0.0
8583.0, 13.124422, 0.348348, -0.000578, 4.257603, 12.426653, 0.0
8583.0, 13.124422, 0.348348, -0.000578, 4.257603, 12.426653, 0.0
8599.0, 13.155559, 0.350235, -0.001098, 4.257603, 12.426653, 0.0
8618.0, 13.187085, 0.352024, -0.001597, 4.257603, 12.426653, 0.0
8618.0, 13.187085, 0.352024, -0.001597, 4.257603, 12.426653, 0.0
8634.0, 13.219249, 0.353721, -0.002072, 4.257603, 12.426653, 0.0
8634.0, 13.219249, 0.353721, -0.002072, 4.257603, 12.426653, 0.0
8650.0, 13.251608, 0.355294, -0.002511, 4.257603, 12.426653, 0.0
8667.0, 13.284402, 0.35675, -0.002915, 4.257603, 12.426653, 0.0
8667.0, 13.284402, 0.35675, -0.002915, 4.257603, 12.426653, 0.0
8682.0, 13.317641, 0.358084, -0.003282, 4.258001, 12.926897, 0.0
8682.0, 13.317641, 0.358084, -0.003282, 4.258001, 12.926897, 0.0
8699.0, 13.351331, 0.359293, -0.003613, 4.258001, 12.926897, 0.0
8717.0, 13.385477, 0.360373, -0.00391, 4.258001, 12.926897, 0.0
8717.0, 13.385477, 0.360373, -0.00391, 4.258001, 12.926897, 0.0
8733.0, 13.419947, 0.361349, -0.004118, 4.258001, 12.926897, 0.0
8733.0, 13.419947, 0.361349, -0.004118, 4.258001, 12.926897, 0.0
8749.0, 13.454649, 0.362255, -0.00422, 4.258001, 12.926897, 0.0
8766.0, 13.489474, 0.363121, -0.004202, 4.258001, 12.926897, 0.0
8766.0, 13.489474, 0.363121, -0.004202, 4.258001, 12.926897, 0.0
8783.0, 13.524332, 0.363977, -0.004063, 4.258001, 12.926897, 0.0
8783.0, 13.524332, 0.363977, -0.004063, 4.258001, 12.926897, 0.0
8799.0, 13.559112, 0.364845, -0.003813, 4.258001, 12.926897, 0.0
8817.0, 13.593746, 0.365747, -0.003468, 4.258001, 12.926897, 0.0
8817.0, 13.593746, 0.365747, -0.003468, 4.258001, 12.926897, 0.0
8833.0, 13.628212, 0.366699, -0.003064, 4.258001, 12.926897, 0.0
8833.0, 13.628212, 0.366699, -0.003064, 4.258001, 12.926897, 0.0
8849.0, 13.662429, 0.367717, -0.002607, 4.258001, 12.926897, 0.0
8867.0, 13.696342, 0.368814, -0.002112, 4.258001, 12.926897, 0.0
8867.0, 13.696342, 0.368814, -0.002112, 4.258001, 12.926897, 0.0
8884.0, 13.729912, 0.370002, -0.001599, 4.258001, 12.926897, 0.0
8884.0, 13.729912, 0.370002, -0.001599, 4.258001, 12.926897, 0.0
8899.0, 13.76311, 0.371291, -0.001084, 4.258001, 12.926897, 0.0
8917.0, 13.795917, 0.372689, -0.000581, 4.258001, 12.926897, 0.0
8917.0, 13.795917, 0.372689, -0.000581, 4.258001, 12.926897, 0.0
8932.0, 13.8283, 0.374203, -0.000096, 4.258399, 13.426912, 0.0
8932.0, 13.8283, 0.374203, -0.000096, 4.258399, 13.426912, 0.0
8949.0, 13.860256, 0.375841, 0.000358, 4.258399, 13.426912, 0.0
8967.0, 13.891778, 0.377608, 0.000776, 4.258399, 13.426912, 0.0
8967.0, 13.891778, 0.377608, 0.000776, 4.258399, 13.426912, 0.0
8982.0, 13.922859, 0.379509, 0.001157, 4.258399, 13.426912, 0.0
8982.0, 13.922859, 0.379509, 0.001157, 4.258399, 13.426912, 0.0
8999.0, 13.953492, 0.381547, 0.0015, 4.258399, 13.426912, 0.0
9017.0, 13.983672, 0.383726, 0.001808, 4.258399, 13.426912, 0.0
9017.0, 13.983672, 0.383726, 0.001808, 4.258399, 13.426912, 0.0
9033.0, 14.013504, 0.38602, 0.002038, 4.258399, 13.426912, 0.0
9033.0, 14.013504, 0.38602, 0.002038, 4.258399, 13.426912, 0.0
9049.0, 14.043098, 0.388395, 0.00216, 4.258399, 13.426912, 0.0
9067.0, 14.072573, 0.390818, 0.002158, 4.258399, 13.426912, 0.0
9067.0, 14.072573, 0.390818, 0.002158, 4.258399, 13.426912, 0.0
9084.0, 14.102031, 0.393261, 0.002029, 4.258399, 13.426912, 0.0
9084.0, 14.102031, 0.393261, 0.002029, 4.258399, 13.426912, 0.0
9099.0, 14.131563, 0.395699, 0.001785, 4.258399, 13.426912, 0.0
9118.0, 14.161247, 0.398112, 0.001443, 4.258399, 13.426912, 0.0
9118.0, 14.161247, 0.398112, 0.001443, 4.258399, 13.426912, 0.0
9132.0, 14.191134, 0.400482, 0.001031, 4.258399, 13.426912, 0.0
9132.0, 14.191134, 0.400482, 0.001031, 4.258399, 13.426912, 0.0
9149.0, 14.221285, 0.402795, 0.000566, 4.258399, 13.426912, 0.0
9166.0, 14.251743, 0.405041, 0.000068, 4.258399, 13.426912, 0.0
9166.0, 14.251743, 0.405041, 0.000068, 4.258399, 13.426912, 0.0
9183.0, 14.282545, 0.407209, -0.000444, 4.258797, 13.926916, 0.0
9183.0, 14.282545, 0.407209, -0.000444, 4.258797, 13.926916, 0.0
9199.0, 14.313727, 0.40929, -0.000953, 4.258797, 13.926916, 0.0
9217.0, 14.345296, 0.411277, -0.001448, 4.258797, 13.926916, 0.0
9217.0, 14.345296, 0.411277, -0.001448, 4.258797, 13.926916, 0.0
9232.0, 14.37729, 0.413163, -0.001922, 4.258797, 13.926916, 0.0
9232.0, 14.37729, 0.413163, -0.001922, 4.258797, 13.926916, 0.0
9249.0, 14.409713, 0.414941, -0.002366, 4.258797, 13.926916, 0.0
9266.0, 14.442573, 0.416607, -0.002773, 4.258797, 13.926916, 0.0
9266.0, 14.442573, 0.416607, -0.002773, 4.258797, 13.926916, 0.0
9283.0, 14.475878, 0.418153, -0.003141, 4.258797, 13.926916, 0.0
9283.0, 14.475878, 0.418153, -0.003141, 4.258797, 13.926916, 0.0
9299.0, 14.509633, 0.419578, -0.003473, 4.258797, 13.926916, 0.0
9318.0, 14.543846, 0.420876, -0.003769, 4.258797, 13.926916, 0.0
9318.0, 14.543846, 0.420876, -0.003769, 4.258797, 13.926916, 0.0
9334.0, 14.578409, 0.422074, -0.003986, 4.258797, 13.926916, 0.0
9334.0, 14.578409, 0.422074, -0.003986, 4.258797, 13.926916, 0.0
9349.0, 14.613227, 0.423203, -0.004096, 4.258797, 13.926916, 0.0
9367.0, 14.648152, 0.424294, -0.004081, 4.258797, 13.926916, 0.0
9367.0, 14.648152, 0.424294, -0.004081, 4.258797, 13.926916, 0.0
9384.0, 14.683097, 0.425374, -0.00394, 4.258797, 13.926916, 0.0
9384.0, 14.683097, 0.425374, -0.00394, 4.258797, 13.926916, 0.0
9399.0, 14.717967, 0.426466, -0.003684, 4.258797, 13.926916, 0.0
9417.0, 14.752689, 0.42759, -0.003332, 4.258797, 13.926916, 0.0
9417.0, 14.752689, 0.42759, -0.003332, 4.258797, 13.926916, 0.0
9432.0, 14.787211, 0.428763, -0.00291, 4.259195, 14.426942, 0.0
9432.0, 14.787211, 0.428763, -0.00291, 4.259195, 14.426942, 0.0
9449.0, 14.821473, 0.429999, -0.002436, 4.259195, 14.426942, 0.0
9466.0, 14.855429, 0.431312, -0.00193, 4.259195, 14.426942, 0.0
9466.0, 14.855429, 0.431312, -0.00193, 4.259195, 14.426942, 0.0
9482.0, 14.889043, 0.432714, -0.00141, 4.259195, 14.426942, 0.0
9482.0, 14.889043, 0.432714, -0.00141, 4.259195, 14.426942, 0.0
9500.0, 14.922287, 0.434214, -0.000894, 4.259195, 14.426942, 0.0
9517.0, 14.95514, 0.435821, -0.000393, 4.259195, 14.426942, 0.0
9517.0, 14.95514, 0.435821, -0.000393, 4.259195, 14.426942, 0.0
9532.0, 14.987585, 0.437544, 0.000083, 4.259195, 14.426942, 0.0
9532.0, 14.987585, 0.437544, 0.000083, 4.259195, 14.426942, 0.0
9549.0, 15.019608, 0.439388, 0.000527, 4.259195, 14.426942, 0.0
9565.0, 15.051196, 0.441359, 0.000938, 4.259195, 14.426942, 0.0
9565.0, 15.051196, 0.441359, 0.000938, 4.259195, 14.426942, 0.0
9582.0, 15.082343, 0.443461, 0.001312, 4.259195, 14.426942, 0.0
9582.0, 15.082343, 0.443461, 0.001312, 4.259195, 14.426942, 0.0
9599.0, 15.113041, 0.445698, 0.001652, 4.259195, 14.426942, 0.0
9617.0, 15.143283, 0.448074, 0.001958, 4.259195, 14.426942, 0.0
9617.0, 15.143283, 0.448074, 0.001958, 4.259195, 14.426942, 0.0
9632.0, 15.173152, 0.450561, 0.002196, 4.259195, 14.426942, 0.0
9632.0, 15.173152, 0.450561, 0.002196, 4.259195, 14.426942, 0.0
9649.0, 15.202778, 0.453126, 0.002325, 4.259195, 14.426942, 0.0
9665.0, 15.232282, 0.455739, 0.002325, 4.259195, 14.426942, 0.0
9665.0, 15.232282, 0.455739, 0.002325, 4.259195, 14.426942, 0.0
9682.0, 15.261772, 0.458371, 0.002198, 4.259593, 14.926947, 0.0
9682.0, 15.261772, 0.458371, 0.002198, 4.259593, 14.926947, 0.0
9699.0, 15.291341, 0.460999, 0.001951, 4.259593, 14.926947, 0.0
9717.0, 15.321064, 0.463601, 0.001605, 4.259593, 14.926947, 0.0
9717.0, 15.321064, 0.463601, 0.001605, 4.259593, 14.926947, 0.0
9732.0, 15.351016, 0.466165, 0.001178, 4.259593, 14.926947, 0.0
9732.0, 15.351016, 0.466165, 0.001178, 4.259593, 14.926947, 0.0
9749.0, 15.38124, 0.468674, 0.000699, 4.259593, 14.926947, 0.0
9766.0, 15.411775, 0.471116, 0.000192, 4.259593, 14.926947, 0.0
9766.0, 15.411775, 0.471116, 0.000192, 4.259593, 14.926947, 0.0
9782.0, 15.442652, 0.473483, -0.000325, 4.259593, 14.926947, 0.0
9782.0, 15.442652, 0.473483, -0.000325, 4.259593, 14.926947, 0.0
9799.0, 15.4739, 0.475764, -0.000836, 4.259593, 14.926947, 0.0
9817.0, 15.50554, 0.477952, -0.001329, 4.259593, 14.926947, 0.0
9817.0, 15.50554, 0.477952, -0.001329, 4.259593, 14.926947, 0.0
9832.0, 15.537579, 0.480039, -0.00179, 4.259593, 14.926947, 0.0
9832.0, 15.537579, 0.480039, -0.00179, 4.259593, 14.926947, 0.0
9849.0, 15.570038, 0.48202, -0.00222, 4.259593, 14.926947, 0.0
9866.0, 15.602938, 0.483889, -0.002618, 4.259593, 14.926947, 0.0
9866.0, 15.602938, 0.483889, -0.002618, 4.259593, 14.926947, 0.0
9882.0, 15.63628, 0.485641, -0.002982, 4.259593, 14.926947, 0.0
9882.0, 15.63628, 0.485641, -0.002982, 4.259593, 14.926947, 0.0
9899.0, 15.670077, 0.487273, -0.003312, 4.259593, 14.926947, 0.0
9917.0, 15.704334, 0.488781, -0.00361, 4.259593, 14.926947, 0.0
9917.0, 15.704334, 0.488781, -0.00361, 4.259593, 14.926947, 0.0
9932.0, 15.739069, 0.490162, -0.003882, 4.259992, 15.426955, 0.0
9932.0, 15.739069, 0.490162, -0.003882, 4.259992, 15.426955, 0.0
9950.0, 15.774276, 0.491413, -0.004125, 4.259992, 15.426955, 0.0
9966.0, 15.809952, 0.49253, -0.004341, 4.259992, 15.426955, 0.0
9966.0, 15.809952, 0.49253, -0.004341, 4.259992, 15.426955, 0.0
9983.0, 15.846099, 0.493512, -0.004533, 4.259992, 15.426955, 0.0
9983.0, 15.846099, 0.493512, -0.004533, 4.259992, 15.426955, 0.0
9999.0, 15.882716, 0.494356, -0.004704, 4.259992, 15.426955, 0.0
