0.0, 0.0, 0.0, 0.002231, 1.847529, -0.765923, 0.0
0.0, 0.0, 0.0, 0.002231, 1.847529, -0.765923, 0.0
16.0, -0.000119, -0.000257, -0.004064, 1.847529, -0.765923, 0.0
33.0, -0.00039, -0.000384, -0.009456, 1.847529, -0.765923, 0.0
33.0, -0.00039, -0.000384, -0.009456, 1.847529, -0.765923, 0.0
50.0, -0.000825, -0.000317, -0.012065, 1.847529, -0.765923, 0.0
50.0, -0.000825, -0.000317, -0.012065, 1.847529, -0.765923, 0.0
67.0, -0.001457, -0.000146, -0.013012, 1.847529, -0.765923, 0.0
83.0, -0.00231, 0.000046, -0.012751, 1.847529, -0.765923, 0.0
83.0, -0.00231, 0.000046, -0.012751, 1.847529, -0.765923, 0.0
100.0, -0.003409, 0.000187, -0.011655, 1.847529, -0.765923, 0.0
100.0, -0.003409, 0.000187, -0.011655, 1.847529, -0.765923, 0.0
116.0, -0.004772, 0.000212, -0.010023, 1.847529, -0.765923, 0.0
134.0, -0.006247, 0.000076, -0.007766, 1.847529, -0.765923, 0.0
134.0, -0.006247, 0.000076, -0.007766, 1.847529, -0.765923, 0.0
150.0, -0.008031, 0.000109, -0.005453, 1.847529, -0.765923, 0.0
150.0, -0.008031, 0.000109, -0.005453, 1.847529, -0.765923, 0.0
167.0, -0.010172, 0.000259, -0.00271, 1.847529, -0.765923, 0.0
182.0, -0.012762, 0.000691, 0.00017, 1.847529, -0.765923, 0.0
182.0, -0.012762, 0.000691, 0.00017, 1.847529, -0.765923, 0.0
199.0, -0.015757, 0.001411, 0.003033, 1.847529, -0.765923, 0.0
199.0, -0.015757, 0.001411, 0.003033, 1.847529, -0.765923, 0.0
215.0, -0.018582, 0.002286, 0.002621, 1.847529, -0.765923, 0.0
233.0, -0.022165, 0.003867, 0.003184, 1.847529, -0.765923, 0.0
233.0, -0.022165, 0.003867, 0.003184, 1.847529, -0.765923, 0.0
250.0, -0.026224, 0.005825, 0.003704, 1.847529, -0.765923, 0.0
250.0, -0.026224, 0.005825, 0.003704, 1.847529, -0.765923, 0.0
267.0, -0.03067, 0.008113, 0.004199, 1.847529, -0.765923, 0.0
283.0, -0.035507, 0.010702, 0.004674, 1.847529, -0.765923, 0.0
283.0, -0.035507, 0.010702, 0.004674, 1.847529, -0.765923, 0.0
300.0, -0.040736, 0.013585, 0.005123, 1.847529, -0.765923, 0.0
300.0, -0.040736, 0.013585, 0.005123, 1.847529, -0.765923, 0.0
316.0, -0.046355, 0.01676, 0.005543, 1.847529, -0.765923, 0.0
333.0, -0.052365, 0.020229, 0.005932, 1.847529, -0.765923, 0.0
333.0, -0.052365, 0.020229, 0.005932, 1.847529, -0.765923, 0.0
350.0, -0.058765, 0.023994, 0.006291, 1.847529, -0.765923, 0.0
350.0, -0.058765, 0.023994, 0.006291, 1.847529, -0.765923, 0.0
367.0, -0.065555, 0.028059, 0.006622, 1.847529, -0.765923, 0.0
383.0, -0.072734, 0.032428, 0.006925, 1.847529, -0.765923, 0.0
383.0, -0.072734, 0.032428, 0.006925, 1.847529, -0.765923, 0.0
399.0, -0.080301, 0.037103, 0.007205, 1.847529, -0.765923, 0.0
399.0, -0.080301, 0.037103, 0.007205, 1.847529, -0.765923, 0.0
415.0, -0.088253, 0.042089, 0.007464, 1.847529, -0.765923, 0.0
433.0, -0.096589, 0.047388, 0.007704, 1.847529, -0.765923, 0.0
433.0, -0.096589, 0.047388, 0.007704, 1.847529, -0.765923, 0.0
448.0, -0.105309, 0.053002, 0.007929, 1.847529, -0.765923, 0.0
448.0, -0.105309, 0.053002, 0.007929, 1.847529, -0.765923, 0.0
467.0, -0.114412, 0.058934, 0.008143, 1.847529, -0.765923, 0.0
483.0, -0.123895, 0.065186, 0.008346, 1.847529, -0.765923, 0.0
483.0, -0.123895, 0.065186, 0.008346, 1.847529, -0.765923, 0.0
500.0, -0.133756, 0.071761, 0.008542, 1.847529, -0.765923, 0.0
500.0, -0.133756, 0.071761, 0.008542, 1.847529, -0.765923, 0.0
515.0, -0.143994, 0.078662, 0.008731, 1.847529, -0.765923, 0.0
534.0, -0.154607, 0.085891, 0.008917, 1.847529, -0.765923, 0.0
534.0, -0.154607, 0.085891, 0.008917, 1.847529, -0.765923, 0.0
550.0, -0.165592, 0.093451, 0.009099, 1.847529, -0.765923, 0.0
550.0, -0.165592, 0.093451, 0.009099, 1.847529, -0.765923, 0.0
566.0, -0.17695, 0.101343, 0.00928, 1.847529, -0.765923, 0.0
582.0, -0.188685, 0.10956, 0.009462, 1.847529, -0.765923, 0.0
582.0, -0.188685, 0.10956, 0.009462, 1.847529, -0.765923, 0.0
598.0, -0.200804, 0.118094, 0.009649, 1.847529, -0.765923, 0.0
598.0, -0.200804, 0.118094, 0.009649, 1.847529, -0.765923, 0.0
615.0, -0.213314, 0.126936, 0.00984, 1.847529, -0.765923, 0.0
632.0, -0.22622, 0.136079, 0.010038, 1.847529, -0.765923, 0.0
632.0, -0.22622, 0.136079, 0.010038, 1.847529, -0.765923, 0.0
649.0, -0.239528, 0.145514, 0.01024, 1.847529, -0.765923, 0.0
649.0, -0.239528, 0.145514, 0.01024, 1.847529, -0.765923, 0.0
666.0, -0.253243, 0.155236, 0.010445, 1.847529, -0.765923, 0.0
682.0, -0.267276, 0.165224, 0.010614, 1.847529, -0.765923, 0.0
682.0, -0.267276, 0.165224, 0.010614, 1.847529, -0.765923, 0.0
700.0, -0.281512, 0.175452, 0.01071, 1.847529, -0.765923, 0.0
700.0, -0.281512, 0.175452, 0.01071, 1.847529, -0.765923, 0.0
715.0, -0.295838, 0.185893, 0.01071, 1.847529, -0.765923, 0.0
732.0, -0.310154, 0.196525, 0.010612, 1.847529, -0.765923, 0.0
732.0, -0.310154, 0.196525, 0.010612, 1.847529, -0.765923, 0.0
750.0, -0.324373, 0.207331, 0.010421, 1.847529, -0.765923, 0.0
750.0, -0.324373, 0.207331, 0.010421, 1.847529, -0.765923, 0.0
767.0, -0.338425, 0.218293, 0.010151, 1.847529, -0.765923, 0.0
783.0, -0.352256, 0.229421, 0.009827, 1.847529, -0.765923, 0.0
783.0, -0.352256, 0.229421, 0.009827, 1.847529, -0.765923, 0.0
800.0, -0.36583, 0.240727, 0.00947, 1.847529, -0.765923, 0.0
800.0, -0.36583, 0.240727, 0.00947, 1.847529, -0.765923, 0.0
815.0, -0.379117, 0.25223, 0.009104, 1.847529, -0.765923, 0.0
832.0, -0.392094, 0.263944, 0.008743, 1.847529, -0.765923, 0.0
832.0, -0.392094, 0.263944, 0.008743, 1.847529, -0.765923, 0.0
849.0, -0.404742, 0.275885, 0.008403, 1.847529, -0.765923, 0.0
849.0, -0.404742, 0.275885, 0.008403, 1.847529, -0.765923, 0.0
866.0, -0.417047, 0.288065, 0.008092, 1.847529, -0.765923, 0.0
882.0, -0.428994, 0.300491, 0.007816, 1.847529, -0.765923, 0.0
882.0, -0.428994, 0.300491, 0.007816, 1.847529, -0.765923, 0.0
899.0, -0.440574, 0.313171, 0.007576, 1.847529, -0.765923, 0.0
899.0, -0.440574, 0.313171, 0.007576, 1.847529, -0.765923, 0.0
916.0, -0.451775, 0.326109, 0.007374, 1.847529, -0.765923, 0.0
932.0, -0.462591, 0.339309, 0.007208, 1.847529, -0.765923, 0.0
932.0, -0.462591, 0.339309, 0.007208, 1.847529, -0.765923, 0.0
949.0, -0.473016, 0.352774, 0.007076, 1.847529, -0.765923, 0.0
950.0, -0.473016, 0.352774, 0.007076, 1.847529, -0.765923, 0.0
966.0, -0.483043, 0.366507, 0.006976, 1.847529, -0.765923, 0.0
983.0, -0.492665, 0.380499, 0.006901, 1.847529, -0.765923, 0.0
983.0, -0.492665, 0.380499, 0.006901, 1.847529, -0.765923, 0.0
999.0, -0.501871, 0.39474, 0.006848, 1.847529, -0.765923, 0.0
999.0, -0.501871, 0.39474, 0.006848, 1.847529, -0.765923, 0.0
1015.0, -0.510653, 0.409218, 0.00681, 1.847529, -0.765923, 0.0
1032.0, -0.519003, 0.423924, 0.006784, 1.847529, -0.765923, 0.0
1032.0, -0.519003, 0.423924, 0.006784, 1.847529, -0.765923, 0.0
1049.0, -0.526915, 0.43885, 0.006767, 1.847529, -0.765923, 0.0
1049.0, -0.526915, 0.43885, 0.006767, 1.847529, -0.765923, 0.0
1066.0, -0.534383, 0.453987, 0.006758, 1.847529, -0.765923, 0.0
1082.0, -0.541402, 0.469317, 0.006754, 1.847529, -0.765923, 0.0
1083.0, -0.541402, 0.469317, 0.006754, 1.847529, -0.765923, 0.0
1099.0, -0.547962, 0.484818, 0.006752, 1.847529, -0.765923, 0.0
1099.0, -0.547962, 0.484818, 0.006752, 1.847529, -0.765923, 0.0
1116.0, -0.554057, 0.500469, 0.006748, 1.847529, -0.765923, 0.0
1133.0, -0.559681, 0.516251, 0.006744, 1.847529, -0.765923, 0.0
1133.0, -0.559681, 0.516251, 0.006744, 1.847529, -0.765923, 0.0
1149.0, -0.564831, 0.53215, 0.006738, 1.847529, -0.765923, 0.0
1149.0, -0.564831, 0.53215, 0.006738, 1.847529, -0.765923, 0.0
1167.0, -0.569501, 0.548153, 0.00673, 1.847529, -0.765923, 0.0
1182.0, -0.573689, 0.564239, 0.00672, 1.847529, -0.765923, 0.0
1182.0, -0.573689, 0.564239, 0.00672, 1.847529, -0.765923, 0.0
1200.0, -0.577392, 0.580385, 0.006708, 1.847529, -0.765923, 0.0
1200.0, -0.577392, 0.580385, 0.006708, 1.847529, -0.765923, 0.0
1215.0, -0.580608, 0.596571, 0.006695, 1.847529, -0.765923, 0.0
1232.0, -0.583336, 0.612781, 0.00668, 1.847529, -0.765923, 0.0
1232.0, -0.583336, 0.612781, 0.00668, 1.847529, -0.765923, 0.0
1249.0, -0.585574, 0.629, 0.006663, 1.847529, -0.765923, 0.0
1249.0, -0.585574, 0.629, 0.006663, 1.847529, -0.765923, 0.0
1266.0, -0.587321, 0.645215, 0.006646, 1.847529, -0.765923, 0.0
1282.0, -0.588576, 0.661415, 0.006628, 1.847529, -0.765923, 0.0
1282.0, -0.588576, 0.661415, 0.006628, 1.847529, -0.765923, 0.0
1299.0, -0.58934, 0.67759, 0.00661, 1.847529, -0.765923, 0.0
1299.0, -0.58934, 0.67759, 0.00661, 1.847529, -0.765923, 0.0
1315.0, -0.589611, 0.693732, 0.006592, 1.847529, -0.765923, 0.0
1332.0, -0.58939, 0.709833, 0.006574, 1.847529, -0.765923, 0.0
1332.0, -0.58939, 0.709833, 0.006574, 1.847529, -0.765923, 0.0
1348.0, -0.588676, 0.725888, 0.006557, 1.847529, -0.765923, 0.0
1348.0, -0.588676, 0.725888, 0.006557, 1.847529, -0.765923, 0.0
1366.0, -0.587468, 0.741891, 0.006542, 1.847529, -0.765923, 0.0
1382.0, -0.585867, 0.757846, 0.006567, 1.847529, -0.765923, 0.0
1382.0, -0.585867, 0.757846, 0.006567, 1.847529, -0.765923, 0.0
1399.0, -0.583996, 0.773757, 0.006669, 1.847529, -0.765923, 0.0
1399.0, -0.583996, 0.773757, 0.006669, 1.847529, -0.765923, 0.0
1415.0, -0.581979, 0.789627, 0.006864, 1.847529, -0.765923, 0.0
1432.0, -0.579923, 0.805462, 0.007153, 1.847529, -0.765923, 0.0
1432.0, -0.579923, 0.805462, 0.007153, 1.847529, -0.765923, 0.0
1448.0, -0.577925, 0.821266, 0.007526, 1.847529, -0.765923, 0.0
1448.0, -0.577925, 0.821266, 0.007526, 1.847529, -0.765923, 0.0
1466.0, -0.576063, 0.837041, 0.007967, 1.847529, -0.765923, 0.0
1482.0, -0.574402, 0.852778, 0.008452, 1.847529, -0.765923, 0.0
1482.0, -0.574402, 0.852778, 0.008452, 1.847529, -0.765923, 0.0
1499.0, -0.572995, 0.868464, 0.008959, 1.847529, -0.765923, 0.0
1499.0, -0.572995, 0.868464, 0.008959, 1.847529, -0.765923, 0.0
1515.0, -0.571883, 0.884084, 0.009469, 1.847529, -0.765923, 0.0
1532.0, -0.571103, 0.899628, 0.009965, 1.847529, -0.765923, 0.0
1532.0, -0.571103, 0.899628, 0.009965, 1.847529, -0.765923, 0.0
1549.0, -0.570684, 0.915084, 0.010432, 1.847529, -0.765923, 0.0
1549.0, -0.570684, 0.915084, 0.010432, 1.847529, -0.765923, 0.0
1566.0, -0.570648, 0.930445, 0.010861, 1.847529, -0.765923, 0.0
1582.0, -0.571013, 0.945699, 0.011246, 1.847529, -0.765923, 0.0
1582.0, -0.571013, 0.945699, 0.011246, 1.847529, -0.765923, 0.0
1599.0, -0.571794, 0.960837, 0.011581, 1.847529, -0.765923, 0.0
1599.0, -0.571794, 0.960837, 0.011581, 1.847529, -0.765923, 0.0
1615.0, -0.573002, 0.97585, 0.011867, 1.847529, -0.765923, 0.0
1633.0, -0.574647, 0.99073, 0.012105, 1.847529, -0.765923, 0.0
1633.0, -0.574647, 0.99073, 0.012105, 1.847529, -0.765923, 0.0
1649.0, -0.576734, 1.005471, 0.012296, 1.847529, -0.765923, 0.0
1649.0, -0.576734, 1.005471, 0.012296, 1.847529, -0.765923, 0.0
1667.0, -0.57927, 1.020067, 0.012446, 1.847529, -0.765923, 0.0
1683.0, -0.582262, 1.034521, 0.012559, 1.847529, -0.765923, 0.0
1683.0, -0.582262, 1.034521, 0.012559, 1.847529, -0.765923, 0.0
1698.0, -0.585714, 1.048835, 0.012642, 1.847529, -0.765923, 0.0
1698.0, -0.585714, 1.048835, 0.012642, 1.847529, -0.765923, 0.0
1714.0, -0.589633, 1.063015, 0.012701, 1.847529, -0.765923, 0.0
1732.0, -0.594021, 1.077064, 0.012742, 1.847529, -0.765923, 0.0
1732.0, -0.594021, 1.077064, 0.012742, 1.847529, -0.765923, 0.0
1749.0, -0.598883, 1.090987, 0.012769, 1.847529, -0.765923, 0.0
1749.0, -0.598883, 1.090987, 0.012769, 1.847529, -0.765923, 0.0
1766.0, -0.604222, 1.104786, 0.012786, 1.847529, -0.765923, 0.0
1782.0, -0.60994, 1.11847, 0.012757, 1.847529, -0.765923, 0.0
1782.0, -0.60994, 1.11847, 0.012757, 1.847529, -0.765923, 0.0
1799.0, -0.615916, 1.132047, 0.012648, 1.847529, -0.765923, 0.0
1799.0, -0.615916, 1.132047, 0.012648, 1.847529, -0.765923, 0.0
1816.0, -0.622029, 1.145525, 0.01244, 1.847529, -0.765923, 0.0
1832.0, -0.628171, 1.158911, 0.012131, 1.847529, -0.765923, 0.0
1832.0, -0.628171, 1.158911, 0.012131, 1.847529, -0.765923, 0.0
1849.0, -0.634248, 1.172212, 0.01173, 1.847529, -0.765923, 0.0
1849.0, -0.634248, 1.172212, 0.01173, 1.847529, -0.765923, 0.0
1867.0, -0.640183, 1.185434, 0.011254, 1.847529, -0.765923, 0.0
1883.0, -0.645914, 1.198567, 0.010723, 1.847529, -0.765923, 0.0
1883.0, -0.645914, 1.198567, 0.010723, 1.847529, -0.765923, 0.0
1899.0, -0.65139, 1.211598, 0.010157, 1.847529, -0.765923, 0.0
1899.0, -0.65139, 1.211598, 0.010157, 1.847529, -0.765923, 0.0
1916.0, -0.656573, 1.224514, 0.009577, 1.847529, -0.765923, 0.0
1933.0, -0.661429, 1.237303, 0.008996, 1.847529, -0.765923, 0.0
1933.0, -0.661429, 1.237303, 0.008996, 1.847529, -0.765923, 0.0
1949.0, -0.665932, 1.249954, 0.008429, 1.847529, -0.765923, 0.0
1949.0, -0.665932, 1.249954, 0.008429, 1.847529, -0.765923, 0.0
1966.0, -0.67006, 1.26246, 0.007885, 1.847529, -0.765923, 0.0
1982.0, -0.673799, 1.27481, 0.007371, 1.847529, -0.765923, 0.0
1982.0, -0.673799, 1.27481, 0.007371, 1.847529, -0.765923, 0.0
1999.0, -0.677136, 1.286993, 0.006892, 1.847529, -0.765923, 0.0
1999.0, -0.677136, 1.286993, 0.006892, 1.847529, -0.765923, 0.0
2015.0, -0.680063, 1.299, 0.00645, 1.847529, -0.765923, 0.0
2033.0, -0.682572, 1.310822, 0.006046, 1.847529, -0.765923, 0.0
2033.0, -0.682572, 1.310822, 0.006046, 1.847529, -0.765923, 0.0
2050.0, -0.684659, 1.322454, 0.005678, 1.847529, -0.765923, 0.0
2050.0, -0.684659, 1.322454, 0.005678, 1.847529, -0.765923, 0.0
2067.0, -0.686318, 1.333889, 0.005345, 1.847529, -0.765923, 0.0
2083.0, -0.687546, 1.345127, 0.005044, 1.847529, -0.765923, 0.0
2083.0, -0.687546, 1.345127, 0.005044, 1.847529, -0.765923, 0.0
2099.0, -0.688337, 1.356168, 0.004772, 1.847529, -0.765923, 0.0
2099.0, -0.688337, 1.356168, 0.004772, 1.847529, -0.765923, 0.0
2115.0, -0.688687, 1.367014, 0.004527, 1.847529, -0.765923, 0.0
2133.0, -0.688594, 1.377666, 0.004306, 1.847529, -0.765923, 0.0
2133.0, -0.688594, 1.377666, 0.004306, 1.847529, -0.765923, 0.0
2148.0, -0.688053, 1.388127, 0.004107, 1.847529, -0.765923, 0.0
2148.0, -0.688053, 1.388127, 0.004107, 1.847529, -0.765923, 0.0
2166.0, -0.687064, 1.398398, 0.003928, 1.847529, -0.765923, 0.0
2182.0, -0.68562, 1.40849, 0.003767, 1.847529, -0.765923, 0.0
2182.0, -0.68562, 1.40849, 0.003767, 1.847529, -0.765923, 0.0
2198.0, -0.683716, 1.418418, 0.003622, 1.847529, -0.765923, 0.0
2198.0, -0.683716, 1.418418, 0.003622, 1.847529, -0.765923, 0.0
2215.0, -0.681345, 1.428198, 0.003491, 1.847529, -0.765923, 0.0
2232.0, -0.678503, 1.437841, 0.003371, 1.847529, -0.765923, 0.0
2232.0, -0.678503, 1.437841, 0.003371, 1.847529, -0.765923, 0.0
2249.0, -0.675186, 1.447359, 0.003263, 1.847529, -0.765923, 0.0
2249.0, -0.675186, 1.447359, 0.003263, 1.847529, -0.765923, 0.0
2266.0, -0.671389, 1.456761, 0.003164, 1.847529, -0.765923, 0.0
2282.0, -0.667207, 1.466051, 0.003112, 1.847529, -0.765923, 0.0
2282.0, -0.667207, 1.466051, 0.003112, 1.847529, -0.765923, 0.0
2299.0, -0.662762, 1.475233, 0.003139, 1.847529, -0.765923, 0.0
2299.0, -0.662762, 1.475233, 0.003139, 1.847529, -0.765923, 0.0
2316.0, -0.658171, 1.484308, 0.003262, 1.847529, -0.765923, 0.0
2333.0, -0.653544, 1.493278, 0.003481, 1.847529, -0.765923, 0.0
2333.0, -0.653544, 1.493278, 0.003481, 1.847529, -0.765923, 0.0
2349.0, -0.648972, 1.502143, 0.003785, 1.847529, -0.765923, 0.0
2349.0, -0.648972, 1.502143, 0.003785, 1.847529, -0.765923, 0.0
2367.0, -0.644534, 1.510906, 0.004158, 1.847529, -0.765923, 0.0
2384.0, -0.640293, 1.519555, 0.004577, 1.847529, -0.765923, 0.0
2384.0, -0.640293, 1.519555, 0.004577, 1.847529, -0.765923, 0.0
2398.0, -0.636296, 1.528077, 0.005019, 1.847529, -0.765923, 0.0
2399.0, -0.636296, 1.528077, 0.005019, 1.847529, -0.765923, 0.0
2415.0, -0.632585, 1.53646, 0.005465, 1.847529, -0.765923, 0.0
2432.0, -0.629191, 1.54469, 0.005895, 1.847529, -0.765923, 0.0
2432.0, -0.629191, 1.54469, 0.005895, 1.847529, -0.765923, 0.0
2449.0, -0.62614, 1.552759, 0.006296, 1.847529, -0.765923, 0.0
2449.0, -0.62614, 1.552759, 0.006296, 1.847529, -0.765923, 0.0
2466.0, -0.623453, 1.56066, 0.006659, 1.847529, -0.765923, 0.0
2482.0, -0.621147, 1.568384, 0.006976, 1.847529, -0.765923, 0.0
2482.0, -0.621147, 1.568384, 0.006976, 1.847529, -0.765923, 0.0
2499.0, -0.619234, 1.575929, 0.007243, 1.847529, -0.765923, 0.0
2499.0, -0.619234, 1.575929, 0.007243, 1.847529, -0.765923, 0.0
2516.0, -0.617725, 1.583289, 0.007459, 1.847529, -0.765923, 0.0
2533.0, -0.616629, 1.590462, 0.007624, 1.847529, -0.765923, 0.0
2533.0, -0.616629, 1.590462, 0.007624, 1.847529, -0.765923, 0.0
2549.0, -0.615952, 1.597445, 0.007743, 1.847529, -0.765923, 0.0
2549.0, -0.615952, 1.597445, 0.007743, 1.847529, -0.765923, 0.0
2566.0, -0.615699, 1.604238, 0.007817, 1.847529, -0.765923, 0.0
2583.0, -0.615875, 1.610845, 0.007854, 1.847529, -0.765923, 0.0
2583.0, -0.615875, 1.610845, 0.007854, 1.847529, -0.765923, 0.0
2599.0, -0.616488, 1.617272, 0.007863, 1.847529, -0.765923, 0.0
2599.0, -0.616488, 1.617272, 0.007863, 1.847529, -0.765923, 0.0
2615.0, -0.617541, 1.623524, 0.00785, 1.847529, -0.765923, 0.0
2632.0, -0.61904, 1.629608, 0.007826, 1.847529, -0.765923, 0.0
2632.0, -0.61904, 1.629608, 0.007826, 1.847529, -0.765923, 0.0
2649.0, -0.620991, 1.635529, 0.007799, 1.847529, -0.765923, 0.0
2649.0, -0.620991, 1.635529, 0.007799, 1.847529, -0.765923, 0.0
2666.0, -0.623398, 1.64129, 0.007778, 1.847529, -0.765923, 0.0
