2.0, 0.0, 0.0, 0.002231, 1.913866, -4.619212, 0.0
2.0, 0.0, 0.0, 0.002231, 1.913866, -4.619212, 0.0
16.0, -0.000125, -0.000236, -0.004084, 1.913866, -4.619212, 0.0
16.0, -0.000125, -0.000236, -0.004084, 1.913866, -4.619212, 0.0
34.0, -0.000414, -0.000349, -0.008796, 1.913866, -4.619212, 0.0
34.0, -0.000414, -0.000349, -0.008796, 1.913866, -4.619212, 0.0
49.0, -0.000867, -0.000306, -0.010998, 1.862461, -4.568196, 0.0
66.0, -0.001522, -0.000187, -0.011762, 1.862461, -4.568196, 0.0
66.0, -0.001522, -0.000187, -0.011762, 1.862461, -4.568196, 0.0
83.0, -0.002421, -0.000091, -0.011484, 1.862461, -4.568196, 0.0
83.0, -0.002421, -0.000091, -0.011484, 1.862461, -4.568196, 0.0
99.0, -0.003602, -0.000117, -0.010487, 1.862461, -4.568196, 0.0
115.0, -0.004941, -0.000384, -0.008552, 1.862461, -4.568196, 0.0
115.0, -0.004941, -0.000384, -0.008552, 1.862461, -4.568196, 0.0
135.0, -0.006655, -0.00059, -0.005993, 1.862461, -4.568196, 0.0
135.0, -0.006655, -0.00059, -0.005993, 1.862461, -4.568196, 0.0
148.0, -0.008841, -0.000887, -0.003214, 1.862461, -4.568196, 0.0
165.0, -0.011517, -0.001232, -0.00029, 1.862461, -4.568196, 0.0
165.0, -0.011517, -0.001232, -0.00029, 1.862461, -4.568196, 0.0
182.0, -0.014233, -0.001552, 0.000026, 1.862461, -4.568196, 0.0
182.0, -0.014233, -0.001552, 0.000026, 1.862461, -4.568196, 0.0
198.0, -0.017684, -0.001656, 0.000733, 1.862461, -4.568196, 0.0
215.0, -0.021702, -0.001719, 0.001471, 1.862461, -4.568196, 0.0
215.0, -0.021702, -0.001719, 0.001471, 1.862461, -4.568196, 0.0
234.0, -0.026224, -0.001771, 0.002184, 1.862461, -4.568196, 0.0
234.0, -0.026224, -0.001771, 0.002184, 1.862461, -4.568196, 0.0
248.0, -0.03125, -0.00184, 0.002876, 1.862461, -4.568196, 0.0
266.0, -0.036779, -0.001935, 0.003509, 1.862461, -4.568196, 0.0
266.0, -0.036779, -0.001935, 0.003509, 1.862461, -4.568196, 0.0
283.0, -0.042812, -0.00206, 0.004084, 1.862461, -4.568196, 0.0
283.0, -0.042812, -0.00206, 0.004084, 1.862461, -4.568196, 0.0
299.0, -0.04935, -0.002217, 0.004576, 1.507562, -4.215988, 0.0
316.0, -0.056392, -0.002407, 0.005001, 1.507562, -4.215988, 0.0
316.0, -0.056392, -0.002407, 0.005001, 1.507562, -4.215988, 0.0
334.0, -0.063936, -0.002631, 0.005343, 1.507562, -4.215988, 0.0
334.0, -0.063936, -0.002631, 0.005343, 1.507562, -4.215988, 0.0
348.0, -0.071986, -0.002887, 0.005629, 1.507562, -4.215988, 0.0
366.0, -0.080538, -0.003176, 0.005843, 1.507562, -4.215988, 0.0
366.0, -0.080538, -0.003176, 0.005843, 1.507562, -4.215988, 0.0
383.0, -0.089591, -0.003495, 0.006013, 1.507562, -4.215988, 0.0
383.0, -0.089591, -0.003495, 0.006013, 1.507562, -4.215988, 0.0
399.0, -0.099144, -0.003845, 0.006127, 1.507562, -4.215988, 0.0
414.0, -0.109197, -0.004225, 0.006212, 1.507562, -4.215988, 0.0
414.0, -0.109197, -0.004225, 0.006212, 1.507562, -4.215988, 0.0
432.0, -0.119748, -0.004633, 0.006257, 1.507562, -4.215988, 0.0
432.0, -0.119748, -0.004633, 0.006257, 1.507562, -4.215988, 0.0
447.0, -0.130799, -0.005068, 0.006295, 1.507562, -4.215988, 0.0
465.0, -0.142347, -0.005528, 0.0063, 1.507562, -4.215988, 0.0
465.0, -0.142347, -0.005528, 0.0063, 1.507562, -4.215988, 0.0
482.0, -0.154394, -0.006011, 0.006308, 1.507562, -4.215988, 0.0
482.0, -0.154394, -0.006011, 0.006308, 1.507562, -4.215988, 0.0
498.0, -0.166939, -0.006513, 0.00629, 1.507562, -4.215988, 0.0
516.0, -0.179983, -0.007035, 0.006282, 1.507562, -4.215988, 0.0
516.0, -0.179983, -0.007035, 0.006282, 1.507562, -4.215988, 0.0
534.0, -0.193525, -0.007574, 0.006256, 1.507562, -4.215988, 0.0
534.0, -0.193525, -0.007574, 0.006256, 1.507562, -4.215988, 0.0
548.0, -0.207561, -0.008128, 0.00624, 1.152663, -3.86378, 0.0
565.0, -0.222093, -0.008693, 0.006209, 1.152663, -3.86378, 0.0
565.0, -0.222093, -0.008693, 0.006209, 1.152663, -3.86378, 0.0
583.0, -0.237126, -0.009268, 0.006195, 1.152663, -3.86378, 0.0
583.0, -0.237126, -0.009268, 0.006195, 1.152663, -3.86378, 0.0
599.0, -0.252656, -0.009849, 0.006168, 1.152663, -3.86378, 0.0
616.0, -0.268688, -0.010436, 0.006159, 1.152663, -3.86378, 0.0
616.0, -0.268688, -0.010436, 0.006159, 1.152663, -3.86378, 0.0
633.0, -0.285218, -0.011027, 0.006138, 1.152663, -3.86378, 0.0
633.0, -0.285218, -0.011027, 0.006138, 1.152663, -3.86378, 0.0
649.0, -0.302257, -0.011618, 0.006138, 1.152663, -3.86378, 0.0
665.0, -0.319796, -0.012209, 0.006124, 1.152663, -3.86378, 0.0
666.0, -0.319796, -0.012209, 0.006124, 1.152663, -3.86378, 0.0
682.0, -0.337837, -0.012796, 0.006128, 1.152663, -3.86378, 0.0
682.0, -0.337837, -0.012796, 0.006128, 1.152663, -3.86378, 0.0
698.0, -0.356376, -0.013378, 0.006117, 1.152663, -3.86378, 0.0
715.0, -0.375415, -0.013954, 0.006123, 1.152663, -3.86378, 0.0
715.0, -0.375415, -0.013954, 0.006123, 1.152663, -3.86378, 0.0
733.0, -0.394952, -0.014521, 0.006115, 1.152663, -3.86378, 0.0
733.0, -0.394952, -0.014521, 0.006115, 1.152663, -3.86378, 0.0
751.0, -0.414982, -0.015078, 0.00612, 1.152663, -3.86378, 0.0
766.0, -0.435507, -0.015625, 0.006113, 1.152663, -3.86378, 0.0
766.0, -0.435507, -0.015625, 0.006113, 1.152663, -3.86378, 0.0
782.0, -0.456532, -0.016158, 0.006124, 1.152663, -3.86378, 0.0
782.0, -0.456532, -0.016158, 0.006124, 1.152663, -3.86378, 0.0
798.0, -0.478057, -0.016678, 0.006122, 0.797763, -3.511571, 0.0
815.0, -0.500083, -0.017184, 0.006138, 0.797763, -3.511571, 0.0
815.0, -0.500083, -0.017184, 0.006138, 0.797763, -3.511571, 0.0
835.0, -0.522608, -0.017673, 0.006141, 0.797763, -3.511571, 0.0
835.0, -0.522608, -0.017673, 0.006141, 0.797763, -3.511571, 0.0
848.0, -0.545644, -0.018146, 0.006163, 0.797763, -3.511571, 0.0
864.0, -0.569182, -0.0186, 0.006171, 0.797763, -3.511571, 0.0
865.0, -0.569182, -0.0186, 0.006171, 0.797763, -3.511571, 0.0
880.0, -0.593221, -0.019036, 0.006193, 0.797763, -3.511571, 0.0
880.0, -0.593221, -0.019036, 0.006193, 0.797763, -3.511571, 0.0
897.0, -0.617758, -0.019451, 0.0062, 0.797763, -3.511571, 0.0
914.0, -0.642794, -0.019846, 0.00622, 0.797763, -3.511571, 0.0
914.0, -0.642794, -0.019846, 0.00622, 0.797763, -3.511571, 0.0
933.0, -0.668329, -0.020219, 0.006226, 0.797763, -3.511571, 0.0
933.0, -0.668329, -0.020219, 0.006226, 0.797763, -3.511571, 0.0
948.0, -0.694261, -0.020577, 0.006204, 0.797763, -3.511571, 0.0
965.0, -0.720459, -0.020926, 0.006088, 0.797763, -3.511571, 0.0
965.0, -0.720459, -0.020926, 0.006088, 0.797763, -3.511571, 0.0
982.0, -0.746799, -0.021276, 0.005887, 0.797763, -3.511571, 0.0
982.0, -0.746799, -0.021276, 0.005887, 0.797763, -3.511571, 0.0
998.0, -0.773165, -0.021634, 0.00557, 0.797763, -3.511571, 0.0
1015.0, -0.799461, -0.022007, 0.005176, 0.797763, -3.511571, 0.0
1015.0, -0.799461, -0.022007, 0.005176, 0.797763, -3.511571, 0.0
1034.0, -0.825604, -0.022402, 0.004693, 0.797763, -3.511571, 0.0
1034.0, -0.825604, -0.022402, 0.004693, 0.797763, -3.511571, 0.0
1048.0, -0.851521, -0.022823, 0.004169, 0.442864, -3.159363, 0.0
1067.0, -0.87716, -0.023275, 0.003601, 0.442864, -3.159363, 0.0
1067.0, -0.87716, -0.023275, 0.003601, 0.442864, -3.159363, 0.0
1082.0, -0.902484, -0.023761, 0.00304, 0.442864, -3.159363, 0.0
1082.0, -0.902484, -0.023761, 0.00304, 0.442864, -3.159363, 0.0
1097.0, -0.927456, -0.024282, 0.002475, 0.442864, -3.159363, 0.0
1115.0, -0.952049, -0.024838, 0.001949, 0.442864, -3.159363, 0.0
1115.0, -0.952049, -0.024838, 0.001949, 0.442864, -3.159363, 0.0
1132.0, -0.976237, -0.02543, 0.001441, 0.442864, -3.159363, 0.0
1132.0, -0.976237, -0.02543, 0.001441, 0.442864, -3.159363, 0.0
1148.0, -1.000013, -0.026059, 0.000993, 0.442864, -3.159363, 0.0
1165.0, -1.023355, -0.026724, 0.000574, 0.442864, -3.159363, 0.0
1165.0, -1.023355, -0.026724, 0.000574, 0.442864, -3.159363, 0.0
1182.0, -1.046248, -0.027427, 0.000214, 0.442864, -3.159363, 0.0
1182.0, -1.046248, -0.027427, 0.000214, 0.442864, -3.159363, 0.0
1198.0, -1.068681, -0.028167, -0.000118, 0.442864, -3.159363, 0.0
1215.0, -1.090647, -0.028945, -0.000393, 0.442864, -3.159363, 0.0
1215.0, -1.090647, -0.028945, -0.000393, 0.442864, -3.159363, 0.0
1232.0, -1.11214, -0.029761, -0.000645, 0.442864, -3.159363, 0.0
1232.0, -1.11214, -0.029761, -0.000645, 0.442864, -3.159363, 0.0
1248.0, -1.133147, -0.030617, -0.000848, 0.442864, -3.159363, 0.0
1266.0, -1.15367, -0.031514, -0.001035, 0.442864, -3.159363, 0.0
1266.0, -1.15367, -0.031514, -0.001035, 0.442864, -3.159363, 0.0
1282.0, -1.173711, -0.032455, -0.001178, 0.442864, -3.159363, 0.0
1282.0, -1.173711, -0.032455, -0.001178, 0.442864, -3.159363, 0.0
1298.0, -1.193265, -0.03344, -0.001312, 0.087964, -2.807154, 0.0
1317.0, -1.212334, -0.034471, -0.001409, 0.087964, -2.807154, 0.0
1317.0, -1.212334, -0.034471, -0.001409, 0.087964, -2.807154, 0.0
1334.0, -1.230914, -0.03555, -0.001506, 0.087964, -2.807154, 0.0
1334.0, -1.230914, -0.03555, -0.001506, 0.087964, -2.807154, 0.0
1347.0, -1.249012, -0.036679, -0.001571, 0.087964, -2.807154, 0.0
1364.0, -1.26662, -0.037859, -0.001644, 0.087964, -2.807154, 0.0
1364.0, -1.26662, -0.037859, -0.001644, 0.087964, -2.807154, 0.0
1381.0, -1.283738, -0.039093, -0.001694, 0.087964, -2.807154, 0.0
1381.0, -1.283738, -0.039093, -0.001694, 0.087964, -2.807154, 0.0
1397.0, -1.300362, -0.040381, -0.001758, 0.087964, -2.807154, 0.0
1414.0, -1.316492, -0.041727, -0.001803, 0.087964, -2.807154, 0.0
1414.0, -1.316492, -0.041727, -0.001803, 0.087964, -2.807154, 0.0
1432.0, -1.332128, -0.04313, -0.001865, 0.087964, -2.807154, 0.0
1432.0, -1.332128, -0.04313, -0.001865, 0.087964, -2.807154, 0.0
1447.0, -1.347264, -0.044593, -0.001911, 0.087964, -2.807154, 0.0
1465.0, -1.361903, -0.046117, -0.001977, 0.087964, -2.807154, 0.0
1465.0, -1.361903, -0.046117, -0.001977, 0.087964, -2.807154, 0.0
1482.0, -1.37605, -0.047704, -0.002024, 0.087964, -2.807154, 0.0
1482.0, -1.37605, -0.047704, -0.002024, 0.087964, -2.807154, 0.0
1498.0, -1.389701, -0.049356, -0.002091, 0.087964, -2.807154, 0.0
1516.0, -1.40286, -0.051073, -0.002146, 0.087964, -2.807154, 0.0
1516.0, -1.40286, -0.051073, -0.002146, 0.087964, -2.807154, 0.0
1533.0, -1.415525, -0.052858, -0.002222, 0.087964, -2.807154, 0.0
1533.0, -1.415525, -0.052858, -0.002222, 0.087964, -2.807154, 0.0
1548.0, -1.427702, -0.054711, -0.00228, -0.266935, -2.454946, 0.0
1565.0, -1.43939, -0.056635, -0.002361, -0.266935, -2.454946, 0.0
1565.0, -1.43939, -0.056635, -0.002361, -0.266935, -2.454946, 0.0
1582.0, -1.450581, -0.058628, -0.002426, -0.266935, -2.454946, 0.0
1582.0, -1.450581, -0.058628, -0.002426, -0.266935, -2.454946, 0.0
1598.0, -1.461278, -0.060694, -0.002517, -0.266935, -2.454946, 0.0
1615.0, -1.471481, -0.062831, -0.00259, -0.266935, -2.454946, 0.0
1615.0, -1.471481, -0.062831, -0.00259, -0.266935, -2.454946, 0.0
1632.0, -1.481191, -0.065042, -0.002691, -0.266935, -2.454946, 0.0
1632.0, -1.481191, -0.065042, -0.002691, -0.266935, -2.454946, 0.0
1648.0, -1.490407, -0.067326, -0.002772, -0.266935, -2.454946, 0.0
1665.0, -1.49913, -0.069686, -0.002885, -0.266935, -2.454946, 0.0
1665.0, -1.49913, -0.069686, -0.002885, -0.266935, -2.454946, 0.0
1681.0, -1.50736, -0.072121, -0.002975, -0.266935, -2.454946, 0.0
1681.0, -1.50736, -0.072121, -0.002975, -0.266935, -2.454946, 0.0
1698.0, -1.515099, -0.074632, -0.003102, -0.266935, -2.454946, 0.0
1715.0, -1.522346, -0.07722, -0.003203, -0.266935, -2.454946, 0.0
1715.0, -1.522346, -0.07722, -0.003203, -0.266935, -2.454946, 0.0
1733.0, -1.529104, -0.079885, -0.003349, -0.266935, -2.454946, 0.0
1733.0, -1.529104, -0.079885, -0.003349, -0.266935, -2.454946, 0.0
1748.0, -1.535368, -0.082626, -0.003464, -0.266935, -2.454946, 0.0
1765.0, -1.541144, -0.085444, -0.003634, -0.266935, -2.454946, 0.0
1765.0, -1.541144, -0.085444, -0.003634, -0.266935, -2.454946, 0.0
1783.0, -1.546433, -0.08834, -0.003764, -0.266935, -2.454946, 0.0
1783.0, -1.546433, -0.08834, -0.003764, -0.266935, -2.454946, 0.0
1798.0, -1.551236, -0.091316, -0.003961, -0.621843, -2.102729, 0.0
1815.0, -1.555557, -0.094369, -0.004109, -0.621843, -2.102729, 0.0
1815.0, -1.555557, -0.094369, -0.004109, -0.621843, -2.102729, 0.0
1833.0, -1.559395, -0.097502, -0.004336, -0.621843, -2.102729, 0.0
1833.0, -1.559395, -0.097502, -0.004336, -0.621843, -2.102729, 0.0
1848.0, -1.562756, -0.100713, -0.004498, -0.621843, -2.102729, 0.0
1865.0, -1.56564, -0.104009, -0.004753, -0.621843, -2.102729, 0.0
1865.0, -1.56564, -0.104009, -0.004753, -0.621843, -2.102729, 0.0
1882.0, -1.568053, -0.107384, -0.004916, -0.621843, -2.102729, 0.0
1882.0, -1.568053, -0.107384, -0.004916, -0.621843, -2.102729, 0.0
1898.0, -1.569992, -0.110846, -0.005182, -0.621843, -2.102729, 0.0
1915.0, -1.571467, -0.114396, -0.005326, -0.621843, -2.102729, 0.0
1915.0, -1.571467, -0.114396, -0.005326, -0.621843, -2.102729, 0.0
1935.0, -1.572469, -0.11804, -0.005572, -0.621843, -2.102729, 0.0
1935.0, -1.572469, -0.11804, -0.005572, -0.621843, -2.102729, 0.0
1948.0, -1.57301, -0.121785, -0.00568, -0.621843, -2.102729, 0.0
1965.0, -1.573075, -0.125632, -0.005887, -0.621843, -2.102729, 0.0
1965.0, -1.573075, -0.125632, -0.005887, -0.621843, -2.102729, 0.0
1982.0, -1.57267, -0.129596, -0.005975, -0.621843, -2.102729, 0.0
1982.0, -1.57267, -0.129596, -0.005975, -0.621843, -2.102729, 0.0
1998.0, -1.57178, -0.133669, -0.006161, -0.621843, -2.102729, 0.0
2016.0, -1.570406, -0.137867, -0.006267, -0.621843, -2.102729, 0.0
2016.0, -1.570406, -0.137867, -0.006267, -0.621843, -2.102729, 0.0
2032.0, -1.568536, -0.142173, -0.006467, -0.621843, -2.102729, 0.0
2032.0, -1.568536, -0.142173, -0.006467, -0.621843, -2.102729, 0.0
2047.0, -1.566167, -0.146603, -0.006619, -0.976742, -1.75052, 0.0
2065.0, -1.563294, -0.151139, -0.006853, -0.976742, -1.75052, 0.0
2065.0, -1.563294, -0.151139, -0.006853, -0.976742, -1.75052, 0.0
2081.0, -1.559914, -0.155791, -0.007051, -0.976742, -1.75052, 0.0
2081.0, -1.559914, -0.155791, -0.007051, -0.976742, -1.75052, 0.0
2098.0, -1.556028, -0.160541, -0.007311, -0.976742, -1.75052, 0.0
2115.0, -1.551631, -0.165401, -0.007539, -0.976742, -1.75052, 0.0
2115.0, -1.551631, -0.165401, -0.007539, -0.976742, -1.75052, 0.0
2134.0, -1.546729, -0.170356, -0.007807, -0.976742, -1.75052, 0.0
2134.0, -1.546729, -0.170356, -0.007807, -0.976742, -1.75052, 0.0
2147.0, -1.541316, -0.175415, -0.008041, -0.976742, -1.75052, 0.0
2165.0, -1.535399, -0.180566, -0.008299, -0.976742, -1.75052, 0.0
2165.0, -1.535399, -0.180566, -0.008299, -0.976742, -1.75052, 0.0
2182.0, -1.528974, -0.185818, -0.00852, -0.976742, -1.75052, 0.0
2182.0, -1.528974, -0.185818, -0.00852, -0.976742, -1.75052, 0.0
2198.0, -1.522048, -0.191162, -0.008755, -0.976742, -1.75052, 0.0
2217.0, -1.514615, -0.196605, -0.008952, -0.976742, -1.75052, 0.0
2217.0, -1.514615, -0.196605, -0.008952, -0.976742, -1.75052, 0.0
2233.0, -1.506685, -0.202138, -0.009157, -0.976742, -1.75052, 0.0
2233.0, -1.506685, -0.202138, -0.009157, -0.976742, -1.75052, 0.0
2248.0, -1.498254, -0.207769, -0.009325, -0.976742, -1.75052, 0.0
2267.0, -1.48933, -0.213489, -0.009498, -0.976742, -1.75052, 0.0
2267.0, -1.48933, -0.213489, -0.009498, -0.976742, -1.75052, 0.0
2282.0, -1.479904, -0.219309, -0.00964, -0.976742, -1.75052, 0.0
2282.0, -1.479904, -0.219309, -0.00964, -0.976742, -1.75052, 0.0
2299.0, -1.469986, -0.225219, -0.009786, -1.331641, -1.398312, 0.0
2315.0, -1.459567, -0.231229, -0.009907, -1.331641, -1.398312, 0.0
2315.0, -1.459567, -0.231229, -0.009907, -1.331641, -1.398312, 0.0
2332.0, -1.448657, -0.237331, -0.010031, -1.331641, -1.398312, 0.0
2332.0, -1.448657, -0.237331, -0.010031, -1.331641, -1.398312, 0.0
2348.0, -1.437244, -0.243535, -0.010136, -1.331641, -1.398312, 0.0
2365.0, -1.42534, -0.249832, -0.010243, -1.331641, -1.398312, 0.0
2365.0, -1.42534, -0.249832, -0.010243, -1.331641, -1.398312, 0.0
2382.0, -1.412938, -0.256228, -0.010334, -1.331641, -1.398312, 0.0
2382.0, -1.412938, -0.256228, -0.010334, -1.331641, -1.398312, 0.0
2399.0, -1.400048, -0.262717, -0.010427, -1.331641, -1.398312, 0.0
2416.0, -1.386661, -0.269303, -0.010507, -1.331641, -1.398312, 0.0
2416.0, -1.386661, -0.269303, -0.010507, -1.331641, -1.398312, 0.0
2434.0, -1.372787, -0.275982, -0.01059, -1.331641, -1.398312, 0.0
2434.0, -1.372787, -0.275982, -0.01059, -1.331641, -1.398312, 0.0
2448.0, -1.358423, -0.282757, -0.010661, -1.331641, -1.398312, 0.0
2467.0, -1.343574, -0.289624, -0.010737, -1.331641, -1.398312, 0.0
2467.0, -1.343574, -0.289624, -0.010737, -1.331641, -1.398312, 0.0
2482.0, -1.328228, -0.296588, -0.010806, -1.331641, -1.398312, 0.0
2482.0, -1.328228, -0.296588, -0.010806, -1.331641, -1.398312, 0.0
2497.0, -1.312396, -0.303644, -0.010879, -1.331641, -1.398312, 0.0
2515.0, -1.296066, -0.310798, -0.010948, -1.331641, -1.398312, 0.0
2515.0, -1.296066, -0.310798, -0.010948, -1.331641, -1.398312, 0.0
2532.0, -1.27925, -0.318043, -0.011021, -1.331641, -1.398312, 0.0
2532.0, -1.27925, -0.318043, -0.011021, -1.331641, -1.398312, 0.0
2547.0, -1.261929, -0.325389, -0.011092, -1.68654, -1.046104, 0.0
2564.0, -1.24412, -0.332826, -0.011165, -1.68654, -1.046104, 0.0
2564.0, -1.24412, -0.332826, -0.011165, -1.68654, -1.046104, 0.0
2582.0, -1.225813, -0.340359, -0.011234, -1.68654, -1.046104, 0.0
2582.0, -1.225813, -0.340359, -0.011234, -1.68654, -1.046104, 0.0
2597.0, -1.20702, -0.347981, -0.011305, -1.68654, -1.046104, 0.0
2615.0, -1.187731, -0.355697, -0.011371, -1.68654, -1.046104, 0.0
2615.0, -1.187731, -0.355697, -0.011371, -1.68654, -1.046104, 0.0
2633.0, -1.167956, -0.363503, -0.011438, -1.68654, -1.046104, 0.0
2633.0, -1.167956, -0.363503, -0.011438, -1.68654, -1.046104, 0.0
2648.0, -1.147692, -0.371398, -0.0115, -1.68654, -1.046104, 0.0
2665.0, -1.126945, -0.379379, -0.011563, -1.68654, -1.046104, 0.0
2665.0, -1.126945, -0.379379, -0.011563, -1.68654, -1.046104, 0.0
2682.0, -1.1057, -0.387453, -0.011626, -1.68654, -1.046104, 0.0
2682.0, -1.1057, -0.387453, -0.011626, -1.68654, -1.046104, 0.0
2698.0, -1.083969, -0.395612, -0.011691, -1.68654, -1.046104, 0.0
2715.0, -1.061738, -0.403863, -0.011755, -1.68654, -1.046104, 0.0
2715.0, -1.061738, -0.403863, -0.011755, -1.68654, -1.046104, 0.0
2734.0, -1.03902, -0.412198, -0.011821, -1.68654, -1.046104, 0.0
2734.0, -1.03902, -0.412198, -0.011821, -1.68654, -1.046104, 0.0
2748.0, -1.015795, -0.420627, -0.01189, -1.68654, -1.046104, 0.0
2766.0, -0.992048, -0.42915, -0.011958, -1.68654, -1.046104, 0.0
2766.0, -0.992048, -0.42915, -0.011958, -1.68654, -1.046104, 0.0
2781.0, -0.967832, -0.437749, -0.012025, -1.68654, -1.046104, 0.0
2781.0, -0.967832, -0.437749, -0.012025, -1.68654, -1.046104, 0.0
2798.0, -0.943129, -0.446428, -0.012089, -2.04147, -0.693865, 0.0
2815.0, -0.917928, -0.455193, -0.012152, -2.04147, -0.693865, 0.0
2815.0, -0.917928, -0.455193, -0.012152, -2.04147, -0.693865, 0.0
2833.0, -0.89224, -0.464037, -0.012212, -2.04147, -0.693865, 0.0
2833.0, -0.89224, -0.464037, -0.012212, -2.04147, -0.693865, 0.0
2848.0, -0.866064, -0.472959, -0.012269, -2.04147, -0.693865, 0.0
2865.0, -0.839404, -0.481958, -0.012323, -2.04147, -0.693865, 0.0
2865.0, -0.839404, -0.481958, -0.012323, -2.04147, -0.693865, 0.0
2881.0, -0.812245, -0.491037, -0.01238, -2.04147, -0.693865, 0.0
2882.0, -0.812245, -0.491037, -0.01238, -2.04147, -0.693865, 0.0
2898.0, -0.784598, -0.500191, -0.012436, -2.04147, -0.693865, 0.0
2917.0, -0.75645, -0.509423, -0.012495, -2.04147, -0.693865, 0.0
2917.0, -0.75645, -0.509423, -0.012495, -2.04147, -0.693865, 0.0
2933.0, -0.727808, -0.51873, -0.012553, -2.04147, -0.693865, 0.0
2933.0, -0.727808, -0.51873, -0.012553, -2.04147, -0.693865, 0.0
2951.0, -0.698657, -0.528115, -0.012617, -2.04147, -0.693865, 0.0
2966.0, -0.669014, -0.537571, -0.012677, -2.04147, -0.693865, 0.0
2966.0, -0.669014, -0.537571, -0.012677, -2.04147, -0.693865, 0.0
2982.0, -0.638856, -0.547103, -0.012738, -2.04147, -0.693865, 0.0
2982.0, -0.638856, -0.547103, -0.012738, -2.04147, -0.693865, 0.0
3000.0, -0.608223, -0.556698, -0.012793, -2.04147, -0.693865, 0.0
3015.0, -0.577088, -0.566362, -0.012848, -2.04147, -0.693865, 0.0
3015.0, -0.577088, -0.566362, -0.012848, -2.04147, -0.693865, 0.0
3033.0, -0.545466, -0.576091, -0.012898, -2.04147, -0.693865, 0.0
3033.0, -0.545466, -0.576091, -0.012898, -2.04147, -0.693865, 0.0
3048.0, -0.513356, -0.585882, -0.012945, -2.396382, -0.341644, 0.0
3064.0, -0.480759, -0.595733, -0.012988, -2.396382, -0.341644, 0.0
3064.0, -0.480759, -0.595733, -0.012988, -2.396382, -0.341644, 0.0
3082.0, -0.447662, -0.605648, -0.013036, -2.396382, -0.341644, 0.0
3082.0, -0.447662, -0.605648, -0.013036, -2.396382, -0.341644, 0.0
3100.0, -0.414074, -0.61562, -0.013081, -2.396382, -0.341644, 0.0
3116.0, -0.379982, -0.625653, -0.013132, -2.396382, -0.341644, 0.0
3116.0, -0.379982, -0.625653, -0.013132, -2.396382, -0.341644, 0.0
3133.0, -0.345399, -0.635742, -0.013178, -2.396382, -0.341644, 0.0
3133.0, -0.345399, -0.635742, -0.013178, -2.396382, -0.341644, 0.0
3148.0, -0.310399, -0.645885, -0.013192, -2.396382, -0.341644, 0.0
3165.0, -0.275135, -0.656065, -0.01312, -2.396382, -0.341644, 0.0
3165.0, -0.275135, -0.656065, -0.01312, -2.396382, -0.341644, 0.0
3182.0, -0.239726, -0.666275, -0.012948, -2.396382, -0.341644, 0.0
3182.0, -0.239726, -0.666275, -0.012948, -2.396382, -0.341644, 0.0
3198.0, -0.2043, -0.676503, -0.012665, -2.396382, -0.341644, 0.0
3216.0, -0.168943, -0.686747, -0.01229, -2.396382, -0.341644, 0.0
3216.0, -0.168943, -0.686747, -0.01229, -2.396382, -0.341644, 0.0
3234.0, -0.133748, -0.696997, -0.011831, -2.396382, -0.341644, 0.0
3234.0, -0.133748, -0.696997, -0.011831, -2.396382, -0.341644, 0.0
3249.0, -0.098784, -0.707249, -0.011315, -2.396382, -0.341644, 0.0
3266.0, -0.064108, -0.717498, -0.010763, -2.396382, -0.341644, 0.0
3266.0, -0.064108, -0.717498, -0.010763, -2.396382, -0.341644, 0.0
3283.0, -0.029748, -0.727745, -0.010204, -2.396382, -0.341644, 0.0
3283.0, -0.029748, -0.727745, -0.010204, -2.396382, -0.341644, 0.0
3298.0, 0.004252, -0.737983, -0.009651, -2.751281, 0.010564, 0.0
3315.0, 0.037873, -0.74821, -0.009124, -2.751281, 0.010564, 0.0
3315.0, 0.037873, -0.74821, -0.009124, -2.751281, 0.010564, 0.0
3335.0, 0.071083, -0.758418, -0.008626, -2.751281, 0.010564, 0.0
3335.0, 0.071083, -0.758418, -0.008626, -2.751281, 0.010564, 0.0
3348.0, 0.103888, -0.768612, -0.008176, -2.751281, 0.010564, 0.0
3366.0, 0.136252, -0.778781, -0.007767, -2.751281, 0.010564, 0.0
3366.0, 0.136252, -0.778781, -0.007767, -2.751281, 0.010564, 0.0
3383.0, 0.168171, -0.788924, -0.007403, -2.751281, 0.010564, 0.0
3383.0, 0.168171, -0.788924, -0.007403, -2.751281, 0.010564, 0.0
3398.0, 0.199625, -0.799034, -0.00708, -2.751281, 0.010564, 0.0
3416.0, 0.230616, -0.809113, -0.0068, -2.751281, 0.010564, 0.0
3416.0, 0.230616, -0.809113, -0.0068, -2.751281, 0.010564, 0.0
3433.0, 0.261129, -0.819155, -0.006556, -2.751281, 0.010564, 0.0
3433.0, 0.261129, -0.819155, -0.006556, -2.751281, 0.010564, 0.0
3448.0, 0.291169, -0.829163, -0.006349, -2.751281, 0.010564, 0.0
3465.0, 0.320722, -0.839131, -0.006173, -2.751281, 0.010564, 0.0
3465.0, 0.320722, -0.839131, -0.006173, -2.751281, 0.010564, 0.0
3483.0, 0.349797, -0.849062, -0.006026, -2.751281, 0.010564, 0.0
3483.0, 0.349797, -0.849062, -0.006026, -2.751281, 0.010564, 0.0
3498.0, 0.378379, -0.858951, -0.005902, -2.751281, 0.010564, 0.0
3515.0, 0.406479, -0.868802, -0.005799, -2.751281, 0.010564, 0.0
3515.0, 0.406479, -0.868802, -0.005799, -2.751281, 0.010564, 0.0
3533.0, 0.434084, -0.878611, -0.005712, -2.751281, 0.010564, 0.0
3533.0, 0.434084, -0.878611, -0.005712, -2.751281, 0.010564, 0.0
3548.0, 0.461295, -0.888385, -0.005677, -3.10618, 0.362772, 0.0
3571.0, 0.488303, -0.898158, -0.005734, -3.10618, 0.362772, 0.0
3571.0, 0.488303, -0.898158, -0.005734, -3.10618, 0.362772, 0.0
3582.0, 0.515115, -0.907894, -0.005901, -3.10618, 0.362772, 0.0
3582.0, 0.515115, -0.907894, -0.005901, -3.10618, 0.362772, 0.0
3598.0, 0.541902, -0.917623, -0.006181, -3.10618, 0.362772, 0.0
3615.0, 0.568773, -0.927355, -0.00656, -3.10618, 0.362772, 0.0
3615.0, 0.568773, -0.927355, -0.00656, -3.10618, 0.362772, 0.0
3634.0, 0.595796, -0.93709, -0.00702, -3.10618, 0.362772, 0.0
3634.0, 0.595796, -0.93709, -0.00702, -3.10618, 0.362772, 0.0
3648.0, 0.623049, -0.946838, -0.007538, -3.10618, 0.362772, 0.0
3666.0, 0.650576, -0.956599, -0.00809, -3.10618, 0.362772, 0.0
3666.0, 0.650576, -0.956599, -0.00809, -3.10618, 0.362772, 0.0
3683.0, 0.678431, -0.966382, -0.008655, -3.10618, 0.362772, 0.0
3683.0, 0.678431, -0.966382, -0.008655, -3.10618, 0.362772, 0.0
3698.0, 0.706637, -0.976186, -0.009213, -3.10618, 0.362772, 0.0
3715.0, 0.735234, -0.98602, -0.009752, -3.10618, 0.362772, 0.0
3715.0, 0.735234, -0.98602, -0.009752, -3.10618, 0.362772, 0.0
3733.0, 0.764233, -0.995885, -0.010257, -3.10618, 0.362772, 0.0
3733.0, 0.764233, -0.995885, -0.010257, -3.10618, 0.362772, 0.0
3748.0, 0.793675, -1.00579, -0.01073, -3.10618, 0.362772, 0.0
3765.0, 0.823554, -1.015732, -0.011158, -3.10618, 0.362772, 0.0
3765.0, 0.823554, -1.015732, -0.011158, -3.10618, 0.362772, 0.0
3781.0, 0.853888, -1.025717, -0.011539, -3.10618, 0.362772, 0.0
3781.0, 0.853888, -1.025717, -0.011539, -3.10618, 0.362772, 0.0
3798.0, 0.884675, -1.035742, -0.011872, -3.461139, 0.715039, 0.0
3815.0, 0.915932, -1.045814, -0.012163, -3.461139, 0.715039, 0.0
3815.0, 0.915932, -1.045814, -0.012163, -3.461139, 0.715039, 0.0
3833.0, 0.947659, -1.055931, -0.01241, -3.461139, 0.715039, 0.0
3833.0, 0.947659, -1.055931, -0.01241, -3.461139, 0.715039, 0.0
3848.0, 0.979746, -1.066084, -0.012576, -3.461139, 0.715039, 0.0
3866.0, 1.012071, -1.076267, -0.012628, -3.461139, 0.715039, 0.0
3866.0, 1.012071, -1.076267, -0.012628, -3.461139, 0.715039, 0.0
3882.0, 1.044526, -1.086475, -0.012556, -3.461139, 0.715039, 0.0
3882.0, 1.044526, -1.086475, -0.012556, -3.461139, 0.715039, 0.0
3898.0, 1.076987, -1.096701, -0.012356, -3.461139, 0.715039, 0.0
3916.0, 1.109371, -1.106942, -0.012047, -3.461139, 0.715039, 0.0
3916.0, 1.109371, -1.106942, -0.012047, -3.461139, 0.715039, 0.0
3931.0, 1.141587, -1.117191, -0.011644, -3.461139, 0.715039, 0.0
3931.0, 1.141587, -1.117191, -0.011644, -3.461139, 0.715039, 0.0
3948.0, 1.173593, -1.12745, -0.01118, -3.461139, 0.715039, 0.0
3965.0, 1.205314, -1.13771, -0.010671, -3.461139, 0.715039, 0.0
3965.0, 1.205314, -1.13771, -0.010671, -3.461139, 0.715039, 0.0
3981.0, 1.236715, -1.147969, -0.010142, -3.461139, 0.715039, 0.0
3981.0, 1.236715, -1.147969, -0.010142, -3.461139, 0.715039, 0.0
3998.0, 1.267748, -1.158217, -0.009609, -3.461139, 0.715039, 0.0
4014.0, 1.298397, -1.168456, -0.009092, -3.461139, 0.715039, 0.0
4014.0, 1.298397, -1.168456, -0.009092, -3.461139, 0.715039, 0.0
4033.0, 1.328629, -1.178676, -0.008601, -3.461139, 0.715039, 0.0
4033.0, 1.328629, -1.178676, -0.008601, -3.461139, 0.715039, 0.0
4048.0, 1.358425, -1.188873, -0.008141, -3.816042, 1.067251, 0.0
4065.0, 1.38777, -1.199043, -0.007724, -3.816042, 1.067251, 0.0
4065.0, 1.38777, -1.199043, -0.007724, -3.816042, 1.067251, 0.0
4082.0, 1.416667, -1.209188, -0.007352, -3.816042, 1.067251, 0.0
4082.0, 1.416667, -1.209188, -0.007352, -3.816042, 1.067251, 0.0
4098.0, 1.445099, -1.2193, -0.007027, -3.816042, 1.067251, 0.0
4115.0, 1.47307, -1.229382, -0.006745, -3.816042, 1.067251, 0.0
4116.0, 1.47307, -1.229382, -0.006745, -3.816042, 1.067251, 0.0
4133.0, 1.500564, -1.239427, -0.006505, -3.816042, 1.067251, 0.0
4133.0, 1.500564, -1.239427, -0.006505, -3.816042, 1.067251, 0.0
4148.0, 1.527597, -1.249441, -0.006305, -3.816042, 1.067251, 0.0
4166.0, 1.554148, -1.259415, -0.006138, -3.816042, 1.067251, 0.0
4166.0, 1.554148, -1.259415, -0.006138, -3.816042, 1.067251, 0.0
4181.0, 1.580221, -1.26935, -0.005995, -3.816042, 1.067251, 0.0
4181.0, 1.580221, -1.26935, -0.005995, -3.816042, 1.067251, 0.0
4197.0, 1.605803, -1.279239, -0.005875, -3.816042, 1.067251, 0.0
4214.0, 1.630901, -1.289087, -0.005771, -3.816042, 1.067251, 0.0
4214.0, 1.630901, -1.289087, -0.005771, -3.816042, 1.067251, 0.0
4232.0, 1.655507, -1.298888, -0.005685, -3.816042, 1.067251, 0.0
4232.0, 1.655507, -1.298888, -0.005685, -3.816042, 1.067251, 0.0
4247.0, 1.679725, -1.308656, -0.005651, -3.816042, 1.067251, 0.0
4264.0, 1.703675, -1.318397, -0.005709, -3.816042, 1.067251, 0.0
4264.0, 1.703675, -1.318397, -0.005709, -3.816042, 1.067251, 0.0
4282.0, 1.727496, -1.328128, -0.005873, -3.816042, 1.067251, 0.0
4282.0, 1.727496, -1.328128, -0.005873, -3.816042, 1.067251, 0.0
4298.0, 1.751289, -1.337853, -0.00615, -4.170944, 1.419463, 0.0
4315.0, 1.775162, -1.347586, -0.006522, -4.170944, 1.419463, 0.0
4315.0, 1.775162, -1.347586, -0.006522, -4.170944, 1.419463, 0.0
4333.0, 1.799185, -1.357328, -0.006978, -4.170944, 1.419463, 0.0
4333.0, 1.799185, -1.357328, -0.006978, -4.170944, 1.419463, 0.0
4348.0, 1.823426, -1.367086, -0.007486, -4.170944, 1.419463, 0.0
4365.0, 1.847936, -1.376864, -0.008032, -4.170944, 1.419463, 0.0
4365.0, 1.847936, -1.376864, -0.008032, -4.170944, 1.419463, 0.0
4382.0, 1.872771, -1.386674, -0.008591, -4.170944, 1.419463, 0.0
4382.0, 1.872771, -1.386674, -0.008591, -4.170944, 1.419463, 0.0
4398.0, 1.897957, -1.396515, -0.009149, -4.170944, 1.419463, 0.0
4415.0, 1.923533, -1.406399, -0.009688, -4.170944, 1.419463, 0.0
4415.0, 1.923533, -1.406399, -0.009688, -4.170944, 1.419463, 0.0
4434.0, 1.949511, -1.416323, -0.010198, -4.170944, 1.419463, 0.0
4434.0, 1.949511, -1.416323, -0.010198, -4.170944, 1.419463, 0.0
4447.0, 1.975929, -1.4263, -0.010675, -4.170944, 1.419463, 0.0
4464.0, 2.002784, -1.436325, -0.011109, -4.170944, 1.419463, 0.0
4464.0, 2.002784, -1.436325, -0.011109, -4.170944, 1.419463, 0.0
4481.0, 2.030093, -1.446406, -0.011497, -4.170944, 1.419463, 0.0
4481.0, 2.030093, -1.446406, -0.011497, -4.170944, 1.419463, 0.0
4497.0, 2.057855, -1.456539, -0.011839, -4.170944, 1.419463, 0.0
4515.0, 2.086086, -1.466731, -0.012137, -4.170944, 1.419463, 0.0
4515.0, 2.086086, -1.466731, -0.012137, -4.170944, 1.419463, 0.0
4532.0, 2.11478, -1.476979, -0.012394, -4.170944, 1.419463, 0.0
4532.0, 2.11478, -1.476979, -0.012394, -4.170944, 1.419463, 0.0
4548.0, 2.143943, -1.487285, -0.012611, -4.525844, 1.771671, 0.0
4565.0, 2.173574, -1.497647, -0.012795, -4.525844, 1.771671, 0.0
4565.0, 2.173574, -1.497647, -0.012795, -4.525844, 1.771671, 0.0
4582.0, 2.203691, -1.50807, -0.012955, -4.525844, 1.771671, 0.0
4582.0, 2.203691, -1.50807, -0.012955, -4.525844, 1.771671, 0.0
4598.0, 2.234288, -1.51855, -0.013091, -4.525844, 1.771671, 0.0
4615.0, 2.265377, -1.529092, -0.013209, -4.525844, 1.771671, 0.0
4615.0, 2.265377, -1.529092, -0.013209, -4.525844, 1.771671, 0.0
4633.0, 2.296949, -1.539691, -0.013311, -4.525844, 1.771671, 0.0
4633.0, 2.296949, -1.539691, -0.013311, -4.525844, 1.771671, 0.0
4648.0, 2.328928, -1.550345, -0.013364, -4.525844, 1.771671, 0.0
4665.0, 2.361165, -1.561038, -0.013324, -4.525844, 1.771671, 0.0
4665.0, 2.361165, -1.561038, -0.013324, -4.525844, 1.771671, 0.0
4682.0, 2.393542, -1.571763, -0.013173, -4.525844, 1.771671, 0.0
4682.0, 2.393542, -1.571763, -0.013173, -4.525844, 1.771671, 0.0
4697.0, 2.425931, -1.582508, -0.012908, -4.525844, 1.771671, 0.0
4715.0, 2.458247, -1.593271, -0.012543, -4.525844, 1.771671, 0.0
4715.0, 2.458247, -1.593271, -0.012543, -4.525844, 1.771671, 0.0
4732.0, 2.490398, -1.604041, -0.012095, -4.525844, 1.771671, 0.0
4732.0, 2.490398, -1.604041, -0.012095, -4.525844, 1.771671, 0.0
4748.0, 2.522315, -1.614814, -0.011584, -4.525844, 1.771671, 0.0
4765.0, 2.553943, -1.625586, -0.011038, -4.525844, 1.771671, 0.0
4765.0, 2.553943, -1.625586, -0.011038, -4.525844, 1.771671, 0.0
4782.0, 2.585253, -1.636357, -0.010482, -4.525844, 1.771671, 0.0
4782.0, 2.585253, -1.636357, -0.010482, -4.525844, 1.771671, 0.0
4798.0, 2.616201, -1.647119, -0.009932, -4.880743, 2.12388, 0.0
4815.0, 2.646768, -1.657873, -0.009405, -4.880743, 2.12388, 0.0
4815.0, 2.646768, -1.657873, -0.009405, -4.880743, 2.12388, 0.0
4832.0, 2.676923, -1.66861, -0.008911, -4.880743, 2.12388, 0.0
4832.0, 2.676923, -1.66861, -0.008911, -4.880743, 2.12388, 0.0
4847.0, 2.70667, -1.679335, -0.00846, -4.880743, 2.12388, 0.0
4864.0, 2.735975, -1.690037, -0.008053, -4.880743, 2.12388, 0.0
4864.0, 2.735975, -1.690037, -0.008053, -4.880743, 2.12388, 0.0
4881.0, 2.764835, -1.700714, -0.007688, -4.880743, 2.12388, 0.0
4881.0, 2.764835, -1.700714, -0.007688, -4.880743, 2.12388, 0.0
4898.0, 2.793229, -1.711359, -0.007367, -4.880743, 2.12388, 0.0
4915.0, 2.82116, -1.721976, -0.007085, -4.880743, 2.12388, 0.0
4915.0, 2.82116, -1.721976, -0.007085, -4.880743, 2.12388, 0.0
4933.0, 2.848612, -1.732556, -0.006844, -4.880743, 2.12388, 0.0
4933.0, 2.848612, -1.732556, -0.006844, -4.880743, 2.12388, 0.0
4948.0, 2.875693, -1.743111, -0.006678, -4.880743, 2.12388, 0.0
4965.0, 2.902518, -1.753643, -0.006626, -4.880743, 2.12388, 0.0
4965.0, 2.902518, -1.753643, -0.006626, -4.880743, 2.12388, 0.0
4982.0, 2.929224, -1.764164, -0.0067, -4.880743, 2.12388, 0.0
4982.0, 2.929224, -1.764164, -0.0067, -4.880743, 2.12388, 0.0
4998.0, 2.95591, -1.774676, -0.006903, -4.880743, 2.12388, 0.0
5015.0, 2.982684, -1.785188, -0.007218, -4.880743, 2.12388, 0.0
5015.0, 2.982684, -1.785188, -0.007218, -4.880743, 2.12388, 0.0
5033.0, 3.009615, -1.795701, -0.007628, -4.880743, 2.12388, 0.0
5033.0, 3.009615, -1.795701, -0.007628, -4.880743, 2.12388, 0.0
5048.0, 3.036769, -1.806217, -0.008101, -5.235642, 2.476089, 0.0
5065.0, 3.064197, -1.816741, -0.008618, -5.235642, 2.476089, 0.0
5065.0, 3.064197, -1.816741, -0.008618, -5.235642, 2.476089, 0.0
5081.0, 3.091956, -1.827283, -0.009156, -5.235642, 2.476089, 0.0
5081.0, 3.091956, -1.827283, -0.009156, -5.235642, 2.476089, 0.0
5097.0, 3.120071, -1.837842, -0.009697, -5.235642, 2.476089, 0.0
5115.0, 3.148581, -1.848427, -0.010223, -5.235642, 2.476089, 0.0
5115.0, 3.148581, -1.848427, -0.010223, -5.235642, 2.476089, 0.0
5132.0, 3.177496, -1.859037, -0.010723, -5.235642, 2.476089, 0.0
5132.0, 3.177496, -1.859037, -0.010723, -5.235642, 2.476089, 0.0
5148.0, 3.206857, -1.869685, -0.01119, -5.235642, 2.476089, 0.0
5165.0, 3.236658, -1.880364, -0.011616, -5.235642, 2.476089, 0.0
5165.0, 3.236658, -1.880364, -0.011616, -5.235642, 2.476089, 0.0
5182.0, 3.266917, -1.891081, -0.011996, -5.235642, 2.476089, 0.0
5182.0, 3.266917, -1.891081, -0.011996, -5.235642, 2.476089, 0.0
5198.0, 3.297631, -1.901833, -0.01233, -5.235642, 2.476089, 0.0
5215.0, 3.328816, -1.912625, -0.012619, -5.235642, 2.476089, 0.0
5215.0, 3.328816, -1.912625, -0.012619, -5.235642, 2.476089, 0.0
5233.0, 3.360468, -1.923456, -0.012867, -5.235642, 2.476089, 0.0
5233.0, 3.360468, -1.923456, -0.012867, -5.235642, 2.476089, 0.0
5249.0, 3.392487, -1.93432, -0.013032, -5.235642, 2.476089, 0.0
5265.0, 3.424745, -1.945211, -0.013083, -5.235642, 2.476089, 0.0
5265.0, 3.424745, -1.945211, -0.013083, -5.235642, 2.476089, 0.0
5281.0, 3.457133, -1.956129, -0.01301, -5.235642, 2.476089, 0.0
5281.0, 3.457133, -1.956129, -0.01301, -5.235642, 2.476089, 0.0
5297.0, 3.489527, -1.967065, -0.012809, -5.590542, 2.828297, 0.0
5315.0, 3.521845, -1.97802, -0.012498, -5.590542, 2.828297, 0.0
5315.0, 3.521845, -1.97802, -0.012498, -5.590542, 2.828297, 0.0
5332.0, 3.553995, -1.988988, -0.012094, -5.590542, 2.828297, 0.0
5332.0, 3.553995, -1.988988, -0.012094, -5.590542, 2.828297, 0.0
5348.0, 3.585934, -1.999973, -0.011628, -5.590542, 2.828297, 0.0
5366.0, 3.617589, -2.010965, -0.011119, -5.590542, 2.828297, 0.0
5366.0, 3.617589, -2.010965, -0.011119, -5.590542, 2.828297, 0.0
5382.0, 3.648922, -2.021965, -0.010589, -5.590542, 2.828297, 0.0
5382.0, 3.648922, -2.021965, -0.010589, -5.590542, 2.828297, 0.0
5398.0, 3.679888, -2.032963, -0.010057, -5.590542, 2.828297, 0.0
5415.0, 3.710468, -2.043962, -0.00954, -5.590542, 2.828297, 0.0
5415.0, 3.710468, -2.043962, -0.00954, -5.590542, 2.828297, 0.0
5433.0, 3.74063, -2.054952, -0.009051, -5.590542, 2.828297, 0.0
5433.0, 3.74063, -2.054952, -0.009051, -5.590542, 2.828297, 0.0
5448.0, 3.770368, -2.065935, -0.008598, -5.590542, 2.828297, 0.0
5466.0, 3.799656, -2.076902, -0.008188, -5.590542, 2.828297, 0.0
5466.0, 3.799656, -2.076902, -0.008188, -5.590542, 2.828297, 0.0
5481.0, 3.828496, -2.087855, -0.007821, -5.590542, 2.828297, 0.0
5481.0, 3.828496, -2.087855, -0.007821, -5.590542, 2.828297, 0.0
5498.0, 3.856869, -2.098787, -0.007501, -5.590542, 2.828297, 0.0
5514.0, 3.884778, -2.109699, -0.007221, -5.590542, 2.828297, 0.0
5514.0, 3.884778, -2.109699, -0.007221, -5.590542, 2.828297, 0.0
5532.0, 3.912207, -2.120587, -0.006984, -5.590542, 2.828297, 0.0
5532.0, 3.912207, -2.120587, -0.006984, -5.590542, 2.828297, 0.0
5548.0, 3.939153, -2.131447, -0.006777, -5.945441, 3.180505, 0.0
5565.0, 3.96561, -2.142276, -0.006606, -5.945441, 3.180505, 0.0
5565.0, 3.96561, -2.142276, -0.006606, -5.945441, 3.180505, 0.0
5582.0, 3.991588, -2.153078, -0.006461, -5.945441, 3.180505, 0.0
5582.0, 3.991588, -2.153078, -0.006461, -5.945441, 3.180505, 0.0
5598.0, 4.017076, -2.163846, -0.006346, -5.945441, 3.180505, 0.0
5614.0, 4.042082, -2.174585, -0.006247, -5.945441, 3.180505, 0.0
5614.0, 4.042082, -2.174585, -0.006247, -5.945441, 3.180505, 0.0
5632.0, 4.066596, -2.185289, -0.006171, -5.945441, 3.180505, 0.0
5632.0, 4.066596, -2.185289, -0.006171, -5.945441, 3.180505, 0.0
5648.0, 4.090736, -2.195974, -0.006148, -5.945441, 3.180505, 0.0
5665.0, 4.114614, -2.206641, -0.006221, -5.945441, 3.180505, 0.0
5665.0, 4.114614, -2.206641, -0.006221, -5.945441, 3.180505, 0.0
5681.0, 4.138362, -2.217303, -0.006394, -5.945441, 3.180505, 0.0
5681.0, 4.138362, -2.217303, -0.006394, -5.945441, 3.180505, 0.0
5698.0, 4.162083, -2.227961, -0.00668, -5.945441, 3.180505, 0.0
5714.0, 4.185884, -2.238627, -0.007059, -5.945441, 3.180505, 0.0
5714.0, 4.185884, -2.238627, -0.007059, -5.945441, 3.180505, 0.0
5732.0, 4.209835, -2.2493, -0.007521, -5.945441, 3.180505, 0.0
5732.0, 4.209835, -2.2493, -0.007521, -5.945441, 3.180505, 0.0
5748.0, 4.234004, -2.259986, -0.00803, -5.945441, 3.180505, 0.0
5765.0, 4.258441, -2.270689, -0.00858, -5.945441, 3.180505, 0.0
5765.0, 4.258441, -2.270689, -0.00858, -5.945441, 3.180505, 0.0
5782.0, 4.283205, -2.28142, -0.009139, -5.945441, 3.180505, 0.0
5782.0, 4.283205, -2.28142, -0.009139, -5.945441, 3.180505, 0.0
5798.0, 4.308319, -2.292177, -0.009699, -6.300341, 3.532714, 0.0
5815.0, 4.333824, -2.302972, -0.010237, -6.300341, 3.532714, 0.0
5815.0, 4.333824, -2.302972, -0.010237, -6.300341, 3.532714, 0.0
5833.0, 4.359731, -2.313802, -0.010749, -6.300341, 3.532714, 0.0
5833.0, 4.359731, -2.313802, -0.010749, -6.300341, 3.532714, 0.0
5848.0, 4.386079, -2.32468, -0.011223, -6.300341, 3.532714, 0.0
5865.0, 4.412864, -2.3356, -0.011658, -6.300341, 3.532714, 0.0
5865.0, 4.412864, -2.3356, -0.011658, -6.300341, 3.532714, 0.0
5882.0, 4.440104, -2.346569, -0.012043, -6.300341, 3.532714, 0.0
5882.0, 4.440104, -2.346569, -0.012043, -6.300341, 3.532714, 0.0
5898.0, 4.467797, -2.357583, -0.012385, -6.300341, 3.532714, 0.0
5916.0, 4.49596, -2.368649, -0.01268, -6.300341, 3.532714, 0.0
5916.0, 4.49596, -2.368649, -0.01268, -6.300341, 3.532714, 0.0
5933.0, 4.524587, -2.379764, -0.012937, -6.300341, 3.532714, 0.0
5933.0, 4.524587, -2.379764, -0.012937, -6.300341, 3.532714, 0.0
5948.0, 4.553693, -2.390932, -0.013154, -6.300341, 3.532714, 0.0
5965.0, 4.583273, -2.402149, -0.013341, -6.300341, 3.532714, 0.0
5965.0, 4.583273, -2.402149, -0.013341, -6.300341, 3.532714, 0.0
5981.0, 4.613339, -2.413418, -0.013498, -6.300341, 3.532714, 0.0
5981.0, 4.613339, -2.413418, -0.013498, -6.300341, 3.532714, 0.0
5998.0, 4.643884, -2.424734, -0.013632, -6.300341, 3.532714, 0.0
6015.0, 4.674921, -2.436101, -0.013745, -6.300341, 3.532714, 0.0
6015.0, 4.674921, -2.436101, -0.013745, -6.300341, 3.532714, 0.0
6033.0, 4.70644, -2.447514, -0.013842, -6.300341, 3.532714, 0.0
6033.0, 4.70644, -2.447514, -0.013842, -6.300341, 3.532714, 0.0
6048.0, 4.73834, -2.458966, -0.013877, -6.655239, 3.884921, 0.0
6065.0, 4.770491, -2.470451, -0.013822, -6.655239, 3.884921, 0.0
6065.0, 4.770491, -2.470451, -0.013822, -6.655239, 3.884921, 0.0
6082.0, 4.80278, -2.481966, -0.013661, -6.655239, 3.884921, 0.0
6082.0, 4.80278, -2.481966, -0.013661, -6.655239, 3.884921, 0.0
6098.0, 4.835085, -2.493505, -0.013391, -6.655239, 3.884921, 0.0
6115.0, 4.867319, -2.505067, -0.013023, -6.655239, 3.884921, 0.0
6115.0, 4.867319, -2.505067, -0.013023, -6.655239, 3.884921, 0.0
6133.0, 4.899391, -2.516643, -0.012577, -6.655239, 3.884921, 0.0
6133.0, 4.899391, -2.516643, -0.012577, -6.655239, 3.884921, 0.0
6148.0, 4.931256, -2.528242, -0.012078, -6.655239, 3.884921, 0.0
6164.0, 4.962841, -2.539851, -0.011545, -6.655239, 3.884921, 0.0
6164.0, 4.962841, -2.539851, -0.011545, -6.655239, 3.884921, 0.0
6181.0, 4.994108, -2.551473, -0.010997, -6.655239, 3.884921, 0.0
6181.0, 4.994108, -2.551473, -0.010997, -6.655239, 3.884921, 0.0
6198.0, 5.025011, -2.563097, -0.010454, -6.655239, 3.884921, 0.0
6215.0, 5.05553, -2.574727, -0.009928, -6.655239, 3.884921, 0.0
6215.0, 5.05553, -2.574727, -0.009928, -6.655239, 3.884921, 0.0
6233.0, 5.085632, -2.586353, -0.009436, -6.655239, 3.884921, 0.0
6233.0, 5.085632, -2.586353, -0.009436, -6.655239, 3.884921, 0.0
6248.0, 5.115302, -2.597973, -0.008975, -6.655239, 3.884921, 0.0
6264.0, 5.14452, -2.609582, -0.008562, -6.655239, 3.884921, 0.0
6265.0, 5.14452, -2.609582, -0.008562, -6.655239, 3.884921, 0.0
6282.0, 5.173292, -2.621184, -0.008193, -6.655239, 3.884921, 0.0
6282.0, 5.173292, -2.621184, -0.008193, -6.655239, 3.884921, 0.0
6298.0, 5.201599, -2.632772, -0.007875, -7.010139, 4.23713, 0.0
6315.0, 5.229445, -2.644349, -0.007598, -7.010139, 4.23713, 0.0
6315.0, 5.229445, -2.644349, -0.007598, -7.010139, 4.23713, 0.0
6333.0, 5.256813, -2.655908, -0.007367, -7.010139, 4.23713, 0.0
6333.0, 5.256813, -2.655908, -0.007367, -7.010139, 4.23713, 0.0
6348.0, 5.283721, -2.667457, -0.007173, -7.010139, 4.23713, 0.0
6366.0, 5.310147, -2.678985, -0.007016, -7.010139, 4.23713, 0.0
6366.0, 5.310147, -2.678985, -0.007016, -7.010139, 4.23713, 0.0
6382.0, 5.336096, -2.690494, -0.006879, -7.010139, 4.23713, 0.0
6382.0, 5.336096, -2.690494, -0.006879, -7.010139, 4.23713, 0.0
6398.0, 5.361552, -2.701977, -0.00677, -7.010139, 4.23713, 0.0
6414.0, 5.386524, -2.713438, -0.006672, -7.010139, 4.23713, 0.0
6414.0, 5.386524, -2.713438, -0.006672, -7.010139, 4.23713, 0.0
6432.0, 5.411, -2.72487, -0.006596, -7.010139, 4.23713, 0.0
6432.0, 5.411, -2.72487, -0.006596, -7.010139, 4.23713, 0.0
6447.0, 5.435082, -2.736282, -0.006564, -7.010139, 4.23713, 0.0
6464.0, 5.458893, -2.747677, -0.006629, -7.010139, 4.23713, 0.0
6464.0, 5.458893, -2.747677, -0.006629, -7.010139, 4.23713, 0.0
6482.0, 5.482575, -2.759069, -0.006795, -7.010139, 4.23713, 0.0
6482.0, 5.482575, -2.759069, -0.006795, -7.010139, 4.23713, 0.0
6497.0, 5.506231, -2.770459, -0.007081, -7.010139, 4.23713, 0.0
6515.0, 5.529968, -2.781856, -0.007459, -7.010139, 4.23713, 0.0
6515.0, 5.529968, -2.781856, -0.007459, -7.010139, 4.23713, 0.0
6532.0, 5.553858, -2.793259, -0.007925, -7.010139, 4.23713, 0.0
6532.0, 5.553858, -2.793259, -0.007925, -7.010139, 4.23713, 0.0
6548.0, 5.577987, -2.804681, -0.008446, -7.365038, 4.589338, 0.0
6565.0, 5.602392, -2.816118, -0.009007, -7.365038, 4.589338, 0.0
6565.0, 5.602392, -2.816118, -0.009007, -7.365038, 4.589338, 0.0
6582.0, 5.627125, -2.827579, -0.009573, -7.365038, 4.589338, 0.0
6582.0, 5.627125, -2.827579, -0.009573, -7.365038, 4.589338, 0.0
6598.0, 5.652208, -2.839059, -0.010138, -7.365038, 4.589338, 0.0
6615.0, 5.677681, -2.850569, -0.010676, -7.365038, 4.589338, 0.0
6615.0, 5.677681, -2.850569, -0.010676, -7.365038, 4.589338, 0.0
6633.0, 5.703556, -2.862108, -0.011187, -7.365038, 4.589338, 0.0
6633.0, 5.703556, -2.862108, -0.011187, -7.365038, 4.589338, 0.0
6648.0, 5.729859, -2.873681, -0.011654, -7.365038, 4.589338, 0.0
6664.0, 5.756596, -2.885288, -0.012082, -7.365038, 4.589338, 0.0
6664.0, 5.756596, -2.885288, -0.012082, -7.365038, 4.589338, 0.0
6681.0, 5.783788, -2.896936, -0.01246, -7.365038, 4.589338, 0.0
6681.0, 5.783788, -2.896936, -0.01246, -7.365038, 4.589338, 0.0
6697.0, 5.811432, -2.908621, -0.012797, -7.365038, 4.589338, 0.0
6714.0, 5.839548, -2.92035, -0.013088, -7.365038, 4.589338, 0.0
6714.0, 5.839548, -2.92035, -0.013088, -7.365038, 4.589338, 0.0
6733.0, 5.868129, -2.93212, -0.013342, -7.365038, 4.589338, 0.0
6733.0, 5.868129, -2.93212, -0.013342, -7.365038, 4.589338, 0.0
6748.0, 5.897079, -2.943925, -0.01351, -7.365038, 4.589338, 0.0
6764.0, 5.926268, -2.955758, -0.01357, -7.365038, 4.589338, 0.0
6764.0, 5.926268, -2.955758, -0.01357, -7.365038, 4.589338, 0.0
6782.0, 5.955586, -2.967618, -0.0135, -7.365038, 4.589338, 0.0
6782.0, 5.955586, -2.967618, -0.0135, -7.365038, 4.589338, 0.0
6798.0, 5.984912, -2.979495, -0.013307, -7.719938, 4.941547, 0.0
6816.0, 6.01416, -2.991391, -0.012998, -7.719938, 4.941547, 0.0
6816.0, 6.01416, -2.991391, -0.012998, -7.719938, 4.941547, 0.0
6833.0, 6.043241, -3.003297, -0.0126, -7.719938, 4.941547, 0.0
6833.0, 6.043241, -3.003297, -0.0126, -7.719938, 4.941547, 0.0
6848.0, 6.072108, -3.015218, -0.012135, -7.719938, 4.941547, 0.0
6865.0, 6.100691, -3.027144, -0.01163, -7.719938, 4.941547, 0.0
6865.0, 6.100691, -3.027144, -0.01163, -7.719938, 4.941547, 0.0
6882.0, 6.128953, -3.039075, -0.011098, -7.719938, 4.941547, 0.0
6882.0, 6.128953, -3.039075, -0.011098, -7.719938, 4.941547, 0.0
6898.0, 6.156846, -3.051002, -0.010569, -7.719938, 4.941547, 0.0
6915.0, 6.184354, -3.062926, -0.010049, -7.719938, 4.941547, 0.0
6915.0, 6.184354, -3.062926, -0.010049, -7.719938, 4.941547, 0.0
6933.0, 6.211444, -3.074838, -0.009561, -7.719938, 4.941547, 0.0
6933.0, 6.211444, -3.074838, -0.009561, -7.719938, 4.941547, 0.0
6948.0, 6.2381, -3.086736, -0.009099, -7.719938, 4.941547, 0.0
6965.0, 6.264305, -3.098614, -0.008686, -7.719938, 4.941547, 0.0
6965.0, 6.264305, -3.098614, -0.008686, -7.719938, 4.941547, 0.0
6981.0, 6.290061, -3.110475, -0.008311, -7.719938, 4.941547, 0.0
6981.0, 6.290061, -3.110475, -0.008311, -7.719938, 4.941547, 0.0
6998.0, 6.315352, -3.122312, -0.00799, -7.719938, 4.941547, 0.0
7016.0, 6.340181, -3.134128, -0.007705, -7.719938, 4.941547, 0.0
7016.0, 6.340181, -3.134128, -0.007705, -7.719938, 4.941547, 0.0
7033.0, 6.364532, -3.145916, -0.007469, -7.719938, 4.941547, 0.0
7033.0, 6.364532, -3.145916, -0.007469, -7.719938, 4.941547, 0.0
7048.0, 6.388524, -3.157691, -0.007306, -8.074838, 5.293756, 0.0
7066.0, 6.412263, -3.169449, -0.007263, -8.074838, 5.293756, 0.0
7066.0, 6.412263, -3.169449, -0.007263, -8.074838, 5.293756, 0.0
7082.0, 6.435884, -3.181202, -0.007338, -8.074838, 5.293756, 0.0
7082.0, 6.435884, -3.181202, -0.007338, -8.074838, 5.293756, 0.0
7098.0, 6.459484, -3.192948, -0.007548, -8.074838, 5.293756, 0.0
7115.0, 6.483172, -3.204698, -0.007862, -8.074838, 5.293756, 0.0
7115.0, 6.483172, -3.204698, -0.007862, -8.074838, 5.293756, 0.0
7131.0, 6.507016, -3.216449, -0.008277, -8.074838, 5.293756, 0.0
7131.0, 6.507016, -3.216449, -0.008277, -8.074838, 5.293756, 0.0
7148.0, 6.531093, -3.22821, -0.008751, -8.074838, 5.293756, 0.0
7164.0, 6.555447, -3.239981, -0.009276, -8.074838, 5.293756, 0.0
7164.0, 6.555447, -3.239981, -0.009276, -8.074838, 5.293756, 0.0
7181.0, 6.580131, -3.251772, -0.009814, -8.074838, 5.293756, 0.0
7181.0, 6.580131, -3.251772, -0.009814, -8.074838, 5.293756, 0.0
7198.0, 6.605169, -3.26358, -0.01036, -8.074838, 5.293756, 0.0
7215.0, 6.6306, -3.275414, -0.010884, -8.074838, 5.293756, 0.0
7215.0, 6.6306, -3.275414, -0.010884, -8.074838, 5.293756, 0.0
7233.0, 6.656435, -3.287274, -0.011386, -8.074838, 5.293756, 0.0
7233.0, 6.656435, -3.287274, -0.011386, -8.074838, 5.293756, 0.0
7248.0, 6.682693, -3.299162, -0.011843, -8.074838, 5.293756, 0.0
7265.0, 6.709384, -3.311079, -0.012265, -8.074838, 5.293756, 0.0
7265.0, 6.709384, -3.311079, -0.012265, -8.074838, 5.293756, 0.0
7282.0, 6.736531, -3.323034, -0.012639, -8.074838, 5.293756, 0.0
7282.0, 6.736531, -3.323034, -0.012639, -8.074838, 5.293756, 0.0
7298.0, 6.764135, -3.335024, -0.012976, -8.429737, 5.645964, 0.0
7315.0, 6.792212, -3.347055, -0.013268, -8.429737, 5.645964, 0.0
7315.0, 6.792212, -3.347055, -0.013268, -8.429737, 5.645964, 0.0
7333.0, 6.820758, -3.359125, -0.013525, -8.429737, 5.645964, 0.0
7333.0, 6.820758, -3.359125, -0.013525, -8.429737, 5.645964, 0.0
7348.0, 6.849698, -3.371238, -0.013704, -8.429737, 5.645964, 0.0
7364.0, 6.878885, -3.383379, -0.013774, -8.429737, 5.645964, 0.0
7364.0, 6.878885, -3.383379, -0.013774, -8.429737, 5.645964, 0.0
7381.0, 6.908203, -3.395547, -0.01371, -8.429737, 5.645964, 0.0
7381.0, 6.908203, -3.395547, -0.01371, -8.429737, 5.645964, 0.0
7398.0, 6.937527, -3.407732, -0.013519, -8.429737, 5.645964, 0.0
7415.0, 6.966771, -3.419935, -0.013207, -8.429737, 5.645964, 0.0
7415.0, 6.966771, -3.419935, -0.013207, -8.429737, 5.645964, 0.0
7433.0, 6.995844, -3.432148, -0.012806, -8.429737, 5.645964, 0.0
7433.0, 6.995844, -3.432148, -0.012806, -8.429737, 5.645964, 0.0
7448.0, 7.024681, -3.444369, -0.012326, -8.429737, 5.645964, 0.0
7466.0, 7.053224, -3.456594, -0.011808, -8.429737, 5.645964, 0.0
7466.0, 7.053224, -3.456594, -0.011808, -8.429737, 5.645964, 0.0
7482.0, 7.081444, -3.468826, -0.011267, -8.429737, 5.645964, 0.0
7482.0, 7.081444, -3.468826, -0.011267, -8.429737, 5.645964, 0.0
7498.0, 7.109298, -3.481058, -0.010734, -8.429737, 5.645964, 0.0
7516.0, 7.136768, -3.493292, -0.010212, -8.429737, 5.645964, 0.0
7516.0, 7.136768, -3.493292, -0.010212, -8.429737, 5.645964, 0.0
7533.0, 7.163824, -3.505519, -0.009727, -8.429737, 5.645964, 0.0
7533.0, 7.163824, -3.505519, -0.009727, -8.429737, 5.645964, 0.0
7548.0, 7.190466, -3.517746, -0.009276, -8.784636, 5.998172, 0.0
7565.0, 7.216666, -3.529959, -0.008875, -8.784636, 5.998172, 0.0
7565.0, 7.216666, -3.529959, -0.008875, -8.784636, 5.998172, 0.0
7582.0, 7.242418, -3.542161, -0.008508, -8.784636, 5.998172, 0.0
7582.0, 7.242418, -3.542161, -0.008508, -8.784636, 5.998172, 0.0
7598.0, 7.267703, -3.554342, -0.008192, -8.784636, 5.998172, 0.0
7614.0, 7.292523, -3.566506, -0.007908, -8.784636, 5.998172, 0.0
7614.0, 7.292523, -3.566506, -0.007908, -8.784636, 5.998172, 0.0
7633.0, 7.316864, -3.578644, -0.007672, -8.784636, 5.998172, 0.0
7633.0, 7.316864, -3.578644, -0.007672, -8.784636, 5.998172, 0.0
7648.0, 7.340824, -3.590763, -0.007499, -8.784636, 5.998172, 0.0
7665.0, 7.364525, -3.602864, -0.007449, -8.784636, 5.998172, 0.0
7665.0, 7.364525, -3.602864, -0.007449, -8.784636, 5.998172, 0.0
7683.0, 7.388105, -3.614961, -0.007518, -8.784636, 5.998172, 0.0
7683.0, 7.388105, -3.614961, -0.007518, -8.784636, 5.998172, 0.0
7698.0, 7.411668, -3.627052, -0.007726, -8.784636, 5.998172, 0.0
7715.0, 7.435319, -3.639146, -0.00804, -8.784636, 5.998172, 0.0
7715.0, 7.435319, -3.639146, -0.00804, -8.784636, 5.998172, 0.0
7732.0, 7.45913, -3.651242, -0.008457, -8.784636, 5.998172, 0.0
7733.0, 7.45913, -3.651242, -0.008457, -8.784636, 5.998172, 0.0
7749.0, 7.483184, -3.663351, -0.008939, -8.784636, 5.998172, 0.0
7766.0, 7.50752, -3.67547, -0.009471, -8.784636, 5.998172, 0.0
7766.0, 7.50752, -3.67547, -0.009471, -8.784636, 5.998172, 0.0
7781.0, 7.532187, -3.687604, -0.010015, -8.784636, 5.998172, 0.0
7781.0, 7.532187, -3.687604, -0.010015, -8.784636, 5.998172, 0.0
7797.0, 7.557209, -3.699753, -0.010565, -9.139535, 6.35038, 0.0
7814.0, 7.582624, -3.711924, -0.01109, -9.139535, 6.35038, 0.0
7814.0, 7.582624, -3.711924, -0.01109, -9.139535, 6.35038, 0.0
7832.0, 7.608443, -3.724116, -0.011593, -9.139535, 6.35038, 0.0
7832.0, 7.608443, -3.724116, -0.011593, -9.139535, 6.35038, 0.0
7847.0, 7.634695, -3.736336, -0.012053, -9.139535, 6.35038, 0.0
7865.0, 7.661382, -3.748582, -0.012477, -9.139535, 6.35038, 0.0
7865.0, 7.661382, -3.748582, -0.012477, -9.139535, 6.35038, 0.0
7881.0, 7.688525, -3.760861, -0.012851, -9.139535, 6.35038, 0.0
7881.0, 7.688525, -3.760861, -0.012851, -9.139535, 6.35038, 0.0
7898.0, 7.716124, -3.773169, -0.013186, -9.139535, 6.35038, 0.0
7915.0, 7.744195, -3.785514, -0.013473, -9.139535, 6.35038, 0.0
7915.0, 7.744195, -3.785514, -0.013473, -9.139535, 6.35038, 0.0
7933.0, 7.772742, -3.797894, -0.013726, -9.139535, 6.35038, 0.0
7933.0, 7.772742, -3.797894, -0.013726, -9.139535, 6.35038, 0.0
7948.0, 7.801655, -3.810302, -0.01389, -9.139535, 6.35038, 0.0
7966.0, 7.830803, -3.822731, -0.013948, -9.139535, 6.35038, 0.0
7966.0, 7.830803, -3.822731, -0.013948, -9.139535, 6.35038, 0.0
7982.0, 7.860081, -3.835186, -0.013875, -9.139535, 6.35038, 0.0
7982.0, 7.860081, -3.835186, -0.013875, -9.139535, 6.35038, 0.0
7998.0, 7.889367, -3.847659, -0.01368, -9.139535, 6.35038, 0.0
8015.0, 7.918576, -3.860152, -0.013367, -9.139535, 6.35038, 0.0
8015.0, 7.918576, -3.860152, -0.013367, -9.139535, 6.35038, 0.0
8033.0, 7.947617, -3.872658, -0.012967, -9.139535, 6.35038, 0.0
8033.0, 7.947617, -3.872658, -0.012967, -9.139535, 6.35038, 0.0
8048.0, 7.976445, -3.885186, -0.012499, -9.494446, 6.7026, 0.0
8065.0, 8.004988, -3.897723, -0.011993, -9.494446, 6.7026, 0.0
8065.0, 8.004988, -3.897723, -0.011993, -9.494446, 6.7026, 0.0
8081.0, 8.033209, -3.910273, -0.01146, -9.494446, 6.7026, 0.0
8081.0, 8.033209, -3.910273, -0.01146, -9.494446, 6.7026, 0.0
8098.0, 8.061063, -3.922826, -0.010931, -9.494446, 6.7026, 0.0
8116.0, 8.088531, -3.935383, -0.01041, -9.494446, 6.7026, 0.0
8116.0, 8.088531, -3.935383, -0.01041, -9.494446, 6.7026, 0.0
8133.0, 8.11558, -3.947938, -0.009924, -9.494446, 6.7026, 0.0
8133.0, 8.11558, -3.947938, -0.009924, -9.494446, 6.7026, 0.0
8148.0, 8.142194, -3.960487, -0.009462, -9.494446, 6.7026, 0.0
8165.0, 8.168357, -3.973025, -0.009052, -9.494446, 6.7026, 0.0
8165.0, 8.168357, -3.973025, -0.009052, -9.494446, 6.7026, 0.0
8182.0, 8.194071, -3.985557, -0.008678, -9.494446, 6.7026, 0.0
8182.0, 8.194071, -3.985557, -0.008678, -9.494446, 6.7026, 0.0
8198.0, 8.219319, -3.998074, -0.008361, -9.494446, 6.7026, 0.0
8216.0, 8.244106, -4.010581, -0.008078, -9.494446, 6.7026, 0.0
8216.0, 8.244106, -4.010581, -0.008078, -9.494446, 6.7026, 0.0
8234.0, 8.268415, -4.023069, -0.007845, -9.494446, 6.7026, 0.0
8234.0, 8.268415, -4.023069, -0.007845, -9.494446, 6.7026, 0.0
8248.0, 8.292364, -4.035553, -0.007685, -9.494446, 6.7026, 0.0
8265.0, 8.316061, -4.048025, -0.007647, -9.494446, 6.7026, 0.0
8265.0, 8.316061, -4.048025, -0.007647, -9.494446, 6.7026, 0.0
8281.0, 8.339638, -4.060495, -0.007725, -9.494446, 6.7026, 0.0
8281.0, 8.339638, -4.060495, -0.007725, -9.494446, 6.7026, 0.0
8298.0, 8.363196, -4.072959, -0.007939, -9.849345, 7.054809, 0.0
8315.0, 8.386842, -4.085424, -0.008255, -9.849345, 7.054809, 0.0
8315.0, 8.386842, -4.085424, -0.008255, -9.849345, 7.054809, 0.0
8333.0, 8.410645, -4.097887, -0.008673, -9.849345, 7.054809, 0.0
8333.0, 8.410645, -4.097887, -0.008673, -9.849345, 7.054809, 0.0
8348.0, 8.434671, -4.110351, -0.009145, -9.849345, 7.054809, 0.0
8365.0, 8.458972, -4.122816, -0.00967, -9.849345, 7.054809, 0.0
8365.0, 8.458972, -4.122816, -0.00967, -9.849345, 7.054809, 0.0
8382.0, 8.483604, -4.135294, -0.010207, -9.849345, 7.054809, 0.0
8382.0, 8.483604, -4.135294, -0.010207, -9.849345, 7.054809, 0.0
8398.0, 8.508593, -4.147782, -0.010754, -9.849345, 7.054809, 0.0
8415.0, 8.533977, -4.16029, -0.011278, -9.849345, 7.054809, 0.0
8415.0, 8.533977, -4.16029, -0.011278, -9.849345, 7.054809, 0.0
8433.0, 8.559766, -4.172813, -0.011783, -9.849345, 7.054809, 0.0
8433.0, 8.559766, -4.172813, -0.011783, -9.849345, 7.054809, 0.0
8448.0, 8.585999, -4.185366, -0.012249, -9.849345, 7.054809, 0.0
8465.0, 8.612675, -4.197941, -0.012679, -9.849345, 7.054809, 0.0
8465.0, 8.612675, -4.197941, -0.012679, -9.849345, 7.054809, 0.0
8482.0, 8.639808, -4.210543, -0.013056, -9.849345, 7.054809, 0.0
8482.0, 8.639808, -4.210543, -0.013056, -9.849345, 7.054809, 0.0
8498.0, 8.667397, -4.223169, -0.013393, -9.849345, 7.054809, 0.0
8515.0, 8.695457, -4.235824, -0.01368, -9.849345, 7.054809, 0.0
8515.0, 8.695457, -4.235824, -0.01368, -9.849345, 7.054809, 0.0
8533.0, 8.723985, -4.248506, -0.013931, -9.849345, 7.054809, 0.0
8533.0, 8.723985, -4.248506, -0.013931, -9.849345, 7.054809, 0.0
8548.0, 8.752892, -4.261216, -0.014097, -10.204245, 7.407018, 0.0
8565.0, 8.782043, -4.273947, -0.014155, -10.204245, 7.407018, 0.0
8565.0, 8.782043, -4.273947, -0.014155, -10.204245, 7.407018, 0.0
8582.0, 8.811323, -4.286702, -0.014079, -10.204245, 7.407018, 0.0
8582.0, 8.811323, -4.286702, -0.014079, -10.204245, 7.407018, 0.0
8598.0, 8.84061, -4.299475, -0.01388, -10.204245, 7.407018, 0.0
8616.0, 8.869817, -4.312268, -0.013562, -10.204245, 7.407018, 0.0
8616.0, 8.869817, -4.312268, -0.013562, -10.204245, 7.407018, 0.0
8633.0, 8.898853, -4.325076, -0.013157, -10.204245, 7.407018, 0.0
8633.0, 8.898853, -4.325076, -0.013157, -10.204245, 7.407018, 0.0
8648.0, 8.927653, -4.337898, -0.012674, -10.204245, 7.407018, 0.0
8666.0, 8.956161, -4.350731, -0.012156, -10.204245, 7.407018, 0.0
8666.0, 8.956161, -4.350731, -0.012156, -10.204245, 7.407018, 0.0
8681.0, 8.984345, -4.363581, -0.011615, -10.204245, 7.407018, 0.0
8681.0, 8.984345, -4.363581, -0.011615, -10.204245, 7.407018, 0.0
8697.0, 9.012164, -4.37644, -0.011083, -10.204245, 7.407018, 0.0
8715.0, 9.0396, -4.38931, -0.010564, -10.204245, 7.407018, 0.0
8715.0, 9.0396, -4.38931, -0.010564, -10.204245, 7.407018, 0.0
8733.0, 9.066621, -4.402185, -0.010082, -10.204245, 7.407018, 0.0
8733.0, 9.066621, -4.402185, -0.010082, -10.204245, 7.407018, 0.0
8748.0, 9.093229, -4.415071, -0.009634, -10.204245, 7.407018, 0.0
8765.0, 9.119393, -4.427956, -0.009237, -10.204245, 7.407018, 0.0
8765.0, 9.119393, -4.427956, -0.009237, -10.204245, 7.407018, 0.0
8782.0, 9.145111, -4.440841, -0.008874, -10.204245, 7.407018, 0.0
8782.0, 9.145111, -4.440841, -0.008874, -10.204245, 7.407018, 0.0
8798.0, 9.170361, -4.453717, -0.008563, -10.559144, 7.759226, 0.0
8815.0, 9.195147, -4.466589, -0.008283, -10.559144, 7.759226, 0.0
8815.0, 9.195147, -4.466589, -0.008283, -10.559144, 7.759226, 0.0
8833.0, 9.219453, -4.479448, -0.008053, -10.559144, 7.759226, 0.0
8833.0, 9.219453, -4.479448, -0.008053, -10.559144, 7.759226, 0.0
8848.0, 9.243378, -4.492298, -0.007884, -10.559144, 7.759226, 0.0
8865.0, 9.267044, -4.505136, -0.00784, -10.559144, 7.759226, 0.0
8865.0, 9.267044, -4.505136, -0.00784, -10.559144, 7.759226, 0.0
8882.0, 9.290589, -4.517974, -0.007913, -10.559144, 7.759226, 0.0
8882.0, 9.290589, -4.517974, -0.007913, -10.559144, 7.759226, 0.0
8898.0, 9.314117, -4.530807, -0.008126, -10.559144, 7.759226, 0.0
8916.0, 9.337734, -4.54364, -0.008443, -10.559144, 7.759226, 0.0
8916.0, 9.337734, -4.54364, -0.008443, -10.559144, 7.759226, 0.0
8932.0, 9.361511, -4.55647, -0.008865, -10.559144, 7.759226, 0.0
8932.0, 9.361511, -4.55647, -0.008865, -10.559144, 7.759226, 0.0
8948.0, 9.385532, -4.569309, -0.009348, -10.559144, 7.759226, 0.0
8964.0, 9.409835, -4.582149, -0.009884, -10.559144, 7.759226, 0.0
8964.0, 9.409835, -4.582149, -0.009884, -10.559144, 7.759226, 0.0
8981.0, 9.43447, -4.594996, -0.010428, -10.559144, 7.759226, 0.0
8981.0, 9.43447, -4.594996, -0.010428, -10.559144, 7.759226, 0.0
8998.0, 9.459461, -4.607848, -0.010979, -10.559144, 7.759226, 0.0
9014.0, 9.484846, -4.620712, -0.011504, -10.559144, 7.759226, 0.0
9014.0, 9.484846, -4.620712, -0.011504, -10.559144, 7.759226, 0.0
9033.0, 9.510636, -4.633585, -0.012007, -10.559144, 7.759226, 0.0
9033.0, 9.510636, -4.633585, -0.012007, -10.559144, 7.759226, 0.0
9048.0, 9.536859, -4.646475, -0.012464, -10.914044, 8.111435, 0.0
9065.0, 9.563517, -4.659379, -0.012886, -10.914044, 8.111435, 0.0
9065.0, 9.563517, -4.659379, -0.012886, -10.914044, 8.111435, 0.0
9082.0, 9.590633, -4.672303, -0.013256, -10.914044, 8.111435, 0.0
9082.0, 9.590633, -4.672303, -0.013256, -10.914044, 8.111435, 0.0
9098.0, 9.618205, -4.685243, -0.013588, -10.914044, 8.111435, 0.0
9116.0, 9.64625, -4.698207, -0.01387, -10.914044, 8.111435, 0.0
9116.0, 9.64625, -4.698207, -0.01387, -10.914044, 8.111435, 0.0
9132.0, 9.674763, -4.71119, -0.014118, -10.914044, 8.111435, 0.0
9132.0, 9.674763, -4.71119, -0.014118, -10.914044, 8.111435, 0.0
9148.0, 9.703646, -4.724191, -0.014277, -10.914044, 8.111435, 0.0
9165.0, 9.732769, -4.737209, -0.01433, -10.914044, 8.111435, 0.0
9165.0, 9.732769, -4.737209, -0.01433, -10.914044, 8.111435, 0.0
9182.0, 9.762023, -4.750249, -0.01425, -10.914044, 8.111435, 0.0
9182.0, 9.762023, -4.750249, -0.01425, -10.914044, 8.111435, 0.0
9197.0, 9.791285, -4.763307, -0.014051, -10.914044, 8.111435, 0.0
9214.0, 9.82047, -4.776389, -0.013733, -10.914044, 8.111435, 0.0
9214.0, 9.82047, -4.776389, -0.013733, -10.914044, 8.111435, 0.0
9232.0, 9.849486, -4.789489, -0.01333, -10.914044, 8.111435, 0.0
9232.0, 9.849486, -4.789489, -0.01333, -10.914044, 8.111435, 0.0
9247.0, 9.878291, -4.802617, -0.012858, -10.914044, 8.111435, 0.0
9265.0, 9.90681, -4.815764, -0.012351, -10.914044, 8.111435, 0.0
9265.0, 9.90681, -4.815764, -0.012351, -10.914044, 8.111435, 0.0
9281.0, 9.935007, -4.828933, -0.011815, -10.914044, 8.111435, 0.0
9281.0, 9.935007, -4.828933, -0.011815, -10.914044, 8.111435, 0.0
9298.0, 9.962836, -4.842116, -0.011287, -11.268944, 8.463644, 0.0
9315.0, 9.99028, -4.855317, -0.010766, -11.268944, 8.463644, 0.0
9315.0, 9.99028, -4.855317, -0.010766, -11.268944, 8.463644, 0.0
9333.0, 10.017304, -4.868527, -0.010282, -11.268944, 8.463644, 0.0
9333.0, 10.017304, -4.868527, -0.010282, -11.268944, 8.463644, 0.0
9348.0, 10.043895, -4.881743, -0.009823, -11.268944, 8.463644, 0.0
9365.0, 10.070033, -4.894963, -0.009417, -11.268944, 8.463644, 0.0
9365.0, 10.070033, -4.894963, -0.009417, -11.268944, 8.463644, 0.0
9382.0, 10.095723, -4.90819, -0.009047, -11.268944, 8.463644, 0.0
9382.0, 10.095723, -4.90819, -0.009047, -11.268944, 8.463644, 0.0
9398.0, 10.120947, -4.921418, -0.008735, -11.268944, 8.463644, 0.0
9415.0, 10.14571, -4.934649, -0.008456, -11.268944, 8.463644, 0.0
9415.0, 10.14571, -4.934649, -0.008456, -11.268944, 8.463644, 0.0
9433.0, 10.169995, -4.947878, -0.00823, -11.268944, 8.463644, 0.0
9433.0, 10.169995, -4.947878, -0.00823, -11.268944, 8.463644, 0.0
9448.0, 10.193817, -4.961112, -0.008033, -11.268944, 8.463644, 0.0
9464.0, 10.217157, -4.974339, -0.00788, -11.268944, 8.463644, 0.0
9464.0, 10.217157, -4.974339, -0.00788, -11.268944, 8.463644, 0.0
9481.0, 10.240019, -4.987563, -0.007739, -11.268944, 8.463644, 0.0
9481.0, 10.240019, -4.987563, -0.007739, -11.268944, 8.463644, 0.0
9498.0, 10.262388, -5.000773, -0.007635, -11.268944, 8.463644, 0.0
9515.0, 10.284273, -5.013975, -0.007532, -11.268944, 8.463644, 0.0
9515.0, 10.284273, -5.013975, -0.007532, -11.268944, 8.463644, 0.0
9533.0, 10.305663, -5.027162, -0.00746, -11.268944, 8.463644, 0.0
9533.0, 10.305663, -5.027162, -0.00746, -11.268944, 8.463644, 0.0
9548.0, 10.326658, -5.040338, -0.007422, -11.623843, 8.815852, 0.0
9565.0, 10.347385, -5.053505, -0.00749, -11.623843, 8.815852, 0.0
9565.0, 10.347385, -5.053505, -0.00749, -11.623843, 8.815852, 0.0
9582.0, 10.367982, -5.066677, -0.00765, -11.623843, 8.815852, 0.0
9582.0, 10.367982, -5.066677, -0.00765, -11.623843, 8.815852, 0.0
9598.0, 10.388551, -5.079849, -0.007938, -11.623843, 8.815852, 0.0
9615.0, 10.409202, -5.093031, -0.00831, -11.623843, 8.815852, 0.0
9615.0, 10.409202, -5.093031, -0.00831, -11.623843, 8.815852, 0.0
9633.0, 10.430005, -5.106219, -0.00878, -11.623843, 8.815852, 0.0
9633.0, 10.430005, -5.106219, -0.00878, -11.623843, 8.815852, 0.0
9648.0, 10.451046, -5.119427, -0.009295, -11.623843, 8.815852, 0.0
9665.0, 10.472363, -5.132649, -0.009861, -11.623843, 8.815852, 0.0
9665.0, 10.472363, -5.132649, -0.009861, -11.623843, 8.815852, 0.0
9682.0, 10.494008, -5.145892, -0.010425, -11.623843, 8.815852, 0.0
9682.0, 10.494008, -5.145892, -0.010425, -11.623843, 8.815852, 0.0
9698.0, 10.516004, -5.159153, -0.010998, -11.623843, 8.815852, 0.0
9715.0, 10.538389, -5.17244, -0.011536, -11.623843, 8.815852, 0.0
9715.0, 10.538389, -5.17244, -0.011536, -11.623843, 8.815852, 0.0
9732.0, 10.561177, -5.185751, -0.012055, -11.623843, 8.815852, 0.0
9732.0, 10.561177, -5.185751, -0.012055, -11.623843, 8.815852, 0.0
9748.0, 10.584395, -5.199095, -0.012523, -11.623843, 8.815852, 0.0
9765.0, 10.608047, -5.212466, -0.012961, -11.623843, 8.815852, 0.0
9765.0, 10.608047, -5.212466, -0.012961, -11.623843, 8.815852, 0.0
9782.0, 10.632153, -5.225874, -0.013341, -11.623843, 8.815852, 0.0
9782.0, 10.632153, -5.225874, -0.013341, -11.623843, 8.815852, 0.0
9798.0, 10.656713, -5.239315, -0.013688, -11.978742, 9.16806, 0.0
9815.0, 10.681744, -5.252795, -0.013981, -11.978742, 9.16806, 0.0
9815.0, 10.681744, -5.252795, -0.013981, -11.978742, 9.16806, 0.0
9834.0, 10.707241, -5.266311, -0.014244, -11.978742, 9.16806, 0.0
9834.0, 10.707241, -5.266311, -0.014244, -11.978742, 9.16806, 0.0
9848.0, 10.73321, -5.279861, -0.014457, -11.978742, 9.16806, 0.0
9866.0, 10.75965, -5.293445, -0.014647, -11.978742, 9.16806, 0.0
9866.0, 10.75965, -5.293445, -0.014647, -11.978742, 9.16806, 0.0
9882.0, 10.786578, -5.307066, -0.014801, -11.978742, 9.16806, 0.0
9882.0, 10.786578, -5.307066, -0.014801, -11.978742, 9.16806, 0.0
9898.0, 10.813987, -5.320721, -0.014941, -11.978742, 9.16806, 0.0
9915.0, 10.84189, -5.334413, -0.015053, -11.978742, 9.16806, 0.0
9915.0, 10.84189, -5.334413, -0.015053, -11.978742, 9.16806, 0.0
9933.0, 10.870278, -5.348135, -0.015157, -11.978742, 9.16806, 0.0
9933.0, 10.870278, -5.348135, -0.015157, -11.978742, 9.16806, 0.0
9948.0, 10.899074, -5.361897, -0.015201, -11.978742, 9.16806, 0.0
9964.0, 10.928127, -5.375685, -0.01516, -11.978742, 9.16806, 0.0
9964.0, 10.928127, -5.375685, -0.01516, -11.978742, 9.16806, 0.0
9981.0, 10.957322, -5.389501, -0.015, -11.978742, 9.16806, 0.0
9981.0, 10.957322, -5.389501, -0.015, -11.978742, 9.16806, 0.0
