0.0, 0.0, 0.0, 0.002231, 3.536941, -3.534126, 0.0
0.0, 0.0, 0.0, 0.002231, 3.536941, -3.534126, 0.0
13.0, -0.00005, -0.000251, -0.004077, 3.536941, -3.534126, 0.0
49.0, 0.000085, -0.00043, -0.014338, 3.536941, -3.534126, 0.0
49.0, 0.000085, -0.00043, -0.014338, 3.536941, -3.534126, 0.0
49.0, 0.000085, -0.00043, -0.014338, 3.536941, -3.534126, 0.0
49.0, 0.000085, -0.00043, -0.014338, 3.536941, -3.534126, 0.0
66.0, 0.000606, -0.000243, -0.016884, 3.536941, -3.534126, 0.0
82.0, 0.001437, 0.000029, -0.017773, 3.536941, -3.534126, 0.0
82.0, 0.001437, 0.000029, -0.017773, 3.536941, -3.534126, 0.0
99.0, 0.002449, 0.000197, -0.017383, 3.536941, -3.534126, 0.0
99.0, 0.002449, 0.000197, -0.017383, 3.536941, -3.534126, 0.0
115.0, 0.003495, 0.000134, -0.016335, 3.536941, -3.534126, 0.0
132.0, 0.004307, -0.00016, -0.016793, 3.315207, -3.452786, 0.0
132.0, 0.004307, -0.00016, -0.016793, 3.315207, -3.452786, 0.0
149.0, 0.004991, -0.000678, -0.017065, 3.315207, -3.452786, 0.0
149.0, 0.004991, -0.000678, -0.017065, 3.315207, -3.452786, 0.0
167.0, 0.00556, -0.00138, -0.01612, 3.315207, -3.452786, 0.0
183.0, 0.005836, -0.002228, -0.014568, 3.315207, -3.452786, 0.0
183.0, 0.005836, -0.002228, -0.014568, 3.315207, -3.452786, 0.0
199.0, 0.005847, -0.0032, -0.012649, 3.315207, -3.452786, 0.0
199.0, 0.005847, -0.0032, -0.012649, 3.315207, -3.452786, 0.0
216.0, 0.005851, -0.004019, -0.012773, 3.315207, -3.452786, 0.0
231.0, 0.00531, -0.004709, -0.012296, 3.315207, -3.452786, 0.0
231.0, 0.00531, -0.004709, -0.012296, 3.315207, -3.452786, 0.0
248.0, 0.004437, -0.005436, -0.011264, 3.315207, -3.452786, 0.0
248.0, 0.004437, -0.005436, -0.011264, 3.315207, -3.452786, 0.0
266.0, 0.003211, -0.00631, -0.010004, 3.315207, -3.452786, 0.0
282.0, 0.001532, -0.007393, -0.008554, 3.315207, -3.452786, 0.0
282.0, 0.001532, -0.007393, -0.008554, 3.315207, -3.452786, 0.0
302.0, -0.000578, -0.008683, -0.007063, 3.315207, -3.452786, 0.0
302.0, -0.000578, -0.008683, -0.007063, 3.315207, -3.452786, 0.0
315.0, -0.003141, -0.010182, -0.0056, 3.315207, -3.452786, 0.0
332.0, -0.006175, -0.011895, -0.004225, 3.315207, -3.452786, 0.0
332.0, -0.006175, -0.011895, -0.004225, 3.315207, -3.452786, 0.0
349.0, -0.009686, -0.01382, -0.002977, 3.315207, -3.452786, 0.0
349.0, -0.009686, -0.01382, -0.002977, 3.315207, -3.452786, 0.0
366.0, -0.013675, -0.015953, -0.001875, 3.315207, -3.452786, 0.0
382.0, -0.018138, -0.018291, -0.000929, 2.845784, -3.280586, 0.0
382.0, -0.018138, -0.018291, -0.000929, 2.845784, -3.280586, 0.0
399.0, -0.023076, -0.020833, -0.000137, 2.845784, -3.280586, 0.0
399.0, -0.023076, -0.020833, -0.000137, 2.845784, -3.280586, 0.0
415.0, -0.028485, -0.023577, 0.000507, 2.845784, -3.280586, 0.0
432.0, -0.034365, -0.026521, 0.001014, 2.845784, -3.280586, 0.0
432.0, -0.034365, -0.026521, 0.001014, 2.845784, -3.280586, 0.0
449.0, -0.040713, -0.029665, 0.001398, 2.845784, -3.280586, 0.0
449.0, -0.040713, -0.029665, 0.001398, 2.845784, -3.280586, 0.0
465.0, -0.047528, -0.033008, 0.001674, 2.845784, -3.280586, 0.0
481.0, -0.05481, -0.03655, 0.001859, 2.845784, -3.280586, 0.0
481.0, -0.05481, -0.03655, 0.001859, 2.845784, -3.280586, 0.0
498.0, -0.062556, -0.040288, 0.001967, 2.845784, -3.280586, 0.0
499.0, -0.062556, -0.040288, 0.001967, 2.845784, -3.280586, 0.0
514.0, -0.070765, -0.044221, 0.002011, 2.845784, -3.280586, 0.0
532.0, -0.079436, -0.048348, 0.002002, 2.845784, -3.280586, 0.0
532.0, -0.079436, -0.048348, 0.002002, 2.845784, -3.280586, 0.0
549.0, -0.088569, -0.052668, 0.001952, 2.845784, -3.280586, 0.0
549.0, -0.088569, -0.052668, 0.001952, 2.845784, -3.280586, 0.0
566.0, -0.098164, -0.057179, 0.001871, 2.845784, -3.280586, 0.0
583.0, -0.108216, -0.061878, 0.001766, 2.845784, -3.280586, 0.0
583.0, -0.108216, -0.061878, 0.001766, 2.845784, -3.280586, 0.0
599.0, -0.118729, -0.066764, 0.001645, 2.845784, -3.280586, 0.0
599.0, -0.118729, -0.066764, 0.001645, 2.845784, -3.280586, 0.0
615.0, -0.129705, -0.071835, 0.001515, 2.845784, -3.280586, 0.0
636.0, -0.141146, -0.077091, 0.001379, 2.376368, -3.108387, 0.0
636.0, -0.141146, -0.077091, 0.001379, 2.376368, -3.108387, 0.0
649.0, -0.153051, -0.082529, 0.001239, 2.376368, -3.108387, 0.0
649.0, -0.153051, -0.082529, 0.001239, 2.376368, -3.108387, 0.0
665.0, -0.165422, -0.088148, 0.001094, 2.376368, -3.108387, 0.0
681.0, -0.178265, -0.093947, 0.000953, 2.376368, -3.108387, 0.0
681.0, -0.178265, -0.093947, 0.000953, 2.376368, -3.108387, 0.0
698.0, -0.191576, -0.099924, 0.000815, 2.376368, -3.108387, 0.0
698.0, -0.191576, -0.099924, 0.000815, 2.376368, -3.108387, 0.0
714.0, -0.205355, -0.106074, 0.000679, 2.376368, -3.108387, 0.0
732.0, -0.219603, -0.112396, 0.000549, 2.376368, -3.108387, 0.0
732.0, -0.219603, -0.112396, 0.000549, 2.376368, -3.108387, 0.0
748.0, -0.23432, -0.118887, 0.000426, 2.376368, -3.108387, 0.0
748.0, -0.23432, -0.118887, 0.000426, 2.376368, -3.108387, 0.0
765.0, -0.249507, -0.125546, 0.00031, 2.376368, -3.108387, 0.0
782.0, -0.265158, -0.132367, 0.000197, 2.376368, -3.108387, 0.0
782.0, -0.265158, -0.132367, 0.000197, 2.376368, -3.108387, 0.0
798.0, -0.281283, -0.13935, 0.000089, 2.376368, -3.108387, 0.0
798.0, -0.281283, -0.13935, 0.000089, 2.376368, -3.108387, 0.0
815.0, -0.297877, -0.146492, -0.000008, 2.376368, -3.108387, 0.0
833.0, -0.314946, -0.15379, -0.000097, 2.376368, -3.108387, 0.0
833.0, -0.314946, -0.15379, -0.000097, 2.376368, -3.108387, 0.0
849.0, -0.332491, -0.161243, -0.00018, 2.376368, -3.108387, 0.0
849.0, -0.332491, -0.161243, -0.00018, 2.376368, -3.108387, 0.0
865.0, -0.350512, -0.168848, -0.000258, 2.376368, -3.108387, 0.0
883.0, -0.369018, -0.176607, -0.000327, 1.906947, -2.936188, 0.0
883.0, -0.369018, -0.176607, -0.000327, 1.906947, -2.936188, 0.0
899.0, -0.388004, -0.184513, -0.000392, 1.906947, -2.936188, 0.0
899.0, -0.388004, -0.184513, -0.000392, 1.906947, -2.936188, 0.0
915.0, -0.407471, -0.192562, -0.000455, 1.906947, -2.936188, 0.0
932.0, -0.427417, -0.20075, -0.000515, 1.906947, -2.936188, 0.0
932.0, -0.427417, -0.20075, -0.000515, 1.906947, -2.936188, 0.0
949.0, -0.447842, -0.209076, -0.000573, 1.906947, -2.936188, 0.0
949.0, -0.447842, -0.209076, -0.000573, 1.906947, -2.936188, 0.0
966.0, -0.468748, -0.217538, -0.00063, 1.906947, -2.936188, 0.0
981.0, -0.490136, -0.226132, -0.000686, 1.906947, -2.936188, 0.0
981.0, -0.490136, -0.226132, -0.000686, 1.906947, -2.936188, 0.0
998.0, -0.512006, -0.234854, -0.00074, 1.906947, -2.936188, 0.0
998.0, -0.512006, -0.234854, -0.00074, 1.906947, -2.936188, 0.0
1014.0, -0.534359, -0.243703, -0.000793, 1.906947, -2.936188, 0.0
1031.0, -0.557196, -0.252675, -0.000845, 1.906947, -2.936188, 0.0
1031.0, -0.557196, -0.252675, -0.000845, 1.906947, -2.936188, 0.0
1048.0, -0.580518, -0.261768, -0.000896, 1.906947, -2.936188, 0.0
1048.0, -0.580518, -0.261768, -0.000896, 1.906947, -2.936188, 0.0
1065.0, -0.604326, -0.27098, -0.000946, 1.906947, -2.936188, 0.0
1081.0, -0.62851, -0.280284, -0.00104, 1.906947, -2.936188, 0.0
1081.0, -0.62851, -0.280284, -0.00104, 1.906947, -2.936188, 0.0
1098.0, -0.652951, -0.289653, -0.001207, 1.906947, -2.936188, 0.0
1098.0, -0.652951, -0.289653, -0.001207, 1.906947, -2.936188, 0.0
1115.0, -0.677527, -0.299062, -0.001465, 1.906947, -2.936188, 0.0
1132.0, -0.702128, -0.308486, -0.001814, 1.43753, -2.76399, 0.0
1132.0, -0.702128, -0.308486, -0.001814, 1.43753, -2.76399, 0.0
1148.0, -0.726658, -0.317908, -0.002245, 1.43753, -2.76399, 0.0
1148.0, -0.726658, -0.317908, -0.002245, 1.43753, -2.76399, 0.0
1166.0, -0.751038, -0.327309, -0.002738, 1.43753, -2.76399, 0.0
1181.0, -0.775211, -0.336682, -0.003268, 1.43753, -2.76399, 0.0
1181.0, -0.775211, -0.336682, -0.003268, 1.43753, -2.76399, 0.0
1199.0, -0.799116, -0.346011, -0.003819, 1.43753, -2.76399, 0.0
1199.0, -0.799116, -0.346011, -0.003819, 1.43753, -2.76399, 0.0
1214.0, -0.822708, -0.355287, -0.00437, 1.43753, -2.76399, 0.0
1231.0, -0.845949, -0.3645, -0.004905, 1.43753, -2.76399, 0.0
1231.0, -0.845949, -0.3645, -0.004905, 1.43753, -2.76399, 0.0
1248.0, -0.868813, -0.373644, -0.00541, 1.43753, -2.76399, 0.0
1248.0, -0.868813, -0.373644, -0.00541, 1.43753, -2.76399, 0.0
1265.0, -0.891276, -0.382712, -0.005874, 1.43753, -2.76399, 0.0
1282.0, -0.913314, -0.391697, -0.006295, 1.43753, -2.76399, 0.0
1282.0, -0.913314, -0.391697, -0.006295, 1.43753, -2.76399, 0.0
1298.0, -0.934917, -0.400595, -0.006665, 1.43753, -2.76399, 0.0
1298.0, -0.934917, -0.400595, -0.006665, 1.43753, -2.76399, 0.0
1315.0, -0.956078, -0.409407, -0.006983, 1.43753, -2.76399, 0.0
1332.0, -0.976788, -0.418129, -0.007249, 1.43753, -2.76399, 0.0
1332.0, -0.976788, -0.418129, -0.007249, 1.43753, -2.76399, 0.0
1348.0, -0.997042, -0.426759, -0.007468, 1.43753, -2.76399, 0.0
1348.0, -0.997042, -0.426759, -0.007468, 1.43753, -2.76399, 0.0
1366.0, -1.016832, -0.435297, -0.007642, 1.43753, -2.76399, 0.0
1381.0, -1.036163, -0.443743, -0.007775, 0.968113, -2.591791, 0.0
1381.0, -1.036163, -0.443743, -0.007775, 0.968113, -2.591791, 0.0
1399.0, -1.055024, -0.452097, -0.007875, 0.968113, -2.591791, 0.0
1399.0, -1.055024, -0.452097, -0.007875, 0.968113, -2.591791, 0.0
1414.0, -1.073409, -0.460355, -0.007947, 0.968113, -2.591791, 0.0
1431.0, -1.091316, -0.468519, -0.007997, 0.968113, -2.591791, 0.0
1431.0, -1.091316, -0.468519, -0.007997, 0.968113, -2.591791, 0.0
1448.0, -1.108743, -0.476588, -0.008028, 0.968113, -2.591791, 0.0
1448.0, -1.108743, -0.476588, -0.008028, 0.968113, -2.591791, 0.0
1466.0, -1.125686, -0.484562, -0.008044, 0.968113, -2.591791, 0.0
1481.0, -1.142145, -0.492443, -0.008049, 0.968113, -2.591791, 0.0
1481.0, -1.142145, -0.492443, -0.008049, 0.968113, -2.591791, 0.0
1498.0, -1.158119, -0.500231, -0.008044, 0.968113, -2.591791, 0.0
1498.0, -1.158119, -0.500231, -0.008044, 0.968113, -2.591791, 0.0
1515.0, -1.173606, -0.507927, -0.008033, 0.968113, -2.591791, 0.0
1533.0, -1.188605, -0.515531, -0.008016, 0.968113, -2.591791, 0.0
1533.0, -1.188605, -0.515531, -0.008016, 0.968113, -2.591791, 0.0
1548.0, -1.203117, -0.523044, -0.007997, 0.968113, -2.591791, 0.0
1548.0, -1.203117, -0.523044, -0.007997, 0.968113, -2.591791, 0.0
1566.0, -1.21714, -0.530467, -0.007976, 0.968113, -2.591791, 0.0
1583.0, -1.230669, -0.537797, -0.007957, 0.968113, -2.591791, 0.0
1583.0, -1.230669, -0.537797, -0.007957, 0.968113, -2.591791, 0.0
1599.0, -1.243707, -0.545036, -0.007937, 0.968113, -2.591791, 0.0
1599.0, -1.243707, -0.545036, -0.007937, 0.968113, -2.591791, 0.0
1616.0, -1.256297, -0.55221, -0.007917, 0.968113, -2.591791, 0.0
1616.0, -1.256297, -0.55221, -0.007917, 0.968113, -2.591791, 0.0
1631.0, -1.268355, -0.559271, -0.007899, 0.498592, -2.419555, 0.0
1649.0, -1.279923, -0.566244, -0.007881, 0.498592, -2.419555, 0.0
1649.0, -1.279923, -0.566244, -0.007881, 0.498592, -2.419555, 0.0
1666.0, -1.291002, -0.573129, -0.007865, 0.498592, -2.419555, 0.0
1666.0, -1.291002, -0.573129, -0.007865, 0.498592, -2.419555, 0.0
1681.0, -1.301592, -0.579927, -0.00785, 0.498592, -2.419555, 0.0
1698.0, -1.311711, -0.586648, -0.007838, 0.498592, -2.419555, 0.0
1698.0, -1.311711, -0.586648, -0.007838, 0.498592, -2.419555, 0.0
1715.0, -1.32132, -0.593269, -0.007828, 0.498592, -2.419555, 0.0
1715.0, -1.32132, -0.593269, -0.007828, 0.498592, -2.419555, 0.0
1733.0, -1.33044, -0.599801, -0.007821, 0.498592, -2.419555, 0.0
1747.0, -1.339069, -0.606244, -0.007816, 0.498592, -2.419555, 0.0
1747.0, -1.339069, -0.606244, -0.007816, 0.498592, -2.419555, 0.0
1765.0, -1.347209, -0.612598, -0.007814, 0.498592, -2.419555, 0.0
1765.0, -1.347209, -0.612598, -0.007814, 0.498592, -2.419555, 0.0
1780.0, -1.354859, -0.618863, -0.007815, 0.498592, -2.419555, 0.0
1798.0, -1.362021, -0.625038, -0.007817, 0.498592, -2.419555, 0.0
1798.0, -1.362021, -0.625038, -0.007817, 0.498592, -2.419555, 0.0
1814.0, -1.368693, -0.631123, -0.007822, 0.498592, -2.419555, 0.0
1814.0, -1.368693, -0.631123, -0.007822, 0.498592, -2.419555, 0.0
1831.0, -1.374878, -0.637118, -0.007829, 0.498592, -2.419555, 0.0
1848.0, -1.380575, -0.643021, -0.007838, 0.498592, -2.419555, 0.0
1848.0, -1.380575, -0.643021, -0.007838, 0.498592, -2.419555, 0.0
1866.0, -1.385785, -0.648833, -0.007847, 0.498592, -2.419555, 0.0
1866.0, -1.385785, -0.648833, -0.007847, 0.498592, -2.419555, 0.0
1882.0, -1.390509, -0.654553, -0.007857, 0.029114, -2.247334, 0.0
1899.0, -1.394748, -0.66018, -0.007866, 0.029114, -2.247334, 0.0
1899.0, -1.394748, -0.66018, -0.007866, 0.029114, -2.247334, 0.0
1915.0, -1.398503, -0.665714, -0.007874, 0.029114, -2.247334, 0.0
1915.0, -1.398503, -0.665714, -0.007874, 0.029114, -2.247334, 0.0
1931.0, -1.401776, -0.671154, -0.007877, 0.029114, -2.247334, 0.0
1949.0, -1.404568, -0.6765, -0.007874, 0.029114, -2.247334, 0.0
1949.0, -1.404568, -0.6765, -0.007874, 0.029114, -2.247334, 0.0
1967.0, -1.406881, -0.681753, -0.007862, 0.029114, -2.247334, 0.0
1967.0, -1.406881, -0.681753, -0.007862, 0.029114, -2.247334, 0.0
1980.0, -1.408717, -0.686915, -0.00784, 0.029114, -2.247334, 0.0
1997.0, -1.410078, -0.691985, -0.007803, 0.029114, -2.247334, 0.0
1997.0, -1.410078, -0.691985, -0.007803, 0.029114, -2.247334, 0.0
2014.0, -1.410964, -0.696964, -0.007751, 0.029114, -2.247334, 0.0
2014.0, -1.410964, -0.696964, -0.007751, 0.029114, -2.247334, 0.0
2033.0, -1.411376, -0.701853, -0.007683, 0.029114, -2.247334, 0.0
2048.0, -1.411315, -0.706655, -0.007604, 0.029114, -2.247334, 0.0
2048.0, -1.411315, -0.706655, -0.007604, 0.029114, -2.247334, 0.0
2065.0, -1.410779, -0.711373, -0.007518, 0.029114, -2.247334, 0.0
2065.0, -1.410779, -0.711373, -0.007518, 0.029114, -2.247334, 0.0
2081.0, -1.409767, -0.716008, -0.007434, 0.029114, -2.247334, 0.0
2098.0, -1.408275, -0.720562, -0.007362, 0.029114, -2.247334, 0.0
2098.0, -1.408275, -0.720562, -0.007362, 0.029114, -2.247334, 0.0
2115.0, -1.4063, -0.725034, -0.007311, 0.029114, -2.247334, 0.0
2115.0, -1.4063, -0.725034, -0.007311, 0.029114, -2.247334, 0.0
2132.0, -1.403836, -0.729423, -0.007288, -0.440303, -2.075136, 0.0
2148.0, -1.40088, -0.733728, -0.007298, -0.440303, -2.075136, 0.0
2148.0, -1.40088, -0.733728, -0.007298, -0.440303, -2.075136, 0.0
2167.0, -1.397428, -0.737944, -0.007341, -0.440303, -2.075136, 0.0
2167.0, -1.397428, -0.737944, -0.007341, -0.440303, -2.075136, 0.0
2181.0, -1.393478, -0.742067, -0.007412, -0.440303, -2.075136, 0.0
2198.0, -1.389028, -0.746092, -0.007508, -0.440303, -2.075136, 0.0
2198.0, -1.389028, -0.746092, -0.007508, -0.440303, -2.075136, 0.0
2216.0, -1.384075, -0.750015, -0.007619, -0.440303, -2.075136, 0.0
2216.0, -1.384075, -0.750015, -0.007619, -0.440303, -2.075136, 0.0
2230.0, -1.378619, -0.753832, -0.007739, -0.440303, -2.075136, 0.0
2247.0, -1.372659, -0.75754, -0.00786, -0.440303, -2.075136, 0.0
2247.0, -1.372659, -0.75754, -0.00786, -0.440303, -2.075136, 0.0
2265.0, -1.366197, -0.761135, -0.007976, -0.440303, -2.075136, 0.0
2265.0, -1.366197, -0.761135, -0.007976, -0.440303, -2.075136, 0.0
2281.0, -1.359328, -0.764641, -0.008042, -0.440303, -2.075136, 0.0
2298.0, -1.352179, -0.768085, -0.008022, -0.440303, -2.075136, 0.0
2298.0, -1.352179, -0.768085, -0.008022, -0.440303, -2.075136, 0.0
2314.0, -1.344873, -0.771496, -0.007894, -0.440303, -2.075136, 0.0
2314.0, -1.344873, -0.771496, -0.007894, -0.440303, -2.075136, 0.0
2331.0, -1.337524, -0.7749, -0.007658, -0.440303, -2.075136, 0.0
2349.0, -1.330225, -0.77832, -0.007325, -0.440303, -2.075136, 0.0
2349.0, -1.330225, -0.77832, -0.007325, -0.440303, -2.075136, 0.0
2366.0, -1.323059, -0.781778, -0.006912, -0.440303, -2.075136, 0.0
2366.0, -1.323059, -0.781778, -0.006912, -0.440303, -2.075136, 0.0
2382.0, -1.316092, -0.785289, -0.006442, -0.909719, -1.902938, 0.0
2399.0, -1.309377, -0.788868, -0.005938, -0.909719, -1.902938, 0.0
2399.0, -1.309377, -0.788868, -0.005938, -0.909719, -1.902938, 0.0
2416.0, -1.302957, -0.792529, -0.00542, -0.909719, -1.902938, 0.0
2416.0, -1.302957, -0.792529, -0.00542, -0.909719, -1.902938, 0.0
2431.0, -1.296866, -0.79628, -0.004905, -0.909719, -1.902938, 0.0
2449.0, -1.291132, -0.800129, -0.004407, -0.909719, -1.902938, 0.0
2449.0, -1.291132, -0.800129, -0.004407, -0.909719, -1.902938, 0.0
2465.0, -1.285776, -0.804083, -0.003932, -0.909719, -1.902938, 0.0
2465.0, -1.285776, -0.804083, -0.003932, -0.909719, -1.902938, 0.0
2480.0, -1.280816, -0.808148, -0.003488, -0.909719, -1.902938, 0.0
2498.0, -1.276264, -0.812326, -0.003075, -0.909719, -1.902938, 0.0
2498.0, -1.276264, -0.812326, -0.003075, -0.909719, -1.902938, 0.0
2515.0, -1.272134, -0.816621, -0.002691, -0.909719, -1.902938, 0.0
2515.0, -1.272134, -0.816621, -0.002691, -0.909719, -1.902938, 0.0
2531.0, -1.268432, -0.821036, -0.002337, -0.909719, -1.902938, 0.0
2548.0, -1.265166, -0.825572, -0.002008, -0.909719, -1.902938, 0.0
2548.0, -1.265166, -0.825572, -0.002008, -0.909719, -1.902938, 0.0
2566.0, -1.26234, -0.830234, -0.001703, -0.909719, -1.902938, 0.0
2566.0, -1.26234, -0.830234, -0.001703, -0.909719, -1.902938, 0.0
2581.0, -1.259864, -0.834999, -0.001458, -0.909719, -1.902938, 0.0
2598.0, -1.257627, -0.839838, -0.001307, -0.909719, -1.902938, 0.0
2598.0, -1.257627, -0.839838, -0.001307, -0.909719, -1.902938, 0.0
2615.0, -1.255518, -0.844723, -0.001268, -0.909719, -1.902938, 0.0
2615.0, -1.255518, -0.844723, -0.001268, -0.909719, -1.902938, 0.0
2632.0, -1.253439, -0.849628, -0.001343, -1.379137, -1.730739, 0.0
2649.0, -1.251302, -0.854528, -0.001527, -1.379137, -1.730739, 0.0
2649.0, -1.251302, -0.854528, -0.001527, -1.379137, -1.730739, 0.0
2666.0, -1.249034, -0.859404, -0.001804, -1.379137, -1.730739, 0.0
2666.0, -1.249034, -0.859404, -0.001804, -1.379137, -1.730739, 0.0
2681.0, -1.246572, -0.864238, -0.00216, -1.379137, -1.730739, 0.0
2698.0, -1.243862, -0.869018, -0.002576, -1.379137, -1.730739, 0.0
2698.0, -1.243862, -0.869018, -0.002576, -1.379137, -1.730739, 0.0
2715.0, -1.24086, -0.873735, -0.003035, -1.379137, -1.730739, 0.0
2715.0, -1.24086, -0.873735, -0.003035, -1.379137, -1.730739, 0.0
2731.0, -1.237528, -0.878379, -0.003522, -1.379137, -1.730739, 0.0
2748.0, -1.233837, -0.882942, -0.004023, -1.379137, -1.730739, 0.0
2748.0, -1.233837, -0.882942, -0.004023, -1.379137, -1.730739, 0.0
2766.0, -1.229759, -0.887419, -0.004526, -1.379137, -1.730739, 0.0
2766.0, -1.229759, -0.887419, -0.004526, -1.379137, -1.730739, 0.0
2781.0, -1.225273, -0.891805, -0.005019, -1.379137, -1.730739, 0.0
2799.0, -1.220361, -0.896092, -0.005492, -1.379137, -1.730739, 0.0
2799.0, -1.220361, -0.896092, -0.005492, -1.379137, -1.730739, 0.0
2816.0, -1.215012, -0.900278, -0.005938, -1.379137, -1.730739, 0.0
2816.0, -1.215012, -0.900278, -0.005938, -1.379137, -1.730739, 0.0
2831.0, -1.209214, -0.904356, -0.00635, -1.379137, -1.730739, 0.0
2849.0, -1.202958, -0.908323, -0.006724, -1.379137, -1.730739, 0.0
2849.0, -1.202958, -0.908323, -0.006724, -1.379137, -1.730739, 0.0
2867.0, -1.196237, -0.912178, -0.007055, -1.379137, -1.730739, 0.0
2867.0, -1.196237, -0.912178, -0.007055, -1.379137, -1.730739, 0.0
2882.0, -1.189049, -0.915914, -0.007342, -1.84856, -1.558539, 0.0
2899.0, -1.181389, -0.919529, -0.007586, -1.84856, -1.558539, 0.0
2899.0, -1.181389, -0.919529, -0.007586, -1.84856, -1.558539, 0.0
2915.0, -1.173253, -0.923023, -0.007787, -1.84856, -1.558539, 0.0
2915.0, -1.173253, -0.923023, -0.007787, -1.84856, -1.558539, 0.0
2931.0, -1.164637, -0.926392, -0.007946, -1.84856, -1.558539, 0.0
2949.0, -1.155542, -0.929635, -0.008068, -1.84856, -1.558539, 0.0
2949.0, -1.155542, -0.929635, -0.008068, -1.84856, -1.558539, 0.0
2967.0, -1.145965, -0.932751, -0.008154, -1.84856, -1.558539, 0.0
2967.0, -1.145965, -0.932751, -0.008154, -1.84856, -1.558539, 0.0
2981.0, -1.13595, -0.935753, -0.00819, -1.84856, -1.558539, 0.0
2998.0, -1.125564, -0.938656, -0.008161, -1.84856, -1.558539, 0.0
2998.0, -1.125564, -0.938656, -0.008161, -1.84856, -1.558539, 0.0
3014.0, -1.114866, -0.941475, -0.008064, -1.84856, -1.558539, 0.0
3014.0, -1.114866, -0.941475, -0.008064, -1.84856, -1.558539, 0.0
3031.0, -1.103914, -0.944225, -0.0079, -1.84856, -1.558539, 0.0
3048.0, -1.092754, -0.946919, -0.007681, -1.84856, -1.558539, 0.0
3048.0, -1.092754, -0.946919, -0.007681, -1.84856, -1.558539, 0.0
3066.0, -1.081425, -0.949566, -0.007419, -1.84856, -1.558539, 0.0
3066.0, -1.081425, -0.949566, -0.007419, -1.84856, -1.558539, 0.0
3081.0, -1.070012, -0.952192, -0.007107, -1.84856, -1.558539, 0.0
3099.0, -1.058601, -0.954825, -0.006745, -1.84856, -1.558539, 0.0
3099.0, -1.058601, -0.954825, -0.006745, -1.84856, -1.558539, 0.0
3115.0, -1.04727, -0.95749, -0.006339, -1.84856, -1.558539, 0.0
3115.0, -1.04727, -0.95749, -0.006339, -1.84856, -1.558539, 0.0
3131.0, -1.036092, -0.96021, -0.005898, -2.317976, -1.386341, 0.0
3149.0, -1.025125, -0.963003, -0.005436, -2.317976, -1.386341, 0.0
3149.0, -1.025125, -0.963003, -0.005436, -2.317976, -1.386341, 0.0
3166.0, -1.014419, -0.965885, -0.004968, -2.317976, -1.386341, 0.0
3166.0, -1.014419, -0.965885, -0.004968, -2.317976, -1.386341, 0.0
3182.0, -1.004012, -0.96887, -0.004509, -2.317976, -1.386341, 0.0
3199.0, -0.993937, -0.971967, -0.00407, -2.317976, -1.386341, 0.0
3199.0, -0.993937, -0.971967, -0.00407, -2.317976, -1.386341, 0.0
3214.0, -0.984225, -0.975185, -0.003661, -2.317976, -1.386341, 0.0
3214.0, -0.984225, -0.975185, -0.003661, -2.317976, -1.386341, 0.0
3231.0, -0.974895, -0.97853, -0.003287, -2.317976, -1.386341, 0.0
3248.0, -0.965965, -0.982008, -0.002953, -2.317976, -1.386341, 0.0
3248.0, -0.965965, -0.982008, -0.002953, -2.317976, -1.386341, 0.0
3266.0, -0.957448, -0.985622, -0.00266, -2.317976, -1.386341, 0.0
3266.0, -0.957448, -0.985622, -0.00266, -2.317976, -1.386341, 0.0
3281.0, -0.949355, -0.989375, -0.002409, -2.317976, -1.386341, 0.0
3298.0, -0.941694, -0.99327, -0.002197, -2.317976, -1.386341, 0.0
3298.0, -0.941694, -0.99327, -0.002197, -2.317976, -1.386341, 0.0
3315.0, -0.934472, -0.997308, -0.002019, -2.317976, -1.386341, 0.0
3315.0, -0.934472, -0.997308, -0.002019, -2.317976, -1.386341, 0.0
3331.0, -0.927694, -1.00149, -0.001871, -2.317976, -1.386341, 0.0
3349.0, -0.921363, -1.005816, -0.001747, -2.317976, -1.386341, 0.0
3349.0, -0.921363, -1.005816, -0.001747, -2.317976, -1.386341, 0.0
3366.0, -0.915484, -1.01029, -0.001642, -2.317976, -1.386341, 0.0
3366.0, -0.915484, -1.01029, -0.001642, -2.317976, -1.386341, 0.0
3381.0, -0.909963, -1.01488, -0.001587, -2.787392, -1.214143, 0.0
3399.0, -0.904684, -1.019553, -0.001615, -2.787392, -1.214143, 0.0
3399.0, -0.904684, -1.019553, -0.001615, -2.787392, -1.214143, 0.0
3414.0, -0.899532, -1.024279, -0.00174, -2.787392, -1.214143, 0.0
3414.0, -0.899532, -1.024279, -0.00174, -2.787392, -1.214143, 0.0
3431.0, -0.894402, -1.029026, -0.001966, -2.787392, -1.214143, 0.0
3448.0, -0.889205, -1.033769, -0.002285, -2.787392, -1.214143, 0.0
3448.0, -0.889205, -1.033769, -0.002285, -2.787392, -1.214143, 0.0
3466.0, -0.883867, -1.038484, -0.00268, -2.787392, -1.214143, 0.0
3466.0, -0.883867, -1.038484, -0.00268, -2.787392, -1.214143, 0.0
3480.0, -0.878322, -1.043153, -0.003136, -2.787392, -1.214143, 0.0
3498.0, -0.872519, -1.047761, -0.003631, -2.787392, -1.214143, 0.0
3498.0, -0.872519, -1.047761, -0.003631, -2.787392, -1.214143, 0.0
3515.0, -0.866416, -1.052293, -0.004145, -2.787392, -1.214143, 0.0
3515.0, -0.866416, -1.052293, -0.004145, -2.787392, -1.214143, 0.0
3531.0, -0.859976, -1.056739, -0.004663, -2.787392, -1.214143, 0.0
3549.0, -0.853172, -1.061089, -0.005168, -2.787392, -1.214143, 0.0
3549.0, -0.853172, -1.061089, -0.005168, -2.787392, -1.214143, 0.0
3566.0, -0.84598, -1.065335, -0.005648, -2.787392, -1.214143, 0.0
3566.0, -0.84598, -1.065335, -0.005648, -2.787392, -1.214143, 0.0
3582.0, -0.838384, -1.06947, -0.006093, -2.787392, -1.214143, 0.0
3598.0, -0.830366, -1.073489, -0.006497, -2.787392, -1.214143, 0.0
3598.0, -0.830366, -1.073489, -0.006497, -2.787392, -1.214143, 0.0
3615.0, -0.821915, -1.077387, -0.006856, -2.787392, -1.214143, 0.0
3615.0, -0.821915, -1.077387, -0.006856, -2.787392, -1.214143, 0.0
3632.0, -0.813019, -1.081162, -0.007169, -3.256813, -1.041943, 0.0
3649.0, -0.803672, -1.08481, -0.007433, -3.256813, -1.041943, 0.0
3649.0, -0.803672, -1.08481, -0.007433, -3.256813, -1.041943, 0.0
3666.0, -0.793866, -1.088329, -0.007651, -3.256813, -1.041943, 0.0
3666.0, -0.793866, -1.088329, -0.007651, -3.256813, -1.041943, 0.0
3681.0, -0.783594, -1.091717, -0.007825, -3.256813, -1.041943, 0.0
3699.0, -0.772856, -1.09497, -0.007957, -3.256813, -1.041943, 0.0
3699.0, -0.772856, -1.09497, -0.007957, -3.256813, -1.041943, 0.0
3716.0, -0.761649, -1.098083, -0.00805, -3.256813, -1.041943, 0.0
3716.0, -0.761649, -1.098083, -0.00805, -3.256813, -1.041943, 0.0
3731.0, -0.749974, -1.101056, -0.008106, -3.256813, -1.041943, 0.0
3747.0, -0.737827, -1.103885, -0.008131, -3.256813, -1.041943, 0.0
3747.0, -0.737827, -1.103885, -0.008131, -3.256813, -1.041943, 0.0
3765.0, -0.725209, -1.106569, -0.008129, -3.256813, -1.041943, 0.0
3765.0, -0.725209, -1.106569, -0.008129, -3.256813, -1.041943, 0.0
3781.0, -0.712172, -1.109122, -0.008082, -3.256813, -1.041943, 0.0
3798.0, -0.698773, -1.111563, -0.007981, -3.256813, -1.041943, 0.0
3798.0, -0.698773, -1.111563, -0.007981, -3.256813, -1.041943, 0.0
3814.0, -0.685071, -1.11391, -0.007822, -3.256813, -1.041943, 0.0
3814.0, -0.685071, -1.11391, -0.007822, -3.256813, -1.041943, 0.0
3831.0, -0.671119, -1.116181, -0.007608, -3.256813, -1.041943, 0.0
3848.0, -0.656962, -1.11839, -0.007349, -3.256813, -1.041943, 0.0
3848.0, -0.656962, -1.11839, -0.007349, -3.256813, -1.041943, 0.0
3866.0, -0.642639, -1.12055, -0.007056, -3.256813, -1.041943, 0.0
3866.0, -0.642639, -1.12055, -0.007056, -3.256813, -1.041943, 0.0
3881.0, -0.628224, -1.12269, -0.006725, -3.726229, -0.869745, 0.0
3899.0, -0.613806, -1.124843, -0.006351, -3.726229, -0.869745, 0.0
3899.0, -0.613806, -1.124843, -0.006351, -3.726229, -0.869745, 0.0
3915.0, -0.599466, -1.127039, -0.005938, -3.726229, -0.869745, 0.0
3915.0, -0.599466, -1.127039, -0.005938, -3.726229, -0.869745, 0.0
3931.0, -0.585274, -1.129305, -0.005495, -3.726229, -0.869745, 0.0
3949.0, -0.57129, -1.131664, -0.005036, -3.726229, -0.869745, 0.0
3949.0, -0.57129, -1.131664, -0.005036, -3.726229, -0.869745, 0.0
3966.0, -0.557562, -1.134133, -0.004575, -3.726229, -0.869745, 0.0
3966.0, -0.557562, -1.134133, -0.004575, -3.726229, -0.869745, 0.0
3981.0, -0.54413, -1.136727, -0.004126, -3.726229, -0.869745, 0.0
3998.0, -0.531025, -1.139461, -0.003703, -3.726229, -0.869745, 0.0
3998.0, -0.531025, -1.139461, -0.003703, -3.726229, -0.869745, 0.0
4014.0, -0.518272, -1.142343, -0.003313, -3.726229, -0.869745, 0.0
4014.0, -0.518272, -1.142343, -0.003313, -3.726229, -0.869745, 0.0
4031.0, -0.505892, -1.145383, -0.002964, -3.726229, -0.869745, 0.0
4048.0, -0.493901, -1.148587, -0.00266, -3.726229, -0.869745, 0.0
4048.0, -0.493901, -1.148587, -0.00266, -3.726229, -0.869745, 0.0
4066.0, -0.482313, -1.15196, -0.002403, -3.726229, -0.869745, 0.0
4066.0, -0.482313, -1.15196, -0.002403, -3.726229, -0.869745, 0.0
4081.0, -0.471143, -1.155504, -0.002189, -3.726229, -0.869745, 0.0
4098.0, -0.460394, -1.159222, -0.00202, -3.726229, -0.869745, 0.0
4098.0, -0.460394, -1.159222, -0.00202, -3.726229, -0.869745, 0.0
4115.0, -0.450074, -1.163119, -0.001891, -3.726229, -0.869745, 0.0
4115.0, -0.450074, -1.163119, -0.001891, -3.726229, -0.869745, 0.0
4131.0, -0.440186, -1.167194, -0.001799, -4.195645, -0.697547, 0.0
4148.0, -0.430735, -1.17145, -0.001738, -4.195645, -0.697547, 0.0
4148.0, -0.430735, -1.17145, -0.001738, -4.195645, -0.697547, 0.0
4166.0, -0.421724, -1.175887, -0.001702, -4.195645, -0.697547, 0.0
4166.0, -0.421724, -1.175887, -0.001702, -4.195645, -0.697547, 0.0
4182.0, -0.413059, -1.180473, -0.001726, -4.195645, -0.697547, 0.0
4198.0, -0.404626, -1.185162, -0.001834, -4.195645, -0.697547, 0.0
4199.0, -0.404626, -1.185162, -0.001834, -4.195645, -0.697547, 0.0
4216.0, -0.396313, -1.18991, -0.002038, -4.195645, -0.697547, 0.0
4216.0, -0.396313, -1.18991, -0.002038, -4.195645, -0.697547, 0.0
4231.0, -0.388018, -1.194678, -0.002337, -4.195645, -0.697547, 0.0
4248.0, -0.379653, -1.199432, -0.002718, -4.195645, -0.697547, 0.0
4248.0, -0.379653, -1.199432, -0.002718, -4.195645, -0.697547, 0.0
4266.0, -0.371143, -1.204143, -0.003163, -4.195645, -0.697547, 0.0
4266.0, -0.371143, -1.204143, -0.003163, -4.195645, -0.697547, 0.0
4281.0, -0.362431, -1.208785, -0.003651, -4.195645, -0.697547, 0.0
4298.0, -0.353464, -1.213341, -0.004162, -4.195645, -0.697547, 0.0
4298.0, -0.353464, -1.213341, -0.004162, -4.195645, -0.697547, 0.0
4315.0, -0.344198, -1.217796, -0.004677, -4.195645, -0.697547, 0.0
4315.0, -0.344198, -1.217796, -0.004677, -4.195645, -0.697547, 0.0
4331.0, -0.3346, -1.222138, -0.005179, -4.195645, -0.697547, 0.0
4349.0, -0.324642, -1.226354, -0.005655, -4.195645, -0.697547, 0.0
4349.0, -0.324642, -1.226354, -0.005655, -4.195645, -0.697547, 0.0
4366.0, -0.314302, -1.230438, -0.006094, -4.195645, -0.697547, 0.0
4366.0, -0.314302, -1.230438, -0.006094, -4.195645, -0.697547, 0.0
4382.0, -0.303558, -1.234383, -0.006489, -4.665062, -0.525349, 0.0
4399.0, -0.2924, -1.23818, -0.006836, -4.665062, -0.525349, 0.0
4399.0, -0.2924, -1.23818, -0.006836, -4.665062, -0.525349, 0.0
4416.0, -0.280818, -1.241826, -0.00713, -4.665062, -0.525349, 0.0
4416.0, -0.280818, -1.241826, -0.00713, -4.665062, -0.525349, 0.0
4432.0, -0.268804, -1.245314, -0.007371, -4.665062, -0.525349, 0.0
4449.0, -0.256351, -1.248642, -0.007563, -4.665062, -0.525349, 0.0
4449.0, -0.256351, -1.248642, -0.007563, -4.665062, -0.525349, 0.0
4465.0, -0.243453, -1.251806, -0.007707, -4.665062, -0.525349, 0.0
4465.0, -0.243453, -1.251806, -0.007707, -4.665062, -0.525349, 0.0
4481.0, -0.230106, -1.254803, -0.007808, -4.665062, -0.525349, 0.0
4498.0, -0.216306, -1.257629, -0.007868, -4.665062, -0.525349, 0.0
4498.0, -0.216306, -1.257629, -0.007868, -4.665062, -0.525349, 0.0
4515.0, -0.202057, -1.260279, -0.007893, -4.665062, -0.525349, 0.0
4515.0, -0.202057, -1.260279, -0.007893, -4.665062, -0.525349, 0.0
4531.0, -0.187353, -1.26275, -0.007886, -4.665062, -0.525349, 0.0
4548.0, -0.172194, -1.265039, -0.007851, -4.665062, -0.525349, 0.0
4548.0, -0.172194, -1.265039, -0.007851, -4.665062, -0.525349, 0.0
4566.0, -0.156578, -1.267145, -0.007793, -4.665062, -0.525349, 0.0
4566.0, -0.156578, -1.267145, -0.007793, -4.665062, -0.525349, 0.0
4581.0, -0.140604, -1.269107, -0.007678, -4.665062, -0.525349, 0.0
4598.0, -0.124384, -1.270979, -0.007483, -4.665062, -0.525349, 0.0
4598.0, -0.124384, -1.270979, -0.007483, -4.665062, -0.525349, 0.0
4615.0, -0.108031, -1.272813, -0.007198, -4.665062, -0.525349, 0.0
4615.0, -0.108031, -1.272813, -0.007198, -4.665062, -0.525349, 0.0
4632.0, -0.091647, -1.274657, -0.006828, -5.134487, -0.353148, 0.0
4649.0, -0.07532, -1.276549, -0.006389, -5.134487, -0.353148, 0.0
4649.0, -0.07532, -1.276549, -0.006389, -5.134487, -0.353148, 0.0
4666.0, -0.059123, -1.278523, -0.005899, -5.134487, -0.353148, 0.0
4666.0, -0.059123, -1.278523, -0.005899, -5.134487, -0.353148, 0.0
4681.0, -0.043111, -1.280609, -0.005386, -5.134487, -0.353148, 0.0
4698.0, -0.027336, -1.282831, -0.004867, -5.134487, -0.353148, 0.0
4698.0, -0.027336, -1.282831, -0.004867, -5.134487, -0.353148, 0.0
4715.0, -0.011838, -1.285208, -0.004363, -5.134487, -0.353148, 0.0
4715.0, -0.011838, -1.285208, -0.004363, -5.134487, -0.353148, 0.0
4731.0, 0.003348, -1.287755, -0.003888, -5.134487, -0.353148, 0.0
4748.0, 0.018199, -1.290485, -0.003454, -5.134487, -0.353148, 0.0
4748.0, 0.018199, -1.290485, -0.003454, -5.134487, -0.353148, 0.0
4766.0, 0.032693, -1.293408, -0.00307, -5.134487, -0.353148, 0.0
4766.0, 0.032693, -1.293408, -0.00307, -5.134487, -0.353148, 0.0
4782.0, 0.046811, -1.296529, -0.002739, -5.134487, -0.353148, 0.0
4799.0, 0.060542, -1.299857, -0.002464, -5.134487, -0.353148, 0.0
4799.0, 0.060542, -1.299857, -0.002464, -5.134487, -0.353148, 0.0
4816.0, 0.07388, -1.303397, -0.002245, -5.134487, -0.353148, 0.0
4816.0, 0.07388, -1.303397, -0.002245, -5.134487, -0.353148, 0.0
4831.0, 0.086817, -1.307152, -0.00208, -5.134487, -0.353148, 0.0
4849.0, 0.099346, -1.311127, -0.001963, -5.134487, -0.353148, 0.0
4849.0, 0.099346, -1.311127, -0.001963, -5.134487, -0.353148, 0.0
4867.0, 0.111464, -1.315323, -0.001891, -5.134487, -0.353148, 0.0
4867.0, 0.111464, -1.315323, -0.001891, -5.134487, -0.353148, 0.0
4882.0, 0.123169, -1.319745, -0.001858, -5.603905, -0.180949, 0.0
4898.0, 0.134454, -1.324391, -0.001855, -5.603905, -0.180949, 0.0
4898.0, 0.134454, -1.324391, -0.001855, -5.603905, -0.180949, 0.0
4915.0, 0.145316, -1.32926, -0.001877, -5.603905, -0.180949, 0.0
4915.0, 0.145316, -1.32926, -0.001877, -5.603905, -0.180949, 0.0
4931.0, 0.15575, -1.334353, -0.001917, -5.603905, -0.180949, 0.0
4949.0, 0.165754, -1.33967, -0.001971, -5.603905, -0.180949, 0.0
4949.0, 0.165754, -1.33967, -0.001971, -5.603905, -0.180949, 0.0
4967.0, 0.175326, -1.34521, -0.002033, -5.603905, -0.180949, 0.0
4967.0, 0.175326, -1.34521, -0.002033, -5.603905, -0.180949, 0.0
4981.0, 0.184552, -1.350929, -0.002135, -5.603905, -0.180949, 0.0
4997.0, 0.193548, -1.356774, -0.002304, -5.603905, -0.180949, 0.0
4997.0, 0.193548, -1.356774, -0.002304, -5.603905, -0.180949, 0.0
5015.0, 0.202426, -1.362694, -0.002556, -5.603905, -0.180949, 0.0
5015.0, 0.202426, -1.362694, -0.002556, -5.603905, -0.180949, 0.0
5031.0, 0.211284, -1.368643, -0.00289, -5.603905, -0.180949, 0.0
5048.0, 0.22021, -1.374578, -0.003297, -5.603905, -0.180949, 0.0
5048.0, 0.22021, -1.374578, -0.003297, -5.603905, -0.180949, 0.0
5066.0, 0.229275, -1.380466, -0.00376, -5.603905, -0.180949, 0.0
5066.0, 0.229275, -1.380466, -0.00376, -5.603905, -0.180949, 0.0
5081.0, 0.238542, -1.38628, -0.004261, -5.603905, -0.180949, 0.0
5098.0, 0.248061, -1.391996, -0.004779, -5.603905, -0.180949, 0.0
5098.0, 0.248061, -1.391996, -0.004779, -5.603905, -0.180949, 0.0
5115.0, 0.257869, -1.397596, -0.005295, -5.603905, -0.180949, 0.0
5115.0, 0.257869, -1.397596, -0.005295, -5.603905, -0.180949, 0.0
5131.0, 0.267999, -1.403063, -0.005795, -6.073321, -0.008751, 0.0
5149.0, 0.27848, -1.408385, -0.006265, -6.073321, -0.008751, 0.0
5149.0, 0.27848, -1.408385, -0.006265, -6.073321, -0.008751, 0.0
5166.0, 0.289331, -1.413553, -0.006697, -6.073321, -0.008751, 0.0
5166.0, 0.289331, -1.413553, -0.006697, -6.073321, -0.008751, 0.0
5181.0, 0.300571, -1.418558, -0.007083, -6.073321, -0.008751, 0.0
5199.0, 0.312212, -1.423392, -0.007419, -6.073321, -0.008751, 0.0
5199.0, 0.312212, -1.423392, -0.007419, -6.073321, -0.008751, 0.0
5214.0, 0.324265, -1.428049, -0.007704, -6.073321, -0.008751, 0.0
5214.0, 0.324265, -1.428049, -0.007704, -6.073321, -0.008751, 0.0
5231.0, 0.33674, -1.432524, -0.007938, -6.073321, -0.008751, 0.0
5248.0, 0.349642, -1.436814, -0.008122, -6.073321, -0.008751, 0.0
5248.0, 0.349642, -1.436814, -0.008122, -6.073321, -0.008751, 0.0
5266.0, 0.362977, -1.440915, -0.00826, -6.073321, -0.008751, 0.0
5266.0, 0.362977, -1.440915, -0.00826, -6.073321, -0.008751, 0.0
5281.0, 0.376744, -1.44482, -0.008351, -6.073321, -0.008751, 0.0
5298.0, 0.390948, -1.448525, -0.008403, -6.073321, -0.008751, 0.0
5298.0, 0.390948, -1.448525, -0.008403, -6.073321, -0.008751, 0.0
5315.0, 0.405591, -1.452027, -0.008419, -6.073321, -0.008751, 0.0
5315.0, 0.405591, -1.452027, -0.008419, -6.073321, -0.008751, 0.0
5331.0, 0.420676, -1.455322, -0.008403, -6.073321, -0.008751, 0.0
5348.0, 0.436204, -1.458405, -0.00836, -6.073321, -0.008751, 0.0
5348.0, 0.436204, -1.458405, -0.00836, -6.073321, -0.008751, 0.0
5366.0, 0.452174, -1.461275, -0.008292, -6.073321, -0.008751, 0.0
5366.0, 0.452174, -1.461275, -0.008292, -6.073321, -0.008751, 0.0
5381.0, 0.468507, -1.463981, -0.008173, -6.542744, 0.16345, 0.0
5399.0, 0.485085, -1.466582, -0.007976, -6.542744, 0.16345, 0.0
5399.0, 0.485085, -1.466582, -0.007976, -6.542744, 0.16345, 0.0
5415.0, 0.501796, -1.46914, -0.00769, -6.542744, 0.16345, 0.0
5415.0, 0.501796, -1.46914, -0.00769, -6.542744, 0.16345, 0.0
5431.0, 0.51854, -1.471709, -0.007323, -6.542744, 0.16345, 0.0
5448.0, 0.535234, -1.474337, -0.006888, -6.542744, 0.16345, 0.0
5448.0, 0.535234, -1.474337, -0.006888, -6.542744, 0.16345, 0.0
5466.0, 0.551806, -1.477061, -0.006407, -6.542744, 0.16345, 0.0
5466.0, 0.551806, -1.477061, -0.006407, -6.542744, 0.16345, 0.0
5481.0, 0.568192, -1.479915, -0.005901, -6.542744, 0.16345, 0.0
5498.0, 0.584353, -1.482928, -0.005394, -6.542744, 0.16345, 0.0
5498.0, 0.584353, -1.482928, -0.005394, -6.542744, 0.16345, 0.0
5515.0, 0.600253, -1.486124, -0.004907, -6.542744, 0.16345, 0.0
5515.0, 0.600253, -1.486124, -0.004907, -6.542744, 0.16345, 0.0
5531.0, 0.615864, -1.489521, -0.004454, -6.542744, 0.16345, 0.0
5548.0, 0.631162, -1.493134, -0.004047, -6.542744, 0.16345, 0.0
5548.0, 0.631162, -1.493134, -0.004047, -6.542744, 0.16345, 0.0
5567.0, 0.646128, -1.496976, -0.003691, -6.542744, 0.16345, 0.0
5567.0, 0.646128, -1.496976, -0.003691, -6.542744, 0.16345, 0.0
5582.0, 0.660754, -1.501057, -0.003394, -6.542744, 0.16345, 0.0
5598.0, 0.675023, -1.505384, -0.003153, -6.542744, 0.16345, 0.0
5598.0, 0.675023, -1.505384, -0.003153, -6.542744, 0.16345, 0.0
5615.0, 0.688924, -1.509963, -0.002966, -6.542744, 0.16345, 0.0
5615.0, 0.688924, -1.509963, -0.002966, -6.542744, 0.16345, 0.0
5632.0, 0.702448, -1.514798, -0.002829, -7.01216, 0.335647, 0.0
5648.0, 0.715591, -1.519894, -0.002738, -7.01216, 0.335647, 0.0
5648.0, 0.715591, -1.519894, -0.002738, -7.01216, 0.335647, 0.0
5667.0, 0.728348, -1.525254, -0.002688, -7.01216, 0.335647, 0.0
5667.0, 0.728348, -1.525254, -0.002688, -7.01216, 0.335647, 0.0
5682.0, 0.740709, -1.530879, -0.002671, -7.01216, 0.335647, 0.0
5699.0, 0.752674, -1.536769, -0.002683, -7.01216, 0.335647, 0.0
5699.0, 0.752674, -1.536769, -0.002683, -7.01216, 0.335647, 0.0
5716.0, 0.76424, -1.542926, -0.00272, -7.01216, 0.335647, 0.0
5716.0, 0.76424, -1.542926, -0.00272, -7.01216, 0.335647, 0.0
5731.0, 0.775406, -1.549351, -0.002774, -7.01216, 0.335647, 0.0
5747.0, 0.78617, -1.556045, -0.002842, -7.01216, 0.335647, 0.0
5747.0, 0.78617, -1.556045, -0.002842, -7.01216, 0.335647, 0.0
5765.0, 0.796529, -1.563007, -0.002917, -7.01216, 0.335647, 0.0
5765.0, 0.796529, -1.563007, -0.002917, -7.01216, 0.335647, 0.0
5781.0, 0.806571, -1.570188, -0.003034, -7.01216, 0.335647, 0.0
5798.0, 0.816399, -1.577523, -0.003214, -7.01216, 0.335647, 0.0
5798.0, 0.816399, -1.577523, -0.003214, -7.01216, 0.335647, 0.0
5815.0, 0.826118, -1.584945, -0.003469, -7.01216, 0.335647, 0.0
5815.0, 0.826118, -1.584945, -0.003469, -7.01216, 0.335647, 0.0
5831.0, 0.83582, -1.592398, -0.003801, -7.01216, 0.335647, 0.0
5849.0, 0.845587, -1.599832, -0.004199, -7.01216, 0.335647, 0.0
5849.0, 0.845587, -1.599832, -0.004199, -7.01216, 0.335647, 0.0
5866.0, 0.855488, -1.607205, -0.004647, -7.01216, 0.335647, 0.0
5866.0, 0.855488, -1.607205, -0.004647, -7.01216, 0.335647, 0.0
5881.0, 0.865579, -1.614484, -0.005127, -7.481576, 0.507846, 0.0
5899.0, 0.875907, -1.621641, -0.005622, -7.481576, 0.507846, 0.0
5899.0, 0.875907, -1.621641, -0.005622, -7.481576, 0.507846, 0.0
5915.0, 0.886513, -1.628654, -0.006114, -7.481576, 0.507846, 0.0
5915.0, 0.886513, -1.628654, -0.006114, -7.481576, 0.507846, 0.0
5931.0, 0.897427, -1.635506, -0.006588, -7.481576, 0.507846, 0.0
5949.0, 0.908675, -1.642183, -0.007033, -7.481576, 0.507846, 0.0
5949.0, 0.908675, -1.642183, -0.007033, -7.481576, 0.507846, 0.0
5967.0, 0.920278, -1.648672, -0.00744, -7.481576, 0.507846, 0.0
5967.0, 0.920278, -1.648672, -0.00744, -7.481576, 0.507846, 0.0
5980.0, 0.932247, -1.654961, -0.0078, -7.481576, 0.507846, 0.0
5997.0, 0.944598, -1.661043, -0.008111, -7.481576, 0.507846, 0.0
5997.0, 0.944598, -1.661043, -0.008111, -7.481576, 0.507846, 0.0
6014.0, 0.957341, -1.66691, -0.008373, -7.481576, 0.507846, 0.0
6014.0, 0.957341, -1.66691, -0.008373, -7.481576, 0.507846, 0.0
6030.0, 0.970486, -1.672557, -0.008585, -7.481576, 0.507846, 0.0
6048.0, 0.984038, -1.677979, -0.008749, -7.481576, 0.507846, 0.0
6048.0, 0.984038, -1.677979, -0.008749, -7.481576, 0.507846, 0.0
6065.0, 0.998003, -1.683172, -0.008868, -7.481576, 0.507846, 0.0
6065.0, 0.998003, -1.683172, -0.008868, -7.481576, 0.507846, 0.0
6081.0, 1.012388, -1.688131, -0.008945, -7.481576, 0.507846, 0.0
6098.0, 1.027191, -1.692848, -0.008981, -7.481576, 0.507846, 0.0
6098.0, 1.027191, -1.692848, -0.008981, -7.481576, 0.507846, 0.0
6115.0, 1.042409, -1.697317, -0.00898, -7.481576, 0.507846, 0.0
6115.0, 1.042409, -1.697317, -0.00898, -7.481576, 0.507846, 0.0
6131.0, 1.058043, -1.701534, -0.008944, -7.950995, 0.680044, 0.0
6149.0, 1.074092, -1.705492, -0.008877, -7.950995, 0.680044, 0.0
6149.0, 1.074092, -1.705492, -0.008877, -7.950995, 0.680044, 0.0
6167.0, 1.090557, -1.70919, -0.008785, -7.950995, 0.680044, 0.0
6167.0, 1.090557, -1.70919, -0.008785, -7.950995, 0.680044, 0.0
6182.0, 1.107348, -1.712683, -0.008637, -7.950995, 0.680044, 0.0
6199.0, 1.124368, -1.716047, -0.008417, -7.950995, 0.680044, 0.0
6199.0, 1.124368, -1.716047, -0.008417, -7.950995, 0.680044, 0.0
6216.0, 1.141516, -1.719354, -0.008119, -7.950995, 0.680044, 0.0
6216.0, 1.141516, -1.719354, -0.008119, -7.950995, 0.680044, 0.0
6231.0, 1.158702, -1.722671, -0.007749, -7.950995, 0.680044, 0.0
6247.0, 1.175848, -1.726053, -0.007322, -7.950995, 0.680044, 0.0
6247.0, 1.175848, -1.726053, -0.007322, -7.950995, 0.680044, 0.0
6265.0, 1.192887, -1.729546, -0.006858, -7.950995, 0.680044, 0.0
6265.0, 1.192887, -1.729546, -0.006858, -7.950995, 0.680044, 0.0
6281.0, 1.209773, -1.733194, -0.006381, -7.950995, 0.680044, 0.0
6298.0, 1.226461, -1.737027, -0.005908, -7.950995, 0.680044, 0.0
6298.0, 1.226461, -1.737027, -0.005908, -7.950995, 0.680044, 0.0
6315.0, 1.242915, -1.741074, -0.005457, -7.950995, 0.680044, 0.0
6315.0, 1.242915, -1.741074, -0.005457, -7.950995, 0.680044, 0.0
6331.0, 1.259106, -1.745355, -0.00504, -7.950995, 0.680044, 0.0
6349.0, 1.275012, -1.749888, -0.004669, -7.950995, 0.680044, 0.0
6349.0, 1.275012, -1.749888, -0.004669, -7.950995, 0.680044, 0.0
6366.0, 1.290618, -1.754688, -0.00435, -7.950995, 0.680044, 0.0
6366.0, 1.290618, -1.754688, -0.00435, -7.950995, 0.680044, 0.0
6382.0, 1.305909, -1.759766, -0.004086, -8.420412, 0.852243, 0.0
6399.0, 1.320874, -1.765131, -0.003876, -8.420412, 0.852243, 0.0
6399.0, 1.320874, -1.765131, -0.003876, -8.420412, 0.852243, 0.0
6415.0, 1.335506, -1.770791, -0.003721, -8.420412, 0.852243, 0.0
6415.0, 1.335506, -1.770791, -0.003721, -8.420412, 0.852243, 0.0
6432.0, 1.349798, -1.776752, -0.003616, -8.420412, 0.852243, 0.0
6449.0, 1.363745, -1.78302, -0.003556, -8.420412, 0.852243, 0.0
6449.0, 1.363745, -1.78302, -0.003556, -8.420412, 0.852243, 0.0
6465.0, 1.377343, -1.7896, -0.003536, -8.420412, 0.852243, 0.0
6465.0, 1.377343, -1.7896, -0.003536, -8.420412, 0.852243, 0.0
6481.0, 1.390583, -1.796489, -0.003548, -8.420412, 0.852243, 0.0
6497.0, 1.403465, -1.803693, -0.003588, -8.420412, 0.852243, 0.0
6497.0, 1.403465, -1.803693, -0.003588, -8.420412, 0.852243, 0.0
6515.0, 1.415987, -1.811214, -0.003651, -8.420412, 0.852243, 0.0
6515.0, 1.415987, -1.811214, -0.003651, -8.420412, 0.852243, 0.0
6531.0, 1.428146, -1.819053, -0.003731, -8.420412, 0.852243, 0.0
6548.0, 1.439942, -1.82721, -0.003823, -8.420412, 0.852243, 0.0
6548.0, 1.439942, -1.82721, -0.003823, -8.420412, 0.852243, 0.0
6566.0, 1.451371, -1.835688, -0.003925, -8.420412, 0.852243, 0.0
6566.0, 1.451371, -1.835688, -0.003925, -8.420412, 0.852243, 0.0
6581.0, 1.462513, -1.844426, -0.004063, -8.420412, 0.852243, 0.0
6599.0, 1.473463, -1.853342, -0.004258, -8.420412, 0.852243, 0.0
6599.0, 1.473463, -1.853342, -0.004258, -8.420412, 0.852243, 0.0
6615.0, 1.484313, -1.862358, -0.004521, -8.420412, 0.852243, 0.0
6615.0, 1.484313, -1.862358, -0.004521, -8.420412, 0.852243, 0.0
6631.0, 1.49515, -1.871404, -0.00485, -8.889829, 1.024441, 0.0
6650.0, 1.506045, -1.880418, -0.005235, -8.889829, 1.024441, 0.0
6650.0, 1.506045, -1.880418, -0.005235, -8.889829, 1.024441, 0.0
6666.0, 1.517062, -1.88935, -0.005661, -8.889829, 1.024441, 0.0
6666.0, 1.517062, -1.88935, -0.005661, -8.889829, 1.024441, 0.0
6682.0, 1.528248, -1.898156, -0.00611, -8.889829, 1.024441, 0.0
6698.0, 1.53965, -1.906805, -0.006567, -8.889829, 1.024441, 0.0
6699.0, 1.53965, -1.906805, -0.006567, -8.889829, 1.024441, 0.0
6715.0, 1.551303, -1.915272, -0.007016, -8.889829, 1.024441, 0.0
6715.0, 1.551303, -1.915272, -0.007016, -8.889829, 1.024441, 0.0
6731.0, 1.563239, -1.923535, -0.007446, -8.889829, 1.024441, 0.0
6748.0, 1.575478, -1.931576, -0.007845, -8.889829, 1.024441, 0.0
6748.0, 1.575478, -1.931576, -0.007845, -8.889829, 1.024441, 0.0
6766.0, 1.588042, -1.939382, -0.008204, -8.889829, 1.024441, 0.0
6766.0, 1.588042, -1.939382, -0.008204, -8.889829, 1.024441, 0.0
6781.0, 1.600947, -1.946943, -0.008521, -8.889829, 1.024441, 0.0
6799.0, 1.614204, -1.954245, -0.008789, -8.889829, 1.024441, 0.0
6799.0, 1.614204, -1.954245, -0.008789, -8.889829, 1.024441, 0.0
6815.0, 1.627816, -1.961279, -0.009006, -8.889829, 1.024441, 0.0
6815.0, 1.627816, -1.961279, -0.009006, -8.889829, 1.024441, 0.0
6832.0, 1.641791, -1.968036, -0.009174, -8.889829, 1.024441, 0.0
6849.0, 1.656134, -1.974512, -0.009293, -8.889829, 1.024441, 0.0
6849.0, 1.656134, -1.974512, -0.009293, -8.889829, 1.024441, 0.0
6867.0, 1.670849, -1.9807, -0.009368, -8.889829, 1.024441, 0.0
6867.0, 1.670849, -1.9807, -0.009368, -8.889829, 1.024441, 0.0
6881.0, 1.685861, -1.986663, -0.009371, -9.359247, 1.19664, 0.0
6899.0, 1.701072, -1.992478, -0.009286, -9.359247, 1.19664, 0.0
6899.0, 1.701072, -1.992478, -0.009286, -9.359247, 1.19664, 0.0
6915.0, 1.716395, -1.998227, -0.009109, -9.359247, 1.19664, 0.0
6915.0, 1.716395, -1.998227, -0.009109, -9.359247, 1.19664, 0.0
6932.0, 1.731746, -2.003982, -0.008846, -9.359247, 1.19664, 0.0
6949.0, 1.747052, -2.009802, -0.008513, -9.359247, 1.19664, 0.0
6949.0, 1.747052, -2.009802, -0.008513, -9.359247, 1.19664, 0.0
6966.0, 1.762253, -2.015739, -0.008131, -9.359247, 1.19664, 0.0
6966.0, 1.762253, -2.015739, -0.008131, -9.359247, 1.19664, 0.0
6981.0, 1.777305, -2.021838, -0.007723, -9.359247, 1.19664, 0.0
6998.0, 1.792165, -2.028133, -0.007308, -9.359247, 1.19664, 0.0
6998.0, 1.792165, -2.028133, -0.007308, -9.359247, 1.19664, 0.0
7015.0, 1.8068, -2.034653, -0.006904, -9.359247, 1.19664, 0.0
7015.0, 1.8068, -2.034653, -0.006904, -9.359247, 1.19664, 0.0
7031.0, 1.821183, -2.04142, -0.006523, -9.359247, 1.19664, 0.0
7048.0, 1.835295, -2.048455, -0.006178, -9.359247, 1.19664, 0.0
7048.0, 1.835295, -2.048455, -0.006178, -9.359247, 1.19664, 0.0
7066.0, 1.84912, -2.055772, -0.005875, -9.359247, 1.19664, 0.0
7066.0, 1.84912, -2.055772, -0.005875, -9.359247, 1.19664, 0.0
7081.0, 1.862644, -2.063383, -0.005619, -9.359247, 1.19664, 0.0
7098.0, 1.875857, -2.071298, -0.00541, -9.359247, 1.19664, 0.0
7098.0, 1.875857, -2.071298, -0.00541, -9.359247, 1.19664, 0.0
7115.0, 1.888753, -2.079526, -0.005247, -9.359247, 1.19664, 0.0
7115.0, 1.888753, -2.079526, -0.005247, -9.359247, 1.19664, 0.0
7132.0, 1.901324, -2.088072, -0.005127, -9.828671, 1.368841, 0.0
7149.0, 1.913565, -2.096943, -0.005048, -9.828671, 1.368841, 0.0
7149.0, 1.913565, -2.096943, -0.005048, -9.828671, 1.368841, 0.0
7166.0, 1.925473, -2.106143, -0.005004, -9.828671, 1.368841, 0.0
7166.0, 1.925473, -2.106143, -0.005004, -9.828671, 1.368841, 0.0
7182.0, 1.937038, -2.115671, -0.004989, -9.828671, 1.368841, 0.0
7199.0, 1.94826, -2.12553, -0.005, -9.828671, 1.368841, 0.0
7199.0, 1.94826, -2.12553, -0.005, -9.828671, 1.368841, 0.0
7214.0, 1.959137, -2.135724, -0.005031, -9.828671, 1.368841, 0.0
7214.0, 1.959137, -2.135724, -0.005031, -9.828671, 1.368841, 0.0
7230.0, 1.969666, -2.146253, -0.005079, -9.828671, 1.368841, 0.0
7248.0, 1.979844, -2.157119, -0.005141, -9.828671, 1.368841, 0.0
7248.0, 1.979844, -2.157119, -0.005141, -9.828671, 1.368841, 0.0
7266.0, 1.989669, -2.168323, -0.005212, -9.828671, 1.368841, 0.0
7266.0, 1.989669, -2.168323, -0.005212, -9.828671, 1.368841, 0.0
7281.0, 1.999217, -2.179801, -0.005322, -9.828671, 1.368841, 0.0
7298.0, 2.008579, -2.191468, -0.005489, -9.828671, 1.368841, 0.0
7298.0, 2.008579, -2.191468, -0.005489, -9.828671, 1.368841, 0.0
7315.0, 2.017844, -2.203238, -0.005725, -9.828671, 1.368841, 0.0
7315.0, 2.017844, -2.203238, -0.005725, -9.828671, 1.368841, 0.0
7331.0, 2.027095, -2.215038, -0.006027, -9.828671, 1.368841, 0.0
7348.0, 2.036402, -2.226804, -0.006388, -9.828671, 1.368841, 0.0
7348.0, 2.036402, -2.226804, -0.006388, -9.828671, 1.368841, 0.0
7367.0, 2.045827, -2.238482, -0.00679, -9.828671, 1.368841, 0.0
7367.0, 2.045827, -2.238482, -0.00679, -9.828671, 1.368841, 0.0
7382.0, 2.055416, -2.250025, -0.007218, -10.298089, 1.541039, 0.0
7399.0, 2.065214, -2.261403, -0.007656, -10.298089, 1.541039, 0.0
7399.0, 2.065214, -2.261403, -0.007656, -10.298089, 1.541039, 0.0
7415.0, 2.075257, -2.272588, -0.008089, -10.298089, 1.541039, 0.0
7415.0, 2.075257, -2.272588, -0.008089, -10.298089, 1.541039, 0.0
7431.0, 2.085573, -2.28356, -0.008506, -10.298089, 1.541039, 0.0
7448.0, 2.096184, -2.2943, -0.008894, -10.298089, 1.541039, 0.0
7448.0, 2.096184, -2.2943, -0.008894, -10.298089, 1.541039, 0.0
7466.0, 2.10711, -2.304794, -0.009249, -10.298089, 1.541039, 0.0
7466.0, 2.10711, -2.304794, -0.009249, -10.298089, 1.541039, 0.0
7481.0, 2.118372, -2.315036, -0.009564, -10.298089, 1.541039, 0.0
7498.0, 2.12997, -2.325006, -0.009835, -10.298089, 1.541039, 0.0
7498.0, 2.12997, -2.325006, -0.009835, -10.298089, 1.541039, 0.0
7515.0, 2.141916, -2.334697, -0.01006, -10.298089, 1.541039, 0.0
7515.0, 2.141916, -2.334697, -0.01006, -10.298089, 1.541039, 0.0
7531.0, 2.154215, -2.3441, -0.010241, -10.298089, 1.541039, 0.0
7549.0, 2.166872, -2.353211, -0.010378, -10.298089, 1.541039, 0.0
7549.0, 2.166872, -2.353211, -0.010378, -10.298089, 1.541039, 0.0
7567.0, 2.179893, -2.362025, -0.010474, -10.298089, 1.541039, 0.0
7567.0, 2.179893, -2.362025, -0.010474, -10.298089, 1.541039, 0.0
7581.0, 2.193273, -2.370531, -0.01053, -10.298089, 1.541039, 0.0
7598.0, 2.207016, -2.378727, -0.01055, -10.298089, 1.541039, 0.0
7598.0, 2.207016, -2.378727, -0.01055, -10.298089, 1.541039, 0.0
7616.0, 2.221123, -2.386607, -0.010538, -10.298089, 1.541039, 0.0
7616.0, 2.221123, -2.386607, -0.010538, -10.298089, 1.541039, 0.0
7631.0, 2.235595, -2.394168, -0.010497, -10.767516, 1.713241, 0.0
7649.0, 2.250432, -2.401406, -0.01043, -10.767516, 1.713241, 0.0
7649.0, 2.250432, -2.401406, -0.01043, -10.767516, 1.713241, 0.0
7666.0, 2.265633, -2.408317, -0.01034, -10.767516, 1.713241, 0.0
7666.0, 2.265633, -2.408317, -0.01034, -10.767516, 1.713241, 0.0
7681.0, 2.281136, -2.414975, -0.010206, -10.767516, 1.713241, 0.0
7699.0, 2.296846, -2.421467, -0.010009, -10.767516, 1.713241, 0.0
7699.0, 2.296846, -2.421467, -0.010009, -10.767516, 1.713241, 0.0
7716.0, 2.312675, -2.42788, -0.009742, -10.767516, 1.713241, 0.0
7716.0, 2.312675, -2.42788, -0.009742, -10.767516, 1.713241, 0.0
7731.0, 2.328542, -2.434294, -0.009411, -10.767516, 1.713241, 0.0
7748.0, 2.344381, -2.440776, -0.00903, -10.767516, 1.713241, 0.0
7748.0, 2.344381, -2.440776, -0.00903, -10.767516, 1.713241, 0.0
7765.0, 2.360133, -2.447382, -0.008617, -10.767516, 1.713241, 0.0
7766.0, 2.360133, -2.447382, -0.008617, -10.767516, 1.713241, 0.0
7781.0, 2.375753, -2.454162, -0.008191, -10.767516, 1.713241, 0.0
7798.0, 2.391207, -2.461154, -0.007771, -10.767516, 1.713241, 0.0
7798.0, 2.391207, -2.461154, -0.007771, -10.767516, 1.713241, 0.0
7815.0, 2.406464, -2.468392, -0.007373, -10.767516, 1.713241, 0.0
7815.0, 2.406464, -2.468392, -0.007373, -10.767516, 1.713241, 0.0
7831.0, 2.421502, -2.475901, -0.007007, -10.767516, 1.713241, 0.0
7848.0, 2.436302, -2.483703, -0.006684, -10.767516, 1.713241, 0.0
7848.0, 2.436302, -2.483703, -0.006684, -10.767516, 1.713241, 0.0
7866.0, 2.45085, -2.491815, -0.006408, -10.767516, 1.713241, 0.0
7866.0, 2.45085, -2.491815, -0.006408, -10.767516, 1.713241, 0.0
7881.0, 2.465128, -2.500248, -0.006179, -11.236935, 1.88544, 0.0
7899.0, 2.479132, -2.509015, -0.006, -11.236935, 1.88544, 0.0
7899.0, 2.479132, -2.509015, -0.006, -11.236935, 1.88544, 0.0
7915.0, 2.492857, -2.518126, -0.005869, -11.236935, 1.88544, 0.0
7915.0, 2.492857, -2.518126, -0.005869, -11.236935, 1.88544, 0.0
7931.0, 2.506295, -2.52759, -0.005783, -11.236935, 1.88544, 0.0
7949.0, 2.519445, -2.537412, -0.005738, -11.236935, 1.88544, 0.0
7949.0, 2.519445, -2.537412, -0.005738, -11.236935, 1.88544, 0.0
7967.0, 2.532301, -2.547599, -0.005729, -11.236935, 1.88544, 0.0
7967.0, 2.532301, -2.547599, -0.005729, -11.236935, 1.88544, 0.0
7981.0, 2.544865, -2.558157, -0.005752, -11.236935, 1.88544, 0.0
7997.0, 2.557129, -2.569086, -0.0058, -11.236935, 1.88544, 0.0
7997.0, 2.557129, -2.569086, -0.0058, -11.236935, 1.88544, 0.0
8014.0, 2.569088, -2.580387, -0.005868, -11.236935, 1.88544, 0.0
8014.0, 2.569088, -2.580387, -0.005868, -11.236935, 1.88544, 0.0
8031.0, 2.580738, -2.592061, -0.005951, -11.236935, 1.88544, 0.0
8048.0, 2.592078, -2.604109, -0.006045, -11.236935, 1.88544, 0.0
8048.0, 2.592078, -2.604109, -0.006045, -11.236935, 1.88544, 0.0
8066.0, 2.603104, -2.616532, -0.00615, -11.236935, 1.88544, 0.0
8066.0, 2.603104, -2.616532, -0.00615, -11.236935, 1.88544, 0.0
8081.0, 2.613809, -2.629325, -0.006259, -11.236935, 1.88544, 0.0
8098.0, 2.624193, -2.642491, -0.006373, -11.236935, 1.88544, 0.0
8098.0, 2.624193, -2.642491, -0.006373, -11.236935, 1.88544, 0.0
8115.0, 2.634254, -2.656029, -0.006491, -11.236935, 1.88544, 0.0
8115.0, 2.634254, -2.656029, -0.006491, -11.236935, 1.88544, 0.0
8131.0, 2.643989, -2.66994, -0.006611, -11.706352, 2.057639, 0.0
8149.0, 2.653395, -2.684222, -0.006734, -11.706352, 2.057639, 0.0
8149.0, 2.653395, -2.684222, -0.006734, -11.706352, 2.057639, 0.0
8166.0, 2.66247, -2.698875, -0.006858, -11.706352, 2.057639, 0.0
8166.0, 2.66247, -2.698875, -0.006858, -11.706352, 2.057639, 0.0
8181.0, 2.671287, -2.713832, -0.007011, -11.706352, 2.057639, 0.0
8199.0, 2.679928, -2.728994, -0.007213, -11.706352, 2.057639, 0.0
8199.0, 2.679928, -2.728994, -0.007213, -11.706352, 2.057639, 0.0
8216.0, 2.68848, -2.744275, -0.007474, -11.706352, 2.057639, 0.0
8216.0, 2.68848, -2.744275, -0.007474, -11.706352, 2.057639, 0.0
8231.0, 2.697016, -2.759582, -0.007792, -11.706352, 2.057639, 0.0
8248.0, 2.705607, -2.774852, -0.008158, -11.706352, 2.057639, 0.0
8248.0, 2.705607, -2.774852, -0.008158, -11.706352, 2.057639, 0.0
8266.0, 2.714307, -2.790025, -0.008557, -11.706352, 2.057639, 0.0
8266.0, 2.714307, -2.790025, -0.008557, -11.706352, 2.057639, 0.0
8281.0, 2.723162, -2.805051, -0.008973, -11.706352, 2.057639, 0.0
8298.0, 2.732213, -2.819896, -0.009392, -11.706352, 2.057639, 0.0
8298.0, 2.732213, -2.819896, -0.009392, -11.706352, 2.057639, 0.0
8315.0, 2.741495, -2.834531, -0.0098, -11.706352, 2.057639, 0.0
8315.0, 2.741495, -2.834531, -0.0098, -11.706352, 2.057639, 0.0
8332.0, 2.751034, -2.848934, -0.010187, -11.706352, 2.057639, 0.0
8348.0, 2.760851, -2.863086, -0.010542, -11.706352, 2.057639, 0.0
8348.0, 2.760851, -2.863086, -0.010542, -11.706352, 2.057639, 0.0
8366.0, 2.770963, -2.87697, -0.010861, -11.706352, 2.057639, 0.0
8366.0, 2.770963, -2.87697, -0.010861, -11.706352, 2.057639, 0.0
8382.0, 2.781389, -2.890579, -0.01114, -12.175778, 2.229841, 0.0
8399.0, 2.792133, -2.903897, -0.011375, -12.175778, 2.229841, 0.0
8399.0, 2.792133, -2.903897, -0.011375, -12.175778, 2.229841, 0.0
8415.0, 2.803204, -2.916913, -0.011567, -12.175778, 2.229841, 0.0
8415.0, 2.803204, -2.916913, -0.011567, -12.175778, 2.229841, 0.0
8432.0, 2.814607, -2.92962, -0.011715, -12.175778, 2.229841, 0.0
8448.0, 2.826347, -2.942011, -0.011824, -12.175778, 2.229841, 0.0
8448.0, 2.826347, -2.942011, -0.011824, -12.175778, 2.229841, 0.0
8465.0, 2.838428, -2.954082, -0.011896, -12.175778, 2.229841, 0.0
8465.0, 2.838428, -2.954082, -0.011896, -12.175778, 2.229841, 0.0
8481.0, 2.850851, -2.965826, -0.011933, -12.175778, 2.229841, 0.0
8498.0, 2.863617, -2.977237, -0.01194, -12.175778, 2.229841, 0.0
8498.0, 2.863617, -2.977237, -0.01194, -12.175778, 2.229841, 0.0
8515.0, 2.876725, -2.988311, -0.011917, -12.175778, 2.229841, 0.0
8515.0, 2.876725, -2.988311, -0.011917, -12.175778, 2.229841, 0.0
8531.0, 2.890176, -2.999043, -0.011871, -12.175778, 2.229841, 0.0
8548.0, 2.903968, -3.00943, -0.011803, -12.175778, 2.229841, 0.0
8548.0, 2.903968, -3.00943, -0.011803, -12.175778, 2.229841, 0.0
8566.0, 2.918102, -3.019467, -0.011715, -12.175778, 2.229841, 0.0
8566.0, 2.918102, -3.019467, -0.011715, -12.175778, 2.229841, 0.0
8582.0, 2.932507, -3.029228, -0.011586, -12.175778, 2.229841, 0.0
8598.0, 2.947105, -3.038809, -0.0114, -12.175778, 2.229841, 0.0
8598.0, 2.947105, -3.038809, -0.0114, -12.175778, 2.229841, 0.0
8615.0, 2.961816, -3.048304, -0.011153, -12.175778, 2.229841, 0.0
8615.0, 2.961816, -3.048304, -0.011153, -12.175778, 2.229841, 0.0
8632.0, 2.976568, -3.057799, -0.010849, -12.645195, 2.402039, 0.0
8649.0, 2.991297, -3.067365, -0.010499, -12.645195, 2.402039, 0.0
8649.0, 2.991297, -3.067365, -0.010499, -12.645195, 2.402039, 0.0
8666.0, 3.005951, -3.077062, -0.010118, -12.645195, 2.402039, 0.0
8666.0, 3.005951, -3.077062, -0.010118, -12.645195, 2.402039, 0.0
8681.0, 3.020491, -3.086943, -0.009727, -12.645195, 2.402039, 0.0
8699.0, 3.034881, -3.097049, -0.009338, -12.645195, 2.402039, 0.0
8699.0, 3.034881, -3.097049, -0.009338, -12.645195, 2.402039, 0.0
8715.0, 3.04909, -3.10741, -0.008968, -12.645195, 2.402039, 0.0
8715.0, 3.04909, -3.10741, -0.008968, -12.645195, 2.402039, 0.0
8730.0, 3.063097, -3.118056, -0.008625, -12.645195, 2.402039, 0.0
8748.0, 3.076883, -3.129008, -0.008319, -12.645195, 2.402039, 0.0
8748.0, 3.076883, -3.129008, -0.008319, -12.645195, 2.402039, 0.0
8766.0, 3.090435, -3.140284, -0.008055, -12.645195, 2.402039, 0.0
8766.0, 3.090435, -3.140284, -0.008055, -12.645195, 2.402039, 0.0
8781.0, 3.103736, -3.151893, -0.007834, -12.645195, 2.402039, 0.0
8799.0, 3.116782, -3.163852, -0.007659, -12.645195, 2.402039, 0.0
8799.0, 3.116782, -3.163852, -0.007659, -12.645195, 2.402039, 0.0
8816.0, 3.129567, -3.17617, -0.00753, -12.645195, 2.402039, 0.0
8816.0, 3.129567, -3.17617, -0.00753, -12.645195, 2.402039, 0.0
8831.0, 3.142085, -3.188857, -0.007444, -12.645195, 2.402039, 0.0
8849.0, 3.154334, -3.201919, -0.007397, -12.645195, 2.402039, 0.0
8849.0, 3.154334, -3.201919, -0.007397, -12.645195, 2.402039, 0.0
8867.0, 3.166308, -3.215361, -0.007386, -12.645195, 2.402039, 0.0
8867.0, 3.166308, -3.215361, -0.007386, -12.645195, 2.402039, 0.0
8882.0, 3.178009, -3.229192, -0.007408, -13.114612, 2.574237, 0.0
8899.0, 3.189429, -3.243411, -0.007456, -13.114612, 2.574237, 0.0
8899.0, 3.189429, -3.243411, -0.007456, -13.114612, 2.574237, 0.0
8915.0, 3.200562, -3.258017, -0.007525, -13.114612, 2.574237, 0.0
8915.0, 3.200562, -3.258017, -0.007525, -13.114612, 2.574237, 0.0
8931.0, 3.211406, -3.273012, -0.007612, -13.114612, 2.574237, 0.0
8949.0, 3.221958, -3.288398, -0.007714, -13.114612, 2.574237, 0.0
8949.0, 3.221958, -3.288398, -0.007714, -13.114612, 2.574237, 0.0
8966.0, 3.232216, -3.304173, -0.007828, -13.114612, 2.574237, 0.0
8966.0, 3.232216, -3.304173, -0.007828, -13.114612, 2.574237, 0.0
8981.0, 3.242239, -3.320261, -0.007975, -13.114612, 2.574237, 0.0
8998.0, 3.252106, -3.336561, -0.008172, -13.114612, 2.574237, 0.0
8998.0, 3.252106, -3.336561, -0.008172, -13.114612, 2.574237, 0.0
9014.0, 3.261892, -3.352975, -0.008426, -13.114612, 2.574237, 0.0
9014.0, 3.261892, -3.352975, -0.008426, -13.114612, 2.574237, 0.0
9031.0, 3.271668, -3.369414, -0.008732, -13.114612, 2.574237, 0.0
9048.0, 3.281494, -3.385803, -0.009079, -13.114612, 2.574237, 0.0
9048.0, 3.281494, -3.385803, -0.009079, -13.114612, 2.574237, 0.0
9066.0, 3.291419, -3.402082, -0.009455, -13.114612, 2.574237, 0.0
9066.0, 3.291419, -3.402082, -0.009455, -13.114612, 2.574237, 0.0
9081.0, 3.301483, -3.418192, -0.009841, -13.114612, 2.574237, 0.0
9098.0, 3.311723, -3.434098, -0.010225, -13.114612, 2.574237, 0.0
9098.0, 3.311723, -3.434098, -0.010225, -13.114612, 2.574237, 0.0
9115.0, 3.32217, -3.449769, -0.010594, -13.114612, 2.574237, 0.0
9115.0, 3.32217, -3.449769, -0.010594, -13.114612, 2.574237, 0.0
9132.0, 3.332847, -3.465178, -0.010938, -13.584027, 2.746435, 0.0
9149.0, 3.343773, -3.480306, -0.011249, -13.584027, 2.746435, 0.0
9149.0, 3.343773, -3.480306, -0.011249, -13.584027, 2.746435, 0.0
9166.0, 3.354963, -3.495133, -0.011522, -13.584027, 2.746435, 0.0
9166.0, 3.354963, -3.495133, -0.011522, -13.584027, 2.746435, 0.0
9182.0, 3.366431, -3.509652, -0.011754, -13.584027, 2.746435, 0.0
9199.0, 3.378185, -3.523846, -0.011942, -13.584027, 2.746435, 0.0
9199.0, 3.378185, -3.523846, -0.011942, -13.584027, 2.746435, 0.0
9214.0, 3.390227, -3.537703, -0.012085, -13.584027, 2.746435, 0.0
9214.0, 3.390227, -3.537703, -0.012085, -13.584027, 2.746435, 0.0
9231.0, 3.402564, -3.551213, -0.012187, -13.584027, 2.746435, 0.0
9248.0, 3.415199, -3.564371, -0.012249, -13.584027, 2.746435, 0.0
9248.0, 3.415199, -3.564371, -0.012249, -13.584027, 2.746435, 0.0
9266.0, 3.428134, -3.577171, -0.012276, -13.584027, 2.746435, 0.0
9266.0, 3.428134, -3.577171, -0.012276, -13.584027, 2.746435, 0.0
9281.0, 3.441308, -3.589685, -0.012247, -13.584027, 2.746435, 0.0
9298.0, 3.454649, -3.602014, -0.01215, -13.584027, 2.746435, 0.0
9298.0, 3.454649, -3.602014, -0.01215, -13.584027, 2.746435, 0.0
9315.0, 3.468086, -3.614258, -0.011982, -13.584027, 2.746435, 0.0
9315.0, 3.468086, -3.614258, -0.011982, -13.584027, 2.746435, 0.0
9332.0, 3.48155, -3.626501, -0.011749, -13.584027, 2.746435, 0.0
9348.0, 3.494984, -3.63882, -0.011463, -13.584027, 2.746435, 0.0
9349.0, 3.494984, -3.63882, -0.011463, -13.584027, 2.746435, 0.0
9366.0, 3.50834, -3.651275, -0.01114, -13.584027, 2.746435, 0.0
9366.0, 3.50834, -3.651275, -0.01114, -13.584027, 2.746435, 0.0
9382.0, 3.521582, -3.663923, -0.010799, -14.053446, 2.918633, 0.0
9398.0, 3.534677, -3.676802, -0.010455, -14.053446, 2.918633, 0.0
9398.0, 3.534677, -3.676802, -0.010455, -14.053446, 2.918633, 0.0
9415.0, 3.547595, -3.689947, -0.010122, -14.053446, 2.918633, 0.0
9415.0, 3.547595, -3.689947, -0.010122, -14.053446, 2.918633, 0.0
9431.0, 3.560317, -3.703384, -0.009812, -14.053446, 2.918633, 0.0
9448.0, 3.572826, -3.717136, -0.009533, -14.053446, 2.918633, 0.0
9448.0, 3.572826, -3.717136, -0.009533, -14.053446, 2.918633, 0.0
9466.0, 3.58511, -3.731223, -0.009293, -14.053446, 2.918633, 0.0
9466.0, 3.58511, -3.731223, -0.009293, -14.053446, 2.918633, 0.0
9481.0, 3.597152, -3.74565, -0.009093, -14.053446, 2.918633, 0.0
9498.0, 3.608947, -3.760435, -0.008935, -14.053446, 2.918633, 0.0
9498.0, 3.608947, -3.760435, -0.008935, -14.053446, 2.918633, 0.0
9515.0, 3.62049, -3.775589, -0.008821, -14.053446, 2.918633, 0.0
9515.0, 3.62049, -3.775589, -0.008821, -14.053446, 2.918633, 0.0
9531.0, 3.631776, -3.79112, -0.008749, -14.053446, 2.918633, 0.0
9548.0, 3.642801, -3.807035, -0.008715, -14.053446, 2.918633, 0.0
9548.0, 3.642801, -3.807035, -0.008715, -14.053446, 2.918633, 0.0
9566.0, 3.653562, -3.823338, -0.008717, -14.053446, 2.918633, 0.0
9566.0, 3.653562, -3.823338, -0.008717, -14.053446, 2.918633, 0.0
9582.0, 3.664058, -3.84004, -0.008752, -14.053446, 2.918633, 0.0
9598.0, 3.674282, -3.857138, -0.008814, -14.053446, 2.918633, 0.0
9598.0, 3.674282, -3.857138, -0.008814, -14.053446, 2.918633, 0.0
9615.0, 3.684228, -3.874631, -0.008897, -14.053446, 2.918633, 0.0
9615.0, 3.684228, -3.874631, -0.008897, -14.053446, 2.918633, 0.0
9632.0, 3.693894, -3.89252, -0.008999, -14.522868, 3.090834, 0.0
9649.0, 3.703276, -3.910806, -0.009117, -14.522868, 3.090834, 0.0
9649.0, 3.703276, -3.910806, -0.009117, -14.522868, 3.090834, 0.0
9667.0, 3.712371, -3.929489, -0.009249, -14.522868, 3.090834, 0.0
9667.0, 3.712371, -3.929489, -0.009249, -14.522868, 3.090834, 0.0
9682.0, 3.72124, -3.948489, -0.009415, -14.522868, 3.090834, 0.0
9698.0, 3.729957, -3.967704, -0.009629, -14.522868, 3.090834, 0.0
9698.0, 3.729957, -3.967704, -0.009629, -14.522868, 3.090834, 0.0
9716.0, 3.738597, -3.987034, -0.009898, -14.522868, 3.090834, 0.0
9716.0, 3.738597, -3.987034, -0.009898, -14.522868, 3.090834, 0.0
9731.0, 3.747229, -4.006389, -0.010216, -14.522868, 3.090834, 0.0
9748.0, 3.755911, -4.025693, -0.010573, -14.522868, 3.090834, 0.0
9748.0, 3.755911, -4.025693, -0.010573, -14.522868, 3.090834, 0.0
9765.0, 3.764693, -4.044883, -0.010954, -14.522868, 3.090834, 0.0
9765.0, 3.764693, -4.044883, -0.010954, -14.522868, 3.090834, 0.0
9781.0, 3.773614, -4.063901, -0.011341, -14.522868, 3.090834, 0.0
9798.0, 3.782709, -4.08271, -0.011723, -14.522868, 3.090834, 0.0
9798.0, 3.782709, -4.08271, -0.011723, -14.522868, 3.090834, 0.0
9815.0, 3.792008, -4.101281, -0.012086, -14.522868, 3.090834, 0.0
9815.0, 3.792008, -4.101281, -0.012086, -14.522868, 3.090834, 0.0
9831.0, 3.801535, -4.119587, -0.012421, -14.522868, 3.090834, 0.0
9848.0, 3.811307, -4.137607, -0.01272, -14.522868, 3.090834, 0.0
9848.0, 3.811307, -4.137607, -0.01272, -14.522868, 3.090834, 0.0
9866.0, 3.82134, -4.155323, -0.012978, -14.522868, 3.090834, 0.0
9866.0, 3.82134, -4.155323, -0.012978, -14.522868, 3.090834, 0.0
9882.0, 3.831647, -4.172728, -0.013194, -14.992286, 3.263032, 0.0
9898.0, 3.842235, -4.189805, -0.013364, -14.992286, 3.263032, 0.0
9898.0, 3.842235, -4.189805, -0.013364, -14.992286, 3.263032, 0.0
9916.0, 3.853108, -4.206541, -0.01349, -14.992286, 3.263032, 0.0
9916.0, 3.853108, -4.206541, -0.01349, -14.992286, 3.263032, 0.0
9931.0, 3.864271, -4.222928, -0.013573, -14.992286, 3.263032, 0.0
9949.0, 3.875728, -4.238959, -0.013618, -14.992286, 3.263032, 0.0
9949.0, 3.875728, -4.238959, -0.013618, -14.992286, 3.263032, 0.0
9966.0, 3.887482, -4.254629, -0.013627, -14.992286, 3.263032, 0.0
9966.0, 3.887482, -4.254629, -0.013627, -14.992286, 3.263032, 0.0
9981.0, 3.899529, -4.269925, -0.013604, -14.992286, 3.263032, 0.0
