2.0, 0.0, 0.0, 0.002231, 0.765547, -1.847685, 0.0
2.0, 0.0, 0.0, 0.002231, 0.765547, -1.847685, 0.0
13.0, -0.000098, -0.000283, -0.004061, 0.765547, -1.847685, 0.0
31.0, -0.000272, -0.000532, -0.009458, 0.765547, -1.847685, 0.0
31.0, -0.000272, -0.000532, -0.009458, 0.765547, -1.847685, 0.0
47.0, -0.000505, -0.000727, -0.012135, 0.765547, -1.847685, 0.0
47.0, -0.000505, -0.000727, -0.012135, 0.765547, -1.847685, 0.0
63.0, -0.000795, -0.000996, -0.0132, 0.765547, -1.847685, 0.0
79.0, -0.001153, -0.001501, -0.0131, 0.765547, -1.847685, 0.0
79.0, -0.001153, -0.001501, -0.0131, 0.765547, -1.847685, 0.0
97.0, -0.001598, -0.002398, -0.012203, 0.765547, -1.847685, 0.0
97.0, -0.001598, -0.002398, -0.012203, 0.765547, -1.847685, 0.0
112.0, -0.002177, -0.003783, -0.010786, 0.765547, -1.847685, 0.0
130.0, -0.002916, -0.005499, -0.009141, 0.765547, -1.847685, 0.0
130.0, -0.002916, -0.005499, -0.009141, 0.765547, -1.847685, 0.0
147.0, -0.003872, -0.007464, -0.007427, 0.765547, -1.847685, 0.0
147.0, -0.003872, -0.007464, -0.007427, 0.765547, -1.847685, 0.0
163.0, -0.005084, -0.009764, -0.005007, 0.765547, -1.847685, 0.0
180.0, -0.0067, -0.012294, -0.00229, 0.765547, -1.847685, 0.0
180.0, -0.0067, -0.012294, -0.00229, 0.765547, -1.847685, 0.0
198.0, -0.008751, -0.014966, 0.000256, 0.765547, -1.847685, 0.0
198.0, -0.008751, -0.014966, 0.000256, 0.765547, -1.847685, 0.0
213.0, -0.010811, -0.017364, -0.000118, 0.765865, -1.447681, 0.0
230.0, -0.013629, -0.019786, -0.00045, 0.765865, -1.447681, 0.0
230.0, -0.013629, -0.019786, -0.00045, 0.765865, -1.447681, 0.0
247.0, -0.016976, -0.022284, -0.000178, 0.765865, -1.447681, 0.0
247.0, -0.016976, -0.022284, -0.000178, 0.765865, -1.447681, 0.0
263.0, -0.020784, -0.024909, 0.000027, 0.765865, -1.447681, 0.0
280.0, -0.025061, -0.027658, 0.000354, 0.765865, -1.447681, 0.0
280.0, -0.025061, -0.027658, 0.000354, 0.765865, -1.447681, 0.0
297.0, -0.029801, -0.030518, 0.000647, 0.765865, -1.447681, 0.0
297.0, -0.029801, -0.030518, 0.000647, 0.765865, -1.447681, 0.0
312.0, -0.034919, -0.03347, 0.000873, 0.765865, -1.447681, 0.0
330.0, -0.040293, -0.03649, 0.000996, 0.765865, -1.447681, 0.0
330.0, -0.040293, -0.03649, 0.000996, 0.765865, -1.447681, 0.0
346.0, -0.045802, -0.039555, 0.000995, 0.765865, -1.447681, 0.0
346.0, -0.045802, -0.039555, 0.000995, 0.765865, -1.447681, 0.0
362.0, -0.051334, -0.042644, 0.000866, 0.765865, -1.447681, 0.0
380.0, -0.056795, -0.04574, 0.000621, 0.765865, -1.447681, 0.0
380.0, -0.056795, -0.04574, 0.000621, 0.765865, -1.447681, 0.0
397.0, -0.062106, -0.048832, 0.000279, 0.765865, -1.447681, 0.0
397.0, -0.062106, -0.048832, 0.000279, 0.765865, -1.447681, 0.0
413.0, -0.067197, -0.051905, -0.00014, 0.765865, -1.447681, 0.0
430.0, -0.072019, -0.054952, -0.000611, 0.765865, -1.447681, 0.0
430.0, -0.072019, -0.054952, -0.000611, 0.765865, -1.447681, 0.0
447.0, -0.076527, -0.057965, -0.001111, 0.765865, -1.447681, 0.0
447.0, -0.076527, -0.057965, -0.001111, 0.765865, -1.447681, 0.0
462.0, -0.080689, -0.060937, -0.001622, 0.766263, -0.947676, 0.0
481.0, -0.084476, -0.063862, -0.002128, 0.766263, -0.947676, 0.0
481.0, -0.084476, -0.063862, -0.002128, 0.766263, -0.947676, 0.0
498.0, -0.087867, -0.066734, -0.002618, 0.766263, -0.947676, 0.0
498.0, -0.087867, -0.066734, -0.002618, 0.766263, -0.947676, 0.0
513.0, -0.090847, -0.069552, -0.003083, 0.766263, -0.947676, 0.0
529.0, -0.093404, -0.072309, -0.003518, 0.766263, -0.947676, 0.0
529.0, -0.093404, -0.072309, -0.003518, 0.766263, -0.947676, 0.0
546.0, -0.095529, -0.075003, -0.003918, 0.766263, -0.947676, 0.0
546.0, -0.095529, -0.075003, -0.003918, 0.766263, -0.947676, 0.0
562.0, -0.097218, -0.077631, -0.004279, 0.766263, -0.947676, 0.0
579.0, -0.098469, -0.080193, -0.004597, 0.766263, -0.947676, 0.0
579.0, -0.098469, -0.080193, -0.004597, 0.766263, -0.947676, 0.0
597.0, -0.099283, -0.082691, -0.004864, 0.766263, -0.947676, 0.0
597.0, -0.099283, -0.082691, -0.004864, 0.766263, -0.947676, 0.0
612.0, -0.099663, -0.085131, -0.005075, 0.766263, -0.947676, 0.0
630.0, -0.099606, -0.087524, -0.005234, 0.766263, -0.947676, 0.0
630.0, -0.099606, -0.087524, -0.005234, 0.766263, -0.947676, 0.0
647.0, -0.099108, -0.089881, -0.005353, 0.766263, -0.947676, 0.0
647.0, -0.099108, -0.089881, -0.005353, 0.766263, -0.947676, 0.0
662.0, -0.098156, -0.092214, -0.005456, 0.766263, -0.947676, 0.0
680.0, -0.096735, -0.094528, -0.00557, 0.766263, -0.947676, 0.0
680.0, -0.096735, -0.094528, -0.00557, 0.766263, -0.947676, 0.0
697.0, -0.094827, -0.096821, -0.00571, 0.766263, -0.947676, 0.0
697.0, -0.094827, -0.096821, -0.00571, 0.766263, -0.947676, 0.0
712.0, -0.092418, -0.09909, -0.005883, 0.766661, -0.447672, 0.0
730.0, -0.089495, -0.101326, -0.006083, 0.766661, -0.447672, 0.0
730.0, -0.089495, -0.101326, -0.006083, 0.766661, -0.447672, 0.0
747.0, -0.086054, -0.103521, -0.0063, 0.766661, -0.447672, 0.0
747.0, -0.086054, -0.103521, -0.0063, 0.766661, -0.447672, 0.0
762.0, -0.08209, -0.105669, -0.006524, 0.766661, -0.447672, 0.0
779.0, -0.077603, -0.107762, -0.006741, 0.766661, -0.447672, 0.0
779.0, -0.077603, -0.107762, -0.006741, 0.766661, -0.447672, 0.0
797.0, -0.072592, -0.109797, -0.006943, 0.766661, -0.447672, 0.0
797.0, -0.072592, -0.109797, -0.006943, 0.766661, -0.447672, 0.0
812.0, -0.067059, -0.11177, -0.007121, 0.766661, -0.447672, 0.0
829.0, -0.061007, -0.113679, -0.007272, 0.766661, -0.447672, 0.0
829.0, -0.061007, -0.113679, -0.007272, 0.766661, -0.447672, 0.0
846.0, -0.054438, -0.115524, -0.007393, 0.766661, -0.447672, 0.0
847.0, -0.054438, -0.115524, -0.007393, 0.766661, -0.447672, 0.0
863.0, -0.047355, -0.117303, -0.007484, 0.766661, -0.447672, 0.0
880.0, -0.03976, -0.119018, -0.007546, 0.766661, -0.447672, 0.0
880.0, -0.03976, -0.119018, -0.007546, 0.766661, -0.447672, 0.0
898.0, -0.031656, -0.120668, -0.007581, 0.766661, -0.447672, 0.0
898.0, -0.031656, -0.120668, -0.007581, 0.766661, -0.447672, 0.0
913.0, -0.023048, -0.122253, -0.007592, 0.766661, -0.447672, 0.0
930.0, -0.013935, -0.123775, -0.007582, 0.766661, -0.447672, 0.0
930.0, -0.013935, -0.123775, -0.007582, 0.766661, -0.447672, 0.0
946.0, -0.004318, -0.125234, -0.007557, 0.766661, -0.447672, 0.0
946.0, -0.004318, -0.125234, -0.007557, 0.766661, -0.447672, 0.0
963.0, 0.005802, -0.126632, -0.007518, 0.76706, 0.052331, 0.0
980.0, 0.016424, -0.127969, -0.007469, 0.76706, 0.052331, 0.0
980.0, 0.016424, -0.127969, -0.007469, 0.76706, 0.052331, 0.0
998.0, 0.027547, -0.129246, -0.007413, 0.76706, 0.052331, 0.0
998.0, 0.027547, -0.129246, -0.007413, 0.76706, 0.052331, 0.0
1012.0, 0.039292, -0.130477, -0.007353, 0.76706, 0.052331, 0.0
1029.0, 0.051424, -0.131636, -0.007293, 0.76706, 0.052331, 0.0
1029.0, 0.051424, -0.131636, -0.007293, 0.76706, 0.052331, 0.0
1046.0, 0.064058, -0.132736, -0.00723, 0.76706, 0.052331, 0.0
1046.0, 0.064058, -0.132736, -0.00723, 0.76706, 0.052331, 0.0
1063.0, 0.077191, -0.133779, -0.007165, 0.76706, 0.052331, 0.0
1080.0, 0.090823, -0.134764, -0.007099, 0.76706, 0.052331, 0.0
1080.0, 0.090823, -0.134764, -0.007099, 0.76706, 0.052331, 0.0
1097.0, 0.104952, -0.135691, -0.007033, 0.76706, 0.052331, 0.0
1097.0, 0.104952, -0.135691, -0.007033, 0.76706, 0.052331, 0.0
1113.0, 0.119561, -0.136561, -0.006961, 0.76706, 0.052331, 0.0
1130.0, 0.134662, -0.137375, -0.006893, 0.76706, 0.052331, 0.0
1130.0, 0.134662, -0.137375, -0.006893, 0.76706, 0.052331, 0.0
1147.0, 0.150259, -0.138132, -0.006829, 0.76706, 0.052331, 0.0
1147.0, 0.150259, -0.138132, -0.006829, 0.76706, 0.052331, 0.0
1163.0, 0.166356, -0.138833, -0.00677, 0.76706, 0.052331, 0.0
1180.0, 0.182952, -0.139479, -0.006716, 0.76706, 0.052331, 0.0
1180.0, 0.182952, -0.139479, -0.006716, 0.76706, 0.052331, 0.0
1198.0, 0.200047, -0.140069, -0.006665, 0.76706, 0.052331, 0.0
1198.0, 0.200047, -0.140069, -0.006665, 0.76706, 0.052331, 0.0
1213.0, 0.217655, -0.140604, -0.006623, 0.767458, 0.552679, 0.0
1230.0, 0.235766, -0.141083, -0.006581, 0.767458, 0.552679, 0.0
1230.0, 0.235766, -0.141083, -0.006581, 0.767458, 0.552679, 0.0
1248.0, 0.254376, -0.141508, -0.006539, 0.767458, 0.552679, 0.0
1248.0, 0.254376, -0.141508, -0.006539, 0.767458, 0.552679, 0.0
1262.0, 0.273483, -0.141876, -0.006496, 0.767458, 0.552679, 0.0
1279.0, 0.293086, -0.14219, -0.006451, 0.767458, 0.552679, 0.0
1279.0, 0.293086, -0.14219, -0.006451, 0.767458, 0.552679, 0.0
1296.0, 0.313186, -0.142448, -0.006407, 0.767458, 0.552679, 0.0
1296.0, 0.313186, -0.142448, -0.006407, 0.767458, 0.552679, 0.0
1313.0, 0.333789, -0.142651, -0.006365, 0.767458, 0.552679, 0.0
1330.0, 0.354892, -0.142799, -0.006324, 0.767458, 0.552679, 0.0
1330.0, 0.354892, -0.142799, -0.006324, 0.767458, 0.552679, 0.0
1346.0, 0.37649, -0.142892, -0.006281, 0.767458, 0.552679, 0.0
1346.0, 0.37649, -0.142892, -0.006281, 0.767458, 0.552679, 0.0
1363.0, 0.398584, -0.14293, -0.006238, 0.767458, 0.552679, 0.0
1380.0, 0.421174, -0.142914, -0.006195, 0.767458, 0.552679, 0.0
1380.0, 0.421174, -0.142914, -0.006195, 0.767458, 0.552679, 0.0
1398.0, 0.44426, -0.142842, -0.006152, 0.767458, 0.552679, 0.0
1398.0, 0.44426, -0.142842, -0.006152, 0.767458, 0.552679, 0.0
1412.0, 0.467831, -0.142715, -0.006106, 0.767458, 0.552679, 0.0
1430.0, 0.491897, -0.142534, -0.006061, 0.767458, 0.552679, 0.0
1430.0, 0.491897, -0.142534, -0.006061, 0.767458, 0.552679, 0.0
1446.0, 0.516458, -0.142297, -0.006018, 0.767458, 0.552679, 0.0
1446.0, 0.516458, -0.142297, -0.006018, 0.767458, 0.552679, 0.0
1463.0, 0.541517, -0.142006, -0.005978, 0.767856, 1.052683, 0.0
1480.0, 0.567073, -0.14166, -0.005939, 0.767856, 1.052683, 0.0
1480.0, 0.567073, -0.14166, -0.005939, 0.767856, 1.052683, 0.0
1497.0, 0.593127, -0.141258, -0.005902, 0.767856, 1.052683, 0.0
1497.0, 0.593127, -0.141258, -0.005902, 0.767856, 1.052683, 0.0
1512.0, 0.619689, -0.140802, -0.00587, 0.767856, 1.052683, 0.0
1530.0, 0.646752, -0.14029, -0.005838, 0.767856, 1.052683, 0.0
1530.0, 0.646752, -0.14029, -0.005838, 0.767856, 1.052683, 0.0
1546.0, 0.674312, -0.139723, -0.005805, 0.767856, 1.052683, 0.0
1546.0, 0.674312, -0.139723, -0.005805, 0.767856, 1.052683, 0.0
1563.0, 0.702369, -0.139101, -0.00577, 0.767856, 1.052683, 0.0
1580.0, 0.730922, -0.138423, -0.005734, 0.767856, 1.052683, 0.0
1580.0, 0.730922, -0.138423, -0.005734, 0.767856, 1.052683, 0.0
1598.0, 0.75997, -0.137691, -0.005696, 0.767856, 1.052683, 0.0
1598.0, 0.75997, -0.137691, -0.005696, 0.767856, 1.052683, 0.0
1613.0, 0.789515, -0.136903, -0.005659, 0.767856, 1.052683, 0.0
1630.0, 0.819555, -0.136061, -0.005621, 0.767856, 1.052683, 0.0
1630.0, 0.819555, -0.136061, -0.005621, 0.767856, 1.052683, 0.0
1647.0, 0.850092, -0.135164, -0.005583, 0.767856, 1.052683, 0.0
1647.0, 0.850092, -0.135164, -0.005583, 0.767856, 1.052683, 0.0
1663.0, 0.881125, -0.134211, -0.005546, 0.767856, 1.052683, 0.0
1680.0, 0.912655, -0.133204, -0.005508, 0.767856, 1.052683, 0.0
1680.0, 0.912655, -0.133204, -0.005508, 0.767856, 1.052683, 0.0
1697.0, 0.944682, -0.132142, -0.005471, 0.767856, 1.052683, 0.0
1697.0, 0.944682, -0.132142, -0.005471, 0.767856, 1.052683, 0.0
1712.0, 0.977192, -0.131026, -0.00543, 0.768254, 1.552687, 0.0
1728.0, 1.010195, -0.129855, -0.00539, 0.768254, 1.552687, 0.0
1728.0, 1.010195, -0.129855, -0.00539, 0.768254, 1.552687, 0.0
1746.0, 1.043695, -0.128629, -0.005352, 0.768254, 1.552687, 0.0
1746.0, 1.043695, -0.128629, -0.005352, 0.768254, 1.552687, 0.0
1762.0, 1.077694, -0.127348, -0.005316, 0.768254, 1.552687, 0.0
1779.0, 1.112191, -0.126013, -0.005282, 0.768254, 1.552687, 0.0
1779.0, 1.112191, -0.126013, -0.005282, 0.768254, 1.552687, 0.0
1797.0, 1.147187, -0.124623, -0.00525, 0.768254, 1.552687, 0.0
1797.0, 1.147187, -0.124623, -0.00525, 0.768254, 1.552687, 0.0
1812.0, 1.182695, -0.123178, -0.005223, 0.768254, 1.552687, 0.0
1830.0, 1.218706, -0.121678, -0.005196, 0.768254, 1.552687, 0.0
1830.0, 1.218706, -0.121678, -0.005196, 0.768254, 1.552687, 0.0
1847.0, 1.255215, -0.120124, -0.005167, 0.768254, 1.552687, 0.0
1847.0, 1.255215, -0.120124, -0.005167, 0.768254, 1.552687, 0.0
1863.0, 1.29222, -0.118514, -0.005135, 0.768254, 1.552687, 0.0
1880.0, 1.329721, -0.116851, -0.005101, 0.768254, 1.552687, 0.0
1880.0, 1.329721, -0.116851, -0.005101, 0.768254, 1.552687, 0.0
1898.0, 1.367718, -0.115134, -0.005065, 0.768254, 1.552687, 0.0
1898.0, 1.367718, -0.115134, -0.005065, 0.768254, 1.552687, 0.0
1912.0, 1.406094, -0.113375, -0.004982, 0.768254, 1.552687, 0.0
1930.0, 1.444732, -0.11159, -0.004823, 0.768254, 1.552687, 0.0
1930.0, 1.444732, -0.11159, -0.004823, 0.768254, 1.552687, 0.0
1946.0, 1.483509, -0.109795, -0.00457, 0.768254, 1.552687, 0.0
1946.0, 1.483509, -0.109795, -0.00457, 0.768254, 1.552687, 0.0
1963.0, 1.522315, -0.108007, -0.004224, 0.768652, 2.052691, 0.0
1979.0, 1.561054, -0.106237, -0.003794, 0.768652, 2.052691, 0.0
1979.0, 1.561054, -0.106237, -0.003794, 0.768652, 2.052691, 0.0
1997.0, 1.599644, -0.104497, -0.003299, 0.768652, 2.052691, 0.0
1997.0, 1.599644, -0.104497, -0.003299, 0.768652, 2.052691, 0.0
2012.0, 1.638034, -0.102793, -0.002766, 0.768652, 2.052691, 0.0
2030.0, 1.676158, -0.101133, -0.00221, 0.768652, 2.052691, 0.0
2030.0, 1.676158, -0.101133, -0.00221, 0.768652, 2.052691, 0.0
2047.0, 1.713968, -0.099519, -0.001649, 0.768652, 2.052691, 0.0
2047.0, 1.713968, -0.099519, -0.001649, 0.768652, 2.052691, 0.0
2063.0, 1.751425, -0.097955, -0.001102, 0.768652, 2.052691, 0.0
2080.0, 1.788501, -0.09644, -0.000581, 0.768652, 2.052691, 0.0
2080.0, 1.788501, -0.09644, -0.000581, 0.768652, 2.052691, 0.0
2098.0, 1.825172, -0.094976, -0.000098, 0.768652, 2.052691, 0.0
2098.0, 1.825172, -0.094976, -0.000098, 0.768652, 2.052691, 0.0
2113.0, 1.861405, -0.09356, 0.000346, 0.768652, 2.052691, 0.0
2130.0, 1.897198, -0.092194, 0.000741, 0.768652, 2.052691, 0.0
2130.0, 1.897198, -0.092194, 0.000741, 0.768652, 2.052691, 0.0
2148.0, 1.932541, -0.090874, 0.001084, 0.768652, 2.052691, 0.0
2148.0, 1.932541, -0.090874, 0.001084, 0.768652, 2.052691, 0.0
2162.0, 1.967427, -0.0896, 0.001376, 0.768652, 2.052691, 0.0
2179.0, 2.001849, -0.088372, 0.001619, 0.768652, 2.052691, 0.0
2179.0, 2.001849, -0.088372, 0.001619, 0.768652, 2.052691, 0.0
2196.0, 2.035801, -0.087188, 0.001818, 0.768652, 2.052691, 0.0
2196.0, 2.035801, -0.087188, 0.001818, 0.768652, 2.052691, 0.0
2212.0, 2.06929, -0.086048, 0.001972, 0.769051, 2.552696, 0.0
2229.0, 2.102304, -0.084952, 0.002092, 0.769051, 2.552696, 0.0
2229.0, 2.102304, -0.084952, 0.002092, 0.769051, 2.552696, 0.0
2246.0, 2.134835, -0.083901, 0.002184, 0.769051, 2.552696, 0.0
2246.0, 2.134835, -0.083901, 0.002184, 0.769051, 2.552696, 0.0
2262.0, 2.166879, -0.082894, 0.002252, 0.769051, 2.552696, 0.0
2280.0, 2.198434, -0.081932, 0.002301, 0.769051, 2.552696, 0.0
2280.0, 2.198434, -0.081932, 0.002301, 0.769051, 2.552696, 0.0
2298.0, 2.229497, -0.081017, 0.002332, 0.769051, 2.552696, 0.0
2298.0, 2.229497, -0.081017, 0.002332, 0.769051, 2.552696, 0.0
2312.0, 2.26017, -0.080136, 0.002308, 0.769051, 2.552696, 0.0
2330.0, 2.29058, -0.079278, 0.002196, 0.769051, 2.552696, 0.0
2330.0, 2.29058, -0.079278, 0.002196, 0.769051, 2.552696, 0.0
2347.0, 2.320853, -0.078427, 0.001979, 0.769051, 2.552696, 0.0
2347.0, 2.320853, -0.078427, 0.001979, 0.769051, 2.552696, 0.0
2363.0, 2.351103, -0.07757, 0.001658, 0.769051, 2.552696, 0.0
2380.0, 2.381424, -0.076694, 0.001246, 0.769051, 2.552696, 0.0
2380.0, 2.381424, -0.076694, 0.001246, 0.769051, 2.552696, 0.0
2397.0, 2.411899, -0.07579, 0.000762, 0.769051, 2.552696, 0.0
2397.0, 2.411899, -0.07579, 0.000762, 0.769051, 2.552696, 0.0
2412.0, 2.44258, -0.074851, 0.000235, 0.769051, 2.552696, 0.0
2430.0, 2.473531, -0.073871, -0.000317, 0.769051, 2.552696, 0.0
2430.0, 2.473531, -0.073871, -0.000317, 0.769051, 2.552696, 0.0
2446.0, 2.504798, -0.072844, -0.000875, 0.769051, 2.552696, 0.0
2446.0, 2.504798, -0.072844, -0.000875, 0.769051, 2.552696, 0.0
2462.0, 2.536419, -0.071769, -0.001421, 0.769449, 3.0527, 0.0
2479.0, 2.568424, -0.070644, -0.00194, 0.769449, 3.0527, 0.0
2479.0, 2.568424, -0.070644, -0.00194, 0.769449, 3.0527, 0.0
2497.0, 2.600833, -0.069467, -0.002422, 0.769449, 3.0527, 0.0
2497.0, 2.600833, -0.069467, -0.002422, 0.769449, 3.0527, 0.0
2512.0, 2.633679, -0.068239, -0.002864, 0.769449, 3.0527, 0.0
2529.0, 2.666966, -0.066959, -0.003257, 0.769449, 3.0527, 0.0
2529.0, 2.666966, -0.066959, -0.003257, 0.769449, 3.0527, 0.0
2546.0, 2.700704, -0.065628, -0.003599, 0.769449, 3.0527, 0.0
2546.0, 2.700704, -0.065628, -0.003599, 0.769449, 3.0527, 0.0
2562.0, 2.734899, -0.064247, -0.003889, 0.769449, 3.0527, 0.0
2579.0, 2.769558, -0.062817, -0.004131, 0.769449, 3.0527, 0.0
2579.0, 2.769558, -0.062817, -0.004131, 0.769449, 3.0527, 0.0
2597.0, 2.804688, -0.061338, -0.004328, 0.769449, 3.0527, 0.0
2597.0, 2.804688, -0.061338, -0.004328, 0.769449, 3.0527, 0.0
2613.0, 2.84028, -0.059811, -0.004481, 0.769449, 3.0527, 0.0
2630.0, 2.876346, -0.058237, -0.004599, 0.769449, 3.0527, 0.0
2630.0, 2.876346, -0.058237, -0.004599, 0.769449, 3.0527, 0.0
2647.0, 2.912895, -0.056615, -0.00469, 0.769449, 3.0527, 0.0
2647.0, 2.912895, -0.056615, -0.00469, 0.769449, 3.0527, 0.0
2662.0, 2.949931, -0.054946, -0.004758, 0.769449, 3.0527, 0.0
2681.0, 2.987456, -0.053228, -0.004806, 0.769449, 3.0527, 0.0
2681.0, 2.987456, -0.053228, -0.004806, 0.769449, 3.0527, 0.0
2698.0, 3.025471, -0.051463, -0.004838, 0.769449, 3.0527, 0.0
2698.0, 3.025471, -0.051463, -0.004838, 0.769449, 3.0527, 0.0
2712.0, 3.063893, -0.04966, -0.004821, 0.769847, 3.552705, 0.0
2729.0, 3.102581, -0.047835, -0.004714, 0.769847, 3.552705, 0.0
2729.0, 3.102581, -0.047835, -0.004714, 0.769847, 3.552705, 0.0
2746.0, 3.141406, -0.046006, -0.004501, 0.769847, 3.552705, 0.0
2746.0, 3.141406, -0.046006, -0.004501, 0.769847, 3.552705, 0.0
2762.0, 3.180254, -0.044186, -0.00418, 0.769847, 3.552705, 0.0
2779.0, 3.219029, -0.042389, -0.003767, 0.769847, 3.552705, 0.0
2779.0, 3.219029, -0.042389, -0.003767, 0.769847, 3.552705, 0.0
2797.0, 3.257648, -0.040626, -0.003281, 0.769847, 3.552705, 0.0
2797.0, 3.257648, -0.040626, -0.003281, 0.769847, 3.552705, 0.0
2812.0, 3.296048, -0.038903, -0.002746, 0.769847, 3.552705, 0.0
2829.0, 3.334173, -0.037228, -0.002186, 0.769847, 3.552705, 0.0
2829.0, 3.334173, -0.037228, -0.002186, 0.769847, 3.552705, 0.0
2847.0, 3.371981, -0.035602, -0.001622, 0.769847, 3.552705, 0.0
2847.0, 3.371981, -0.035602, -0.001622, 0.769847, 3.552705, 0.0
2862.0, 3.409436, -0.034028, -0.001073, 0.769847, 3.552705, 0.0
2879.0, 3.446508, -0.032505, -0.000553, 0.769847, 3.552705, 0.0
2879.0, 3.446508, -0.032505, -0.000553, 0.769847, 3.552705, 0.0
2898.0, 3.483176, -0.031034, -0.000071, 0.769847, 3.552705, 0.0
2898.0, 3.483176, -0.031034, -0.000071, 0.769847, 3.552705, 0.0
2913.0, 3.519408, -0.029614, 0.000371, 0.769847, 3.552705, 0.0
2930.0, 3.555198, -0.028244, 0.000763, 0.769847, 3.552705, 0.0
2930.0, 3.555198, -0.028244, 0.000763, 0.769847, 3.552705, 0.0
2946.0, 3.590539, -0.026922, 0.001103, 0.769847, 3.552705, 0.0
2946.0, 3.590539, -0.026922, 0.001103, 0.769847, 3.552705, 0.0
2962.0, 3.625423, -0.025646, 0.001391, 0.770245, 4.052708, 0.0
2979.0, 3.659844, -0.024417, 0.001631, 0.770245, 4.052708, 0.0
2979.0, 3.659844, -0.024417, 0.001631, 0.770245, 4.052708, 0.0
2997.0, 3.693795, -0.023233, 0.001827, 0.770245, 4.052708, 0.0
2997.0, 3.693795, -0.023233, 0.001827, 0.770245, 4.052708, 0.0
3012.0, 3.727284, -0.022093, 0.001979, 0.770245, 4.052708, 0.0
3030.0, 3.760298, -0.020998, 0.002096, 0.770245, 4.052708, 0.0
3030.0, 3.760298, -0.020998, 0.002096, 0.770245, 4.052708, 0.0
3047.0, 3.792829, -0.019948, 0.002187, 0.770245, 4.052708, 0.0
3047.0, 3.792829, -0.019948, 0.002187, 0.770245, 4.052708, 0.0
3062.0, 3.824873, -0.018943, 0.002254, 0.770245, 4.052708, 0.0
3080.0, 3.856428, -0.017984, 0.002301, 0.770245, 4.052708, 0.0
3080.0, 3.856428, -0.017984, 0.002301, 0.770245, 4.052708, 0.0
3098.0, 3.887492, -0.017071, 0.002331, 0.770245, 4.052708, 0.0
3098.0, 3.887492, -0.017071, 0.002331, 0.770245, 4.052708, 0.0
3113.0, 3.918153, -0.016194, 0.002312, 0.770245, 4.052708, 0.0
3130.0, 3.948549, -0.015339, 0.002203, 0.770245, 4.052708, 0.0
3130.0, 3.948549, -0.015339, 0.002203, 0.770245, 4.052708, 0.0
3146.0, 3.978808, -0.014492, 0.001988, 0.770245, 4.052708, 0.0
3146.0, 3.978808, -0.014492, 0.001988, 0.770245, 4.052708, 0.0
3162.0, 4.009045, -0.013639, 0.001667, 0.770245, 4.052708, 0.0
3178.0, 4.039355, -0.012768, 0.001253, 0.770245, 4.052708, 0.0
3178.0, 4.039355, -0.012768, 0.001253, 0.770245, 4.052708, 0.0
3197.0, 4.06982, -0.011869, 0.000767, 0.770245, 4.052708, 0.0
3197.0, 4.06982, -0.011869, 0.000767, 0.770245, 4.052708, 0.0
3213.0, 4.100518, -0.010934, 0.000228, 0.770643, 4.552712, 0.0
3230.0, 4.131493, -0.009956, -0.000335, 0.770643, 4.552712, 0.0
3230.0, 4.131493, -0.009956, -0.000335, 0.770643, 4.552712, 0.0
3246.0, 4.162786, -0.008933, -0.0009, 0.770643, 4.552712, 0.0
3246.0, 4.162786, -0.008933, -0.0009, 0.770643, 4.552712, 0.0
3263.0, 4.19443, -0.007861, -0.001448, 0.770643, 4.552712, 0.0
3280.0, 4.226454, -0.006739, -0.001967, 0.770643, 4.552712, 0.0
3280.0, 4.226454, -0.006739, -0.001967, 0.770643, 4.552712, 0.0
3298.0, 4.258889, -0.005565, -0.002446, 0.770643, 4.552712, 0.0
3298.0, 4.258889, -0.005565, -0.002446, 0.770643, 4.552712, 0.0
3312.0, 4.291724, -0.004341, -0.002874, 0.770643, 4.552712, 0.0
3331.0, 4.324992, -0.003066, -0.003253, 0.770643, 4.552712, 0.0
3331.0, 4.324992, -0.003066, -0.003253, 0.770643, 4.552712, 0.0
3347.0, 4.358707, -0.001741, -0.003585, 0.770643, 4.552712, 0.0
3347.0, 4.358707, -0.001741, -0.003585, 0.770643, 4.552712, 0.0
3362.0, 4.392882, -0.000366, -0.003871, 0.770643, 4.552712, 0.0
3379.0, 4.427524, 0.001058, -0.004112, 0.770643, 4.552712, 0.0
3379.0, 4.427524, 0.001058, -0.004112, 0.770643, 4.552712, 0.0
3397.0, 4.462638, 0.002531, -0.004311, 0.770643, 4.552712, 0.0
3397.0, 4.462638, 0.002531, -0.004311, 0.770643, 4.552712, 0.0
3412.0, 4.498244, 0.004053, -0.004478, 0.770643, 4.552712, 0.0
3429.0, 4.534334, 0.005623, -0.00461, 0.770643, 4.552712, 0.0
3429.0, 4.534334, 0.005623, -0.00461, 0.770643, 4.552712, 0.0
3446.0, 4.57091, 0.007242, -0.004711, 0.770643, 4.552712, 0.0
3446.0, 4.57091, 0.007242, -0.004711, 0.770643, 4.552712, 0.0
3462.0, 4.607969, 0.008908, -0.004783, 0.771042, 5.052724, 0.0
3479.0, 4.645516, 0.010623, -0.004831, 0.771042, 5.052724, 0.0
3479.0, 4.645516, 0.010623, -0.004831, 0.771042, 5.052724, 0.0
3498.0, 4.68355, 0.012386, -0.004861, 0.771042, 5.052724, 0.0
3498.0, 4.68355, 0.012386, -0.004861, 0.771042, 5.052724, 0.0
3513.0, 4.721972, 0.014185, -0.004834, 0.771042, 5.052724, 0.0
3530.0, 4.760655, 0.016005, -0.004718, 0.771042, 5.052724, 0.0
3530.0, 4.760655, 0.016005, -0.004718, 0.771042, 5.052724, 0.0
3547.0, 4.799473, 0.01783, -0.004497, 0.771042, 5.052724, 0.0
3547.0, 4.799473, 0.01783, -0.004497, 0.771042, 5.052724, 0.0
3562.0, 4.838314, 0.019645, -0.004172, 0.771042, 5.052724, 0.0
3580.0, 4.877081, 0.021436, -0.003757, 0.771042, 5.052724, 0.0
3580.0, 4.877081, 0.021436, -0.003757, 0.771042, 5.052724, 0.0
3597.0, 4.915696, 0.023194, -0.00327, 0.771042, 5.052724, 0.0
3597.0, 4.915696, 0.023194, -0.00327, 0.771042, 5.052724, 0.0
3612.0, 4.954077, 0.02491, -0.002731, 0.771042, 5.052724, 0.0
3629.0, 4.99218, 0.026579, -0.002167, 0.771042, 5.052724, 0.0
3629.0, 4.99218, 0.026579, -0.002167, 0.771042, 5.052724, 0.0
3646.0, 5.029992, 0.028198, -0.001603, 0.771042, 5.052724, 0.0
3646.0, 5.029992, 0.028198, -0.001603, 0.771042, 5.052724, 0.0
3663.0, 5.067428, 0.029765, -0.001056, 0.771042, 5.052724, 0.0
3679.0, 5.104486, 0.03128, -0.00054, 0.771042, 5.052724, 0.0
3679.0, 5.104486, 0.03128, -0.00054, 0.771042, 5.052724, 0.0
3698.0, 5.141141, 0.032744, -0.000063, 0.771042, 5.052724, 0.0
3698.0, 5.141141, 0.032744, -0.000063, 0.771042, 5.052724, 0.0
3713.0, 5.177391, 0.034157, 0.000363, 0.77144, 5.552751, 0.0
3730.0, 5.213208, 0.035521, 0.00074, 0.77144, 5.552751, 0.0
3730.0, 5.213208, 0.035521, 0.00074, 0.77144, 5.552751, 0.0
3746.0, 5.248586, 0.036838, 0.001071, 0.77144, 5.552751, 0.0
3746.0, 5.248586, 0.036838, 0.001071, 0.77144, 5.552751, 0.0
3763.0, 5.283496, 0.038107, 0.001356, 0.77144, 5.552751, 0.0
3780.0, 5.317939, 0.039329, 0.001597, 0.77144, 5.552751, 0.0
3780.0, 5.317939, 0.039329, 0.001597, 0.77144, 5.552751, 0.0
3798.0, 5.351908, 0.040506, 0.001796, 0.77144, 5.552751, 0.0
3798.0, 5.351908, 0.040506, 0.001796, 0.77144, 5.552751, 0.0
3813.0, 5.385387, 0.041636, 0.001963, 0.77144, 5.552751, 0.0
3830.0, 5.41838, 0.042721, 0.002095, 0.77144, 5.552751, 0.0
3830.0, 5.41838, 0.042721, 0.002095, 0.77144, 5.552751, 0.0
3845.0, 5.45089, 0.043759, 0.002195, 0.77144, 5.552751, 0.0
3845.0, 5.45089, 0.043759, 0.002195, 0.77144, 5.552751, 0.0
3862.0, 5.482915, 0.044752, 0.002267, 0.77144, 5.552751, 0.0
3879.0, 5.514453, 0.045699, 0.002315, 0.77144, 5.552751, 0.0
3879.0, 5.514453, 0.045699, 0.002315, 0.77144, 5.552751, 0.0
3897.0, 5.545503, 0.0466, 0.002344, 0.77144, 5.552751, 0.0
3897.0, 5.545503, 0.0466, 0.002344, 0.77144, 5.552751, 0.0
3912.0, 5.576177, 0.047464, 0.002312, 0.77144, 5.552751, 0.0
3929.0, 5.606594, 0.048307, 0.002191, 0.77144, 5.552751, 0.0
3929.0, 5.606594, 0.048307, 0.002191, 0.77144, 5.552751, 0.0
3946.0, 5.636875, 0.049142, 0.001967, 0.77144, 5.552751, 0.0
3946.0, 5.636875, 0.049142, 0.001967, 0.77144, 5.552751, 0.0
3963.0, 5.667132, 0.049984, 0.001641, 0.771838, 6.052763, 0.0
3980.0, 5.697462, 0.050844, 0.001226, 0.771838, 6.052763, 0.0
3980.0, 5.697462, 0.050844, 0.001226, 0.771838, 6.052763, 0.0
3998.0, 5.727943, 0.051731, 0.000741, 0.771838, 6.052763, 0.0
3998.0, 5.727943, 0.051731, 0.000741, 0.771838, 6.052763, 0.0
4013.0, 5.75863, 0.052654, 0.000215, 0.771838, 6.052763, 0.0
4030.0, 5.789586, 0.053618, -0.000337, 0.771838, 6.052763, 0.0
4030.0, 5.789586, 0.053618, -0.000337, 0.771838, 6.052763, 0.0
4046.0, 5.820858, 0.054628, -0.000893, 0.771838, 6.052763, 0.0
4046.0, 5.820858, 0.054628, -0.000893, 0.771838, 6.052763, 0.0
4063.0, 5.852483, 0.055686, -0.001438, 0.771838, 6.052763, 0.0
4080.0, 5.884491, 0.056795, -0.001956, 0.771838, 6.052763, 0.0
4080.0, 5.884491, 0.056795, -0.001956, 0.771838, 6.052763, 0.0
4098.0, 5.916903, 0.057954, -0.002436, 0.771838, 6.052763, 0.0
4098.0, 5.916903, 0.057954, -0.002436, 0.771838, 6.052763, 0.0
4112.0, 5.949753, 0.059166, -0.002877, 0.771838, 6.052763, 0.0
4129.0, 5.983043, 0.060429, -0.00327, 0.771838, 6.052763, 0.0
4129.0, 5.983043, 0.060429, -0.00327, 0.771838, 6.052763, 0.0
4146.0, 6.016783, 0.061743, -0.00361, 0.771838, 6.052763, 0.0
4146.0, 6.016783, 0.061743, -0.00361, 0.771838, 6.052763, 0.0
4162.0, 6.050981, 0.063106, -0.0039, 0.771838, 6.052763, 0.0
4180.0, 6.085642, 0.064519, -0.004141, 0.771838, 6.052763, 0.0
4180.0, 6.085642, 0.064519, -0.004141, 0.771838, 6.052763, 0.0
4197.0, 6.120774, 0.065981, -0.004339, 0.771838, 6.052763, 0.0
4197.0, 6.120774, 0.065981, -0.004339, 0.771838, 6.052763, 0.0
4212.0, 6.156367, 0.067491, -0.004492, 0.772236, 6.552769, 0.0
4230.0, 6.192435, 0.069049, -0.00461, 0.772236, 6.552769, 0.0
4230.0, 6.192435, 0.069049, -0.00461, 0.772236, 6.552769, 0.0
4246.0, 6.228986, 0.070654, -0.004701, 0.772236, 6.552769, 0.0
4246.0, 6.228986, 0.070654, -0.004701, 0.772236, 6.552769, 0.0
4263.0, 6.266024, 0.072307, -0.004769, 0.772236, 6.552769, 0.0
4280.0, 6.30355, 0.074008, -0.004817, 0.772236, 6.552769, 0.0
4280.0, 6.30355, 0.074008, -0.004817, 0.772236, 6.552769, 0.0
4298.0, 6.341568, 0.075758, -0.004849, 0.772236, 6.552769, 0.0
4298.0, 6.341568, 0.075758, -0.004849, 0.772236, 6.552769, 0.0
4312.0, 6.379992, 0.077545, -0.004832, 0.772236, 6.552769, 0.0
4330.0, 6.418682, 0.079354, -0.004725, 0.772236, 6.552769, 0.0
4330.0, 6.418682, 0.079354, -0.004725, 0.772236, 6.552769, 0.0
4347.0, 6.457508, 0.081168, -0.004512, 0.772236, 6.552769, 0.0
4347.0, 6.457508, 0.081168, -0.004512, 0.772236, 6.552769, 0.0
4363.0, 6.496357, 0.082972, -0.004191, 0.772236, 6.552769, 0.0
4379.0, 6.535132, 0.084753, -0.003778, 0.772236, 6.552769, 0.0
4379.0, 6.535132, 0.084753, -0.003778, 0.772236, 6.552769, 0.0
4398.0, 6.573754, 0.0865, -0.003292, 0.772236, 6.552769, 0.0
4398.0, 6.573754, 0.0865, -0.003292, 0.772236, 6.552769, 0.0
4412.0, 6.612155, 0.088205, -0.002757, 0.772236, 6.552769, 0.0
4430.0, 6.650283, 0.089863, -0.002197, 0.772236, 6.552769, 0.0
4430.0, 6.650283, 0.089863, -0.002197, 0.772236, 6.552769, 0.0
4447.0, 6.688092, 0.09147, -0.001634, 0.772236, 6.552769, 0.0
4447.0, 6.688092, 0.09147, -0.001634, 0.772236, 6.552769, 0.0
4463.0, 6.725548, 0.093025, -0.001085, 0.772634, 7.052773, 0.0
4480.0, 6.762623, 0.094527, -0.000565, 0.772634, 7.052773, 0.0
4480.0, 6.762623, 0.094527, -0.000565, 0.772634, 7.052773, 0.0
4496.0, 6.799293, 0.095977, -0.000084, 0.772634, 7.052773, 0.0
4496.0, 6.799293, 0.095977, -0.000084, 0.772634, 7.052773, 0.0
4512.0, 6.835526, 0.097376, 0.000357, 0.772634, 7.052773, 0.0
4529.0, 6.871318, 0.098724, 0.000749, 0.772634, 7.052773, 0.0
4529.0, 6.871318, 0.098724, 0.000749, 0.772634, 7.052773, 0.0
4546.0, 6.906662, 0.100023, 0.001088, 0.772634, 7.052773, 0.0
4546.0, 6.906662, 0.100023, 0.001088, 0.772634, 7.052773, 0.0
4562.0, 6.941549, 0.101275, 0.001376, 0.772634, 7.052773, 0.0
4579.0, 6.975972, 0.102479, 0.001616, 0.772634, 7.052773, 0.0
4579.0, 6.975972, 0.102479, 0.001616, 0.772634, 7.052773, 0.0
4597.0, 7.009926, 0.103638, 0.001811, 0.772634, 7.052773, 0.0
4597.0, 7.009926, 0.103638, 0.001811, 0.772634, 7.052773, 0.0
4613.0, 7.043421, 0.104751, 0.001962, 0.772634, 7.052773, 0.0
4629.0, 7.076437, 0.105818, 0.002079, 0.772634, 7.052773, 0.0
4629.0, 7.076437, 0.105818, 0.002079, 0.772634, 7.052773, 0.0
4646.0, 7.108971, 0.10684, 0.002169, 0.772634, 7.052773, 0.0
4646.0, 7.108971, 0.10684, 0.002169, 0.772634, 7.052773, 0.0
4662.0, 7.141018, 0.107816, 0.002235, 0.772634, 7.052773, 0.0
4680.0, 7.172575, 0.108746, 0.002282, 0.772634, 7.052773, 0.0
4680.0, 7.172575, 0.108746, 0.002282, 0.772634, 7.052773, 0.0
4698.0, 7.203642, 0.109628, 0.002312, 0.772634, 7.052773, 0.0
4698.0, 7.203642, 0.109628, 0.002312, 0.772634, 7.052773, 0.0
4713.0, 7.234306, 0.110474, 0.002291, 0.773032, 7.552782, 0.0
4730.0, 7.264705, 0.111297, 0.002182, 0.773032, 7.552782, 0.0
4730.0, 7.264705, 0.111297, 0.002182, 0.773032, 7.552782, 0.0
4745.0, 7.294968, 0.112112, 0.001967, 0.773032, 7.552782, 0.0
4745.0, 7.294968, 0.112112, 0.001967, 0.773032, 7.552782, 0.0
4762.0, 7.325207, 0.112932, 0.001645, 0.773032, 7.552782, 0.0
4779.0, 7.355522, 0.113771, 0.001231, 0.773032, 7.552782, 0.0
4779.0, 7.355522, 0.113771, 0.001231, 0.773032, 7.552782, 0.0
4797.0, 7.38599, 0.114637, 0.000744, 0.773032, 7.552782, 0.0
4797.0, 7.38599, 0.114637, 0.000744, 0.773032, 7.552782, 0.0
4812.0, 7.41669, 0.11554, 0.000205, 0.773032, 7.552782, 0.0
4830.0, 7.447668, 0.116484, -0.000358, 0.773032, 7.552782, 0.0
4830.0, 7.447668, 0.116484, -0.000358, 0.773032, 7.552782, 0.0
4847.0, 7.478964, 0.117475, -0.000923, 0.773032, 7.552782, 0.0
4847.0, 7.478964, 0.117475, -0.000923, 0.773032, 7.552782, 0.0
4862.0, 7.510612, 0.118514, -0.001472, 0.773032, 7.552782, 0.0
4880.0, 7.542639, 0.119604, -0.00199, 0.773032, 7.552782, 0.0
4880.0, 7.542639, 0.119604, -0.00199, 0.773032, 7.552782, 0.0
4897.0, 7.575069, 0.120745, -0.002469, 0.773032, 7.552782, 0.0
4897.0, 7.575069, 0.120745, -0.002469, 0.773032, 7.552782, 0.0
4912.0, 7.607908, 0.121937, -0.002897, 0.773032, 7.552782, 0.0
4930.0, 7.641179, 0.123179, -0.003277, 0.773032, 7.552782, 0.0
4930.0, 7.641179, 0.123179, -0.003277, 0.773032, 7.552782, 0.0
4946.0, 7.674898, 0.124472, -0.003608, 0.773032, 7.552782, 0.0
4946.0, 7.674898, 0.124472, -0.003608, 0.773032, 7.552782, 0.0
4963.0, 7.709075, 0.125815, -0.003894, 0.773431, 8.052786, 0.0
4979.0, 7.74372, 0.127208, -0.004135, 0.773431, 8.052786, 0.0
4979.0, 7.74372, 0.127208, -0.004135, 0.773431, 8.052786, 0.0
4997.0, 7.778837, 0.128649, -0.004334, 0.773431, 8.052786, 0.0
4997.0, 7.778837, 0.128649, -0.004334, 0.773431, 8.052786, 0.0
5012.0, 7.814445, 0.130139, -0.004501, 0.773431, 8.052786, 0.0
5030.0, 7.850539, 0.131679, -0.004633, 0.773431, 8.052786, 0.0
5030.0, 7.850539, 0.131679, -0.004633, 0.773431, 8.052786, 0.0
5047.0, 7.887117, 0.133267, -0.004733, 0.773431, 8.052786, 0.0
5047.0, 7.887117, 0.133267, -0.004733, 0.773431, 8.052786, 0.0
5063.0, 7.92418, 0.134903, -0.004805, 0.773431, 8.052786, 0.0
5079.0, 7.961729, 0.136588, -0.004854, 0.773431, 8.052786, 0.0
5079.0, 7.961729, 0.136588, -0.004854, 0.773431, 8.052786, 0.0
5098.0, 7.999766, 0.138321, -0.004883, 0.773431, 8.052786, 0.0
5098.0, 7.999766, 0.138321, -0.004883, 0.773431, 8.052786, 0.0
5113.0, 8.038191, 0.140091, -0.004856, 0.773431, 8.052786, 0.0
5130.0, 8.076876, 0.141882, -0.004739, 0.773431, 8.052786, 0.0
5130.0, 8.076876, 0.141882, -0.004739, 0.773431, 8.052786, 0.0
5145.0, 8.115697, 0.143678, -0.004518, 0.773431, 8.052786, 0.0
5145.0, 8.115697, 0.143678, -0.004518, 0.773431, 8.052786, 0.0
5162.0, 8.154539, 0.145463, -0.004193, 0.773431, 8.052786, 0.0
5179.0, 8.19331, 0.147225, -0.003777, 0.773431, 8.052786, 0.0
5179.0, 8.19331, 0.147225, -0.003777, 0.773431, 8.052786, 0.0
5197.0, 8.231927, 0.148953, -0.003291, 0.773431, 8.052786, 0.0
5197.0, 8.231927, 0.148953, -0.003291, 0.773431, 8.052786, 0.0
5212.0, 8.27031, 0.150638, -0.002752, 0.773829, 8.55279, 0.0
5229.0, 8.308417, 0.152275, -0.002189, 0.773829, 8.55279, 0.0
5229.0, 8.308417, 0.152275, -0.002189, 0.773829, 8.55279, 0.0
5246.0, 8.346207, 0.153862, -0.001625, 0.773829, 8.55279, 0.0
5246.0, 8.346207, 0.153862, -0.001625, 0.773829, 8.55279, 0.0
5262.0, 8.383646, 0.155396, -0.001079, 0.773829, 8.55279, 0.0
5278.0, 8.420707, 0.156877, -0.000562, 0.773829, 8.55279, 0.0
5278.0, 8.420707, 0.156877, -0.000562, 0.773829, 8.55279, 0.0
5297.0, 8.457366, 0.158307, -0.000086, 0.773829, 8.55279, 0.0
5297.0, 8.457366, 0.158307, -0.000086, 0.773829, 8.55279, 0.0
5312.0, 8.493619, 0.159685, 0.00034, 0.773829, 8.55279, 0.0
5329.0, 8.52944, 0.161014, 0.000717, 0.773829, 8.55279, 0.0
5329.0, 8.52944, 0.161014, 0.000717, 0.773829, 8.55279, 0.0
5345.0, 8.564814, 0.162293, 0.001047, 0.773829, 8.55279, 0.0
5345.0, 8.564814, 0.162293, 0.001047, 0.773829, 8.55279, 0.0
5362.0, 8.599727, 0.163525, 0.001331, 0.773829, 8.55279, 0.0
5379.0, 8.634174, 0.164709, 0.001571, 0.773829, 8.55279, 0.0
5379.0, 8.634174, 0.164709, 0.001571, 0.773829, 8.55279, 0.0
5396.0, 8.668147, 0.165846, 0.00177, 0.773829, 8.55279, 0.0
5396.0, 8.668147, 0.165846, 0.00177, 0.773829, 8.55279, 0.0
5413.0, 8.70163, 0.166937, 0.001936, 0.773829, 8.55279, 0.0
5430.0, 8.734628, 0.16798, 0.002068, 0.773829, 8.55279, 0.0
5430.0, 8.734628, 0.16798, 0.002068, 0.773829, 8.55279, 0.0
5446.0, 8.767142, 0.168978, 0.002167, 0.773829, 8.55279, 0.0
5446.0, 8.767142, 0.168978, 0.002167, 0.773829, 8.55279, 0.0
5462.0, 8.799171, 0.169928, 0.002239, 0.774227, 9.052794, 0.0
5480.0, 8.830714, 0.170831, 0.002286, 0.774227, 9.052794, 0.0
5480.0, 8.830714, 0.170831, 0.002286, 0.774227, 9.052794, 0.0
5497.0, 8.861769, 0.171687, 0.002315, 0.774227, 9.052794, 0.0
5497.0, 8.861769, 0.171687, 0.002315, 0.774227, 9.052794, 0.0
5513.0, 8.892448, 0.172507, 0.002281, 0.774227, 9.052794, 0.0
5530.0, 8.92287, 0.173304, 0.00216, 0.774227, 9.052794, 0.0
5530.0, 8.92287, 0.173304, 0.00216, 0.774227, 9.052794, 0.0
5546.0, 8.953156, 0.174093, 0.001935, 0.774227, 9.052794, 0.0
5546.0, 8.953156, 0.174093, 0.001935, 0.774227, 9.052794, 0.0
5563.0, 8.983418, 0.174889, 0.001609, 0.774227, 9.052794, 0.0
5580.0, 9.013753, 0.175702, 0.001193, 0.774227, 9.052794, 0.0
5580.0, 9.013753, 0.175702, 0.001193, 0.774227, 9.052794, 0.0
5598.0, 9.044239, 0.176543, 0.000708, 0.774227, 9.052794, 0.0
5598.0, 9.044239, 0.176543, 0.000708, 0.774227, 9.052794, 0.0
5613.0, 9.074943, 0.177419, 0.000177, 0.774227, 9.052794, 0.0
5628.0, 9.105919, 0.178337, -0.000379, 0.774227, 9.052794, 0.0
5628.0, 9.105919, 0.178337, -0.000379, 0.774227, 9.052794, 0.0
5645.0, 9.137212, 0.179302, -0.000938, 0.774227, 9.052794, 0.0
5645.0, 9.137212, 0.179302, -0.000938, 0.774227, 9.052794, 0.0
5662.0, 9.168856, 0.180314, -0.001483, 0.774227, 9.052794, 0.0
5680.0, 9.20088, 0.181378, -0.002, 0.774227, 9.052794, 0.0
5680.0, 9.20088, 0.181378, -0.002, 0.774227, 9.052794, 0.0
5697.0, 9.233308, 0.182492, -0.002478, 0.774227, 9.052794, 0.0
5697.0, 9.233308, 0.182492, -0.002478, 0.774227, 9.052794, 0.0
5713.0, 9.266145, 0.183658, -0.002907, 0.774625, 9.552796, 0.0
5730.0, 9.299415, 0.184874, -0.003287, 0.774625, 9.552796, 0.0
5730.0, 9.299415, 0.184874, -0.003287, 0.774625, 9.552796, 0.0
5747.0, 9.333134, 0.186141, -0.003621, 0.774625, 9.552796, 0.0
5747.0, 9.333134, 0.186141, -0.003621, 0.774625, 9.552796, 0.0
5763.0, 9.367311, 0.187459, -0.003907, 0.774625, 9.552796, 0.0
5780.0, 9.401957, 0.188826, -0.00415, 0.774625, 9.552796, 0.0
5780.0, 9.401957, 0.188826, -0.00415, 0.774625, 9.552796, 0.0
5798.0, 9.437076, 0.190242, -0.00435, 0.774625, 9.552796, 0.0
5798.0, 9.437076, 0.190242, -0.00435, 0.774625, 9.552796, 0.0
5813.0, 9.472585, 0.191696, -0.004477, 0.774625, 9.552796, 0.0
5829.0, 9.508348, 0.193171, -0.004492, 0.774625, 9.552796, 0.0
5829.0, 9.508348, 0.193171, -0.004492, 0.774625, 9.552796, 0.0
5846.0, 9.54424, 0.19465, -0.00438, 0.774625, 9.552796, 0.0
5846.0, 9.54424, 0.19465, -0.00438, 0.774625, 9.552796, 0.0
5862.0, 9.580147, 0.196118, -0.004143, 0.774625, 9.552796, 0.0
5880.0, 9.615973, 0.197562, -0.003796, 0.774625, 9.552796, 0.0
5880.0, 9.615973, 0.197562, -0.003796, 0.774625, 9.552796, 0.0
5898.0, 9.651641, 0.19897, -0.003364, 0.774625, 9.552796, 0.0
5898.0, 9.651641, 0.19897, -0.003364, 0.774625, 9.552796, 0.0
5914.0, 9.687071, 0.200334, -0.002866, 0.774625, 9.552796, 0.0
5929.0, 9.722219, 0.20165, -0.002335, 0.774625, 9.552796, 0.0
5929.0, 9.722219, 0.20165, -0.002335, 0.774625, 9.552796, 0.0
5946.0, 9.757049, 0.202913, -0.001794, 0.774625, 9.552796, 0.0
5946.0, 9.757049, 0.202913, -0.001794, 0.774625, 9.552796, 0.0
5963.0, 9.791523, 0.204123, -0.001265, 0.775023, 10.0528, 0.0
5980.0, 9.825616, 0.205278, -0.00076, 0.775023, 10.0528, 0.0
5980.0, 9.825616, 0.205278, -0.00076, 0.775023, 10.0528, 0.0
5998.0, 9.859305, 0.20638, -0.000292, 0.775023, 10.0528, 0.0
5998.0, 9.859305, 0.20638, -0.000292, 0.775023, 10.0528, 0.0
6013.0, 9.892585, 0.20743, 0.000128, 0.775023, 10.0528, 0.0
6030.0, 9.925441, 0.208428, 0.000502, 0.775023, 10.0528, 0.0
6030.0, 9.925441, 0.208428, 0.000502, 0.775023, 10.0528, 0.0
6046.0, 9.957838, 0.209377, 0.00083, 0.775023, 10.0528, 0.0
6046.0, 9.957838, 0.209377, 0.00083, 0.775023, 10.0528, 0.0
6063.0, 9.989775, 0.210276, 0.001113, 0.775023, 10.0528, 0.0
6079.0, 10.021243, 0.211127, 0.001351, 0.775023, 10.0528, 0.0
6079.0, 10.021243, 0.211127, 0.001351, 0.775023, 10.0528, 0.0
6097.0, 10.052238, 0.21193, 0.001549, 0.775023, 10.0528, 0.0
6097.0, 10.052238, 0.21193, 0.001549, 0.775023, 10.0528, 0.0
6112.0, 10.082844, 0.212697, 0.001672, 0.775023, 10.0528, 0.0
6129.0, 10.113194, 0.213443, 0.001685, 0.775023, 10.0528, 0.0
6129.0, 10.113194, 0.213443, 0.001685, 0.775023, 10.0528, 0.0
6145.0, 10.143419, 0.214183, 0.00157, 0.775023, 10.0528, 0.0
6145.0, 10.143419, 0.214183, 0.00157, 0.775023, 10.0528, 0.0
6162.0, 10.173629, 0.214932, 0.001331, 0.775023, 10.0528, 0.0
6180.0, 10.203918, 0.215702, 0.000984, 0.775023, 10.0528, 0.0
6180.0, 10.203918, 0.215702, 0.000984, 0.775023, 10.0528, 0.0
6198.0, 10.234365, 0.216502, 0.000551, 0.775023, 10.0528, 0.0
6198.0, 10.234365, 0.216502, 0.000551, 0.775023, 10.0528, 0.0
6213.0, 10.265051, 0.217342, 0.000054, 0.775421, 10.552814, 0.0
6231.0, 10.296016, 0.218226, -0.000477, 0.775421, 10.552814, 0.0
6231.0, 10.296016, 0.218226, -0.000477, 0.775421, 10.552814, 0.0
6246.0, 10.327302, 0.21916, -0.001017, 0.775421, 10.552814, 0.0
6246.0, 10.327302, 0.21916, -0.001017, 0.775421, 10.552814, 0.0
6263.0, 10.358942, 0.220145, -0.001547, 0.775421, 10.552814, 0.0
6280.0, 10.390965, 0.221183, -0.002052, 0.775421, 10.552814, 0.0
6280.0, 10.390965, 0.221183, -0.002052, 0.775421, 10.552814, 0.0
6298.0, 10.42339, 0.222274, -0.002521, 0.775421, 10.552814, 0.0
6298.0, 10.42339, 0.222274, -0.002521, 0.775421, 10.552814, 0.0
6313.0, 10.456239, 0.223419, -0.002947, 0.775421, 10.552814, 0.0
6328.0, 10.489524, 0.224616, -0.003326, 0.775421, 10.552814, 0.0
6328.0, 10.489524, 0.224616, -0.003326, 0.775421, 10.552814, 0.0
6346.0, 10.523259, 0.225866, -0.003656, 0.775421, 10.552814, 0.0
6346.0, 10.523259, 0.225866, -0.003656, 0.775421, 10.552814, 0.0
6363.0, 10.557451, 0.227167, -0.00394, 0.775421, 10.552814, 0.0
6379.0, 10.59211, 0.228519, -0.004178, 0.775421, 10.552814, 0.0
6379.0, 10.59211, 0.228519, -0.004178, 0.775421, 10.552814, 0.0
6398.0, 10.627239, 0.229921, -0.004374, 0.775421, 10.552814, 0.0
6398.0, 10.627239, 0.229921, -0.004374, 0.775421, 10.552814, 0.0
6413.0, 10.662832, 0.231372, -0.004526, 0.775421, 10.552814, 0.0
6430.0, 10.698901, 0.232872, -0.004645, 0.775421, 10.552814, 0.0
6430.0, 10.698901, 0.232872, -0.004645, 0.775421, 10.552814, 0.0
6447.0, 10.735453, 0.234421, -0.004737, 0.775421, 10.552814, 0.0
6447.0, 10.735453, 0.234421, -0.004737, 0.775421, 10.552814, 0.0
6463.0, 10.772492, 0.236019, -0.004806, 0.77582, 11.052818, 0.0
6481.0, 10.810021, 0.237667, -0.004855, 0.77582, 11.052818, 0.0
6481.0, 10.810021, 0.237667, -0.004855, 0.77582, 11.052818, 0.0
6498.0, 10.848042, 0.239364, -0.004888, 0.77582, 11.052818, 0.0
6498.0, 10.848042, 0.239364, -0.004888, 0.77582, 11.052818, 0.0
6513.0, 10.886468, 0.241099, -0.004871, 0.77582, 11.052818, 0.0
6529.0, 10.925161, 0.242856, -0.004765, 0.77582, 11.052818, 0.0
6529.0, 10.925161, 0.242856, -0.004765, 0.77582, 11.052818, 0.0
6546.0, 10.963992, 0.244619, -0.004552, 0.77582, 11.052818, 0.0
6546.0, 10.963992, 0.244619, -0.004552, 0.77582, 11.052818, 0.0
6562.0, 11.002846, 0.246372, -0.004232, 0.77582, 11.052818, 0.0
6580.0, 11.041626, 0.248101, -0.003818, 0.77582, 11.052818, 0.0
6580.0, 11.041626, 0.248101, -0.003818, 0.77582, 11.052818, 0.0
6599.0, 11.080253, 0.249796, -0.003332, 0.77582, 11.052818, 0.0
6599.0, 11.080253, 0.249796, -0.003332, 0.77582, 11.052818, 0.0
6613.0, 11.118644, 0.251448, -0.002791, 0.77582, 11.052818, 0.0
6630.0, 11.156758, 0.253052, -0.002226, 0.77582, 11.052818, 0.0
6630.0, 11.156758, 0.253052, -0.002226, 0.77582, 11.052818, 0.0
6647.0, 11.194866, 0.254617, -0.001656, 0.77582, 11.052818, 0.0
6647.0, 11.194866, 0.254617, -0.001656, 0.77582, 11.052818, 0.0
6663.0, 11.232309, 0.256116, -0.001107, 0.77582, 11.052818, 0.0
6681.0, 11.269373, 0.257562, -0.000588, 0.77582, 11.052818, 0.0
6681.0, 11.269373, 0.257562, -0.000588, 0.77582, 11.052818, 0.0
6698.0, 11.306034, 0.258955, -0.00011, 0.77582, 11.052818, 0.0
6698.0, 11.306034, 0.258955, -0.00011, 0.77582, 11.052818, 0.0
6713.0, 11.34226, 0.260295, 0.000327, 0.776218, 11.5531, 0.0
6731.0, 11.378048, 0.261584, 0.000715, 0.776218, 11.5531, 0.0
6731.0, 11.378048, 0.261584, 0.000715, 0.776218, 11.5531, 0.0
6747.0, 11.413388, 0.262824, 0.00105, 0.776218, 11.5531, 0.0
6747.0, 11.413388, 0.262824, 0.00105, 0.776218, 11.5531, 0.0
6764.0, 11.448274, 0.264015, 0.001335, 0.776218, 11.5531, 0.0
6779.0, 11.482697, 0.265159, 0.001572, 0.776218, 11.5531, 0.0
6779.0, 11.482697, 0.265159, 0.001572, 0.776218, 11.5531, 0.0
6798.0, 11.516651, 0.266255, 0.001765, 0.776218, 11.5531, 0.0
6798.0, 11.516651, 0.266255, 0.001765, 0.776218, 11.5531, 0.0
6812.0, 11.550143, 0.267305, 0.001914, 0.776218, 11.5531, 0.0
6829.0, 11.583162, 0.268309, 0.00203, 0.776218, 11.5531, 0.0
6829.0, 11.583162, 0.268309, 0.00203, 0.776218, 11.5531, 0.0
6846.0, 11.615703, 0.269266, 0.002118, 0.776218, 11.5531, 0.0
6846.0, 11.615703, 0.269266, 0.002118, 0.776218, 11.5531, 0.0
6863.0, 11.647753, 0.270176, 0.002184, 0.776218, 11.5531, 0.0
6880.0, 11.679315, 0.271038, 0.00223, 0.776218, 11.5531, 0.0
6880.0, 11.679315, 0.271038, 0.00223, 0.776218, 11.5531, 0.0
6898.0, 11.710384, 0.271852, 0.00226, 0.776218, 11.5531, 0.0
6898.0, 11.710384, 0.271852, 0.00226, 0.776218, 11.5531, 0.0
6913.0, 11.741076, 0.272629, 0.00223, 0.776218, 11.5531, 0.0
6931.0, 11.771509, 0.273383, 0.002112, 0.776218, 11.5531, 0.0
6931.0, 11.771509, 0.273383, 0.002112, 0.776218, 11.5531, 0.0
6948.0, 11.801805, 0.274128, 0.001892, 0.776218, 11.5531, 0.0
6948.0, 11.801805, 0.274128, 0.001892, 0.776218, 11.5531, 0.0
6963.0, 11.832075, 0.274879, 0.00157, 0.776616, 12.053108, 0.0
6980.0, 11.862414, 0.275648, 0.001158, 0.776616, 12.053108, 0.0
6980.0, 11.862414, 0.275648, 0.001158, 0.776616, 12.053108, 0.0
6998.0, 11.892905, 0.276444, 0.000676, 0.776616, 12.053108, 0.0
6998.0, 11.892905, 0.276444, 0.000676, 0.776616, 12.053108, 0.0
7012.0, 11.923602, 0.277276, 0.000151, 0.776616, 12.053108, 0.0
7029.0, 11.954566, 0.27815, -0.000398, 0.776616, 12.053108, 0.0
7029.0, 11.954566, 0.27815, -0.000398, 0.776616, 12.053108, 0.0
7046.0, 11.985847, 0.279069, -0.000954, 0.776616, 12.053108, 0.0
7046.0, 11.985847, 0.279069, -0.000954, 0.776616, 12.053108, 0.0
7062.0, 12.017479, 0.280037, -0.001498, 0.776616, 12.053108, 0.0
7079.0, 12.049494, 0.281056, -0.002015, 0.776616, 12.053108, 0.0
7079.0, 12.049494, 0.281056, -0.002015, 0.776616, 12.053108, 0.0
7097.0, 12.081913, 0.282126, -0.002496, 0.776616, 12.053108, 0.0
7097.0, 12.081913, 0.282126, -0.002496, 0.776616, 12.053108, 0.0
7113.0, 12.114769, 0.283249, -0.002937, 0.776616, 12.053108, 0.0
7130.0, 12.148065, 0.284424, -0.003329, 0.776616, 12.053108, 0.0
7130.0, 12.148065, 0.284424, -0.003329, 0.776616, 12.053108, 0.0
7147.0, 12.181811, 0.28565, -0.00367, 0.776616, 12.053108, 0.0
7147.0, 12.181811, 0.28565, -0.00367, 0.776616, 12.053108, 0.0
7163.0, 12.216014, 0.286927, -0.00396, 0.776616, 12.053108, 0.0
7182.0, 12.250682, 0.288254, -0.004201, 0.776616, 12.053108, 0.0
7182.0, 12.250682, 0.288254, -0.004201, 0.776616, 12.053108, 0.0
7198.0, 12.285818, 0.28963, -0.004399, 0.776616, 12.053108, 0.0
7198.0, 12.285818, 0.28963, -0.004399, 0.776616, 12.053108, 0.0
7212.0, 12.321329, 0.291044, -0.004516, 0.777014, 12.553112, 0.0
7229.0, 12.357089, 0.292478, -0.004521, 0.777014, 12.553112, 0.0
7229.0, 12.357089, 0.292478, -0.004521, 0.777014, 12.553112, 0.0
7247.0, 12.392974, 0.293916, -0.004402, 0.777014, 12.553112, 0.0
7247.0, 12.392974, 0.293916, -0.004402, 0.777014, 12.553112, 0.0
7263.0, 12.428874, 0.295342, -0.00416, 0.777014, 12.553112, 0.0
7280.0, 12.464695, 0.296743, -0.003811, 0.777014, 12.553112, 0.0
7280.0, 12.464695, 0.296743, -0.003811, 0.777014, 12.553112, 0.0
7298.0, 12.500358, 0.298109, -0.003378, 0.777014, 12.553112, 0.0
7298.0, 12.500358, 0.298109, -0.003378, 0.777014, 12.553112, 0.0
7314.0, 12.535783, 0.299431, -0.002882, 0.777014, 12.553112, 0.0
7331.0, 12.570928, 0.300704, -0.002352, 0.777014, 12.553112, 0.0
7331.0, 12.570928, 0.300704, -0.002352, 0.777014, 12.553112, 0.0
7347.0, 12.605754, 0.301924, -0.001814, 0.777014, 12.553112, 0.0
7347.0, 12.605754, 0.301924, -0.001814, 0.777014, 12.553112, 0.0
7363.0, 12.640226, 0.30309, -0.001286, 0.777014, 12.553112, 0.0
7380.0, 12.674318, 0.304202, -0.000784, 0.777014, 12.553112, 0.0
7380.0, 12.674318, 0.304202, -0.000784, 0.777014, 12.553112, 0.0
7400.0, 12.708007, 0.305259, -0.000318, 0.777014, 12.553112, 0.0
7400.0, 12.708007, 0.305259, -0.000318, 0.777014, 12.553112, 0.0
7412.0, 12.741285, 0.306264, 0.0001, 0.777014, 12.553112, 0.0
7430.0, 12.774131, 0.307218, 0.000472, 0.777014, 12.553112, 0.0
7430.0, 12.774131, 0.307218, 0.000472, 0.777014, 12.553112, 0.0
7446.0, 12.806527, 0.30812, 0.000799, 0.777014, 12.553112, 0.0
7446.0, 12.806527, 0.30812, 0.000799, 0.777014, 12.553112, 0.0
7463.0, 12.838465, 0.308973, 0.00108, 0.777412, 13.053118, 0.0
7480.0, 12.869933, 0.309777, 0.001318, 0.777412, 13.053118, 0.0
7480.0, 12.869933, 0.309777, 0.001318, 0.777412, 13.053118, 0.0
7499.0, 12.900928, 0.310533, 0.001515, 0.777412, 13.053118, 0.0
7499.0, 12.900928, 0.310533, 0.001515, 0.777412, 13.053118, 0.0
7513.0, 12.931535, 0.311253, 0.001637, 0.777412, 13.053118, 0.0
7529.0, 12.961887, 0.31195, 0.001649, 0.777412, 13.053118, 0.0
7529.0, 12.961887, 0.31195, 0.001649, 0.777412, 13.053118, 0.0
7546.0, 12.992112, 0.312642, 0.001534, 0.777412, 13.053118, 0.0
7546.0, 12.992112, 0.312642, 0.001534, 0.777412, 13.053118, 0.0
7563.0, 13.022323, 0.313342, 0.001295, 0.777412, 13.053118, 0.0
7581.0, 13.052641, 0.314063, 0.000948, 0.777412, 13.053118, 0.0
7581.0, 13.052641, 0.314063, 0.000948, 0.777412, 13.053118, 0.0
7598.0, 13.08309, 0.314815, 0.000515, 0.777412, 13.053118, 0.0
7598.0, 13.08309, 0.314815, 0.000515, 0.777412, 13.053118, 0.0
7613.0, 13.113776, 0.315606, 0.000017, 0.777412, 13.053118, 0.0
7633.0, 13.144743, 0.316442, -0.000514, 0.777412, 13.053118, 0.0
7633.0, 13.144743, 0.316442, -0.000514, 0.777412, 13.053118, 0.0
7647.0, 13.176031, 0.317328, -0.001054, 0.777412, 13.053118, 0.0
7647.0, 13.176031, 0.317328, -0.001054, 0.777412, 13.053118, 0.0
7664.0, 13.207672, 0.318265, -0.001584, 0.777412, 13.053118, 0.0
7679.0, 13.239696, 0.319255, -0.002088, 0.777412, 13.053118, 0.0
7679.0, 13.239696, 0.319255, -0.002088, 0.777412, 13.053118, 0.0
7698.0, 13.272123, 0.320298, -0.002557, 0.777412, 13.053118, 0.0
7698.0, 13.272123, 0.320298, -0.002557, 0.777412, 13.053118, 0.0
7714.0, 13.304961, 0.321395, -0.002977, 0.777811, 13.553153, 0.0
7729.0, 13.338232, 0.322545, -0.003352, 0.777811, 13.553153, 0.0
7729.0, 13.338232, 0.322545, -0.003352, 0.777811, 13.553153, 0.0
7747.0, 13.371952, 0.323747, -0.00368, 0.777811, 13.553153, 0.0
7747.0, 13.371952, 0.323747, -0.00368, 0.777811, 13.553153, 0.0
7763.0, 13.406132, 0.325001, -0.003963, 0.777811, 13.553153, 0.0
7779.0, 13.440778, 0.326306, -0.004202, 0.777811, 13.553153, 0.0
7779.0, 13.440778, 0.326306, -0.004202, 0.777811, 13.553153, 0.0
7798.0, 13.475898, 0.327661, -0.0044, 0.777811, 13.553153, 0.0
7798.0, 13.475898, 0.327661, -0.0044, 0.777811, 13.553153, 0.0
7814.0, 13.511409, 0.329055, -0.004524, 0.777811, 13.553153, 0.0
7831.0, 13.547174, 0.330471, -0.004538, 0.777811, 13.553153, 0.0
7831.0, 13.547174, 0.330471, -0.004538, 0.777811, 13.553153, 0.0
7847.0, 13.583067, 0.331892, -0.004424, 0.777811, 13.553153, 0.0
7847.0, 13.583067, 0.331892, -0.004424, 0.777811, 13.553153, 0.0
7863.0, 13.618976, 0.333302, -0.004186, 0.777811, 13.553153, 0.0
7881.0, 13.654804, 0.334687, -0.003839, 0.777811, 13.553153, 0.0
7881.0, 13.654804, 0.334687, -0.003839, 0.777811, 13.553153, 0.0
7899.0, 13.690475, 0.336037, -0.003406, 0.777811, 13.553153, 0.0
7899.0, 13.690475, 0.336037, -0.003406, 0.777811, 13.553153, 0.0
7913.0, 13.725906, 0.337343, -0.002908, 0.777811, 13.553153, 0.0
7929.0, 13.761057, 0.3386, -0.002376, 0.777811, 13.553153, 0.0
7929.0, 13.761057, 0.3386, -0.002376, 0.777811, 13.553153, 0.0
7946.0, 13.795887, 0.339804, -0.001836, 0.777811, 13.553153, 0.0
7946.0, 13.795887, 0.339804, -0.001836, 0.777811, 13.553153, 0.0
7963.0, 13.830364, 0.340954, -0.001306, 0.778209, 14.053157, 0.0
7980.0, 13.86446, 0.34205, -0.000802, 0.778209, 14.053157, 0.0
7980.0, 13.86446, 0.34205, -0.000802, 0.778209, 14.053157, 0.0
7999.0, 13.898152, 0.343091, -0.000334, 0.778209, 14.053157, 0.0
7999.0, 13.898152, 0.343091, -0.000334, 0.778209, 14.053157, 0.0
8013.0, 13.931435, 0.34408, 0.000086, 0.778209, 14.053157, 0.0
8031.0, 13.964283, 0.345017, 0.00046, 0.778209, 14.053157, 0.0
8031.0, 13.964283, 0.345017, 0.00046, 0.778209, 14.053157, 0.0
8046.0, 13.996682, 0.345903, 0.000787, 0.778209, 14.053157, 0.0
8046.0, 13.996682, 0.345903, 0.000787, 0.778209, 14.053157, 0.0
8062.0, 14.028622, 0.34674, 0.001069, 0.778209, 14.053157, 0.0
8081.0, 14.060116, 0.347528, 0.001307, 0.778209, 14.053157, 0.0
8081.0, 14.060116, 0.347528, 0.001307, 0.778209, 14.053157, 0.0
8099.0, 14.091114, 0.348268, 0.001504, 0.778209, 14.053157, 0.0
8099.0, 14.091114, 0.348268, 0.001504, 0.778209, 14.053157, 0.0
8112.0, 14.121723, 0.34897, 0.001627, 0.778209, 14.053157, 0.0
8129.0, 14.152078, 0.349651, 0.001639, 0.778209, 14.053157, 0.0
8129.0, 14.152078, 0.349651, 0.001639, 0.778209, 14.053157, 0.0
8146.0, 14.182304, 0.350327, 0.001524, 0.778209, 14.053157, 0.0
8146.0, 14.182304, 0.350327, 0.001524, 0.778209, 14.053157, 0.0
8163.0, 14.212518, 0.35101, 0.001285, 0.778209, 14.053157, 0.0
8179.0, 14.242809, 0.351714, 0.000938, 0.778209, 14.053157, 0.0
8179.0, 14.242809, 0.351714, 0.000938, 0.778209, 14.053157, 0.0
8199.0, 14.273261, 0.35245, 0.000505, 0.778209, 14.053157, 0.0
8199.0, 14.273261, 0.35245, 0.000505, 0.778209, 14.053157, 0.0
8213.0, 14.303948, 0.353224, 0.000007, 0.778607, 14.553186, 0.0
8231.0, 14.334917, 0.354044, -0.000524, 0.778607, 14.553186, 0.0
8231.0, 14.334917, 0.354044, -0.000524, 0.778607, 14.553186, 0.0
8248.0, 14.366206, 0.354913, -0.001064, 0.778607, 14.553186, 0.0
8248.0, 14.366206, 0.354913, -0.001064, 0.778607, 14.553186, 0.0
8263.0, 14.39785, 0.355834, -0.001594, 0.778607, 14.553186, 0.0
8282.0, 14.429874, 0.356808, -0.002099, 0.778607, 14.553186, 0.0
8282.0, 14.429874, 0.356808, -0.002099, 0.778607, 14.553186, 0.0
8299.0, 14.462304, 0.357835, -0.002568, 0.778607, 14.553186, 0.0
8299.0, 14.462304, 0.357835, -0.002568, 0.778607, 14.553186, 0.0
8312.0, 14.495155, 0.358916, -0.002993, 0.778607, 14.553186, 0.0
8332.0, 14.528444, 0.360051, -0.003372, 0.778607, 14.553186, 0.0
8332.0, 14.528444, 0.360051, -0.003372, 0.778607, 14.553186, 0.0
8346.0, 14.562181, 0.361238, -0.003703, 0.778607, 14.553186, 0.0
8346.0, 14.562181, 0.361238, -0.003703, 0.778607, 14.553186, 0.0
8362.0, 14.596376, 0.362477, -0.003986, 0.778607, 14.553186, 0.0
8379.0, 14.631038, 0.363766, -0.004223, 0.778607, 14.553186, 0.0
8379.0, 14.631038, 0.363766, -0.004223, 0.778607, 14.553186, 0.0
8398.0, 14.66617, 0.365107, -0.004419, 0.778607, 14.553186, 0.0
8398.0, 14.66617, 0.365107, -0.004419, 0.778607, 14.553186, 0.0
8413.0, 14.701766, 0.366497, -0.004571, 0.778607, 14.553186, 0.0
8429.0, 14.737837, 0.367936, -0.00469, 0.778607, 14.553186, 0.0
8429.0, 14.737837, 0.367936, -0.00469, 0.778607, 14.553186, 0.0
8447.0, 14.774392, 0.369425, -0.004782, 0.778607, 14.553186, 0.0
8447.0, 14.774392, 0.369425, -0.004782, 0.778607, 14.553186, 0.0
8462.0, 14.811434, 0.370963, -0.00485, 0.779005, 15.05319, 0.0
8480.0, 14.848966, 0.372551, -0.004899, 0.779005, 15.05319, 0.0
8480.0, 14.848966, 0.372551, -0.004899, 0.779005, 15.05319, 0.0
8499.0, 14.886989, 0.374189, -0.004931, 0.779005, 15.05319, 0.0
8499.0, 14.886989, 0.374189, -0.004931, 0.779005, 15.05319, 0.0
8513.0, 14.925417, 0.375867, -0.004914, 0.779005, 15.05319, 0.0
8530.0, 14.964113, 0.377566, -0.004808, 0.779005, 15.05319, 0.0
8530.0, 14.964113, 0.377566, -0.004808, 0.779005, 15.05319, 0.0
8546.0, 15.002946, 0.379271, -0.004594, 0.779005, 15.05319, 0.0
8547.0, 15.002946, 0.379271, -0.004594, 0.779005, 15.05319, 0.0
8564.0, 15.041802, 0.380966, -0.004273, 0.779005, 15.05319, 0.0
8581.0, 15.080585, 0.382637, -0.003859, 0.779005, 15.05319, 0.0
8581.0, 15.080585, 0.382637, -0.003859, 0.779005, 15.05319, 0.0
8597.0, 15.119214, 0.384273, -0.003373, 0.779005, 15.05319, 0.0
8597.0, 15.119214, 0.384273, -0.003373, 0.779005, 15.05319, 0.0
8613.0, 15.157608, 0.385866, -0.002832, 0.779005, 15.05319, 0.0
8629.0, 15.195724, 0.387411, -0.002268, 0.779005, 15.05319, 0.0
8629.0, 15.195724, 0.387411, -0.002268, 0.779005, 15.05319, 0.0
8646.0, 15.233523, 0.388903, -0.001702, 0.779005, 15.05319, 0.0
8646.0, 15.233523, 0.388903, -0.001702, 0.779005, 15.05319, 0.0
8663.0, 15.270971, 0.390343, -0.001153, 0.779005, 15.05319, 0.0
8680.0, 15.308041, 0.391728, -0.000635, 0.779005, 15.05319, 0.0
8680.0, 15.308041, 0.391728, -0.000635, 0.779005, 15.05319, 0.0
8699.0, 15.344707, 0.39306, -0.000157, 0.779005, 15.05319, 0.0
8699.0, 15.344707, 0.39306, -0.000157, 0.779005, 15.05319, 0.0
8713.0, 15.380968, 0.394339, 0.000269, 0.779403, 15.553194, 0.0
8730.0, 15.416797, 0.395568, 0.000647, 0.779403, 15.553194, 0.0
8730.0, 15.416797, 0.395568, 0.000647, 0.779403, 15.553194, 0.0
8747.0, 15.452177, 0.396746, 0.000978, 0.779403, 15.553194, 0.0
8747.0, 15.452177, 0.396746, 0.000978, 0.779403, 15.553194, 0.0
8763.0, 15.487099, 0.397875, 0.001262, 0.779403, 15.553194, 0.0
8782.0, 15.521554, 0.398955, 0.001502, 0.779403, 15.553194, 0.0
8782.0, 15.521554, 0.398955, 0.001502, 0.779403, 15.553194, 0.0
8798.0, 15.555534, 0.399987, 0.0017, 0.779403, 15.553194, 0.0
8798.0, 15.555534, 0.399987, 0.0017, 0.779403, 15.553194, 0.0
8813.0, 15.589038, 0.400971, 0.00186, 0.779403, 15.553194, 0.0
8830.0, 15.62206, 0.401908, 0.001986, 0.779403, 15.553194, 0.0
8830.0, 15.62206, 0.401908, 0.001986, 0.779403, 15.553194, 0.0
8848.0, 15.654597, 0.402796, 0.002082, 0.779403, 15.553194, 0.0
8848.0, 15.654597, 0.402796, 0.002082, 0.779403, 15.553194, 0.0
8863.0, 15.686648, 0.403637, 0.002152, 0.779403, 15.553194, 0.0
8880.0, 15.71821, 0.404429, 0.0022, 0.779403, 15.553194, 0.0
8880.0, 15.71821, 0.404429, 0.0022, 0.779403, 15.553194, 0.0
8897.0, 15.749283, 0.405173, 0.00223, 0.779403, 15.553194, 0.0
8897.0, 15.749283, 0.405173, 0.00223, 0.779403, 15.553194, 0.0
8912.0, 15.779954, 0.405878, 0.002208, 0.779403, 15.553194, 0.0
8929.0, 15.81036, 0.406559, 0.002096, 0.779403, 15.553194, 0.0
8930.0, 15.81036, 0.406559, 0.002096, 0.779403, 15.553194, 0.0
8945.0, 15.840631, 0.407232, 0.001877, 0.779403, 15.553194, 0.0
8945.0, 15.840631, 0.407232, 0.001877, 0.779403, 15.553194, 0.0
8963.0, 15.87088, 0.407911, 0.001553, 0.779801, 16.053198, 0.0
8980.0, 15.901204, 0.408607, 0.001136, 0.779801, 16.053198, 0.0
8980.0, 15.901204, 0.408607, 0.001136, 0.779801, 16.053198, 0.0
9000.0, 15.931683, 0.409332, 0.000647, 0.779801, 16.053198, 0.0
9000.0, 15.931683, 0.409332, 0.000647, 0.779801, 16.053198, 0.0
9013.0, 15.962394, 0.410093, 0.000106, 0.779801, 16.053198, 0.0
9031.0, 15.993382, 0.410896, -0.000459, 0.779801, 16.053198, 0.0
9031.0, 15.993382, 0.410896, -0.000459, 0.779801, 16.053198, 0.0
9047.0, 16.024689, 0.411746, -0.001025, 0.779801, 16.053198, 0.0
9047.0, 16.024689, 0.411746, -0.001025, 0.779801, 16.053198, 0.0
9064.0, 16.056349, 0.412646, -0.001575, 0.779801, 16.053198, 0.0
9081.0, 16.088387, 0.413597, -0.002094, 0.779801, 16.053198, 0.0
9081.0, 16.088387, 0.413597, -0.002094, 0.779801, 16.053198, 0.0
9099.0, 16.120829, 0.414599, -0.002573, 0.779801, 16.053198, 0.0
9099.0, 16.120829, 0.414599, -0.002573, 0.779801, 16.053198, 0.0
9113.0, 16.153677, 0.415654, -0.003, 0.779801, 16.053198, 0.0
9129.0, 16.18696, 0.41676, -0.003379, 0.779801, 16.053198, 0.0
9129.0, 16.18696, 0.41676, -0.003379, 0.779801, 16.053198, 0.0
9146.0, 16.22069, 0.417917, -0.00371, 0.779801, 16.053198, 0.0
9146.0, 16.22069, 0.417917, -0.00371, 0.779801, 16.053198, 0.0
9162.0, 16.254877, 0.419125, -0.003995, 0.779801, 16.053198, 0.0
9180.0, 16.289557, 0.420385, -0.004235, 0.779801, 16.053198, 0.0
9180.0, 16.289557, 0.420385, -0.004235, 0.779801, 16.053198, 0.0
9199.0, 16.324684, 0.421694, -0.004434, 0.779801, 16.053198, 0.0
9199.0, 16.324684, 0.421694, -0.004434, 0.779801, 16.053198, 0.0
9213.0, 16.360203, 0.42304, -0.004559, 0.7802, 16.553226, 0.0
9230.0, 16.395975, 0.424409, -0.004573, 0.7802, 16.553226, 0.0
9230.0, 16.395975, 0.424409, -0.004573, 0.7802, 16.553226, 0.0
9247.0, 16.431875, 0.425781, -0.004459, 0.7802, 16.553226, 0.0
9247.0, 16.431875, 0.425781, -0.004459, 0.7802, 16.553226, 0.0
9262.0, 16.467793, 0.427142, -0.00422, 0.7802, 16.553226, 0.0
9281.0, 16.503628, 0.428478, -0.003873, 0.7802, 16.553226, 0.0
9281.0, 16.503628, 0.428478, -0.003873, 0.7802, 16.553226, 0.0
9299.0, 16.539303, 0.429778, -0.00344, 0.7802, 16.553226, 0.0
9299.0, 16.539303, 0.429778, -0.00344, 0.7802, 16.553226, 0.0
9313.0, 16.574741, 0.431033, -0.002942, 0.7802, 16.553226, 0.0
9331.0, 16.6099, 0.432239, -0.00241, 0.7802, 16.553226, 0.0
9331.0, 16.6099, 0.432239, -0.00241, 0.7802, 16.553226, 0.0
9349.0, 16.644735, 0.433392, -0.00187, 0.7802, 16.553226, 0.0
9349.0, 16.644735, 0.433392, -0.00187, 0.7802, 16.553226, 0.0
9363.0, 16.679218, 0.43449, -0.001341, 0.7802, 16.553226, 0.0
9379.0, 16.71332, 0.435533, -0.000837, 0.7802, 16.553226, 0.0
9379.0, 16.71332, 0.435533, -0.000837, 0.7802, 16.553226, 0.0
9397.0, 16.747019, 0.436521, -0.000369, 0.7802, 16.553226, 0.0
9397.0, 16.747019, 0.436521, -0.000369, 0.7802, 16.553226, 0.0
9413.0, 16.780308, 0.437455, 0.00005, 0.7802, 16.553226, 0.0
9431.0, 16.813162, 0.438337, 0.000423, 0.7802, 16.553226, 0.0
9431.0, 16.813162, 0.438337, 0.000423, 0.7802, 16.553226, 0.0
9447.0, 16.845568, 0.439168, 0.00075, 0.7802, 16.553226, 0.0
9447.0, 16.845568, 0.439168, 0.00075, 0.7802, 16.553226, 0.0
9463.0, 16.877514, 0.439949, 0.001031, 0.780598, 17.05323, 0.0
9481.0, 16.908991, 0.44068, 0.001269, 0.780598, 17.05323, 0.0
9481.0, 16.908991, 0.44068, 0.001269, 0.780598, 17.05323, 0.0
9498.0, 16.939997, 0.441362, 0.001465, 0.780598, 17.05323, 0.0
9498.0, 16.939997, 0.441362, 0.001465, 0.780598, 17.05323, 0.0
9513.0, 16.970612, 0.442007, 0.001588, 0.780598, 17.05323, 0.0
9530.0, 17.000973, 0.442629, 0.001599, 0.780598, 17.05323, 0.0
9530.0, 17.000973, 0.442629, 0.001599, 0.780598, 17.05323, 0.0
9547.0, 17.031208, 0.443246, 0.001483, 0.780598, 17.05323, 0.0
9547.0, 17.031208, 0.443246, 0.001483, 0.780598, 17.05323, 0.0
9564.0, 17.061426, 0.443871, 0.001244, 0.780598, 17.05323, 0.0
9580.0, 17.091726, 0.444517, 0.000896, 0.780598, 17.05323, 0.0
9580.0, 17.091726, 0.444517, 0.000896, 0.780598, 17.05323, 0.0
9599.0, 17.122183, 0.445194, 0.000463, 0.780598, 17.05323, 0.0
9599.0, 17.122183, 0.445194, 0.000463, 0.780598, 17.05323, 0.0
9613.0, 17.152878, 0.44591, -0.000035, 0.780598, 17.05323, 0.0
9629.0, 17.183853, 0.446672, -0.000566, 0.780598, 17.05323, 0.0
9629.0, 17.183853, 0.446672, -0.000566, 0.780598, 17.05323, 0.0
9647.0, 17.215151, 0.447483, -0.001106, 0.780598, 17.05323, 0.0
9647.0, 17.215151, 0.447483, -0.001106, 0.780598, 17.05323, 0.0
9663.0, 17.246799, 0.448346, -0.001636, 0.780598, 17.05323, 0.0
9679.0, 17.278831, 0.449262, -0.002141, 0.780598, 17.05323, 0.0
9679.0, 17.278831, 0.449262, -0.002141, 0.780598, 17.05323, 0.0
9697.0, 17.311268, 0.450232, -0.00261, 0.780598, 17.05323, 0.0
9697.0, 17.311268, 0.450232, -0.00261, 0.780598, 17.05323, 0.0
9713.0, 17.344128, 0.451256, -0.003035, 0.780996, 17.553234, 0.0
9730.0, 17.377422, 0.452334, -0.003414, 0.780996, 17.553234, 0.0
9730.0, 17.377422, 0.452334, -0.003414, 0.780996, 17.553234, 0.0
9745.0, 17.411167, 0.453465, -0.003744, 0.780996, 17.553234, 0.0
9745.0, 17.411167, 0.453465, -0.003744, 0.780996, 17.553234, 0.0
9762.0, 17.44537, 0.454648, -0.004027, 0.780996, 17.553234, 0.0
9780.0, 17.480038, 0.455882, -0.004264, 0.780996, 17.553234, 0.0
9780.0, 17.480038, 0.455882, -0.004264, 0.780996, 17.553234, 0.0
9797.0, 17.515177, 0.457167, -0.00446, 0.780996, 17.553234, 0.0
9797.0, 17.515177, 0.457167, -0.00446, 0.780996, 17.553234, 0.0
9813.0, 17.550676, 0.45849, -0.004571, 0.780996, 17.553234, 0.0
9830.0, 17.586424, 0.459834, -0.004571, 0.780996, 17.553234, 0.0
9830.0, 17.586424, 0.459834, -0.004571, 0.780996, 17.553234, 0.0
9847.0, 17.622297, 0.461183, -0.00445, 0.780996, 17.553234, 0.0
9847.0, 17.622297, 0.461183, -0.00445, 0.780996, 17.553234, 0.0
9863.0, 17.658188, 0.46252, -0.004209, 0.780996, 17.553234, 0.0
9883.0, 17.694004, 0.463833, -0.003863, 0.780996, 17.553234, 0.0
9883.0, 17.694004, 0.463833, -0.003863, 0.780996, 17.553234, 0.0
9898.0, 17.729662, 0.46511, -0.003434, 0.780996, 17.553234, 0.0
9898.0, 17.729662, 0.46511, -0.003434, 0.780996, 17.553234, 0.0
9913.0, 17.765114, 0.466345, -0.002952, 0.780996, 17.553234, 0.0
9930.0, 17.800295, 0.467531, -0.002435, 0.780996, 17.553234, 0.0
9930.0, 17.800295, 0.467531, -0.002435, 0.780996, 17.553234, 0.0
9948.0, 17.835157, 0.468664, -0.001905, 0.780996, 17.553234, 0.0
9948.0, 17.835157, 0.468664, -0.001905, 0.780996, 17.553234, 0.0
9965.0, 17.869663, 0.469743, -0.00138, 0.781394, 18.053238, 0.0
9980.0, 17.903786, 0.470766, -0.000877, 0.781394, 18.053238, 0.0
9980.0, 17.903786, 0.470766, -0.000877, 0.781394, 18.053238, 0.0
