1.0, 0.0, 0.0, 0.002231, 0.382773, -0.923842, 0.0
13.0, -0.000051, -0.000257, -0.004075, 0.382773, -0.923842, 0.0
13.0, -0.000051, -0.000257, -0.004075, 0.382773, -0.923842, 0.0
31.0, -0.000002, -0.000391, -0.009541, 0.382773, -0.923842, 0.0
31.0, -0.000002, -0.000391, -0.009541, 0.382773, -0.923842, 0.0
46.0, 0.000247, -0.000322, -0.012359, 0.382773, -0.923842, 0.0
64.0, 0.000769, -0.000126, -0.013626, 0.382773, -0.923842, 0.0
64.0, 0.000769, -0.000126, -0.013626, 0.382773, -0.923842, 0.0
81.0, 0.00162, 0.000083, -0.01378, 0.382773, -0.923842, 0.0
81.0, 0.00162, 0.000083, -0.01378, 0.382773, -0.923842, 0.0
97.0, 0.002839, 0.00019, -0.013171, 0.304537, -0.895143, 0.0
116.0, 0.004458, 0.000085, -0.01208, 0.304537, -0.895143, 0.0
116.0, 0.004458, 0.000085, -0.01208, 0.304537, -0.895143, 0.0
132.0, 0.00624, -0.000249, -0.012908, 0.304537, -0.895143, 0.0
133.0, 0.00624, -0.000249, -0.012908, 0.304537, -0.895143, 0.0
147.0, 0.00833, -0.000664, -0.014367, 0.304537, -0.895143, 0.0
165.0, 0.010668, -0.001146, -0.015137, 0.304537, -0.895143, 0.0
165.0, 0.010668, -0.001146, -0.015137, 0.304537, -0.895143, 0.0
181.0, 0.013091, -0.00168, -0.015208, 0.304537, -0.895143, 0.0
181.0, 0.013091, -0.00168, -0.015208, 0.304537, -0.895143, 0.0
197.0, 0.015543, -0.002242, -0.01483, 0.304537, -0.895143, 0.0
214.0, 0.017352, -0.002844, -0.012169, 0.304537, -0.895143, 0.0
214.0, 0.017352, -0.002844, -0.012169, 0.304537, -0.895143, 0.0
232.0, 0.019347, -0.003118, -0.010269, 0.304537, -0.895143, 0.0
232.0, 0.019347, -0.003118, -0.010269, 0.304537, -0.895143, 0.0
247.0, 0.021214, -0.0034, -0.008624, 0.304537, -0.895143, 0.0
264.0, 0.022805, -0.003709, -0.007254, 0.304537, -0.895143, 0.0
264.0, 0.022805, -0.003709, -0.007254, 0.304537, -0.895143, 0.0
281.0, 0.024114, -0.004095, -0.006172, 0.304537, -0.895143, 0.0
281.0, 0.024114, -0.004095, -0.006172, 0.304537, -0.895143, 0.0
297.0, 0.025072, -0.004554, -0.005336, 0.304537, -0.895143, 0.0
314.0, 0.02569, -0.005078, -0.004671, 0.304537, -0.895143, 0.0
314.0, 0.02569, -0.005078, -0.004671, 0.304537, -0.895143, 0.0
332.0, 0.025995, -0.005673, -0.004118, 0.304537, -0.895143, 0.0
332.0, 0.025995, -0.005673, -0.004118, 0.304537, -0.895143, 0.0
347.0, 0.026012, -0.006371, -0.003621, 0.069829, -0.809044, 0.0
365.0, 0.025725, -0.007227, -0.003131, 0.069829, -0.809044, 0.0
365.0, 0.025725, -0.007227, -0.003131, 0.069829, -0.809044, 0.0
381.0, 0.025082, -0.00828, -0.002617, 0.069829, -0.809044, 0.0
381.0, 0.025082, -0.00828, -0.002617, 0.069829, -0.809044, 0.0
397.0, 0.024024, -0.00954, -0.002071, 0.069829, -0.809044, 0.0
414.0, 0.022506, -0.010997, -0.001503, 0.069829, -0.809044, 0.0
414.0, 0.022506, -0.010997, -0.001503, 0.069829, -0.809044, 0.0
433.0, 0.020498, -0.012638, -0.000928, 0.069829, -0.809044, 0.0
433.0, 0.020498, -0.012638, -0.000928, 0.069829, -0.809044, 0.0
447.0, 0.017985, -0.014441, -0.000365, 0.069829, -0.809044, 0.0
464.0, 0.014959, -0.016393, 0.000169, 0.069829, -0.809044, 0.0
464.0, 0.014959, -0.016393, 0.000169, 0.069829, -0.809044, 0.0
481.0, 0.011416, -0.01848, 0.000663, 0.069829, -0.809044, 0.0
481.0, 0.011416, -0.01848, 0.000663, 0.069829, -0.809044, 0.0
497.0, 0.007356, -0.020692, 0.001107, 0.069829, -0.809044, 0.0
514.0, 0.002782, -0.023024, 0.001496, 0.069829, -0.809044, 0.0
514.0, 0.002782, -0.023024, 0.001496, 0.069829, -0.809044, 0.0
532.0, -0.002306, -0.02547, 0.001829, 0.069829, -0.809044, 0.0
532.0, -0.002306, -0.02547, 0.001829, 0.069829, -0.809044, 0.0
547.0, -0.007803, -0.028008, 0.002067, 0.069829, -0.809044, 0.0
565.0, -0.01358, -0.030611, 0.002177, 0.069829, -0.809044, 0.0
565.0, -0.01358, -0.030611, 0.002177, 0.069829, -0.809044, 0.0
582.0, -0.019507, -0.033255, 0.002145, 0.069829, -0.809044, 0.0
582.0, -0.019507, -0.033255, 0.002145, 0.069829, -0.809044, 0.0
597.0, -0.025471, -0.035918, 0.001974, -0.164887, -0.722942, 0.0
615.0, -0.031373, -0.038584, 0.00168, -0.164887, -0.722942, 0.0
615.0, -0.031373, -0.038584, 0.00168, -0.164887, -0.722942, 0.0
633.0, -0.037131, -0.041238, 0.001288, -0.164887, -0.722942, 0.0
633.0, -0.037131, -0.041238, 0.001288, -0.164887, -0.722942, 0.0
648.0, -0.042676, -0.043871, 0.000821, -0.164887, -0.722942, 0.0
663.0, -0.047953, -0.046478, 0.000306, -0.164887, -0.722942, 0.0
663.0, -0.047953, -0.046478, 0.000306, -0.164887, -0.722942, 0.0
680.0, -0.052919, -0.049052, -0.000235, -0.164887, -0.722942, 0.0
680.0, -0.052919, -0.049052, -0.000235, -0.164887, -0.722942, 0.0
697.0, -0.057539, -0.051592, -0.000781, -0.164887, -0.722942, 0.0
713.0, -0.061783, -0.054092, -0.001318, -0.164887, -0.722942, 0.0
713.0, -0.061783, -0.054092, -0.001318, -0.164887, -0.722942, 0.0
731.0, -0.065631, -0.056551, -0.001836, -0.164887, -0.722942, 0.0
731.0, -0.065631, -0.056551, -0.001836, -0.164887, -0.722942, 0.0
746.0, -0.069065, -0.058965, -0.002326, -0.164887, -0.722942, 0.0
763.0, -0.072071, -0.061334, -0.002786, -0.164887, -0.722942, 0.0
763.0, -0.072071, -0.061334, -0.002786, -0.164887, -0.722942, 0.0
781.0, -0.074642, -0.063655, -0.003214, -0.164887, -0.722942, 0.0
781.0, -0.074642, -0.063655, -0.003214, -0.164887, -0.722942, 0.0
798.0, -0.07677, -0.065927, -0.003609, -0.164887, -0.722942, 0.0
814.0, -0.078454, -0.068149, -0.003972, -0.164887, -0.722942, 0.0
814.0, -0.078454, -0.068149, -0.003972, -0.164887, -0.722942, 0.0
831.0, -0.079696, -0.070322, -0.004298, -0.164887, -0.722942, 0.0
831.0, -0.079696, -0.070322, -0.004298, -0.164887, -0.722942, 0.0
848.0, -0.0805, -0.072449, -0.004579, -0.399596, -0.636842, 0.0
865.0, -0.080871, -0.074536, -0.004808, -0.399596, -0.636842, 0.0
865.0, -0.080871, -0.074536, -0.004808, -0.399596, -0.636842, 0.0
881.0, -0.08081, -0.076598, -0.004984, -0.399596, -0.636842, 0.0
881.0, -0.08081, -0.076598, -0.004984, -0.399596, -0.636842, 0.0
897.0, -0.080309, -0.078649, -0.00512, -0.399596, -0.636842, 0.0
914.0, -0.079355, -0.080701, -0.005244, -0.399596, -0.636842, 0.0
914.0, -0.079355, -0.080701, -0.005244, -0.399596, -0.636842, 0.0
931.0, -0.077925, -0.082758, -0.005384, -0.399596, -0.636842, 0.0
931.0, -0.077925, -0.082758, -0.005384, -0.399596, -0.636842, 0.0
947.0, -0.076003, -0.084815, -0.005553, -0.399596, -0.636842, 0.0
963.0, -0.073573, -0.08686, -0.005754, -0.399596, -0.636842, 0.0
963.0, -0.073573, -0.08686, -0.005754, -0.399596, -0.636842, 0.0
981.0, -0.070624, -0.08888, -0.005981, -0.399596, -0.636842, 0.0
981.0, -0.070624, -0.08888, -0.005981, -0.399596, -0.636842, 0.0
997.0, -0.067151, -0.090864, -0.00622, -0.399596, -0.636842, 0.0
1014.0, -0.063152, -0.0928, -0.006459, -0.399596, -0.636842, 0.0
1014.0, -0.063152, -0.0928, -0.006459, -0.399596, -0.636842, 0.0
1032.0, -0.058625, -0.09468, -0.006685, -0.399596, -0.636842, 0.0
1032.0, -0.058625, -0.09468, -0.006685, -0.399596, -0.636842, 0.0
1047.0, -0.053671, -0.096516, -0.006851, -0.399596, -0.636842, 0.0
1065.0, -0.048386, -0.098334, -0.006917, -0.399596, -0.636842, 0.0
1065.0, -0.048386, -0.098334, -0.006917, -0.399596, -0.636842, 0.0
1081.0, -0.042966, -0.10013, -0.006863, -0.399596, -0.636842, 0.0
1081.0, -0.042966, -0.10013, -0.006863, -0.399596, -0.636842, 0.0
1097.0, -0.037491, -0.101933, -0.006688, -0.634409, -0.550705, 0.0
1114.0, -0.032061, -0.103759, -0.006405, -0.634409, -0.550705, 0.0
1114.0, -0.032061, -0.103759, -0.006405, -0.634409, -0.550705, 0.0
1133.0, -0.026758, -0.105623, -0.006032, -0.634409, -0.550705, 0.0
1133.0, -0.026758, -0.105623, -0.006032, -0.634409, -0.550705, 0.0
1147.0, -0.021657, -0.107535, -0.005595, -0.634409, -0.550705, 0.0
1164.0, -0.016806, -0.109511, -0.005119, -0.634409, -0.550705, 0.0
1164.0, -0.016806, -0.109511, -0.005119, -0.634409, -0.550705, 0.0
1181.0, -0.012248, -0.111563, -0.004626, -0.634409, -0.550705, 0.0
1181.0, -0.012248, -0.111563, -0.004626, -0.634409, -0.550705, 0.0
1197.0, -0.008016, -0.113699, -0.004133, -0.634409, -0.550705, 0.0
1214.0, -0.004138, -0.115927, -0.003654, -0.634409, -0.550705, 0.0
1214.0, -0.004138, -0.115927, -0.003654, -0.634409, -0.550705, 0.0
1233.0, -0.000633, -0.118252, -0.003194, -0.634409, -0.550705, 0.0
1233.0, -0.000633, -0.118252, -0.003194, -0.634409, -0.550705, 0.0
1247.0, 0.002485, -0.120682, -0.002758, -0.634409, -0.550705, 0.0
1264.0, 0.005201, -0.123218, -0.002342, -0.634409, -0.550705, 0.0
1264.0, 0.005201, -0.123218, -0.002342, -0.634409, -0.550705, 0.0
1282.0, 0.007508, -0.125864, -0.001943, -0.634409, -0.550705, 0.0
1282.0, 0.007508, -0.125864, -0.001943, -0.634409, -0.550705, 0.0
1299.0, 0.009398, -0.128623, -0.001557, -0.634409, -0.550705, 0.0
1315.0, 0.010868, -0.131501, -0.001184, -0.634409, -0.550705, 0.0
1315.0, 0.010868, -0.131501, -0.001184, -0.634409, -0.550705, 0.0
1332.0, 0.011915, -0.134507, -0.000826, -0.634409, -0.550705, 0.0
1332.0, 0.011915, -0.134507, -0.000826, -0.634409, -0.550705, 0.0
1349.0, 0.012532, -0.137644, -0.000489, -0.869118, -0.464605, 0.0
1365.0, 0.01271, -0.14092, -0.000184, -0.869118, -0.464605, 0.0
1365.0, 0.01271, -0.14092, -0.000184, -0.869118, -0.464605, 0.0
1382.0, 0.01244, -0.144337, 0.000084, -0.869118, -0.464605, 0.0
1382.0, 0.01244, -0.144337, 0.000084, -0.869118, -0.464605, 0.0
1397.0, 0.01171, -0.147898, 0.000309, -0.869118, -0.464605, 0.0
1414.0, 0.010508, -0.151603, 0.000489, -0.869118, -0.464605, 0.0
1414.0, 0.010508, -0.151603, 0.000489, -0.869118, -0.464605, 0.0
1432.0, 0.008824, -0.155449, 0.000629, -0.869118, -0.464605, 0.0
1432.0, 0.008824, -0.155449, 0.000629, -0.869118, -0.464605, 0.0
1447.0, 0.006748, -0.159411, 0.000694, -0.869118, -0.464605, 0.0
1464.0, 0.004394, -0.163457, 0.000658, -0.869118, -0.464605, 0.0
1464.0, 0.004394, -0.163457, 0.000658, -0.869118, -0.464605, 0.0
1481.0, 0.001881, -0.167557, 0.000508, -0.869118, -0.464605, 0.0
1481.0, 0.001881, -0.167557, 0.000508, -0.869118, -0.464605, 0.0
1497.0, -0.000683, -0.171686, 0.000249, -0.869118, -0.464605, 0.0
1514.0, -0.003205, -0.175821, -0.000109, -0.869118, -0.464605, 0.0
1514.0, -0.003205, -0.175821, -0.000109, -0.869118, -0.464605, 0.0
1532.0, -0.005603, -0.179947, -0.000543, -0.869118, -0.464605, 0.0
1532.0, -0.005603, -0.179947, -0.000543, -0.869118, -0.464605, 0.0
1547.0, -0.007813, -0.184054, -0.001032, -0.869118, -0.464605, 0.0
1565.0, -0.009779, -0.188136, -0.001551, -0.869118, -0.464605, 0.0
1565.0, -0.009779, -0.188136, -0.001551, -0.869118, -0.464605, 0.0
1582.0, -0.011456, -0.192191, -0.00208, -0.869118, -0.464605, 0.0
1582.0, -0.011456, -0.192191, -0.00208, -0.869118, -0.464605, 0.0
1597.0, -0.012809, -0.196215, -0.002597, -1.103827, -0.378506, 0.0
1615.0, -0.013809, -0.200209, -0.003088, -1.103827, -0.378506, 0.0
1615.0, -0.013809, -0.200209, -0.003088, -1.103827, -0.378506, 0.0
1632.0, -0.014434, -0.204175, -0.003539, -1.103827, -0.378506, 0.0
1632.0, -0.014434, -0.204175, -0.003539, -1.103827, -0.378506, 0.0
1647.0, -0.014665, -0.208115, -0.003947, -1.103827, -0.378506, 0.0
1665.0, -0.014485, -0.212035, -0.004309, -1.103827, -0.378506, 0.0
1665.0, -0.014485, -0.212035, -0.004309, -1.103827, -0.378506, 0.0
1680.0, -0.01388, -0.215942, -0.004632, -1.103827, -0.378506, 0.0
1680.0, -0.01388, -0.215942, -0.004632, -1.103827, -0.378506, 0.0
1697.0, -0.012834, -0.219839, -0.004926, -1.103827, -0.378506, 0.0
1715.0, -0.011336, -0.223729, -0.005201, -1.103827, -0.378506, 0.0
1715.0, -0.011336, -0.223729, -0.005201, -1.103827, -0.378506, 0.0
1732.0, -0.009372, -0.227616, -0.005468, -1.103827, -0.378506, 0.0
1732.0, -0.009372, -0.227616, -0.005468, -1.103827, -0.378506, 0.0
1748.0, -0.00693, -0.231497, -0.005735, -1.103827, -0.378506, 0.0
1765.0, -0.004001, -0.235368, -0.006004, -1.103827, -0.378506, 0.0
1765.0, -0.004001, -0.235368, -0.006004, -1.103827, -0.378506, 0.0
1781.0, -0.000578, -0.239224, -0.006276, -1.103827, -0.378506, 0.0
1781.0, -0.000578, -0.239224, -0.006276, -1.103827, -0.378506, 0.0
1798.0, 0.003344, -0.243059, -0.00655, -1.103827, -0.378506, 0.0
1815.0, 0.007769, -0.24687, -0.006818, -1.103827, -0.378506, 0.0
1815.0, 0.007769, -0.24687, -0.006818, -1.103827, -0.378506, 0.0
1831.0, 0.012701, -0.250652, -0.007078, -1.103827, -0.378506, 0.0
1831.0, 0.012701, -0.250652, -0.007078, -1.103827, -0.378506, 0.0
1847.0, 0.018138, -0.254396, -0.007322, -1.338539, -0.292406, 0.0
1864.0, 0.024081, -0.258096, -0.007548, -1.338539, -0.292406, 0.0
1864.0, 0.024081, -0.258096, -0.007548, -1.338539, -0.292406, 0.0
1881.0, 0.030532, -0.261743, -0.007752, -1.338539, -0.292406, 0.0
1881.0, 0.030532, -0.261743, -0.007752, -1.338539, -0.292406, 0.0
1897.0, 0.037489, -0.265333, -0.00793, -1.338539, -0.292406, 0.0
1914.0, 0.044951, -0.268859, -0.008083, -1.338539, -0.292406, 0.0
1914.0, 0.044951, -0.268859, -0.008083, -1.338539, -0.292406, 0.0
1932.0, 0.052918, -0.272318, -0.008208, -1.338539, -0.292406, 0.0
1932.0, 0.052918, -0.272318, -0.008208, -1.338539, -0.292406, 0.0
1947.0, 0.061293, -0.275728, -0.00827, -1.338539, -0.292406, 0.0
1964.0, 0.069946, -0.279114, -0.008233, -1.338539, -0.292406, 0.0
1964.0, 0.069946, -0.279114, -0.008233, -1.338539, -0.292406, 0.0
1981.0, 0.078753, -0.282499, -0.008084, -1.338539, -0.292406, 0.0
1981.0, 0.078753, -0.282499, -0.008084, -1.338539, -0.292406, 0.0
1997.0, 0.087601, -0.285904, -0.007824, -1.338539, -0.292406, 0.0
2014.0, 0.096394, -0.289351, -0.007466, -1.338539, -0.292406, 0.0
2014.0, 0.096394, -0.289351, -0.007466, -1.338539, -0.292406, 0.0
2035.0, 0.105054, -0.292856, -0.007032, -1.338539, -0.292406, 0.0
2035.0, 0.105054, -0.292856, -0.007032, -1.338539, -0.292406, 0.0
2047.0, 0.113512, -0.296436, -0.006546, -1.338539, -0.292406, 0.0
2064.0, 0.121717, -0.300106, -0.006031, -1.338539, -0.292406, 0.0
2064.0, 0.121717, -0.300106, -0.006031, -1.338539, -0.292406, 0.0
2081.0, 0.129628, -0.30388, -0.005509, -1.338539, -0.292406, 0.0
2081.0, 0.129628, -0.30388, -0.005509, -1.338539, -0.292406, 0.0
2099.0, 0.137211, -0.307769, -0.004998, -1.573251, -0.206305, 0.0
2114.0, 0.144438, -0.31178, -0.00451, -1.573251, -0.206305, 0.0
2114.0, 0.144438, -0.31178, -0.00451, -1.573251, -0.206305, 0.0
2132.0, 0.151289, -0.315921, -0.004054, -1.573251, -0.206305, 0.0
2132.0, 0.151289, -0.315921, -0.004054, -1.573251, -0.206305, 0.0
2147.0, 0.157743, -0.320197, -0.003636, -1.573251, -0.206305, 0.0
2165.0, 0.16379, -0.324612, -0.003257, -1.573251, -0.206305, 0.0
2165.0, 0.16379, -0.324612, -0.003257, -1.573251, -0.206305, 0.0
2182.0, 0.169421, -0.329171, -0.002917, -1.573251, -0.206305, 0.0
2182.0, 0.169421, -0.329171, -0.002917, -1.573251, -0.206305, 0.0
2197.0, 0.174627, -0.333877, -0.002613, -1.573251, -0.206305, 0.0
2215.0, 0.179403, -0.338735, -0.002342, -1.573251, -0.206305, 0.0
2215.0, 0.179403, -0.338735, -0.002342, -1.573251, -0.206305, 0.0
2233.0, 0.183757, -0.34376, -0.002096, -1.573251, -0.206305, 0.0
2233.0, 0.183757, -0.34376, -0.002096, -1.573251, -0.206305, 0.0
2247.0, 0.187656, -0.348924, -0.001874, -1.573251, -0.206305, 0.0
2265.0, 0.191111, -0.354241, -0.001669, -1.573251, -0.206305, 0.0
2265.0, 0.191111, -0.354241, -0.001669, -1.573251, -0.206305, 0.0
2284.0, 0.194119, -0.359709, -0.001479, -1.573251, -0.206305, 0.0
2284.0, 0.194119, -0.359709, -0.001479, -1.573251, -0.206305, 0.0
2297.0, 0.196675, -0.365329, -0.001303, -1.573251, -0.206305, 0.0
2313.0, 0.198777, -0.3711, -0.001141, -1.573251, -0.206305, 0.0
2313.0, 0.198777, -0.3711, -0.001141, -1.573251, -0.206305, 0.0
2331.0, 0.200422, -0.377022, -0.000994, -1.573251, -0.206305, 0.0
2331.0, 0.200422, -0.377022, -0.000994, -1.573251, -0.206305, 0.0
2347.0, 0.201702, -0.383073, -0.000903, -1.808008, -0.120188, 0.0
2363.0, 0.202729, -0.389222, -0.0009, -1.808008, -0.120188, 0.0
2363.0, 0.202729, -0.389222, -0.0009, -1.808008, -0.120188, 0.0
2380.0, 0.203618, -0.395437, -0.001001, -1.808008, -0.120188, 0.0
2380.0, 0.203618, -0.395437, -0.001001, -1.808008, -0.120188, 0.0
2397.0, 0.20447, -0.401691, -0.001207, -1.808008, -0.120188, 0.0
2414.0, 0.205376, -0.407961, -0.001507, -1.808008, -0.120188, 0.0
2414.0, 0.205376, -0.407961, -0.001507, -1.808008, -0.120188, 0.0
2433.0, 0.206411, -0.414225, -0.001885, -1.808008, -0.120188, 0.0
2433.0, 0.206411, -0.414225, -0.001885, -1.808008, -0.120188, 0.0
2447.0, 0.207642, -0.420473, -0.002322, -1.808008, -0.120188, 0.0
2464.0, 0.209122, -0.426694, -0.0028, -1.808008, -0.120188, 0.0
2464.0, 0.209122, -0.426694, -0.0028, -1.808008, -0.120188, 0.0
2483.0, 0.210898, -0.432882, -0.0033, -1.808008, -0.120188, 0.0
2483.0, 0.210898, -0.432882, -0.0033, -1.808008, -0.120188, 0.0
2497.0, 0.213005, -0.439032, -0.00381, -1.808008, -0.120188, 0.0
2516.0, 0.215476, -0.44514, -0.004317, -1.808008, -0.120188, 0.0
2516.0, 0.215476, -0.44514, -0.004317, -1.808008, -0.120188, 0.0
2531.0, 0.218336, -0.451202, -0.004815, -1.808008, -0.120188, 0.0
2531.0, 0.218336, -0.451202, -0.004815, -1.808008, -0.120188, 0.0
2547.0, 0.221607, -0.457218, -0.005295, -1.808008, -0.120188, 0.0
2564.0, 0.225306, -0.463184, -0.005755, -1.808008, -0.120188, 0.0
2564.0, 0.225306, -0.463184, -0.005755, -1.808008, -0.120188, 0.0
2580.0, 0.229448, -0.469098, -0.006192, -1.808008, -0.120188, 0.0
2581.0, 0.229448, -0.469098, -0.006192, -1.808008, -0.120188, 0.0
2597.0, 0.234045, -0.47496, -0.006602, -2.042717, -0.034089, 0.0
2614.0, 0.239105, -0.480768, -0.006984, -2.042717, -0.034089, 0.0
2614.0, 0.239105, -0.480768, -0.006984, -2.042717, -0.034089, 0.0
2632.0, 0.244638, -0.486519, -0.007338, -2.042717, -0.034089, 0.0
2632.0, 0.244638, -0.486519, -0.007338, -2.042717, -0.034089, 0.0
2648.0, 0.250646, -0.492208, -0.00766, -2.042717, -0.034089, 0.0
2663.0, 0.257135, -0.49783, -0.007953, -2.042717, -0.034089, 0.0
2663.0, 0.257135, -0.49783, -0.007953, -2.042717, -0.034089, 0.0
2681.0, 0.264109, -0.503381, -0.008215, -2.042717, -0.034089, 0.0
2681.0, 0.264109, -0.503381, -0.008215, -2.042717, -0.034089, 0.0
2697.0, 0.27157, -0.508858, -0.008446, -2.042717, -0.034089, 0.0
2714.0, 0.279521, -0.514256, -0.008648, -2.042717, -0.034089, 0.0
2714.0, 0.279521, -0.514256, -0.008648, -2.042717, -0.034089, 0.0
2733.0, 0.287963, -0.519573, -0.008821, -2.042717, -0.034089, 0.0
2733.0, 0.287963, -0.519573, -0.008821, -2.042717, -0.034089, 0.0
2748.0, 0.296801, -0.524832, -0.008928, -2.042717, -0.034089, 0.0
2771.0, 0.305912, -0.530058, -0.008936, -2.042717, -0.034089, 0.0
2771.0, 0.305912, -0.530058, -0.008936, -2.042717, -0.034089, 0.0
2781.0, 0.315256, -0.535327, -0.008827, -2.042717, -0.034089, 0.0
2781.0, 0.315256, -0.535327, -0.008827, -2.042717, -0.034089, 0.0
2797.0, 0.324551, -0.540567, -0.008605, -2.042717, -0.034089, 0.0
2814.0, 0.33379, -0.545849, -0.00828, -2.042717, -0.034089, 0.0
2814.0, 0.33379, -0.545849, -0.00828, -2.042717, -0.034089, 0.0
2832.0, 0.342893, -0.55119, -0.007873, -2.042717, -0.034089, 0.0
2832.0, 0.342893, -0.55119, -0.007873, -2.042717, -0.034089, 0.0
2847.0, 0.351785, -0.556605, -0.007403, -2.277574, 0.052065, 0.0
2864.0, 0.360423, -0.562113, -0.006899, -2.277574, 0.052065, 0.0
2864.0, 0.360423, -0.562113, -0.006899, -2.277574, 0.052065, 0.0
2881.0, 0.368769, -0.567732, -0.006384, -2.277574, 0.052065, 0.0
2881.0, 0.368769, -0.567732, -0.006384, -2.277574, 0.052065, 0.0
2897.0, 0.37679, -0.573473, -0.005875, -2.277574, 0.052065, 0.0
2914.0, 0.38446, -0.579347, -0.005386, -2.277574, 0.052065, 0.0
2914.0, 0.38446, -0.579347, -0.005386, -2.277574, 0.052065, 0.0
2932.0, 0.391757, -0.585362, -0.004926, -2.277574, 0.052065, 0.0
2932.0, 0.391757, -0.585362, -0.004926, -2.277574, 0.052065, 0.0
2947.0, 0.398671, -0.591528, -0.004503, -2.277574, 0.052065, 0.0
2964.0, 0.405183, -0.597847, -0.004117, -2.277574, 0.052065, 0.0
2964.0, 0.405183, -0.597847, -0.004117, -2.277574, 0.052065, 0.0
2981.0, 0.411281, -0.604322, -0.003768, -2.277574, 0.052065, 0.0
2981.0, 0.411281, -0.604322, -0.003768, -2.277574, 0.052065, 0.0
2997.0, 0.416955, -0.610956, -0.003455, -2.277574, 0.052065, 0.0
3014.0, 0.4222, -0.617751, -0.003175, -2.277574, 0.052065, 0.0
3014.0, 0.4222, -0.617751, -0.003175, -2.277574, 0.052065, 0.0
3032.0, 0.427009, -0.624711, -0.002928, -2.277574, 0.052065, 0.0
3032.0, 0.427009, -0.624711, -0.002928, -2.277574, 0.052065, 0.0
3047.0, 0.431379, -0.631838, -0.002709, -2.277574, 0.052065, 0.0
3065.0, 0.435304, -0.639128, -0.002515, -2.277574, 0.052065, 0.0
3065.0, 0.435304, -0.639128, -0.002515, -2.277574, 0.052065, 0.0
3079.0, 0.438778, -0.64658, -0.002344, -2.277574, 0.052065, 0.0
3079.0, 0.438778, -0.64658, -0.002344, -2.277574, 0.052065, 0.0
3097.0, 0.441799, -0.654191, -0.002194, -2.512283, 0.138164, 0.0
3114.0, 0.444363, -0.661962, -0.002065, -2.512283, 0.138164, 0.0
3114.0, 0.444363, -0.661962, -0.002065, -2.512283, 0.138164, 0.0
3132.0, 0.446467, -0.66989, -0.001955, -2.512283, 0.138164, 0.0
3132.0, 0.446467, -0.66989, -0.001955, -2.512283, 0.138164, 0.0
3147.0, 0.448204, -0.677952, -0.001904, -2.512283, 0.138164, 0.0
3164.0, 0.44969, -0.686112, -0.001943, -2.512283, 0.138164, 0.0
3164.0, 0.44969, -0.686112, -0.001943, -2.512283, 0.138164, 0.0
3181.0, 0.45104, -0.694339, -0.002085, -2.512283, 0.138164, 0.0
3181.0, 0.45104, -0.694339, -0.002085, -2.512283, 0.138164, 0.0
3197.0, 0.452359, -0.702605, -0.002332, -2.512283, 0.138164, 0.0
3215.0, 0.453737, -0.710882, -0.002672, -2.512283, 0.138164, 0.0
3215.0, 0.453737, -0.710882, -0.002672, -2.512283, 0.138164, 0.0
3232.0, 0.455251, -0.719151, -0.003087, -2.512283, 0.138164, 0.0
3232.0, 0.455251, -0.719151, -0.003087, -2.512283, 0.138164, 0.0
3249.0, 0.456966, -0.727394, -0.003557, -2.512283, 0.138164, 0.0
3264.0, 0.458938, -0.735605, -0.004062, -2.512283, 0.138164, 0.0
3264.0, 0.458938, -0.735605, -0.004062, -2.512283, 0.138164, 0.0
3282.0, 0.461209, -0.743777, -0.004584, -2.512283, 0.138164, 0.0
3282.0, 0.461209, -0.743777, -0.004584, -2.512283, 0.138164, 0.0
3297.0, 0.463819, -0.751907, -0.005108, -2.512283, 0.138164, 0.0
3314.0, 0.466796, -0.759991, -0.005622, -2.512283, 0.138164, 0.0
3314.0, 0.466796, -0.759991, -0.005622, -2.512283, 0.138164, 0.0
3332.0, 0.470175, -0.768047, -0.006117, -2.512283, 0.138164, 0.0
3332.0, 0.470175, -0.768047, -0.006117, -2.512283, 0.138164, 0.0
3347.0, 0.473958, -0.776028, -0.006587, -2.747036, 0.22428, 0.0
3364.0, 0.478171, -0.783955, -0.007027, -2.747036, 0.22428, 0.0
3364.0, 0.478171, -0.783955, -0.007027, -2.747036, 0.22428, 0.0
3381.0, 0.482826, -0.791826, -0.007435, -2.747036, 0.22428, 0.0
3381.0, 0.482826, -0.791826, -0.007435, -2.747036, 0.22428, 0.0
3397.0, 0.487935, -0.79964, -0.007811, -2.747036, 0.22428, 0.0
3414.0, 0.493506, -0.807395, -0.008155, -2.747036, 0.22428, 0.0
3414.0, 0.493506, -0.807395, -0.008155, -2.747036, 0.22428, 0.0
3432.0, 0.499546, -0.81509, -0.008468, -2.747036, 0.22428, 0.0
3432.0, 0.499546, -0.81509, -0.008468, -2.747036, 0.22428, 0.0
3447.0, 0.506063, -0.822723, -0.008752, -2.747036, 0.22428, 0.0
3465.0, 0.51306, -0.830288, -0.009007, -2.747036, 0.22428, 0.0
3465.0, 0.51306, -0.830288, -0.009007, -2.747036, 0.22428, 0.0
3482.0, 0.520539, -0.837778, -0.009234, -2.747036, 0.22428, 0.0
3482.0, 0.520539, -0.837778, -0.009234, -2.747036, 0.22428, 0.0
3497.0, 0.528501, -0.845189, -0.009434, -2.747036, 0.22428, 0.0
3514.0, 0.536949, -0.852517, -0.009608, -2.747036, 0.22428, 0.0
3514.0, 0.536949, -0.852517, -0.009608, -2.747036, 0.22428, 0.0
3532.0, 0.545884, -0.859758, -0.00976, -2.747036, 0.22428, 0.0
3532.0, 0.545884, -0.859758, -0.00976, -2.747036, 0.22428, 0.0
3547.0, 0.555205, -0.866933, -0.00985, -2.747036, 0.22428, 0.0
3564.0, 0.564794, -0.874074, -0.009845, -2.747036, 0.22428, 0.0
3564.0, 0.564794, -0.874074, -0.009845, -2.747036, 0.22428, 0.0
3581.0, 0.574554, -0.881227, -0.00973, -2.747036, 0.22428, 0.0
3581.0, 0.574554, -0.881227, -0.00973, -2.747036, 0.22428, 0.0
3597.0, 0.584329, -0.888386, -0.009506, -2.981785, 0.310393, 0.0
3614.0, 0.59405, -0.895591, -0.00918, -2.981785, 0.310393, 0.0
3614.0, 0.59405, -0.895591, -0.00918, -2.981785, 0.310393, 0.0
3632.0, 0.603637, -0.902863, -0.008775, -2.981785, 0.310393, 0.0
3632.0, 0.603637, -0.902863, -0.008775, -2.981785, 0.310393, 0.0
3647.0, 0.613027, -0.910221, -0.008312, -2.981785, 0.310393, 0.0
3665.0, 0.622169, -0.917683, -0.007814, -2.981785, 0.310393, 0.0
3665.0, 0.622169, -0.917683, -0.007814, -2.981785, 0.310393, 0.0
3682.0, 0.631021, -0.925264, -0.007302, -2.981785, 0.310393, 0.0
3682.0, 0.631021, -0.925264, -0.007302, -2.981785, 0.310393, 0.0
3697.0, 0.639551, -0.932978, -0.006794, -2.981785, 0.310393, 0.0
3715.0, 0.64773, -0.940833, -0.006304, -2.981785, 0.310393, 0.0
3715.0, 0.64773, -0.940833, -0.006304, -2.981785, 0.310393, 0.0
3730.0, 0.65554, -0.948839, -0.005842, -2.981785, 0.310393, 0.0
3730.0, 0.65554, -0.948839, -0.005842, -2.981785, 0.310393, 0.0
3747.0, 0.662964, -0.957005, -0.005416, -2.981785, 0.310393, 0.0
3764.0, 0.669987, -0.965335, -0.005029, -2.981785, 0.310393, 0.0
3764.0, 0.669987, -0.965335, -0.005029, -2.981785, 0.310393, 0.0
3780.0, 0.676599, -0.973831, -0.004682, -2.981785, 0.310393, 0.0
3780.0, 0.676599, -0.973831, -0.004682, -2.981785, 0.310393, 0.0
3797.0, 0.682789, -0.982498, -0.004375, -2.981785, 0.310393, 0.0
3814.0, 0.688552, -0.991338, -0.004106, -2.981785, 0.310393, 0.0
3814.0, 0.688552, -0.991338, -0.004106, -2.981785, 0.310393, 0.0
3832.0, 0.693882, -1.000354, -0.003874, -2.981785, 0.310393, 0.0
3832.0, 0.693882, -1.000354, -0.003874, -2.981785, 0.310393, 0.0
3847.0, 0.698771, -1.009542, -0.003674, -3.216493, 0.396492, 0.0
3864.0, 0.703216, -1.018903, -0.003505, -3.216493, 0.396492, 0.0
3864.0, 0.703216, -1.018903, -0.003505, -3.216493, 0.396492, 0.0
3881.0, 0.707214, -1.028436, -0.003363, -3.216493, 0.396492, 0.0
3881.0, 0.707214, -1.028436, -0.003363, -3.216493, 0.396492, 0.0
3897.0, 0.71076, -1.03814, -0.003246, -3.216493, 0.396492, 0.0
3914.0, 0.713851, -1.048014, -0.003153, -3.216493, 0.396492, 0.0
3914.0, 0.713851, -1.048014, -0.003153, -3.216493, 0.396492, 0.0
3933.0, 0.716485, -1.058056, -0.00308, -3.216493, 0.396492, 0.0
3933.0, 0.716485, -1.058056, -0.00308, -3.216493, 0.396492, 0.0
3947.0, 0.718756, -1.068243, -0.003067, -3.216493, 0.396492, 0.0
3964.0, 0.720779, -1.078535, -0.003142, -3.216493, 0.396492, 0.0
3964.0, 0.720779, -1.078535, -0.003142, -3.216493, 0.396492, 0.0
3980.0, 0.722669, -1.088895, -0.003319, -3.216493, 0.396492, 0.0
3980.0, 0.722669, -1.088895, -0.003319, -3.216493, 0.396492, 0.0
3996.0, 0.724533, -1.099291, -0.003598, -3.216493, 0.396492, 0.0
4016.0, 0.726461, -1.109695, -0.003966, -3.216493, 0.396492, 0.0
4016.0, 0.726461, -1.109695, -0.003966, -3.216493, 0.396492, 0.0
4031.0, 0.728529, -1.120086, -0.004406, -3.216493, 0.396492, 0.0
4031.0, 0.728529, -1.120086, -0.004406, -3.216493, 0.396492, 0.0
4049.0, 0.730811, -1.130478, -0.004898, -3.216493, 0.396492, 0.0
4064.0, 0.733345, -1.140794, -0.00542, -3.216493, 0.396492, 0.0
4064.0, 0.733345, -1.140794, -0.00542, -3.216493, 0.396492, 0.0
4081.0, 0.736183, -1.151063, -0.005953, -3.216493, 0.396492, 0.0
4081.0, 0.736183, -1.151063, -0.005953, -3.216493, 0.396492, 0.0
4097.0, 0.739362, -1.16128, -0.006483, -3.451256, 0.482612, 0.0
4114.0, 0.742911, -1.171439, -0.006996, -3.451256, 0.482612, 0.0
4114.0, 0.742911, -1.171439, -0.006996, -3.451256, 0.482612, 0.0
4132.0, 0.746854, -1.181538, -0.007484, -3.451256, 0.482612, 0.0
4132.0, 0.746854, -1.181538, -0.007484, -3.451256, 0.482612, 0.0
4147.0, 0.751209, -1.191572, -0.00794, -3.451256, 0.482612, 0.0
4166.0, 0.755993, -1.201541, -0.008361, -3.451256, 0.482612, 0.0
4166.0, 0.755993, -1.201541, -0.008361, -3.451256, 0.482612, 0.0
4181.0, 0.761218, -1.211441, -0.008745, -3.451256, 0.482612, 0.0
4181.0, 0.761218, -1.211441, -0.008745, -3.451256, 0.482612, 0.0
4197.0, 0.766894, -1.221272, -0.009093, -3.451256, 0.482612, 0.0
4215.0, 0.77303, -1.231031, -0.009404, -3.451256, 0.482612, 0.0
4215.0, 0.77303, -1.231031, -0.009404, -3.451256, 0.482612, 0.0
4233.0, 0.779633, -1.240718, -0.009683, -3.451256, 0.482612, 0.0
4233.0, 0.779633, -1.240718, -0.009683, -3.451256, 0.482612, 0.0
4247.0, 0.786709, -1.250332, -0.009931, -3.451256, 0.482612, 0.0
4266.0, 0.794261, -1.259865, -0.01015, -3.451256, 0.482612, 0.0
4266.0, 0.794261, -1.259865, -0.01015, -3.451256, 0.482612, 0.0
4281.0, 0.80229, -1.269311, -0.010342, -3.451256, 0.482612, 0.0
4281.0, 0.80229, -1.269311, -0.010342, -3.451256, 0.482612, 0.0
4299.0, 0.810799, -1.278665, -0.010509, -3.451256, 0.482612, 0.0
4315.0, 0.819882, -1.288019, -0.010654, -3.451256, 0.482612, 0.0
4315.0, 0.819882, -1.288019, -0.010654, -3.451256, 0.482612, 0.0
4332.0, 0.829357, -1.297176, -0.010781, -3.451256, 0.482612, 0.0
4332.0, 0.829357, -1.297176, -0.010781, -3.451256, 0.482612, 0.0
4347.0, 0.839206, -1.306246, -0.010844, -3.68613, 0.568772, 0.0
4365.0, 0.849317, -1.315273, -0.010818, -3.68613, 0.568772, 0.0
4365.0, 0.849317, -1.315273, -0.010818, -3.68613, 0.568772, 0.0
4381.0, 0.859576, -1.324294, -0.010688, -3.68613, 0.568772, 0.0
4381.0, 0.859576, -1.324294, -0.010688, -3.68613, 0.568772, 0.0
4397.0, 0.869875, -1.333341, -0.010453, -3.68613, 0.568772, 0.0
4414.0, 0.880123, -1.342441, -0.010123, -3.68613, 0.568772, 0.0
4414.0, 0.880123, -1.342441, -0.010123, -3.68613, 0.568772, 0.0
4432.0, 0.890242, -1.351615, -0.009715, -3.68613, 0.568772, 0.0
4432.0, 0.890242, -1.351615, -0.009715, -3.68613, 0.568772, 0.0
4447.0, 0.900183, -1.3609, -0.009258, -3.68613, 0.568772, 0.0
4465.0, 0.909885, -1.370305, -0.008767, -3.68613, 0.568772, 0.0
4465.0, 0.909885, -1.370305, -0.008767, -3.68613, 0.568772, 0.0
4480.0, 0.919302, -1.379841, -0.008261, -3.68613, 0.568772, 0.0
4480.0, 0.919302, -1.379841, -0.008261, -3.68613, 0.568772, 0.0
4497.0, 0.928398, -1.389521, -0.007758, -3.68613, 0.568772, 0.0
4515.0, 0.937147, -1.399354, -0.007271, -3.68613, 0.568772, 0.0
4515.0, 0.937147, -1.399354, -0.007271, -3.68613, 0.568772, 0.0
4532.0, 0.945528, -1.40935, -0.006814, -3.68613, 0.568772, 0.0
4532.0, 0.945528, -1.40935, -0.006814, -3.68613, 0.568772, 0.0
4547.0, 0.953521, -1.419512, -0.006392, -3.68613, 0.568772, 0.0
4564.0, 0.961116, -1.429848, -0.006011, -3.68613, 0.568772, 0.0
4564.0, 0.961116, -1.429848, -0.006011, -3.68613, 0.568772, 0.0
4582.0, 0.968303, -1.440365, -0.005674, -3.68613, 0.568772, 0.0
4582.0, 0.968303, -1.440365, -0.005674, -3.68613, 0.568772, 0.0
4598.0, 0.975073, -1.451066, -0.005382, -3.920839, 0.654871, 0.0
4615.0, 0.981421, -1.461956, -0.005132, -3.920839, 0.654871, 0.0
4615.0, 0.981421, -1.461956, -0.005132, -3.920839, 0.654871, 0.0
4631.0, 0.987341, -1.473037, -0.004922, -3.920839, 0.654871, 0.0
4631.0, 0.987341, -1.473037, -0.004922, -3.920839, 0.654871, 0.0
4647.0, 0.99283, -1.484314, -0.00475, -3.920839, 0.654871, 0.0
4663.0, 0.997881, -1.49578, -0.004611, -3.920839, 0.654871, 0.0
4663.0, 0.997881, -1.49578, -0.004611, -3.920839, 0.654871, 0.0
4680.0, 1.002489, -1.507433, -0.0045, -3.920839, 0.654871, 0.0
4680.0, 1.002489, -1.507433, -0.0045, -3.920839, 0.654871, 0.0
4697.0, 1.006649, -1.519271, -0.004415, -3.920839, 0.654871, 0.0
4714.0, 1.010359, -1.531292, -0.004353, -3.920839, 0.654871, 0.0
4714.0, 1.010359, -1.531292, -0.004353, -3.920839, 0.654871, 0.0
4732.0, 1.013615, -1.543495, -0.004311, -3.920839, 0.654871, 0.0
4732.0, 1.013615, -1.543495, -0.004311, -3.920839, 0.654871, 0.0
4747.0, 1.016415, -1.555874, -0.004288, -3.920839, 0.654871, 0.0
4765.0, 1.018753, -1.568422, -0.00428, -3.920839, 0.654871, 0.0
4765.0, 1.018753, -1.568422, -0.00428, -3.920839, 0.654871, 0.0
4781.0, 1.020626, -1.581135, -0.004286, -3.920839, 0.654871, 0.0
4781.0, 1.020626, -1.581135, -0.004286, -3.920839, 0.654871, 0.0
4797.0, 1.022032, -1.594006, -0.004304, -3.920839, 0.654871, 0.0
4815.0, 1.022968, -1.607031, -0.004334, -3.920839, 0.654871, 0.0
4815.0, 1.022968, -1.607031, -0.004334, -3.920839, 0.654871, 0.0
4833.0, 1.02343, -1.620207, -0.004374, -3.920839, 0.654871, 0.0
4833.0, 1.02343, -1.620207, -0.004374, -3.920839, 0.654871, 0.0
4847.0, 1.023516, -1.633502, -0.004461, -4.155547, 0.74097, 0.0
4865.0, 1.023345, -1.646891, -0.004628, -4.155547, 0.74097, 0.0
4865.0, 1.023345, -1.646891, -0.004628, -4.155547, 0.74097, 0.0
4880.0, 1.023039, -1.660346, -0.00489, -4.155547, 0.74097, 0.0
4880.0, 1.023039, -1.660346, -0.00489, -4.155547, 0.74097, 0.0
4897.0, 1.022704, -1.673842, -0.005244, -4.155547, 0.74097, 0.0
4914.0, 1.022435, -1.687358, -0.00568, -4.155547, 0.74097, 0.0
4914.0, 1.022435, -1.687358, -0.00568, -4.155547, 0.74097, 0.0
4932.0, 1.022312, -1.700876, -0.006179, -4.155547, 0.74097, 0.0
4932.0, 1.022312, -1.700876, -0.006179, -4.155547, 0.74097, 0.0
4947.0, 1.022399, -1.714391, -0.006719, -4.155547, 0.74097, 0.0
4964.0, 1.022753, -1.727893, -0.00728, -4.155547, 0.74097, 0.0
4964.0, 1.022753, -1.727893, -0.00728, -4.155547, 0.74097, 0.0
4981.0, 1.023417, -1.741376, -0.007843, -4.155547, 0.74097, 0.0
4981.0, 1.023417, -1.741376, -0.007843, -4.155547, 0.74097, 0.0
4997.0, 1.024427, -1.754838, -0.008391, -4.155547, 0.74097, 0.0
5015.0, 1.025813, -1.768275, -0.008912, -4.155547, 0.74097, 0.0
5015.0, 1.025813, -1.768275, -0.008912, -4.155547, 0.74097, 0.0
5033.0, 1.027597, -1.781687, -0.009397, -4.155547, 0.74097, 0.0
5033.0, 1.027597, -1.781687, -0.009397, -4.155547, 0.74097, 0.0
5048.0, 1.029799, -1.795068, -0.00984, -4.155547, 0.74097, 0.0
5065.0, 1.032432, -1.808423, -0.01024, -4.155547, 0.74097, 0.0
5065.0, 1.032432, -1.808423, -0.01024, -4.155547, 0.74097, 0.0
5081.0, 1.03551, -1.821753, -0.010595, -4.155547, 0.74097, 0.0
5081.0, 1.03551, -1.821753, -0.010595, -4.155547, 0.74097, 0.0
5097.0, 1.039043, -1.835059, -0.010909, -4.390255, 0.827069, 0.0
5115.0, 1.043038, -1.848343, -0.011183, -4.390255, 0.827069, 0.0
5115.0, 1.043038, -1.848343, -0.011183, -4.390255, 0.827069, 0.0
5132.0, 1.047503, -1.861605, -0.011423, -4.390255, 0.827069, 0.0
5132.0, 1.047503, -1.861605, -0.011423, -4.390255, 0.827069, 0.0
5147.0, 1.052444, -1.874847, -0.011632, -4.390255, 0.827069, 0.0
5165.0, 1.057865, -1.888062, -0.011814, -4.390255, 0.827069, 0.0
5165.0, 1.057865, -1.888062, -0.011814, -4.390255, 0.827069, 0.0
5181.0, 1.063768, -1.901245, -0.011972, -4.390255, 0.827069, 0.0
5181.0, 1.063768, -1.901245, -0.011972, -4.390255, 0.827069, 0.0
5197.0, 1.070155, -1.914393, -0.012111, -4.390255, 0.827069, 0.0
5214.0, 1.07703, -1.927502, -0.012233, -4.390255, 0.827069, 0.0
5214.0, 1.07703, -1.927502, -0.012233, -4.390255, 0.827069, 0.0
5233.0, 1.084393, -1.940571, -0.012342, -4.390255, 0.827069, 0.0
5233.0, 1.084393, -1.940571, -0.012342, -4.390255, 0.827069, 0.0
5247.0, 1.092246, -1.953593, -0.012441, -4.390255, 0.827069, 0.0
5265.0, 1.100593, -1.966565, -0.012529, -4.390255, 0.827069, 0.0
5265.0, 1.100593, -1.966565, -0.012529, -4.390255, 0.827069, 0.0
5280.0, 1.109427, -1.97947, -0.01261, -4.390255, 0.827069, 0.0
5280.0, 1.109427, -1.97947, -0.01261, -4.390255, 0.827069, 0.0
5297.0, 1.118752, -1.992306, -0.012683, -4.390255, 0.827069, 0.0
5314.0, 1.128567, -2.005067, -0.01275, -4.390255, 0.827069, 0.0
5314.0, 1.128567, -2.005067, -0.01275, -4.390255, 0.827069, 0.0
5332.0, 1.138873, -2.017749, -0.012811, -4.390255, 0.827069, 0.0
5332.0, 1.138873, -2.017749, -0.012811, -4.390255, 0.827069, 0.0
5347.0, 1.149569, -2.030371, -0.012826, -4.624969, 0.91317, 0.0
5364.0, 1.160535, -2.042966, -0.012762, -4.624969, 0.91317, 0.0
5364.0, 1.160535, -2.042966, -0.012762, -4.624969, 0.91317, 0.0
5381.0, 1.171652, -2.055566, -0.0126, -4.624969, 0.91317, 0.0
5381.0, 1.171652, -2.055566, -0.0126, -4.624969, 0.91317, 0.0
5397.0, 1.18281, -2.068198, -0.012339, -4.624969, 0.91317, 0.0
5414.0, 1.193915, -2.080888, -0.011987, -4.624969, 0.91317, 0.0
5414.0, 1.193915, -2.080888, -0.011987, -4.624969, 0.91317, 0.0
5431.0, 1.204889, -2.093654, -0.011561, -4.624969, 0.91317, 0.0
5431.0, 1.204889, -2.093654, -0.011561, -4.624969, 0.91317, 0.0
5447.0, 1.215671, -2.106522, -0.011084, -4.624969, 0.91317, 0.0
5464.0, 1.226207, -2.119505, -0.010577, -4.624969, 0.91317, 0.0
5464.0, 1.226207, -2.119505, -0.010577, -4.624969, 0.91317, 0.0
5481.0, 1.236454, -2.132617, -0.01006, -4.624969, 0.91317, 0.0
5481.0, 1.236454, -2.132617, -0.01006, -4.624969, 0.91317, 0.0
5497.0, 1.246378, -2.14587, -0.009551, -4.624969, 0.91317, 0.0
5514.0, 1.255954, -2.159276, -0.009064, -4.624969, 0.91317, 0.0
5514.0, 1.255954, -2.159276, -0.009064, -4.624969, 0.91317, 0.0
5532.0, 1.265157, -2.172837, -0.008609, -4.624969, 0.91317, 0.0
5532.0, 1.265157, -2.172837, -0.008609, -4.624969, 0.91317, 0.0
5547.0, 1.273968, -2.186558, -0.008193, -4.624969, 0.91317, 0.0
5564.0, 1.282377, -2.200446, -0.007822, -4.624969, 0.91317, 0.0
5564.0, 1.282377, -2.200446, -0.007822, -4.624969, 0.91317, 0.0
5581.0, 1.290375, -2.214508, -0.007498, -4.624969, 0.91317, 0.0
5581.0, 1.290375, -2.214508, -0.007498, -4.624969, 0.91317, 0.0
5597.0, 1.297952, -2.228748, -0.007221, -4.859682, 0.999271, 0.0
5614.0, 1.305103, -2.243168, -0.006989, -4.859682, 0.999271, 0.0
5614.0, 1.305103, -2.243168, -0.006989, -4.859682, 0.999271, 0.0
5633.0, 1.311823, -2.257771, -0.0068, -4.859682, 0.999271, 0.0
5633.0, 1.311823, -2.257771, -0.0068, -4.859682, 0.999271, 0.0
5647.0, 1.318107, -2.272563, -0.00665, -4.859682, 0.999271, 0.0
5665.0, 1.32395, -2.287536, -0.006534, -4.859682, 0.999271, 0.0
5665.0, 1.32395, -2.287536, -0.006534, -4.859682, 0.999271, 0.0
5682.0, 1.329347, -2.302688, -0.006447, -4.859682, 0.999271, 0.0
5682.0, 1.329347, -2.302688, -0.006447, -4.859682, 0.999271, 0.0
5698.0, 1.334292, -2.318016, -0.006387, -4.859682, 0.999271, 0.0
5715.0, 1.338784, -2.333519, -0.006348, -4.859682, 0.999271, 0.0
5715.0, 1.338784, -2.333519, -0.006348, -4.859682, 0.999271, 0.0
5733.0, 1.34282, -2.349195, -0.00633, -4.859682, 0.999271, 0.0
5733.0, 1.34282, -2.349195, -0.00633, -4.859682, 0.999271, 0.0
5748.0, 1.346394, -2.365033, -0.006327, -4.859682, 0.999271, 0.0
5764.0, 1.349505, -2.381032, -0.006338, -4.859682, 0.999271, 0.0
5764.0, 1.349505, -2.381032, -0.006338, -4.859682, 0.999271, 0.0
5780.0, 1.352149, -2.397188, -0.006361, -4.859682, 0.999271, 0.0
5780.0, 1.352149, -2.397188, -0.006361, -4.859682, 0.999271, 0.0
5797.0, 1.354325, -2.413497, -0.006393, -4.859682, 0.999271, 0.0
5814.0, 1.356029, -2.429956, -0.006434, -4.859682, 0.999271, 0.0
5814.0, 1.356029, -2.429956, -0.006434, -4.859682, 0.999271, 0.0
5832.0, 1.35726, -2.44656, -0.006482, -4.859682, 0.999271, 0.0
5832.0, 1.35726, -2.44656, -0.006482, -4.859682, 0.999271, 0.0
5847.0, 1.358114, -2.463291, -0.006576, -5.09439, 1.08537, 0.0
5865.0, 1.358712, -2.480115, -0.006747, -5.09439, 1.08537, 0.0
5865.0, 1.358712, -2.480115, -0.006747, -5.09439, 1.08537, 0.0
5881.0, 1.359175, -2.497, -0.007011, -5.09439, 1.08537, 0.0
5881.0, 1.359175, -2.497, -0.007011, -5.09439, 1.08537, 0.0
5897.0, 1.359612, -2.51392, -0.007368, -5.09439, 1.08537, 0.0
5915.0, 1.360118, -2.530852, -0.007806, -5.09439, 1.08537, 0.0
5915.0, 1.360118, -2.530852, -0.007806, -5.09439, 1.08537, 0.0
5933.0, 1.360772, -2.547779, -0.008307, -5.09439, 1.08537, 0.0
5933.0, 1.360772, -2.547779, -0.008307, -5.09439, 1.08537, 0.0
5947.0, 1.361639, -2.564684, -0.00885, -5.09439, 1.08537, 0.0
5964.0, 1.362775, -2.581564, -0.009413, -5.09439, 1.08537, 0.0
5964.0, 1.362775, -2.581564, -0.009413, -5.09439, 1.08537, 0.0
5981.0, 1.364224, -2.598417, -0.009977, -5.09439, 1.08537, 0.0
5981.0, 1.364224, -2.598417, -0.009977, -5.09439, 1.08537, 0.0
5997.0, 1.366021, -2.615239, -0.010527, -5.09439, 1.08537, 0.0
6014.0, 1.368196, -2.632029, -0.011048, -5.09439, 1.08537, 0.0
6014.0, 1.368196, -2.632029, -0.011048, -5.09439, 1.08537, 0.0
6032.0, 1.37077, -2.648785, -0.011532, -5.09439, 1.08537, 0.0
6032.0, 1.37077, -2.648785, -0.011532, -5.09439, 1.08537, 0.0
6047.0, 1.373765, -2.665513, -0.011974, -5.09439, 1.08537, 0.0
6064.0, 1.377193, -2.682207, -0.012371, -5.09439, 1.08537, 0.0
6064.0, 1.377193, -2.682207, -0.012371, -5.09439, 1.08537, 0.0
6081.0, 1.381066, -2.698864, -0.012721, -5.09439, 1.08537, 0.0
6081.0, 1.381066, -2.698864, -0.012721, -5.09439, 1.08537, 0.0
6097.0, 1.385393, -2.715485, -0.013026, -5.329099, 1.171469, 0.0
6115.0, 1.390183, -2.732069, -0.01329, -5.329099, 1.171469, 0.0
6115.0, 1.390183, -2.732069, -0.01329, -5.329099, 1.171469, 0.0
6133.0, 1.39544, -2.748616, -0.013516, -5.329099, 1.171469, 0.0
6133.0, 1.39544, -2.748616, -0.013516, -5.329099, 1.171469, 0.0
6148.0, 1.401171, -2.765124, -0.013708, -5.329099, 1.171469, 0.0
6165.0, 1.407378, -2.78159, -0.01387, -5.329099, 1.171469, 0.0
6165.0, 1.407378, -2.78159, -0.01387, -5.329099, 1.171469, 0.0
6181.0, 1.414065, -2.79801, -0.014007, -5.329099, 1.171469, 0.0
6181.0, 1.414065, -2.79801, -0.014007, -5.329099, 1.171469, 0.0
6198.0, 1.421235, -2.814383, -0.014123, -5.329099, 1.171469, 0.0
6213.0, 1.428889, -2.830706, -0.014222, -5.329099, 1.171469, 0.0
6213.0, 1.428889, -2.830706, -0.014222, -5.329099, 1.171469, 0.0
6231.0, 1.43703, -2.846977, -0.014307, -5.329099, 1.171469, 0.0
6231.0, 1.43703, -2.846977, -0.014307, -5.329099, 1.171469, 0.0
6246.0, 1.445556, -2.863206, -0.014338, -5.329099, 1.171469, 0.0
6264.0, 1.454347, -2.879418, -0.014285, -5.329099, 1.171469, 0.0
6264.0, 1.454347, -2.879418, -0.014285, -5.329099, 1.171469, 0.0
6281.0, 1.463281, -2.895637, -0.014128, -5.329099, 1.171469, 0.0
6281.0, 1.463281, -2.895637, -0.014128, -5.329099, 1.171469, 0.0
6297.0, 1.472248, -2.911882, -0.013868, -5.329099, 1.171469, 0.0
6314.0, 1.481152, -2.928169, -0.013512, -5.329099, 1.171469, 0.0
6314.0, 1.481152, -2.928169, -0.013512, -5.329099, 1.171469, 0.0
6332.0, 1.489913, -2.94451, -0.013079, -5.329099, 1.171469, 0.0
6332.0, 1.489913, -2.94451, -0.013079, -5.329099, 1.171469, 0.0
6347.0, 1.498469, -2.960927, -0.012592, -5.563807, 1.257568, 0.0
6365.0, 1.506764, -2.977426, -0.012072, -5.563807, 1.257568, 0.0
6365.0, 1.506764, -2.977426, -0.012072, -5.563807, 1.257568, 0.0
6382.0, 1.514753, -2.994015, -0.011541, -5.563807, 1.257568, 0.0
6382.0, 1.514753, -2.994015, -0.011541, -5.563807, 1.257568, 0.0
6397.0, 1.522403, -3.010703, -0.011016, -5.563807, 1.257568, 0.0
6415.0, 1.529685, -3.027496, -0.010512, -5.563807, 1.257568, 0.0
6415.0, 1.529685, -3.027496, -0.010512, -5.563807, 1.257568, 0.0
6433.0, 1.536578, -3.044399, -0.010041, -5.563807, 1.257568, 0.0
6433.0, 1.536578, -3.044399, -0.010041, -5.563807, 1.257568, 0.0
6448.0, 1.543061, -3.061408, -0.00961, -5.563807, 1.257568, 0.0
6464.0, 1.549123, -3.078533, -0.009226, -5.563807, 1.257568, 0.0
6464.0, 1.549123, -3.078533, -0.009226, -5.563807, 1.257568, 0.0
6480.0, 1.554753, -3.095778, -0.008889, -5.563807, 1.257568, 0.0
6480.0, 1.554753, -3.095778, -0.008889, -5.563807, 1.257568, 0.0
6497.0, 1.559943, -3.113145, -0.008602, -5.563807, 1.257568, 0.0
6514.0, 1.564687, -3.130636, -0.008362, -5.563807, 1.257568, 0.0
6514.0, 1.564687, -3.130636, -0.008362, -5.563807, 1.257568, 0.0
6532.0, 1.568978, -3.148253, -0.008166, -5.563807, 1.257568, 0.0
6532.0, 1.568978, -3.148253, -0.008166, -5.563807, 1.257568, 0.0
6547.0, 1.572814, -3.166001, -0.008011, -5.563807, 1.257568, 0.0
6564.0, 1.576187, -3.183873, -0.007893, -5.563807, 1.257568, 0.0
6564.0, 1.576187, -3.183873, -0.007893, -5.563807, 1.257568, 0.0
6581.0, 1.579094, -3.201863, -0.007806, -5.563807, 1.257568, 0.0
6581.0, 1.579094, -3.201863, -0.007806, -5.563807, 1.257568, 0.0
6597.0, 1.581532, -3.219969, -0.007747, -5.798515, 1.343667, 0.0
6615.0, 1.583496, -3.238188, -0.007711, -5.798515, 1.343667, 0.0
6615.0, 1.583496, -3.238188, -0.007711, -5.798515, 1.343667, 0.0
6632.0, 1.584986, -3.256519, -0.007696, -5.798515, 1.343667, 0.0
6632.0, 1.584986, -3.256519, -0.007696, -5.798515, 1.343667, 0.0
6648.0, 1.586098, -3.274943, -0.007738, -5.798515, 1.343667, 0.0
6664.0, 1.586954, -3.293436, -0.007867, -5.798515, 1.343667, 0.0
6664.0, 1.586954, -3.293436, -0.007867, -5.798515, 1.343667, 0.0
6681.0, 1.587676, -3.311974, -0.008098, -5.798515, 1.343667, 0.0
6681.0, 1.587676, -3.311974, -0.008098, -5.798515, 1.343667, 0.0
6697.0, 1.588375, -3.330536, -0.008431, -5.798515, 1.343667, 0.0
6714.0, 1.589146, -3.349107, -0.008852, -5.798515, 1.343667, 0.0
6714.0, 1.589146, -3.349107, -0.008852, -5.798515, 1.343667, 0.0
6732.0, 1.590068, -3.367671, -0.009342, -5.798515, 1.343667, 0.0
6732.0, 1.590068, -3.367671, -0.009342, -5.798515, 1.343667, 0.0
6747.0, 1.591207, -3.386212, -0.009877, -5.798515, 1.343667, 0.0
6765.0, 1.592618, -3.404732, -0.010437, -5.798515, 1.343667, 0.0
6765.0, 1.592618, -3.404732, -0.010437, -5.798515, 1.343667, 0.0
6781.0, 1.594344, -3.423227, -0.011001, -5.798515, 1.343667, 0.0
6781.0, 1.594344, -3.423227, -0.011001, -5.798515, 1.343667, 0.0
6797.0, 1.596423, -3.441697, -0.011552, -5.798515, 1.343667, 0.0
6815.0, 1.598882, -3.460141, -0.012076, -5.798515, 1.343667, 0.0
6815.0, 1.598882, -3.460141, -0.012076, -5.798515, 1.343667, 0.0
6833.0, 1.601743, -3.478555, -0.012564, -5.798515, 1.343667, 0.0
6833.0, 1.601743, -3.478555, -0.012564, -5.798515, 1.343667, 0.0
6847.0, 1.605027, -3.496948, -0.013009, -6.033224, 1.429766, 0.0
6865.0, 1.608746, -3.515314, -0.013409, -6.033224, 1.429766, 0.0
6865.0, 1.608746, -3.515314, -0.013409, -6.033224, 1.429766, 0.0
6881.0, 1.612912, -3.53365, -0.013762, -6.033224, 1.429766, 0.0
6881.0, 1.612912, -3.53365, -0.013762, -6.033224, 1.429766, 0.0
6898.0, 1.617534, -3.551955, -0.01407, -6.033224, 1.429766, 0.0
6913.0, 1.622618, -3.57023, -0.014335, -6.033224, 1.429766, 0.0
6913.0, 1.622618, -3.57023, -0.014335, -6.033224, 1.429766, 0.0
6931.0, 1.628172, -3.588475, -0.014562, -6.033224, 1.429766, 0.0
6931.0, 1.628172, -3.588475, -0.014562, -6.033224, 1.429766, 0.0
6946.0, 1.634196, -3.60668, -0.014752, -6.033224, 1.429766, 0.0
6963.0, 1.640697, -3.624849, -0.014913, -6.033224, 1.429766, 0.0
6963.0, 1.640697, -3.624849, -0.014913, -6.033224, 1.429766, 0.0
6981.0, 1.647679, -3.64298, -0.015049, -6.033224, 1.429766, 0.0
6981.0, 1.647679, -3.64298, -0.015049, -6.033224, 1.429766, 0.0
6998.0, 1.655143, -3.661073, -0.015163, -6.033224, 1.429766, 0.0
7015.0, 1.663093, -3.679126, -0.01526, -6.033224, 1.429766, 0.0
7015.0, 1.663093, -3.679126, -0.01526, -6.033224, 1.429766, 0.0
7032.0, 1.67153, -3.697136, -0.015343, -6.033224, 1.429766, 0.0
7032.0, 1.67153, -3.697136, -0.015343, -6.033224, 1.429766, 0.0
7048.0, 1.68046, -3.715106, -0.015415, -6.033224, 1.429766, 0.0
7065.0, 1.689879, -3.733024, -0.015478, -6.033224, 1.429766, 0.0
7065.0, 1.689879, -3.733024, -0.015478, -6.033224, 1.429766, 0.0
7081.0, 1.699788, -3.750882, -0.015531, -6.033224, 1.429766, 0.0
7081.0, 1.699788, -3.750882, -0.015531, -6.033224, 1.429766, 0.0
7098.0, 1.710186, -3.768673, -0.015578, -6.267932, 1.515865, 0.0
7115.0, 1.721074, -3.786394, -0.015619, -6.267932, 1.515865, 0.0
7115.0, 1.721074, -3.786394, -0.015619, -6.267932, 1.515865, 0.0
7133.0, 1.732452, -3.80404, -0.015656, -6.267932, 1.515865, 0.0
7133.0, 1.732452, -3.80404, -0.015656, -6.267932, 1.515865, 0.0
7147.0, 1.744223, -3.821633, -0.015648, -6.267932, 1.515865, 0.0
7164.0, 1.756262, -3.839201, -0.015562, -6.267932, 1.515865, 0.0
7164.0, 1.756262, -3.839201, -0.015562, -6.267932, 1.515865, 0.0
7181.0, 1.768448, -3.856771, -0.015379, -6.267932, 1.515865, 0.0
7181.0, 1.768448, -3.856771, -0.015379, -6.267932, 1.515865, 0.0
7197.0, 1.780669, -3.874368, -0.015097, -6.267932, 1.515865, 0.0
7214.0, 1.792833, -3.892016, -0.014724, -6.267932, 1.515865, 0.0
7214.0, 1.792833, -3.892016, -0.014724, -6.267932, 1.515865, 0.0
7232.0, 1.804856, -3.90973, -0.014278, -6.267932, 1.515865, 0.0
7232.0, 1.804856, -3.90973, -0.014278, -6.267932, 1.515865, 0.0
7247.0, 1.81667, -3.927521, -0.013781, -6.267932, 1.515865, 0.0
7264.0, 1.828227, -3.945409, -0.013255, -6.267932, 1.515865, 0.0
7264.0, 1.828227, -3.945409, -0.013255, -6.267932, 1.515865, 0.0
7281.0, 1.839484, -3.963408, -0.012722, -6.267932, 1.515865, 0.0
7281.0, 1.839484, -3.963408, -0.012722, -6.267932, 1.515865, 0.0
7297.0, 1.850409, -3.981531, -0.012201, -6.267932, 1.515865, 0.0
7315.0, 1.860976, -3.999787, -0.011706, -6.267932, 1.515865, 0.0
7315.0, 1.860976, -3.999787, -0.011706, -6.267932, 1.515865, 0.0
7332.0, 1.87116, -4.018177, -0.011247, -6.267932, 1.515865, 0.0
7332.0, 1.87116, -4.018177, -0.011247, -6.267932, 1.515865, 0.0
7347.0, 1.88095, -4.036715, -0.010832, -6.502645, 1.601966, 0.0
7364.0, 1.890329, -4.0554, -0.010463, -6.502645, 1.601966, 0.0
7364.0, 1.890329, -4.0554, -0.010463, -6.502645, 1.601966, 0.0
7381.0, 1.899285, -4.074234, -0.010143, -6.502645, 1.601966, 0.0
7381.0, 1.899285, -4.074234, -0.010143, -6.502645, 1.601966, 0.0
7398.0, 1.907809, -4.093216, -0.00987, -6.502645, 1.601966, 0.0
7415.0, 1.915895, -4.11235, -0.009642, -6.502645, 1.601966, 0.0
7415.0, 1.915895, -4.11235, -0.009642, -6.502645, 1.601966, 0.0
7432.0, 1.923538, -4.131636, -0.009457, -6.502645, 1.601966, 0.0
7432.0, 1.923538, -4.131636, -0.009457, -6.502645, 1.601966, 0.0
7448.0, 1.930729, -4.151067, -0.00931, -6.502645, 1.601966, 0.0
7465.0, 1.937465, -4.170645, -0.009197, -6.502645, 1.601966, 0.0
7465.0, 1.937465, -4.170645, -0.009197, -6.502645, 1.601966, 0.0
7482.0, 1.943746, -4.190373, -0.009115, -6.502645, 1.601966, 0.0
7482.0, 1.943746, -4.190373, -0.009115, -6.502645, 1.601966, 0.0
7498.0, 1.949566, -4.21025, -0.00906, -6.502645, 1.601966, 0.0
7515.0, 1.954924, -4.230274, -0.009028, -6.502645, 1.601966, 0.0
7515.0, 1.954924, -4.230274, -0.009028, -6.502645, 1.601966, 0.0
7532.0, 1.959818, -4.250445, -0.009014, -6.502645, 1.601966, 0.0
7532.0, 1.959818, -4.250445, -0.009014, -6.502645, 1.601966, 0.0
7548.0, 1.964246, -4.270766, -0.009018, -6.502645, 1.601966, 0.0
7565.0, 1.968203, -4.291228, -0.009034, -6.502645, 1.601966, 0.0
7565.0, 1.968203, -4.291228, -0.009034, -6.502645, 1.601966, 0.0
7581.0, 1.971687, -4.311822, -0.009059, -6.502645, 1.601966, 0.0
7581.0, 1.971687, -4.311822, -0.009059, -6.502645, 1.601966, 0.0
7597.0, 1.974695, -4.332544, -0.009092, -6.737354, 1.688065, 0.0
7597.0, 1.974695, -4.332544, -0.009092, -6.737354, 1.688065, 0.0
7614.0, 1.977224, -4.353391, -0.009131, -6.737354, 1.688065, 0.0
7632.0, 1.979275, -4.374359, -0.009176, -6.737354, 1.688065, 0.0
7632.0, 1.979275, -4.374359, -0.009176, -6.737354, 1.688065, 0.0
7647.0, 1.980942, -4.395418, -0.009263, -6.737354, 1.688065, 0.0
7647.0, 1.980942, -4.395418, -0.009263, -6.737354, 1.688065, 0.0
7664.0, 1.98235, -4.416548, -0.009428, -6.737354, 1.688065, 0.0
7681.0, 1.983622, -4.437726, -0.009686, -6.737354, 1.688065, 0.0
7681.0, 1.983622, -4.437726, -0.009686, -6.737354, 1.688065, 0.0
7698.0, 1.984868, -4.458929, -0.010039, -6.737354, 1.688065, 0.0
7698.0, 1.984868, -4.458929, -0.010039, -6.737354, 1.688065, 0.0
7714.0, 1.986184, -4.480138, -0.010475, -6.737354, 1.688065, 0.0
7732.0, 1.98765, -4.501339, -0.010975, -6.737354, 1.688065, 0.0
7732.0, 1.98765, -4.501339, -0.010975, -6.737354, 1.688065, 0.0
7748.0, 1.989333, -4.522529, -0.011519, -6.737354, 1.688065, 0.0
7748.0, 1.989333, -4.522529, -0.011519, -6.737354, 1.688065, 0.0
7764.0, 1.991288, -4.5437, -0.012085, -6.737354, 1.688065, 0.0
7782.0, 1.993558, -4.564833, -0.012653, -6.737354, 1.688065, 0.0
7782.0, 1.993558, -4.564833, -0.012653, -6.737354, 1.688065, 0.0
7798.0, 1.996179, -4.585927, -0.013204, -6.737354, 1.688065, 0.0
7798.0, 1.996179, -4.585927, -0.013204, -6.737354, 1.688065, 0.0
7814.0, 1.999179, -4.606981, -0.013727, -6.737354, 1.688065, 0.0
7832.0, 2.002581, -4.627991, -0.014211, -6.737354, 1.688065, 0.0
7832.0, 2.002581, -4.627991, -0.014211, -6.737354, 1.688065, 0.0
7848.0, 2.0064, -4.648948, -0.01465, -6.972067, 1.774166, 0.0
7848.0, 2.0064, -4.648948, -0.01465, -6.972067, 1.774166, 0.0
7864.0, 2.010652, -4.669858, -0.015041, -6.972067, 1.774166, 0.0
7881.0, 2.015349, -4.690721, -0.015385, -6.972067, 1.774166, 0.0
7881.0, 2.015349, -4.690721, -0.015385, -6.972067, 1.774166, 0.0
7898.0, 2.0205, -4.711539, -0.015682, -6.972067, 1.774166, 0.0
7898.0, 2.0205, -4.711539, -0.015682, -6.972067, 1.774166, 0.0
7914.0, 2.026112, -4.732312, -0.015936, -6.972067, 1.774166, 0.0
7932.0, 2.032191, -4.75304, -0.016151, -6.972067, 1.774166, 0.0
7932.0, 2.032191, -4.75304, -0.016151, -6.972067, 1.774166, 0.0
7948.0, 2.038743, -4.773728, -0.01633, -6.972067, 1.774166, 0.0
7948.0, 2.038743, -4.773728, -0.01633, -6.972067, 1.774166, 0.0
7964.0, 2.045772, -4.79437, -0.016479, -6.972067, 1.774166, 0.0
7981.0, 2.05328, -4.81496, -0.016601, -6.972067, 1.774166, 0.0
7981.0, 2.05328, -4.81496, -0.016601, -6.972067, 1.774166, 0.0
7998.0, 2.061268, -4.835496, -0.0167, -6.972067, 1.774166, 0.0
7998.0, 2.061268, -4.835496, -0.0167, -6.972067, 1.774166, 0.0
8014.0, 2.069739, -4.855975, -0.01678, -6.972067, 1.774166, 0.0
8033.0, 2.078694, -4.876397, -0.016846, -6.972067, 1.774166, 0.0
8033.0, 2.078694, -4.876397, -0.016846, -6.972067, 1.774166, 0.0
8047.0, 2.088037, -4.896777, -0.016858, -6.972067, 1.774166, 0.0
8047.0, 2.088037, -4.896777, -0.016858, -6.972067, 1.774166, 0.0
8064.0, 2.097642, -4.917137, -0.016785, -6.972067, 1.774166, 0.0
8081.0, 2.107387, -4.937498, -0.016609, -6.972067, 1.774166, 0.0
8081.0, 2.107387, -4.937498, -0.016609, -6.972067, 1.774166, 0.0
8097.0, 2.11716, -4.957876, -0.016328, -7.206775, 1.860265, 0.0
8097.0, 2.11716, -4.957876, -0.016328, -7.206775, 1.860265, 0.0
8114.0, 2.126865, -4.97829, -0.015953, -7.206775, 1.860265, 0.0
8132.0, 2.136422, -4.99875, -0.015502, -7.206775, 1.860265, 0.0
8132.0, 2.136422, -4.99875, -0.015502, -7.206775, 1.860265, 0.0
8148.0, 2.145761, -5.019262, -0.014997, -7.206775, 1.860265, 0.0
8148.0, 2.145761, -5.019262, -0.014997, -7.206775, 1.860265, 0.0
8164.0, 2.154831, -5.039842, -0.014461, -7.206775, 1.860265, 0.0
8181.0, 2.16359, -5.0605, -0.013917, -7.206775, 1.860265, 0.0
8181.0, 2.16359, -5.0605, -0.013917, -7.206775, 1.860265, 0.0
8198.0, 2.172004, -5.081246, -0.013384, -7.206775, 1.860265, 0.0
8198.0, 2.172004, -5.081246, -0.013384, -7.206775, 1.860265, 0.0
8214.0, 2.180045, -5.102084, -0.012875, -7.206775, 1.860265, 0.0
8233.0, 2.187692, -5.123018, -0.012402, -7.206775, 1.860265, 0.0
8233.0, 2.187692, -5.123018, -0.012402, -7.206775, 1.860265, 0.0
8248.0, 2.19493, -5.144061, -0.011973, -7.206775, 1.860265, 0.0
8248.0, 2.19493, -5.144061, -0.011973, -7.206775, 1.860265, 0.0
8264.0, 2.201743, -5.165206, -0.011592, -7.206775, 1.860265, 0.0
8281.0, 2.20812, -5.186455, -0.011259, -7.206775, 1.860265, 0.0
8281.0, 2.20812, -5.186455, -0.011259, -7.206775, 1.860265, 0.0
8298.0, 2.214051, -5.207806, -0.010975, -7.206775, 1.860265, 0.0
8298.0, 2.214051, -5.207806, -0.010975, -7.206775, 1.860265, 0.0
8314.0, 2.21953, -5.229261, -0.010737, -7.206775, 1.860265, 0.0
8332.0, 2.224551, -5.250821, -0.010543, -7.206775, 1.860265, 0.0
8332.0, 2.224551, -5.250821, -0.010543, -7.206775, 1.860265, 0.0
8348.0, 2.229108, -5.272476, -0.010388, -7.441483, 1.946364, 0.0
8348.0, 2.229108, -5.272476, -0.010388, -7.441483, 1.946364, 0.0
8364.0, 2.233198, -5.29423, -0.010269, -7.441483, 1.946364, 0.0
8381.0, 2.236819, -5.316083, -0.010181, -7.441483, 1.946364, 0.0
8381.0, 2.236819, -5.316083, -0.010181, -7.441483, 1.946364, 0.0
8398.0, 2.239966, -5.338036, -0.01012, -7.441483, 1.946364, 0.0
8398.0, 2.239966, -5.338036, -0.01012, -7.441483, 1.946364, 0.0
8414.0, 2.242638, -5.360086, -0.010083, -7.441483, 1.946364, 0.0
8433.0, 2.244833, -5.382234, -0.010065, -7.441483, 1.946364, 0.0
8433.0, 2.244833, -5.382234, -0.010065, -7.441483, 1.946364, 0.0
8448.0, 2.246648, -5.404468, -0.010103, -7.441483, 1.946364, 0.0
8448.0, 2.246648, -5.404468, -0.010103, -7.441483, 1.946364, 0.0
8465.0, 2.248206, -5.426762, -0.010229, -7.441483, 1.946364, 0.0
8481.0, 2.249631, -5.44909, -0.010458, -7.441483, 1.946364, 0.0
8481.0, 2.249631, -5.44909, -0.010458, -7.441483, 1.946364, 0.0
8497.0, 2.251034, -5.471434, -0.010788, -7.441483, 1.946364, 0.0
8497.0, 2.251034, -5.471434, -0.010788, -7.441483, 1.946364, 0.0
8514.0, 2.252509, -5.493776, -0.011207, -7.441483, 1.946364, 0.0
8532.0, 2.254137, -5.516104, -0.011696, -7.441483, 1.946364, 0.0
8532.0, 2.254137, -5.516104, -0.011696, -7.441483, 1.946364, 0.0
8547.0, 2.255985, -5.538409, -0.012232, -7.441483, 1.946364, 0.0
8547.0, 2.255985, -5.538409, -0.012232, -7.441483, 1.946364, 0.0
8564.0, 2.258107, -5.560684, -0.012792, -7.441483, 1.946364, 0.0
8581.0, 2.260548, -5.582925, -0.013356, -7.441483, 1.946364, 0.0
8581.0, 2.260548, -5.582925, -0.013356, -7.441483, 1.946364, 0.0
8598.0, 2.263341, -5.60513, -0.013905, -7.676192, 2.032463, 0.0
8598.0, 2.263341, -5.60513, -0.013905, -7.676192, 2.032463, 0.0
8614.0, 2.266516, -5.627294, -0.014427, -7.676192, 2.032463, 0.0
8632.0, 2.270094, -5.649415, -0.014911, -7.676192, 2.032463, 0.0
8632.0, 2.270094, -5.649415, -0.014911, -7.676192, 2.032463, 0.0
8649.0, 2.274091, -5.671485, -0.01535, -7.676192, 2.032463, 0.0
8649.0, 2.274091, -5.671485, -0.01535, -7.676192, 2.032463, 0.0
8664.0, 2.278523, -5.693509, -0.015741, -7.676192, 2.032463, 0.0
8681.0, 2.283401, -5.715487, -0.016085, -7.676192, 2.032463, 0.0
8681.0, 2.283401, -5.715487, -0.016085, -7.676192, 2.032463, 0.0
8698.0, 2.288733, -5.737422, -0.016382, -7.676192, 2.032463, 0.0
8698.0, 2.288733, -5.737422, -0.016382, -7.676192, 2.032463, 0.0
8715.0, 2.294526, -5.759313, -0.016635, -7.676192, 2.032463, 0.0
8731.0, 2.300788, -5.78116, -0.016848, -7.676192, 2.032463, 0.0
8731.0, 2.300788, -5.78116, -0.016848, -7.676192, 2.032463, 0.0
8747.0, 2.307523, -5.802971, -0.017027, -7.676192, 2.032463, 0.0
8747.0, 2.307523, -5.802971, -0.017027, -7.676192, 2.032463, 0.0
8764.0, 2.314736, -5.824737, -0.017174, -7.676192, 2.032463, 0.0
8781.0, 2.322427, -5.846453, -0.017295, -7.676192, 2.032463, 0.0
8781.0, 2.322427, -5.846453, -0.017295, -7.676192, 2.032463, 0.0
8797.0, 2.330599, -5.868119, -0.017392, -7.676192, 2.032463, 0.0
8797.0, 2.330599, -5.868119, -0.017392, -7.676192, 2.032463, 0.0
8814.0, 2.339254, -5.889732, -0.01747, -7.676192, 2.032463, 0.0
8833.0, 2.348395, -5.911293, -0.017534, -7.676192, 2.032463, 0.0
8833.0, 2.348395, -5.911293, -0.017534, -7.676192, 2.032463, 0.0
8847.0, 2.357919, -5.932806, -0.017544, -7.9109, 2.118562, 0.0
8847.0, 2.357919, -5.932806, -0.017544, -7.9109, 2.118562, 0.0
8864.0, 2.367704, -5.954298, -0.017468, -7.9109, 2.118562, 0.0
8881.0, 2.377627, -5.97579, -0.017289, -7.9109, 2.118562, 0.0
8881.0, 2.377627, -5.97579, -0.017289, -7.9109, 2.118562, 0.0
8899.0, 2.387578, -5.997298, -0.017005, -7.9109, 2.118562, 0.0
8899.0, 2.387578, -5.997298, -0.017005, -7.9109, 2.118562, 0.0
8914.0, 2.39746, -6.018838, -0.016628, -7.9109, 2.118562, 0.0
8933.0, 2.407193, -6.040421, -0.016174, -7.9109, 2.118562, 0.0
8933.0, 2.407193, -6.040421, -0.016174, -7.9109, 2.118562, 0.0
8948.0, 2.416713, -6.062065, -0.015669, -7.9109, 2.118562, 0.0
8948.0, 2.416713, -6.062065, -0.015669, -7.9109, 2.118562, 0.0
8964.0, 2.425964, -6.083775, -0.015133, -7.9109, 2.118562, 0.0
8982.0, 2.434901, -6.105555, -0.014587, -7.9109, 2.118562, 0.0
8982.0, 2.434901, -6.105555, -0.014587, -7.9109, 2.118562, 0.0
8997.0, 2.443489, -6.127409, -0.014049, -7.9109, 2.118562, 0.0
8997.0, 2.443489, -6.127409, -0.014049, -7.9109, 2.118562, 0.0
9014.0, 2.4517, -6.149342, -0.013535, -7.9109, 2.118562, 0.0
9032.0, 2.459513, -6.171358, -0.013055, -7.9109, 2.118562, 0.0
9032.0, 2.459513, -6.171358, -0.013055, -7.9109, 2.118562, 0.0
9047.0, 2.466907, -6.19345, -0.012617, -7.9109, 2.118562, 0.0
9047.0, 2.466907, -6.19345, -0.012617, -7.9109, 2.118562, 0.0
9064.0, 2.473871, -6.215627, -0.012227, -7.9109, 2.118562, 0.0
9081.0, 2.480395, -6.237892, -0.011886, -7.9109, 2.118562, 0.0
9081.0, 2.480395, -6.237892, -0.011886, -7.9109, 2.118562, 0.0
9097.0, 2.486472, -6.260247, -0.011595, -8.145608, 2.204661, 0.0
9097.0, 2.486472, -6.260247, -0.011595, -8.145608, 2.204661, 0.0
9114.0, 2.492093, -6.282694, -0.011352, -8.145608, 2.204661, 0.0
9132.0, 2.497255, -6.305233, -0.011152, -8.145608, 2.204661, 0.0
9132.0, 2.497255, -6.305233, -0.011152, -8.145608, 2.204661, 0.0
9148.0, 2.501954, -6.327873, -0.010994, -8.145608, 2.204661, 0.0
9148.0, 2.501954, -6.327873, -0.010994, -8.145608, 2.204661, 0.0
9165.0, 2.506184, -6.350604, -0.010871, -8.145608, 2.204661, 0.0
9182.0, 2.509942, -6.373422, -0.010779, -8.145608, 2.204661, 0.0
9182.0, 2.509942, -6.373422, -0.010779, -8.145608, 2.204661, 0.0
9199.0, 2.513224, -6.396324, -0.010713, -8.145608, 2.204661, 0.0
9199.0, 2.513224, -6.396324, -0.010713, -8.145608, 2.204661, 0.0
9214.0, 2.516028, -6.41931, -0.01067, -8.145608, 2.204661, 0.0
9233.0, 2.518352, -6.442378, -0.010645, -8.145608, 2.204661, 0.0
9233.0, 2.518352, -6.442378, -0.010645, -8.145608, 2.204661, 0.0
9247.0, 2.520293, -6.465512, -0.010677, -8.145608, 2.204661, 0.0
9247.0, 2.520293, -6.465512, -0.010677, -8.145608, 2.204661, 0.0
9264.0, 2.521977, -6.488693, -0.010796, -8.145608, 2.204661, 0.0
9281.0, 2.523526, -6.511901, -0.011018, -8.145608, 2.204661, 0.0
9281.0, 2.523526, -6.511901, -0.011018, -8.145608, 2.204661, 0.0
9297.0, 2.525052, -6.53512, -0.011343, -8.145608, 2.204661, 0.0
9298.0, 2.525052, -6.53512, -0.011343, -8.145608, 2.204661, 0.0
9314.0, 2.526651, -6.558335, -0.011758, -8.145608, 2.204661, 0.0
9331.0, 2.528404, -6.581536, -0.012244, -8.145608, 2.204661, 0.0
9331.0, 2.528404, -6.581536, -0.012244, -8.145608, 2.204661, 0.0
9348.0, 2.530376, -6.604705, -0.012778, -8.380316, 2.29076, 0.0
9348.0, 2.530376, -6.604705, -0.012778, -8.380316, 2.29076, 0.0
9364.0, 2.532623, -6.627843, -0.013337, -8.380316, 2.29076, 0.0
9381.0, 2.535188, -6.650947, -0.0139, -8.380316, 2.29076, 0.0
9381.0, 2.535188, -6.650947, -0.0139, -8.380316, 2.29076, 0.0
9398.0, 2.538107, -6.674016, -0.014449, -8.380316, 2.29076, 0.0
9398.0, 2.538107, -6.674016, -0.014449, -8.380316, 2.29076, 0.0
9415.0, 2.541408, -6.697045, -0.014971, -8.380316, 2.29076, 0.0
9433.0, 2.545112, -6.720034, -0.015455, -8.380316, 2.29076, 0.0
9433.0, 2.545112, -6.720034, -0.015455, -8.380316, 2.29076, 0.0
9448.0, 2.54924, -6.742989, -0.015896, -8.380316, 2.29076, 0.0
9448.0, 2.54924, -6.742989, -0.015896, -8.380316, 2.29076, 0.0
9465.0, 2.553803, -6.765903, -0.016289, -8.380316, 2.29076, 0.0
9482.0, 2.558813, -6.788774, -0.016634, -8.380316, 2.29076, 0.0
9482.0, 2.558813, -6.788774, -0.016634, -8.380316, 2.29076, 0.0
9497.0, 2.564277, -6.811598, -0.016931, -8.380316, 2.29076, 0.0
9497.0, 2.564277, -6.811598, -0.016931, -8.380316, 2.29076, 0.0
9513.0, 2.570203, -6.834376, -0.017184, -8.380316, 2.29076, 0.0
9531.0, 2.576596, -6.857107, -0.017395, -8.380316, 2.29076, 0.0
9531.0, 2.576596, -6.857107, -0.017395, -8.380316, 2.29076, 0.0
9548.0, 2.583457, -6.879783, -0.01757, -8.380316, 2.29076, 0.0
9548.0, 2.583457, -6.879783, -0.01757, -8.380316, 2.29076, 0.0
9564.0, 2.590793, -6.902408, -0.017713, -8.380316, 2.29076, 0.0
9581.0, 2.598608, -6.924984, -0.017829, -8.380316, 2.29076, 0.0
9581.0, 2.598608, -6.924984, -0.017829, -8.380316, 2.29076, 0.0
9598.0, 2.606904, -6.947512, -0.017924, -8.615025, 2.376859, 0.0
9598.0, 2.606904, -6.947512, -0.017924, -8.615025, 2.376859, 0.0
9614.0, 2.615683, -6.969993, -0.018001, -8.615025, 2.376859, 0.0
9633.0, 2.624948, -6.992424, -0.018064, -8.615025, 2.376859, 0.0
9633.0, 2.624948, -6.992424, -0.018064, -8.615025, 2.376859, 0.0
9648.0, 2.634604, -7.014829, -0.018076, -8.615025, 2.376859, 0.0
9648.0, 2.634604, -7.014829, -0.018076, -8.615025, 2.376859, 0.0
9665.0, 2.644524, -7.037218, -0.018001, -8.615025, 2.376859, 0.0
9682.0, 2.654588, -7.059619, -0.017823, -8.615025, 2.376859, 0.0
9682.0, 2.654588, -7.059619, -0.017823, -8.615025, 2.376859, 0.0
9698.0, 2.664672, -7.08202, -0.017537, -8.615025, 2.376859, 0.0
9698.0, 2.664672, -7.08202, -0.017537, -8.615025, 2.376859, 0.0
9714.0, 2.674685, -7.104446, -0.017157, -8.615025, 2.376859, 0.0
9732.0, 2.684545, -7.126908, -0.0167, -8.615025, 2.376859, 0.0
9732.0, 2.684545, -7.126908, -0.0167, -8.615025, 2.376859, 0.0
9748.0, 2.694183, -7.149407, -0.016187, -8.615025, 2.376859, 0.0
9748.0, 2.694183, -7.149407, -0.016187, -8.615025, 2.376859, 0.0
9764.0, 2.703547, -7.171957, -0.015643, -8.615025, 2.376859, 0.0
9781.0, 2.712595, -7.194567, -0.01509, -8.615025, 2.376859, 0.0
9781.0, 2.712595, -7.194567, -0.01509, -8.615025, 2.376859, 0.0
9798.0, 2.721292, -7.217243, -0.014547, -8.615025, 2.376859, 0.0
9798.0, 2.721292, -7.217243, -0.014547, -8.615025, 2.376859, 0.0
9814.0, 2.729611, -7.23999, -0.014028, -8.615025, 2.376859, 0.0
9832.0, 2.737529, -7.26281, -0.013545, -8.615025, 2.376859, 0.0
9832.0, 2.737529, -7.26281, -0.013545, -8.615025, 2.376859, 0.0
9848.0, 2.745033, -7.285714, -0.013106, -8.849743, 2.462962, 0.0
9848.0, 2.745033, -7.285714, -0.013106, -8.849743, 2.462962, 0.0
9864.0, 2.752107, -7.308696, -0.012714, -8.849743, 2.462962, 0.0
9881.0, 2.758738, -7.331755, -0.012371, -8.849743, 2.462962, 0.0
9881.0, 2.758738, -7.331755, -0.012371, -8.849743, 2.462962, 0.0
9897.0, 2.764918, -7.354891, -0.012076, -8.849743, 2.462962, 0.0
9897.0, 2.764918, -7.354891, -0.012076, -8.849743, 2.462962, 0.0
9914.0, 2.770641, -7.378103, -0.011827, -8.849743, 2.462962, 0.0
9932.0, 2.7759, -7.401392, -0.011622, -8.849743, 2.462962, 0.0
9932.0, 2.7759, -7.401392, -0.011622, -8.849743, 2.462962, 0.0
9947.0, 2.780692, -7.424757, -0.011456, -8.849743, 2.462962, 0.0
9947.0, 2.780692, -7.424757, -0.011456, -8.849743, 2.462962, 0.0
9964.0, 2.785012, -7.448198, -0.011325, -8.849743, 2.462962, 0.0
9981.0, 2.788857, -7.471714, -0.011226, -8.849743, 2.462962, 0.0
9981.0, 2.788857, -7.471714, -0.011226, -8.849743, 2.462962, 0.0
