1.0, 0.0, 0.0, 0.002231, 3.695057, -1.531846, 0.0
1.0, 0.0, 0.0, 0.002231, 3.695057, -1.531846, 0.0
14.0, -0.000038, -0.00019, -0.004137, 3.695057, -1.531846, 0.0
14.0, -0.000038, -0.00019, -0.004137, 3.695057, -1.531846, 0.0
31.0, 0.0001, -0.000241, -0.008302, 3.695057, -1.531846, 0.0
31.0, 0.0001, -0.000241, -0.008302, 3.695057, -1.531846, 0.0
45.0, 0.000436, -0.000127, -0.010247, 3.695057, -1.531846, 0.0
45.0, 0.000436, -0.000127, -0.010247, 3.695057, -1.531846, 0.0
62.0, 0.000846, 0.000062, -0.010933, 3.695057, -1.531846, 0.0
79.0, 0.001222, 0.000242, -0.010727, 3.695057, -1.531846, 0.0
79.0, 0.001222, 0.000242, -0.010727, 3.695057, -1.531846, 0.0
96.0, 0.001335, 0.000289, -0.011064, 3.695057, -1.531846, 0.0
96.0, 0.001335, 0.000289, -0.011064, 3.695057, -1.531846, 0.0
112.0, 0.001333, 0.000276, -0.010532, 3.695057, -1.531846, 0.0
131.0, 0.001068, 0.000218, -0.009439, 3.695057, -1.531846, 0.0
131.0, 0.001068, 0.000218, -0.009439, 3.695057, -1.531846, 0.0
146.0, 0.000745, -0.000056, -0.008955, 3.495739, -1.334039, 0.0
146.0, 0.000745, -0.000056, -0.008955, 3.495739, -1.334039, 0.0
162.0, 0.000151, -0.000003, -0.008054, 3.495739, -1.334039, 0.0
179.0, -0.000824, 0.000144, -0.006982, 3.495739, -1.334039, 0.0
179.0, -0.000824, 0.000144, -0.006982, 3.495739, -1.334039, 0.0
196.0, -0.002178, 0.000388, -0.005818, 3.495739, -1.334039, 0.0
196.0, -0.002178, 0.000388, -0.005818, 3.495739, -1.334039, 0.0
212.0, -0.003972, 0.000687, -0.004557, 3.495739, -1.334039, 0.0
230.0, -0.006234, 0.001027, -0.003245, 3.495739, -1.334039, 0.0
230.0, -0.006234, 0.001027, -0.003245, 3.495739, -1.334039, 0.0
245.0, -0.008983, 0.001398, -0.001937, 3.495739, -1.334039, 0.0
245.0, -0.008983, 0.001398, -0.001937, 3.495739, -1.334039, 0.0
262.0, -0.012227, 0.001794, -0.000679, 3.495739, -1.334039, 0.0
280.0, -0.015973, 0.002213, 0.000496, 3.495739, -1.334039, 0.0
280.0, -0.015973, 0.002213, 0.000496, 3.495739, -1.334039, 0.0
296.0, -0.020226, 0.002651, 0.001567, 3.495739, -1.334039, 0.0
296.0, -0.020226, 0.002651, 0.001567, 3.495739, -1.334039, 0.0
312.0, -0.02498, 0.003109, 0.002519, 3.495739, -1.334039, 0.0
330.0, -0.030239, 0.003586, 0.003348, 3.495739, -1.334039, 0.0
330.0, -0.030239, 0.003586, 0.003348, 3.495739, -1.334039, 0.0
346.0, -0.036002, 0.004082, 0.004055, 3.495739, -1.334039, 0.0
346.0, -0.036002, 0.004082, 0.004055, 3.495739, -1.334039, 0.0
362.0, -0.042268, 0.004595, 0.004648, 3.495739, -1.334039, 0.0
379.0, -0.049037, 0.005126, 0.005136, 3.495739, -1.334039, 0.0
379.0, -0.049037, 0.005126, 0.005136, 3.495739, -1.334039, 0.0
396.0, -0.056307, 0.005675, 0.005529, 3.140818, -0.981808, 0.0
396.0, -0.056307, 0.005675, 0.005529, 3.140818, -0.981808, 0.0
411.0, -0.064079, 0.00624, 0.00584, 3.140818, -0.981808, 0.0
430.0, -0.07235, 0.006823, 0.00608, 3.140818, -0.981808, 0.0
430.0, -0.07235, 0.006823, 0.00608, 3.140818, -0.981808, 0.0
445.0, -0.081021, 0.007417, 0.00622, 3.140818, -0.981808, 0.0
445.0, -0.081021, 0.007417, 0.00622, 3.140818, -0.981808, 0.0
462.0, -0.089961, 0.008018, 0.006234, 3.140818, -0.981808, 0.0
479.0, -0.09904, 0.008618, 0.006112, 3.140818, -0.981808, 0.0
479.0, -0.09904, 0.008618, 0.006112, 3.140818, -0.981808, 0.0
495.0, -0.108145, 0.009213, 0.005861, 3.140818, -0.981808, 0.0
495.0, -0.108145, 0.009213, 0.005861, 3.140818, -0.981808, 0.0
512.0, -0.117179, 0.009798, 0.005499, 3.140818, -0.981808, 0.0
530.0, -0.12606, 0.01037, 0.005049, 3.140818, -0.981808, 0.0
530.0, -0.12606, 0.01037, 0.005049, 3.140818, -0.981808, 0.0
546.0, -0.13472, 0.010925, 0.004538, 3.140818, -0.981808, 0.0
546.0, -0.13472, 0.010925, 0.004538, 3.140818, -0.981808, 0.0
562.0, -0.143106, 0.011463, 0.003991, 3.140818, -0.981808, 0.0
580.0, -0.151173, 0.011981, 0.003431, 3.140818, -0.981808, 0.0
580.0, -0.151173, 0.011981, 0.003431, 3.140818, -0.981808, 0.0
596.0, -0.158886, 0.01248, 0.002879, 3.140818, -0.981808, 0.0
596.0, -0.158886, 0.01248, 0.002879, 3.140818, -0.981808, 0.0
613.0, -0.166215, 0.012959, 0.002348, 3.140818, -0.981808, 0.0
631.0, -0.173139, 0.013419, 0.00185, 3.140818, -0.981808, 0.0
631.0, -0.173139, 0.013419, 0.00185, 3.140818, -0.981808, 0.0
646.0, -0.179638, 0.01386, 0.001393, 2.785918, -0.6296, 0.0
646.0, -0.179638, 0.01386, 0.001393, 2.785918, -0.6296, 0.0
661.0, -0.185698, 0.014281, 0.000981, 2.785918, -0.6296, 0.0
678.0, -0.191307, 0.014682, 0.000615, 2.785918, -0.6296, 0.0
678.0, -0.191307, 0.014682, 0.000615, 2.785918, -0.6296, 0.0
695.0, -0.196455, 0.015064, 0.000296, 2.785918, -0.6296, 0.0
695.0, -0.196455, 0.015064, 0.000296, 2.785918, -0.6296, 0.0
711.0, -0.201135, 0.015425, 0.000022, 2.785918, -0.6296, 0.0
730.0, -0.205341, 0.015767, -0.000211, 2.785918, -0.6296, 0.0
730.0, -0.205341, 0.015767, -0.000211, 2.785918, -0.6296, 0.0
746.0, -0.209068, 0.016087, -0.000407, 2.785918, -0.6296, 0.0
746.0, -0.209068, 0.016087, -0.000407, 2.785918, -0.6296, 0.0
761.0, -0.212314, 0.016384, -0.000568, 2.785918, -0.6296, 0.0
780.0, -0.215073, 0.016659, -0.000699, 2.785918, -0.6296, 0.0
780.0, -0.215073, 0.016659, -0.000699, 2.785918, -0.6296, 0.0
796.0, -0.217345, 0.016908, -0.000804, 2.785918, -0.6296, 0.0
796.0, -0.217345, 0.016908, -0.000804, 2.785918, -0.6296, 0.0
812.0, -0.219127, 0.017131, -0.000887, 2.785918, -0.6296, 0.0
830.0, -0.220419, 0.017323, -0.000949, 2.785918, -0.6296, 0.0
830.0, -0.220419, 0.017323, -0.000949, 2.785918, -0.6296, 0.0
847.0, -0.22122, 0.017477, -0.000993, 2.785918, -0.6296, 0.0
847.0, -0.22122, 0.017477, -0.000993, 2.785918, -0.6296, 0.0
861.0, -0.221549, 0.017572, -0.001003, 2.785918, -0.6296, 0.0
879.0, -0.221502, 0.0176, -0.001058, 2.785918, -0.6296, 0.0
879.0, -0.221502, 0.0176, -0.001058, 2.785918, -0.6296, 0.0
896.0, -0.221258, 0.017611, -0.001228, 2.431019, -0.277391, 0.0
896.0, -0.221258, 0.017611, -0.001228, 2.431019, -0.277391, 0.0
912.0, -0.220714, 0.017663, -0.001422, 2.431019, -0.277391, 0.0
912.0, -0.220714, 0.017663, -0.001422, 2.431019, -0.277391, 0.0
929.0, -0.219676, 0.017743, -0.00165, 2.431019, -0.277391, 0.0
946.0, -0.218093, 0.017833, -0.002026, 2.431019, -0.277391, 0.0
946.0, -0.218093, 0.017833, -0.002026, 2.431019, -0.277391, 0.0
963.0, -0.215936, 0.017906, -0.00248, 2.431019, -0.277391, 0.0
963.0, -0.215936, 0.017906, -0.00248, 2.431019, -0.277391, 0.0
978.0, -0.213199, 0.017954, -0.00297, 2.431019, -0.277391, 0.0
996.0, -0.20989, 0.017971, -0.003466, 2.431019, -0.277391, 0.0
996.0, -0.20989, 0.017971, -0.003466, 2.431019, -0.277391, 0.0
1013.0, -0.206016, 0.017953, -0.003942, 2.431019, -0.277391, 0.0
1013.0, -0.206016, 0.017953, -0.003942, 2.431019, -0.277391, 0.0
1029.0, -0.201588, 0.017901, -0.004383, 2.431019, -0.277391, 0.0
1046.0, -0.196613, 0.017812, -0.004778, 2.431019, -0.277391, 0.0
1046.0, -0.196613, 0.017812, -0.004778, 2.431019, -0.277391, 0.0
1061.0, -0.191101, 0.017687, -0.005124, 2.431019, -0.277391, 0.0
1061.0, -0.191101, 0.017687, -0.005124, 2.431019, -0.277391, 0.0
1078.0, -0.185058, 0.017526, -0.005418, 2.431019, -0.277391, 0.0
1094.0, -0.178491, 0.017328, -0.005662, 2.431019, -0.277391, 0.0
1094.0, -0.178491, 0.017328, -0.005662, 2.431019, -0.277391, 0.0
1111.0, -0.171404, 0.017093, -0.005862, 2.431019, -0.277391, 0.0
1111.0, -0.171404, 0.017093, -0.005862, 2.431019, -0.277391, 0.0
1129.0, -0.163802, 0.016822, -0.006021, 2.431019, -0.277391, 0.0
1146.0, -0.155688, 0.016515, -0.006145, 2.07612, 0.074817, 0.0
1146.0, -0.155688, 0.016515, -0.006145, 2.07612, 0.074817, 0.0
1162.0, -0.147066, 0.016171, -0.00624, 2.07612, 0.074817, 0.0
1162.0, -0.147066, 0.016171, -0.00624, 2.07612, 0.074817, 0.0
1178.0, -0.137937, 0.01579, -0.006311, 2.07612, 0.074817, 0.0
1194.0, -0.128303, 0.015373, -0.006363, 2.07612, 0.074817, 0.0
1194.0, -0.128303, 0.015373, -0.006363, 2.07612, 0.074817, 0.0
1212.0, -0.118165, 0.014919, -0.006401, 2.07612, 0.074817, 0.0
1212.0, -0.118165, 0.014919, -0.006401, 2.07612, 0.074817, 0.0
1230.0, -0.107525, 0.014428, -0.006429, 2.07612, 0.074817, 0.0
1245.0, -0.096383, 0.0139, -0.006449, 2.07612, 0.074817, 0.0
1245.0, -0.096383, 0.0139, -0.006449, 2.07612, 0.074817, 0.0
1261.0, -0.08474, 0.013336, -0.006464, 2.07612, 0.074817, 0.0
1261.0, -0.08474, 0.013336, -0.006464, 2.07612, 0.074817, 0.0
1278.0, -0.072597, 0.012734, -0.006476, 2.07612, 0.074817, 0.0
1295.0, -0.059953, 0.012096, -0.006487, 2.07612, 0.074817, 0.0
1295.0, -0.059953, 0.012096, -0.006487, 2.07612, 0.074817, 0.0
1312.0, -0.046811, 0.01142, -0.006497, 2.07612, 0.074817, 0.0
1312.0, -0.046811, 0.01142, -0.006497, 2.07612, 0.074817, 0.0
1329.0, -0.033168, 0.010708, -0.006508, 2.07612, 0.074817, 0.0
1345.0, -0.019026, 0.009959, -0.00652, 2.07612, 0.074817, 0.0
1345.0, -0.019026, 0.009959, -0.00652, 2.07612, 0.074817, 0.0
1362.0, -0.004383, 0.009173, -0.006534, 2.07612, 0.074817, 0.0
1362.0, -0.004383, 0.009173, -0.006534, 2.07612, 0.074817, 0.0
1378.0, 0.010758, 0.00835, -0.006549, 2.07612, 0.074817, 0.0
1395.0, 0.026398, 0.00749, -0.006566, 1.72122, 0.427025, 0.0
1395.0, 0.026398, 0.00749, -0.006566, 1.72122, 0.427025, 0.0
1412.0, 0.042536, 0.006594, -0.006584, 1.72122, 0.427025, 0.0
1412.0, 0.042536, 0.006594, -0.006584, 1.72122, 0.427025, 0.0
1430.0, 0.059173, 0.005661, -0.006603, 1.72122, 0.427025, 0.0
1446.0, 0.076308, 0.004691, -0.006623, 1.72122, 0.427025, 0.0
1446.0, 0.076308, 0.004691, -0.006623, 1.72122, 0.427025, 0.0
1462.0, 0.09394, 0.003684, -0.006644, 1.72122, 0.427025, 0.0
1462.0, 0.09394, 0.003684, -0.006644, 1.72122, 0.427025, 0.0
1478.0, 0.112071, 0.002641, -0.006667, 1.72122, 0.427025, 0.0
1496.0, 0.1307, 0.001561, -0.00669, 1.72122, 0.427025, 0.0
1496.0, 0.1307, 0.001561, -0.00669, 1.72122, 0.427025, 0.0
1513.0, 0.149829, 0.000444, -0.006715, 1.72122, 0.427025, 0.0
1513.0, 0.149829, 0.000444, -0.006715, 1.72122, 0.427025, 0.0
1530.0, 0.169456, -0.000709, -0.006741, 1.72122, 0.427025, 0.0
1547.0, 0.189583, -0.001899, -0.006766, 1.72122, 0.427025, 0.0
1547.0, 0.189583, -0.001899, -0.006766, 1.72122, 0.427025, 0.0
1563.0, 0.210208, -0.003125, -0.006792, 1.72122, 0.427025, 0.0
1563.0, 0.210208, -0.003125, -0.006792, 1.72122, 0.427025, 0.0
1578.0, 0.231332, -0.004387, -0.006819, 1.72122, 0.427025, 0.0
1595.0, 0.252955, -0.005685, -0.006846, 1.72122, 0.427025, 0.0
1595.0, 0.252955, -0.005685, -0.006846, 1.72122, 0.427025, 0.0
1611.0, 0.275077, -0.00702, -0.006872, 1.72122, 0.427025, 0.0
1611.0, 0.275077, -0.00702, -0.006872, 1.72122, 0.427025, 0.0
1629.0, 0.297697, -0.00839, -0.006899, 1.72122, 0.427025, 0.0
1645.0, 0.320717, -0.009791, -0.006885, 1.366322, 0.779233, 0.0
1645.0, 0.320717, -0.009791, -0.006885, 1.366322, 0.779233, 0.0
1662.0, 0.344005, -0.011213, -0.006791, 1.366322, 0.779233, 0.0
1662.0, 0.344005, -0.011213, -0.006791, 1.366322, 0.779233, 0.0
1678.0, 0.367433, -0.012651, -0.006597, 1.366322, 0.779233, 0.0
1696.0, 0.390888, -0.014098, -0.006301, 1.366322, 0.779233, 0.0
1696.0, 0.390888, -0.014098, -0.006301, 1.366322, 0.779233, 0.0
1713.0, 0.414271, -0.015549, -0.005912, 1.366322, 0.779233, 0.0
1713.0, 0.414271, -0.015549, -0.005912, 1.366322, 0.779233, 0.0
1729.0, 0.437502, -0.017001, -0.005449, 1.366322, 0.779233, 0.0
1746.0, 0.460512, -0.018449, -0.004931, 1.366322, 0.779233, 0.0
1746.0, 0.460512, -0.018449, -0.004931, 1.366322, 0.779233, 0.0
1762.0, 0.483248, -0.019889, -0.004383, 1.366322, 0.779233, 0.0
1762.0, 0.483248, -0.019889, -0.004383, 1.366322, 0.779233, 0.0
1778.0, 0.505666, -0.021318, -0.003825, 1.366322, 0.779233, 0.0
1795.0, 0.527731, -0.022732, -0.003275, 1.366322, 0.779233, 0.0
1795.0, 0.527731, -0.022732, -0.003275, 1.366322, 0.779233, 0.0
1812.0, 0.549414, -0.024127, -0.002746, 1.366322, 0.779233, 0.0
1812.0, 0.549414, -0.024127, -0.002746, 1.366322, 0.779233, 0.0
1829.0, 0.570691, -0.025501, -0.00225, 1.366322, 0.779233, 0.0
1845.0, 0.591546, -0.026849, -0.001792, 1.366322, 0.779233, 0.0
1845.0, 0.591546, -0.026849, -0.001792, 1.366322, 0.779233, 0.0
1862.0, 0.611962, -0.028169, -0.001378, 1.366322, 0.779233, 0.0
1862.0, 0.611962, -0.028169, -0.001378, 1.366322, 0.779233, 0.0
1878.0, 0.631929, -0.029458, -0.001009, 1.366322, 0.779233, 0.0
1895.0, 0.651435, -0.030715, -0.000684, 1.011423, 1.131441, 0.0
1895.0, 0.651435, -0.030715, -0.000684, 1.011423, 1.131441, 0.0
1913.0, 0.670475, -0.031937, -0.000401, 1.011423, 1.131441, 0.0
1913.0, 0.670475, -0.031937, -0.000401, 1.011423, 1.131441, 0.0
1929.0, 0.689043, -0.033123, -0.000158, 1.011423, 1.131441, 0.0
1946.0, 0.707236, -0.034279, 0.000006, 1.011423, 1.131441, 0.0
1946.0, 0.707236, -0.034279, 0.000006, 1.011423, 1.131441, 0.0
1962.0, 0.72518, -0.035415, 0.000059, 1.011423, 1.131441, 0.0
1962.0, 0.72518, -0.035415, 0.000059, 1.011423, 1.131441, 0.0
1978.0, 0.742997, -0.036537, -0.000014, 1.011423, 1.131441, 0.0
1995.0, 0.760799, -0.037653, -0.000213, 1.011423, 1.131441, 0.0
1995.0, 0.760799, -0.037653, -0.000213, 1.011423, 1.131441, 0.0
2011.0, 0.77868, -0.038769, -0.000523, 1.011423, 1.131441, 0.0
2011.0, 0.77868, -0.038769, -0.000523, 1.011423, 1.131441, 0.0
2030.0, 0.796721, -0.039889, -0.000925, 1.011423, 1.131441, 0.0
2045.0, 0.814984, -0.041019, -0.001392, 1.011423, 1.131441, 0.0
2045.0, 0.814984, -0.041019, -0.001392, 1.011423, 1.131441, 0.0
2061.0, 0.833525, -0.042161, -0.001902, 1.011423, 1.131441, 0.0
2061.0, 0.833525, -0.042161, -0.001902, 1.011423, 1.131441, 0.0
2078.0, 0.852388, -0.043322, -0.002433, 1.011423, 1.131441, 0.0
2096.0, 0.871607, -0.044503, -0.002964, 1.011423, 1.131441, 0.0
2096.0, 0.871607, -0.044503, -0.002964, 1.011423, 1.131441, 0.0
2112.0, 0.891211, -0.045708, -0.00348, 1.011423, 1.131441, 0.0
2112.0, 0.891211, -0.045708, -0.00348, 1.011423, 1.131441, 0.0
2130.0, 0.911223, -0.046941, -0.00397, 1.011423, 1.131441, 0.0
2146.0, 0.93166, -0.048204, -0.004425, 0.656523, 1.48365, 0.0
2146.0, 0.93166, -0.048204, -0.004425, 0.656523, 1.48365, 0.0
2161.0, 0.952538, -0.0495, -0.00484, 0.656523, 1.48365, 0.0
2161.0, 0.952538, -0.0495, -0.00484, 0.656523, 1.48365, 0.0
2178.0, 0.973866, -0.050832, -0.005213, 0.656523, 1.48365, 0.0
2195.0, 0.995655, -0.052202, -0.005542, 0.656523, 1.48365, 0.0
2195.0, 0.995655, -0.052202, -0.005542, 0.656523, 1.48365, 0.0
2212.0, 1.017911, -0.053612, -0.005831, 0.656523, 1.48365, 0.0
2212.0, 1.017911, -0.053612, -0.005831, 0.656523, 1.48365, 0.0
2229.0, 1.040641, -0.055063, -0.00608, 0.656523, 1.48365, 0.0
2245.0, 1.063851, -0.056558, -0.006295, 0.656523, 1.48365, 0.0
2245.0, 1.063851, -0.056558, -0.006295, 0.656523, 1.48365, 0.0
2261.0, 1.087543, -0.058096, -0.006478, 0.656523, 1.48365, 0.0
2261.0, 1.087543, -0.058096, -0.006478, 0.656523, 1.48365, 0.0
2278.0, 1.11172, -0.059679, -0.006632, 0.656523, 1.48365, 0.0
2296.0, 1.136383, -0.061308, -0.006762, 0.656523, 1.48365, 0.0
2296.0, 1.136383, -0.061308, -0.006762, 0.656523, 1.48365, 0.0
2313.0, 1.161535, -0.062982, -0.006871, 0.656523, 1.48365, 0.0
2313.0, 1.161535, -0.062982, -0.006871, 0.656523, 1.48365, 0.0
2329.0, 1.187178, -0.064703, -0.006963, 0.656523, 1.48365, 0.0
2345.0, 1.213319, -0.066471, -0.00704, 0.656523, 1.48365, 0.0
2345.0, 1.213319, -0.066471, -0.00704, 0.656523, 1.48365, 0.0
2362.0, 1.239961, -0.068285, -0.007106, 0.656523, 1.48365, 0.0
2362.0, 1.239961, -0.068285, -0.007106, 0.656523, 1.48365, 0.0
2379.0, 1.267077, -0.070145, -0.007163, 0.656523, 1.48365, 0.0
2396.0, 1.294689, -0.072049, -0.007214, 0.301596, 1.835886, 0.0
2396.0, 1.294689, -0.072049, -0.007214, 0.301596, 1.835886, 0.0
2411.0, 1.322795, -0.073999, -0.007259, 0.301596, 1.835886, 0.0
2411.0, 1.322795, -0.073999, -0.007259, 0.301596, 1.835886, 0.0
2429.0, 1.351397, -0.075994, -0.007301, 0.301596, 1.835886, 0.0
2444.0, 1.380391, -0.078027, -0.007297, 0.301596, 1.835886, 0.0
2444.0, 1.380391, -0.078027, -0.007297, 0.301596, 1.835886, 0.0
2461.0, 1.409649, -0.080087, -0.007211, 0.301596, 1.835886, 0.0
2461.0, 1.409649, -0.080087, -0.007211, 0.301596, 1.835886, 0.0
2478.0, 1.439046, -0.082167, -0.007023, 0.301596, 1.835886, 0.0
2495.0, 1.468469, -0.08426, -0.006733, 0.301596, 1.835886, 0.0
2495.0, 1.468469, -0.08426, -0.006733, 0.301596, 1.835886, 0.0
2512.0, 1.49782, -0.086361, -0.006349, 0.301596, 1.835886, 0.0
2512.0, 1.49782, -0.086361, -0.006349, 0.301596, 1.835886, 0.0
2529.0, 1.527019, -0.088464, -0.005889, 0.301596, 1.835886, 0.0
2546.0, 1.556003, -0.090566, -0.005378, 0.301596, 1.835886, 0.0
2546.0, 1.556003, -0.090566, -0.005378, 0.301596, 1.835886, 0.0
2562.0, 1.584716, -0.092662, -0.004834, 0.301596, 1.835886, 0.0
2562.0, 1.584716, -0.092662, -0.004834, 0.301596, 1.835886, 0.0
2578.0, 1.61311, -0.094747, -0.004279, 0.301596, 1.835886, 0.0
2596.0, 1.64115, -0.096818, -0.003729, 0.301596, 1.835886, 0.0
2596.0, 1.64115, -0.096818, -0.003729, 0.301596, 1.835886, 0.0
2612.0, 1.668807, -0.09887, -0.003199, 0.301596, 1.835886, 0.0
2612.0, 1.668807, -0.09887, -0.003199, 0.301596, 1.835886, 0.0
2630.0, 1.696058, -0.100899, -0.002701, 0.301596, 1.835886, 0.0
2646.0, 1.722881, -0.102901, -0.002239, -0.053303, 2.188094, 0.0
2646.0, 1.722881, -0.102901, -0.002239, -0.053303, 2.188094, 0.0
2661.0, 1.749265, -0.104874, -0.001821, -0.053303, 2.188094, 0.0
2661.0, 1.749265, -0.104874, -0.001821, -0.053303, 2.188094, 0.0
2678.0, 1.775198, -0.106813, -0.001449, -0.053303, 2.188094, 0.0
2694.0, 1.800672, -0.108717, -0.001121, -0.053303, 2.188094, 0.0
2694.0, 1.800672, -0.108717, -0.001121, -0.053303, 2.188094, 0.0
2712.0, 1.82568, -0.110584, -0.000836, -0.053303, 2.188094, 0.0
2712.0, 1.82568, -0.110584, -0.000836, -0.053303, 2.188094, 0.0
2729.0, 1.850214, -0.112411, -0.000591, -0.053303, 2.188094, 0.0
2745.0, 1.874373, -0.114206, -0.000425, -0.053303, 2.188094, 0.0
2745.0, 1.874373, -0.114206, -0.000425, -0.053303, 2.188094, 0.0
2762.0, 1.898283, -0.115977, -0.00037, -0.053303, 2.188094, 0.0
2762.0, 1.898283, -0.115977, -0.00037, -0.053303, 2.188094, 0.0
2778.0, 1.922065, -0.117733, -0.000443, -0.053303, 2.188094, 0.0
2796.0, 1.945833, -0.119482, -0.000642, -0.053303, 2.188094, 0.0
2796.0, 1.945833, -0.119482, -0.000642, -0.053303, 2.188094, 0.0
2812.0, 1.969682, -0.121229, -0.000954, -0.053303, 2.188094, 0.0
2812.0, 1.969682, -0.121229, -0.000954, -0.053303, 2.188094, 0.0
2830.0, 1.993689, -0.122979, -0.001359, -0.053303, 2.188094, 0.0
2846.0, 2.017925, -0.124739, -0.001831, -0.053303, 2.188094, 0.0
2846.0, 2.017925, -0.124739, -0.001831, -0.053303, 2.188094, 0.0
2862.0, 2.042439, -0.126511, -0.002346, -0.053303, 2.188094, 0.0
2862.0, 2.042439, -0.126511, -0.002346, -0.053303, 2.188094, 0.0
2878.0, 2.067275, -0.1283, -0.00288, -0.053303, 2.188094, 0.0
2895.0, 2.092467, -0.130112, -0.003415, -0.408202, 2.540302, 0.0
2895.0, 2.092467, -0.130112, -0.003415, -0.408202, 2.540302, 0.0
2912.0, 2.118044, -0.131949, -0.003934, -0.408202, 2.540302, 0.0
2912.0, 2.118044, -0.131949, -0.003934, -0.408202, 2.540302, 0.0
2929.0, 2.144027, -0.133815, -0.004426, -0.408202, 2.540302, 0.0
2946.0, 2.170434, -0.135713, -0.004881, -0.408202, 2.540302, 0.0
2946.0, 2.170434, -0.135713, -0.004881, -0.408202, 2.540302, 0.0
2962.0, 2.197278, -0.137648, -0.005296, -0.408202, 2.540302, 0.0
2962.0, 2.197278, -0.137648, -0.005296, -0.408202, 2.540302, 0.0
2978.0, 2.224573, -0.139621, -0.005669, -0.408202, 2.540302, 0.0
2995.0, 2.252329, -0.141635, -0.006, -0.408202, 2.540302, 0.0
2996.0, 2.252329, -0.141635, -0.006, -0.408202, 2.540302, 0.0
3012.0, 2.280551, -0.143693, -0.00629, -0.408202, 2.540302, 0.0
3012.0, 2.280551, -0.143693, -0.00629, -0.408202, 2.540302, 0.0
3029.0, 2.309247, -0.145797, -0.00654, -0.408202, 2.540302, 0.0
3046.0, 2.338422, -0.147947, -0.006756, -0.408202, 2.540302, 0.0
3046.0, 2.338422, -0.147947, -0.006756, -0.408202, 2.540302, 0.0
3061.0, 2.368077, -0.150144, -0.00694, -0.408202, 2.540302, 0.0
3061.0, 2.368077, -0.150144, -0.00694, -0.408202, 2.540302, 0.0
3078.0, 2.398216, -0.152389, -0.007095, -0.408202, 2.540302, 0.0
3095.0, 2.428843, -0.154683, -0.007227, -0.408202, 2.540302, 0.0
3095.0, 2.428843, -0.154683, -0.007227, -0.408202, 2.540302, 0.0
3111.0, 2.459958, -0.157025, -0.007338, -0.408202, 2.540302, 0.0
3111.0, 2.459958, -0.157025, -0.007338, -0.408202, 2.540302, 0.0
3129.0, 2.491563, -0.159416, -0.007433, -0.408202, 2.540302, 0.0
3145.0, 2.523562, -0.161847, -0.007472, -0.763102, 2.892511, 0.0
3145.0, 2.523562, -0.161847, -0.007472, -0.763102, 2.892511, 0.0
3161.0, 2.555822, -0.16431, -0.00742, -0.763102, 2.892511, 0.0
3161.0, 2.555822, -0.16431, -0.00742, -0.763102, 2.892511, 0.0
3178.0, 2.588218, -0.166797, -0.007258, -0.763102, 2.892511, 0.0
3195.0, 2.620635, -0.1693, -0.006985, -0.763102, 2.892511, 0.0
3195.0, 2.620635, -0.1693, -0.006985, -0.763102, 2.892511, 0.0
3212.0, 2.652978, -0.171813, -0.006614, -0.763102, 2.892511, 0.0
3212.0, 2.652978, -0.171813, -0.006614, -0.763102, 2.892511, 0.0
3229.0, 2.685165, -0.174333, -0.006163, -0.763102, 2.892511, 0.0
3244.0, 2.717128, -0.176853, -0.005653, -0.763102, 2.892511, 0.0
3244.0, 2.717128, -0.176853, -0.005653, -0.763102, 2.892511, 0.0
3261.0, 2.748813, -0.17937, -0.00511, -0.763102, 2.892511, 0.0
3261.0, 2.748813, -0.17937, -0.00511, -0.763102, 2.892511, 0.0
3278.0, 2.780179, -0.181881, -0.004555, -0.763102, 2.892511, 0.0
3294.0, 2.81119, -0.18438, -0.004006, -0.763102, 2.892511, 0.0
3294.0, 2.81119, -0.18438, -0.004006, -0.763102, 2.892511, 0.0
3312.0, 2.841817, -0.186863, -0.003478, -0.763102, 2.892511, 0.0
3312.0, 2.841817, -0.186863, -0.003478, -0.763102, 2.892511, 0.0
3329.0, 2.872039, -0.189326, -0.002981, -0.763102, 2.892511, 0.0
3344.0, 2.901836, -0.191765, -0.002523, -0.763102, 2.892511, 0.0
3344.0, 2.901836, -0.191765, -0.002523, -0.763102, 2.892511, 0.0
3361.0, 2.931194, -0.194176, -0.002108, -0.763102, 2.892511, 0.0
3361.0, 2.931194, -0.194176, -0.002108, -0.763102, 2.892511, 0.0
3378.0, 2.960102, -0.196557, -0.001738, -0.763102, 2.892511, 0.0
3394.0, 2.988551, -0.198903, -0.001413, -1.118001, 3.244719, 0.0
3394.0, 2.988551, -0.198903, -0.001413, -1.118001, 3.244719, 0.0
3412.0, 3.016532, -0.201214, -0.00113, -1.118001, 3.244719, 0.0
3412.0, 3.016532, -0.201214, -0.00113, -1.118001, 3.244719, 0.0
3429.0, 3.04404, -0.203487, -0.000887, -1.118001, 3.244719, 0.0
3445.0, 3.071074, -0.205721, -0.000681, -1.118001, 3.244719, 0.0
3445.0, 3.071074, -0.205721, -0.000681, -1.118001, 3.244719, 0.0
3462.0, 3.097627, -0.207913, -0.000507, -1.118001, 3.244719, 0.0
3462.0, 3.097627, -0.207913, -0.000507, -1.118001, 3.244719, 0.0
3478.0, 3.123696, -0.210062, -0.00036, -1.118001, 3.244719, 0.0
3495.0, 3.149277, -0.212167, -0.000237, -1.118001, 3.244719, 0.0
3495.0, 3.149277, -0.212167, -0.000237, -1.118001, 3.244719, 0.0
3513.0, 3.17437, -0.214228, -0.000133, -1.118001, 3.244719, 0.0
3513.0, 3.17437, -0.214228, -0.000133, -1.118001, 3.244719, 0.0
3529.0, 3.198972, -0.216243, -0.000047, -1.118001, 3.244719, 0.0
3546.0, 3.223182, -0.218223, -0.000014, -1.118001, 3.244719, 0.0
3546.0, 3.223182, -0.218223, -0.000014, -1.118001, 3.244719, 0.0
3563.0, 3.247129, -0.220178, -0.000073, -1.118001, 3.244719, 0.0
3563.0, 3.247129, -0.220178, -0.000073, -1.118001, 3.244719, 0.0
3578.0, 3.27094, -0.22212, -0.00024, -1.118001, 3.244719, 0.0
3595.0, 3.294728, -0.224058, -0.000517, -1.118001, 3.244719, 0.0
3595.0, 3.294728, -0.224058, -0.000517, -1.118001, 3.244719, 0.0
3611.0, 3.318589, -0.225999, -0.000893, -1.118001, 3.244719, 0.0
3611.0, 3.318589, -0.225999, -0.000893, -1.118001, 3.244719, 0.0
3629.0, 3.342604, -0.22795, -0.001348, -1.118001, 3.244719, 0.0
3645.0, 3.36684, -0.229917, -0.00186, -1.4729, 3.596927, 0.0
3645.0, 3.36684, -0.229917, -0.00186, -1.4729, 3.596927, 0.0
3662.0, 3.391349, -0.231906, -0.002406, -1.4729, 3.596927, 0.0
3662.0, 3.391349, -0.231906, -0.002406, -1.4729, 3.596927, 0.0
3678.0, 3.416177, -0.233921, -0.002966, -1.4729, 3.596927, 0.0
3696.0, 3.441358, -0.235969, -0.00352, -1.4729, 3.596927, 0.0
3696.0, 3.441358, -0.235969, -0.00352, -1.4729, 3.596927, 0.0
3712.0, 3.466921, -0.238052, -0.004056, -1.4729, 3.596927, 0.0
3712.0, 3.466921, -0.238052, -0.004056, -1.4729, 3.596927, 0.0
3729.0, 3.492888, -0.240176, -0.004561, -1.4729, 3.596927, 0.0
3746.0, 3.519281, -0.242344, -0.00503, -1.4729, 3.596927, 0.0
3746.0, 3.519281, -0.242344, -0.00503, -1.4729, 3.596927, 0.0
3763.0, 3.546111, -0.244559, -0.005456, -1.4729, 3.596927, 0.0
3763.0, 3.546111, -0.244559, -0.005456, -1.4729, 3.596927, 0.0
3778.0, 3.57339, -0.246825, -0.005839, -1.4729, 3.596927, 0.0
3795.0, 3.601127, -0.249145, -0.006177, -1.4729, 3.596927, 0.0
3795.0, 3.601127, -0.249145, -0.006177, -1.4729, 3.596927, 0.0
3812.0, 3.629329, -0.25152, -0.006473, -1.4729, 3.596927, 0.0
3812.0, 3.629329, -0.25152, -0.006473, -1.4729, 3.596927, 0.0
3829.0, 3.658001, -0.253952, -0.00673, -1.4729, 3.596927, 0.0
3844.0, 3.687147, -0.256443, -0.006951, -1.4729, 3.596927, 0.0
3844.0, 3.687147, -0.256443, -0.006951, -1.4729, 3.596927, 0.0
3862.0, 3.71677, -0.258993, -0.007139, -1.4729, 3.596927, 0.0
3862.0, 3.71677, -0.258993, -0.007139, -1.4729, 3.596927, 0.0
3879.0, 3.746877, -0.261602, -0.0073, -1.4729, 3.596927, 0.0
3896.0, 3.777469, -0.264272, -0.007438, -1.827799, 3.949136, 0.0
3896.0, 3.777469, -0.264272, -0.007438, -1.827799, 3.949136, 0.0
3912.0, 3.808548, -0.267001, -0.007556, -1.827799, 3.949136, 0.0
3912.0, 3.808548, -0.267001, -0.007556, -1.827799, 3.949136, 0.0
3929.0, 3.840115, -0.26979, -0.007658, -1.827799, 3.949136, 0.0
3946.0, 3.872174, -0.272638, -0.007746, -1.827799, 3.949136, 0.0
3946.0, 3.872174, -0.272638, -0.007746, -1.827799, 3.949136, 0.0
3962.0, 3.904724, -0.275543, -0.007822, -1.827799, 3.949136, 0.0
3962.0, 3.904724, -0.275543, -0.007822, -1.827799, 3.949136, 0.0
3977.0, 3.937767, -0.278504, -0.00789, -1.827799, 3.949136, 0.0
3995.0, 3.971303, -0.28152, -0.00795, -1.827799, 3.949136, 0.0
3995.0, 3.971303, -0.28152, -0.00795, -1.827799, 3.949136, 0.0
4012.0, 4.005332, -0.284589, -0.008004, -1.827799, 3.949136, 0.0
4012.0, 4.005332, -0.284589, -0.008004, -1.827799, 3.949136, 0.0
4029.0, 4.039857, -0.287711, -0.008054, -1.827799, 3.949136, 0.0
4045.0, 4.07478, -0.290878, -0.00806, -1.827799, 3.949136, 0.0
4045.0, 4.07478, -0.290878, -0.00806, -1.827799, 3.949136, 0.0
4062.0, 4.109967, -0.294079, -0.007983, -1.827799, 3.949136, 0.0
4062.0, 4.109967, -0.294079, -0.007983, -1.827799, 3.949136, 0.0
4078.0, 4.145292, -0.297308, -0.007803, -1.827799, 3.949136, 0.0
4096.0, 4.180641, -0.300556, -0.007517, -1.827799, 3.949136, 0.0
4096.0, 4.180641, -0.300556, -0.007517, -1.827799, 3.949136, 0.0
4112.0, 4.215916, -0.303819, -0.007137, -1.827799, 3.949136, 0.0
4112.0, 4.215916, -0.303819, -0.007137, -1.827799, 3.949136, 0.0
4129.0, 4.251037, -0.307091, -0.00668, -1.827799, 3.949136, 0.0
4146.0, 4.285933, -0.31037, -0.006167, -2.182698, 4.301343, 0.0
4146.0, 4.285933, -0.31037, -0.006167, -2.182698, 4.301343, 0.0
4162.0, 4.320553, -0.313651, -0.005623, -2.182698, 4.301343, 0.0
4162.0, 4.320553, -0.313651, -0.005623, -2.182698, 4.301343, 0.0
4178.0, 4.354854, -0.316931, -0.005068, -2.182698, 4.301343, 0.0
4195.0, 4.3888, -0.320207, -0.00452, -2.182698, 4.301343, 0.0
4195.0, 4.3888, -0.320207, -0.00452, -2.182698, 4.301343, 0.0
4212.0, 4.422362, -0.323474, -0.003994, -2.182698, 4.301343, 0.0
4212.0, 4.422362, -0.323474, -0.003994, -2.182698, 4.301343, 0.0
4229.0, 4.455519, -0.326728, -0.0035, -2.182698, 4.301343, 0.0
4245.0, 4.488254, -0.329966, -0.003047, -2.182698, 4.301343, 0.0
4245.0, 4.488254, -0.329966, -0.003047, -2.182698, 4.301343, 0.0
4262.0, 4.520551, -0.333184, -0.002637, -2.182698, 4.301343, 0.0
4262.0, 4.520551, -0.333184, -0.002637, -2.182698, 4.301343, 0.0
4278.0, 4.552398, -0.336379, -0.002271, -2.182698, 4.301343, 0.0
4296.0, 4.583784, -0.339549, -0.00195, -2.182698, 4.301343, 0.0
4296.0, 4.583784, -0.339549, -0.00195, -2.182698, 4.301343, 0.0
4312.0, 4.614702, -0.342691, -0.001672, -2.182698, 4.301343, 0.0
4312.0, 4.614702, -0.342691, -0.001672, -2.182698, 4.301343, 0.0
4330.0, 4.645146, -0.345804, -0.001433, -2.182698, 4.301343, 0.0
4346.0, 4.67511, -0.348886, -0.001229, -2.182698, 4.301343, 0.0
4346.0, 4.67511, -0.348886, -0.001229, -2.182698, 4.301343, 0.0
4363.0, 4.704591, -0.351934, -0.001058, -2.182698, 4.301343, 0.0
4363.0, 4.704591, -0.351934, -0.001058, -2.182698, 4.301343, 0.0
4379.0, 4.733587, -0.354948, -0.000915, -2.182698, 4.301343, 0.0
4396.0, 4.762096, -0.357926, -0.000797, -2.537597, 4.653551, 0.0
4396.0, 4.762096, -0.357926, -0.000797, -2.537597, 4.653551, 0.0
4411.0, 4.790117, -0.360868, -0.0007, -2.537597, 4.653551, 0.0
4411.0, 4.790117, -0.360868, -0.0007, -2.537597, 4.653551, 0.0
4428.0, 4.817647, -0.363773, -0.00062, -2.537597, 4.653551, 0.0
4445.0, 4.844788, -0.36665, -0.000596, -2.537597, 4.653551, 0.0
4445.0, 4.844788, -0.36665, -0.000596, -2.537597, 4.653551, 0.0
4461.0, 4.871666, -0.369506, -0.000662, -2.537597, 4.653551, 0.0
4461.0, 4.871666, -0.369506, -0.000662, -2.537597, 4.653551, 0.0
4478.0, 4.898409, -0.372353, -0.000837, -2.537597, 4.653551, 0.0
4495.0, 4.925129, -0.375196, -0.001121, -2.537597, 4.653551, 0.0
4495.0, 4.925129, -0.375196, -0.001121, -2.537597, 4.653551, 0.0
4512.0, 4.951923, -0.378042, -0.001503, -2.537597, 4.653551, 0.0
4512.0, 4.951923, -0.378042, -0.001503, -2.537597, 4.653551, 0.0
4530.0, 4.978872, -0.380896, -0.001963, -2.537597, 4.653551, 0.0
4546.0, 5.006043, -0.383764, -0.002481, -2.537597, 4.653551, 0.0
4546.0, 5.006043, -0.383764, -0.002481, -2.537597, 4.653551, 0.0
4562.0, 5.03349, -0.38665, -0.003032, -2.537597, 4.653551, 0.0
4562.0, 5.03349, -0.38665, -0.003032, -2.537597, 4.653551, 0.0
4579.0, 5.061256, -0.389559, -0.003595, -2.537597, 4.653551, 0.0
4596.0, 5.089375, -0.392495, -0.004152, -2.537597, 4.653551, 0.0
4596.0, 5.089375, -0.392495, -0.004152, -2.537597, 4.653551, 0.0
4612.0, 5.117877, -0.395463, -0.004688, -2.537597, 4.653551, 0.0
4612.0, 5.117877, -0.395463, -0.004688, -2.537597, 4.653551, 0.0
4629.0, 5.146782, -0.398467, -0.005193, -2.537597, 4.653551, 0.0
4646.0, 5.176108, -0.401511, -0.005658, -2.892496, 5.00576, 0.0
4646.0, 5.176108, -0.401511, -0.005658, -2.892496, 5.00576, 0.0
4661.0, 5.205871, -0.404596, -0.006081, -2.892496, 5.00576, 0.0
4661.0, 5.205871, -0.404596, -0.006081, -2.892496, 5.00576, 0.0
4678.0, 5.236084, -0.407727, -0.00646, -2.892496, 5.00576, 0.0
4694.0, 5.266755, -0.410905, -0.006795, -2.892496, 5.00576, 0.0
4694.0, 5.266755, -0.410905, -0.006795, -2.892496, 5.00576, 0.0
4712.0, 5.297892, -0.414133, -0.007088, -2.892496, 5.00576, 0.0
4712.0, 5.297892, -0.414133, -0.007088, -2.892496, 5.00576, 0.0
4729.0, 5.329501, -0.417413, -0.007342, -2.892496, 5.00576, 0.0
4745.0, 5.361587, -0.420744, -0.007561, -2.892496, 5.00576, 0.0
4745.0, 5.361587, -0.420744, -0.007561, -2.892496, 5.00576, 0.0
4762.0, 5.394153, -0.424127, -0.007747, -2.892496, 5.00576, 0.0
4762.0, 5.394153, -0.424127, -0.007747, -2.892496, 5.00576, 0.0
4778.0, 5.427203, -0.427561, -0.007906, -2.892496, 5.00576, 0.0
4796.0, 5.460739, -0.431046, -0.00804, -2.892496, 5.00576, 0.0
4796.0, 5.460739, -0.431046, -0.00804, -2.892496, 5.00576, 0.0
4812.0, 5.494762, -0.43458, -0.008153, -2.892496, 5.00576, 0.0
4812.0, 5.494762, -0.43458, -0.008153, -2.892496, 5.00576, 0.0
4830.0, 5.529276, -0.438164, -0.00825, -2.892496, 5.00576, 0.0
4846.0, 5.564183, -0.441791, -0.008291, -2.892496, 5.00576, 0.0
4846.0, 5.564183, -0.441791, -0.008291, -2.892496, 5.00576, 0.0
4862.0, 5.599351, -0.445452, -0.00824, -2.892496, 5.00576, 0.0
4862.0, 5.599351, -0.445452, -0.00824, -2.892496, 5.00576, 0.0
4878.0, 5.634655, -0.449143, -0.00808, -2.892496, 5.00576, 0.0
4895.0, 5.669978, -0.452856, -0.007809, -3.247396, 5.357969, 0.0
4895.0, 5.669978, -0.452856, -0.007809, -3.247396, 5.357969, 0.0
4912.0, 5.705226, -0.456589, -0.007439, -3.247396, 5.357969, 0.0
4912.0, 5.705226, -0.456589, -0.007439, -3.247396, 5.357969, 0.0
4929.0, 5.740318, -0.460336, -0.00699, -3.247396, 5.357969, 0.0
4946.0, 5.775184, -0.464096, -0.006482, -3.247396, 5.357969, 0.0
4946.0, 5.775184, -0.464096, -0.006482, -3.247396, 5.357969, 0.0
4962.0, 5.809771, -0.467865, -0.005941, -3.247396, 5.357969, 0.0
4963.0, 5.809771, -0.467865, -0.005941, -3.247396, 5.357969, 0.0
4979.0, 5.844037, -0.471641, -0.00539, -3.247396, 5.357969, 0.0
4996.0, 5.877946, -0.475421, -0.004845, -3.247396, 5.357969, 0.0
4996.0, 5.877946, -0.475421, -0.004845, -3.247396, 5.357969, 0.0
5012.0, 5.911471, -0.479201, -0.004321, -3.247396, 5.357969, 0.0
5012.0, 5.911471, -0.479201, -0.004321, -3.247396, 5.357969, 0.0
5029.0, 5.94459, -0.482977, -0.003831, -3.247396, 5.357969, 0.0
5046.0, 5.977282, -0.486746, -0.00338, -3.247396, 5.357969, 0.0
5046.0, 5.977282, -0.486746, -0.00338, -3.247396, 5.357969, 0.0
5061.0, 6.009535, -0.490505, -0.002974, -3.247396, 5.357969, 0.0
5061.0, 6.009535, -0.490505, -0.002974, -3.247396, 5.357969, 0.0
5077.0, 6.041336, -0.494251, -0.002612, -3.247396, 5.357969, 0.0
5094.0, 6.072677, -0.497981, -0.002297, -3.247396, 5.357969, 0.0
5094.0, 6.072677, -0.497981, -0.002297, -3.247396, 5.357969, 0.0
5111.0, 6.103549, -0.501694, -0.002024, -3.247396, 5.357969, 0.0
5112.0, 6.103549, -0.501694, -0.002024, -3.247396, 5.357969, 0.0
5129.0, 6.133949, -0.505387, -0.001792, -3.247396, 5.357969, 0.0
5144.0, 6.163872, -0.509059, -0.001598, -3.602295, 5.710177, 0.0
5145.0, 6.163872, -0.509059, -0.001598, -3.602295, 5.710177, 0.0
5161.0, 6.193315, -0.512708, -0.001436, -3.602295, 5.710177, 0.0
5161.0, 6.193315, -0.512708, -0.001436, -3.602295, 5.710177, 0.0
5177.0, 6.222272, -0.516332, -0.001302, -3.602295, 5.710177, 0.0
5194.0, 6.250741, -0.519929, -0.001192, -3.602295, 5.710177, 0.0
5194.0, 6.250741, -0.519929, -0.001192, -3.602295, 5.710177, 0.0
5211.0, 6.27872, -0.523498, -0.001102, -3.602295, 5.710177, 0.0
5211.0, 6.27872, -0.523498, -0.001102, -3.602295, 5.710177, 0.0
5229.0, 6.306209, -0.52704, -0.001028, -3.602295, 5.710177, 0.0
5245.0, 6.333303, -0.530559, -0.001009, -3.602295, 5.710177, 0.0
5245.0, 6.333303, -0.530559, -0.001009, -3.602295, 5.710177, 0.0
5261.0, 6.360134, -0.534065, -0.00108, -3.602295, 5.710177, 0.0
5261.0, 6.360134, -0.534065, -0.00108, -3.602295, 5.710177, 0.0
5278.0, 6.386829, -0.537564, -0.00126, -3.602295, 5.710177, 0.0
5295.0, 6.413501, -0.541062, -0.001549, -3.602295, 5.710177, 0.0
5295.0, 6.413501, -0.541062, -0.001549, -3.602295, 5.710177, 0.0
5312.0, 6.440247, -0.544564, -0.001936, -3.602295, 5.710177, 0.0
5312.0, 6.440247, -0.544564, -0.001936, -3.602295, 5.710177, 0.0
5329.0, 6.467148, -0.548075, -0.002401, -3.602295, 5.710177, 0.0
5344.0, 6.49427, -0.551597, -0.002922, -3.602295, 5.710177, 0.0
5344.0, 6.49427, -0.551597, -0.002922, -3.602295, 5.710177, 0.0
5361.0, 6.521668, -0.555137, -0.003476, -3.602295, 5.710177, 0.0
5361.0, 6.521668, -0.555137, -0.003476, -3.602295, 5.710177, 0.0
5377.0, 6.549385, -0.558698, -0.004041, -3.602295, 5.710177, 0.0
5395.0, 6.577456, -0.562284, -0.0046, -3.957194, 6.062385, 0.0
5395.0, 6.577456, -0.562284, -0.0046, -3.957194, 6.062385, 0.0
5412.0, 6.605911, -0.5659, -0.005138, -3.957194, 6.062385, 0.0
5412.0, 6.605911, -0.5659, -0.005138, -3.957194, 6.062385, 0.0
5430.0, 6.634771, -0.569549, -0.005644, -3.957194, 6.062385, 0.0
5446.0, 6.664058, -0.573235, -0.006112, -3.957194, 6.062385, 0.0
5446.0, 6.664058, -0.573235, -0.006112, -3.957194, 6.062385, 0.0
5462.0, 6.693784, -0.576961, -0.006537, -3.957194, 6.062385, 0.0
5462.0, 6.693784, -0.576961, -0.006537, -3.957194, 6.062385, 0.0
5478.0, 6.723959, -0.580728, -0.006917, -3.957194, 6.062385, 0.0
5496.0, 6.754593, -0.584538, -0.007251, -3.957194, 6.062385, 0.0
5496.0, 6.754593, -0.584538, -0.007251, -3.957194, 6.062385, 0.0
5512.0, 6.785694, -0.588394, -0.007542, -3.957194, 6.062385, 0.0
5512.0, 6.785694, -0.588394, -0.007542, -3.957194, 6.062385, 0.0
5529.0, 6.817266, -0.592297, -0.007793, -3.957194, 6.062385, 0.0
5546.0, 6.849209, -0.596241, -0.007965, -3.957194, 6.062385, 0.0
5546.0, 6.849209, -0.596241, -0.007965, -3.957194, 6.062385, 0.0
5563.0, 6.881401, -0.600217, -0.008024, -3.957194, 6.062385, 0.0
5563.0, 6.881401, -0.600217, -0.008024, -3.957194, 6.062385, 0.0
5578.0, 6.913717, -0.60422, -0.007956, -3.957194, 6.062385, 0.0
5595.0, 6.946047, -0.608242, -0.007761, -3.957194, 6.062385, 0.0
5595.0, 6.946047, -0.608242, -0.007761, -3.957194, 6.062385, 0.0
5611.0, 6.978295, -0.612281, -0.007454, -3.957194, 6.062385, 0.0
5611.0, 6.978295, -0.612281, -0.007454, -3.957194, 6.062385, 0.0
5629.0, 7.010383, -0.61633, -0.007054, -3.957194, 6.062385, 0.0
5645.0, 7.042244, -0.620388, -0.006588, -4.312094, 6.414594, 0.0
5645.0, 7.042244, -0.620388, -0.006588, -4.312094, 6.414594, 0.0
5661.0, 7.073825, -0.62445, -0.006079, -4.312094, 6.414594, 0.0
5661.0, 7.073825, -0.62445, -0.006079, -4.312094, 6.414594, 0.0
5678.0, 7.105082, -0.628513, -0.00555, -4.312094, 6.414594, 0.0
5695.0, 7.13598, -0.632574, -0.005022, -4.312094, 6.414594, 0.0
5696.0, 7.13598, -0.632574, -0.005022, -4.312094, 6.414594, 0.0
5712.0, 7.166492, -0.636628, -0.00451, -4.312094, 6.414594, 0.0
5712.0, 7.166492, -0.636628, -0.00451, -4.312094, 6.414594, 0.0
5730.0, 7.196595, -0.640672, -0.004026, -4.312094, 6.414594, 0.0
5746.0, 7.226273, -0.644703, -0.00358, -4.312094, 6.414594, 0.0
5746.0, 7.226273, -0.644703, -0.00358, -4.312094, 6.414594, 0.0
5763.0, 7.255511, -0.648715, -0.003175, -4.312094, 6.414594, 0.0
5763.0, 7.255511, -0.648715, -0.003175, -4.312094, 6.414594, 0.0
5778.0, 7.284297, -0.652706, -0.002814, -4.312094, 6.414594, 0.0
5796.0, 7.31262, -0.656673, -0.002496, -4.312094, 6.414594, 0.0
5796.0, 7.31262, -0.656673, -0.002496, -4.312094, 6.414594, 0.0
5812.0, 7.340475, -0.660613, -0.00222, -4.312094, 6.414594, 0.0
5812.0, 7.340475, -0.660613, -0.00222, -4.312094, 6.414594, 0.0
5830.0, 7.367856, -0.664525, -0.001983, -4.312094, 6.414594, 0.0
5845.0, 7.394856, -0.668413, -0.001824, -4.312094, 6.414594, 0.0
5845.0, 7.394856, -0.668413, -0.001824, -4.312094, 6.414594, 0.0
5863.0, 7.421605, -0.672284, -0.001776, -4.312094, 6.414594, 0.0
5863.0, 7.421605, -0.672284, -0.001776, -4.312094, 6.414594, 0.0
5878.0, 7.448227, -0.676147, -0.001856, -4.312094, 6.414594, 0.0
5896.0, 7.474834, -0.680006, -0.002064, -4.666995, 6.766803, 0.0
5896.0, 7.474834, -0.680006, -0.002064, -4.666995, 6.766803, 0.0
5913.0, 7.501522, -0.683866, -0.002384, -4.666995, 6.766803, 0.0
5913.0, 7.501522, -0.683866, -0.002384, -4.666995, 6.766803, 0.0
5929.0, 7.528369, -0.68773, -0.002796, -4.666995, 6.766803, 0.0
5946.0, 7.555443, -0.691604, -0.003276, -4.666995, 6.766803, 0.0
5946.0, 7.555443, -0.691604, -0.003276, -4.666995, 6.766803, 0.0
5963.0, 7.582795, -0.695492, -0.003797, -4.666995, 6.766803, 0.0
5963.0, 7.582795, -0.695492, -0.003797, -4.666995, 6.766803, 0.0
5978.0, 7.610471, -0.699398, -0.004337, -4.666995, 6.766803, 0.0
5995.0, 7.638504, -0.703327, -0.004877, -4.666995, 6.766803, 0.0
5995.0, 7.638504, -0.703327, -0.004877, -4.666995, 6.766803, 0.0
6012.0, 7.666922, -0.707282, -0.005401, -4.666995, 6.766803, 0.0
6012.0, 7.666922, -0.707282, -0.005401, -4.666995, 6.766803, 0.0
6029.0, 7.695748, -0.711268, -0.005897, -4.666995, 6.766803, 0.0
6045.0, 7.725003, -0.715287, -0.006358, -4.666995, 6.766803, 0.0
6045.0, 7.725003, -0.715287, -0.006358, -4.666995, 6.766803, 0.0
6062.0, 7.754698, -0.719343, -0.006777, -4.666995, 6.766803, 0.0
6062.0, 7.754698, -0.719343, -0.006777, -4.666995, 6.766803, 0.0
6079.0, 7.784844, -0.723437, -0.007152, -4.666995, 6.766803, 0.0
6096.0, 7.81545, -0.727572, -0.007484, -4.666995, 6.766803, 0.0
6096.0, 7.81545, -0.727572, -0.007484, -4.666995, 6.766803, 0.0
6113.0, 7.846523, -0.731749, -0.007772, -4.666995, 6.766803, 0.0
6113.0, 7.846523, -0.731749, -0.007772, -4.666995, 6.766803, 0.0
6129.0, 7.878068, -0.73597, -0.008021, -4.666995, 6.766803, 0.0
6146.0, 7.910088, -0.740234, -0.008233, -5.021894, 7.119011, 0.0
6146.0, 7.910088, -0.740234, -0.008233, -5.021894, 7.119011, 0.0
6162.0, 7.942588, -0.744539, -0.008412, -5.021894, 7.119011, 0.0
6162.0, 7.942588, -0.744539, -0.008412, -5.021894, 7.119011, 0.0
6178.0, 7.975572, -0.748886, -0.008564, -5.021894, 7.119011, 0.0
6195.0, 8.009043, -0.753273, -0.008691, -5.021894, 7.119011, 0.0
6195.0, 8.009043, -0.753273, -0.008691, -5.021894, 7.119011, 0.0
6212.0, 8.043003, -0.757698, -0.008798, -5.021894, 7.119011, 0.0
6212.0, 8.043003, -0.757698, -0.008798, -5.021894, 7.119011, 0.0
6229.0, 8.077454, -0.762161, -0.008887, -5.021894, 7.119011, 0.0
6245.0, 8.112296, -0.766657, -0.00892, -5.021894, 7.119011, 0.0
6245.0, 8.112296, -0.766657, -0.00892, -5.021894, 7.119011, 0.0
6262.0, 8.147399, -0.771184, -0.008863, -5.021894, 7.119011, 0.0
6262.0, 8.147399, -0.771184, -0.008863, -5.021894, 7.119011, 0.0
6278.0, 8.182636, -0.775739, -0.008696, -5.021894, 7.119011, 0.0
6296.0, 8.217896, -0.78032, -0.008419, -5.021894, 7.119011, 0.0
6296.0, 8.217896, -0.78032, -0.008419, -5.021894, 7.119011, 0.0
6313.0, 8.253081, -0.784925, -0.008045, -5.021894, 7.119011, 0.0
6313.0, 8.253081, -0.784925, -0.008045, -5.021894, 7.119011, 0.0
6330.0, 8.28811, -0.789555, -0.007593, -5.021894, 7.119011, 0.0
6345.0, 8.322919, -0.794208, -0.007086, -5.021894, 7.119011, 0.0
6345.0, 8.322919, -0.794208, -0.007086, -5.021894, 7.119011, 0.0
6362.0, 8.357451, -0.798884, -0.006548, -5.021894, 7.119011, 0.0
6362.0, 8.357451, -0.798884, -0.006548, -5.021894, 7.119011, 0.0
6379.0, 8.391663, -0.803582, -0.005999, -5.021894, 7.119011, 0.0
6395.0, 8.425516, -0.8083, -0.005457, -5.376792, 7.47122, 0.0
6395.0, 8.425516, -0.8083, -0.005457, -5.376792, 7.47122, 0.0
6411.0, 8.458984, -0.813035, -0.004938, -5.376792, 7.47122, 0.0
6411.0, 8.458984, -0.813035, -0.004938, -5.376792, 7.47122, 0.0
6429.0, 8.492044, -0.817785, -0.004452, -5.376792, 7.47122, 0.0
6444.0, 8.524675, -0.822548, -0.004006, -5.376792, 7.47122, 0.0
6444.0, 8.524675, -0.822548, -0.004006, -5.376792, 7.47122, 0.0
6461.0, 8.556864, -0.82732, -0.003605, -5.376792, 7.47122, 0.0
6461.0, 8.556864, -0.82732, -0.003605, -5.376792, 7.47122, 0.0
6477.0, 8.588601, -0.832101, -0.003252, -5.376792, 7.47122, 0.0
6494.0, 8.619877, -0.836887, -0.002946, -5.376792, 7.47122, 0.0
6494.0, 8.619877, -0.836887, -0.002946, -5.376792, 7.47122, 0.0
6512.0, 8.650684, -0.841679, -0.002685, -5.376792, 7.47122, 0.0
6512.0, 8.650684, -0.841679, -0.002685, -5.376792, 7.47122, 0.0
6529.0, 8.68102, -0.846473, -0.002466, -5.376792, 7.47122, 0.0
6545.0, 8.710876, -0.851269, -0.002285, -5.376792, 7.47122, 0.0
6545.0, 8.710876, -0.851269, -0.002285, -5.376792, 7.47122, 0.0
6562.0, 8.74025, -0.856066, -0.002136, -5.376792, 7.47122, 0.0
6562.0, 8.74025, -0.856066, -0.002136, -5.376792, 7.47122, 0.0
6579.0, 8.769139, -0.86086, -0.002017, -5.376792, 7.47122, 0.0
6596.0, 8.797542, -0.865651, -0.001923, -5.376792, 7.47122, 0.0
6596.0, 8.797542, -0.865651, -0.001923, -5.376792, 7.47122, 0.0
6613.0, 8.825454, -0.870439, -0.001849, -5.376792, 7.47122, 0.0
6613.0, 8.825454, -0.870439, -0.001849, -5.376792, 7.47122, 0.0
6629.0, 8.852875, -0.875223, -0.001792, -5.376792, 7.47122, 0.0
6646.0, 8.879806, -0.88, -0.00175, -5.731692, 7.823428, 0.0
6646.0, 8.879806, -0.88, -0.00175, -5.731692, 7.823428, 0.0
6661.0, 8.906244, -0.88477, -0.001718, -5.731692, 7.823428, 0.0
6661.0, 8.906244, -0.88477, -0.001718, -5.731692, 7.823428, 0.0
6678.0, 8.932187, -0.889529, -0.001694, -5.731692, 7.823428, 0.0
6695.0, 8.957635, -0.894276, -0.001676, -5.731692, 7.823428, 0.0
6695.0, 8.957635, -0.894276, -0.001676, -5.731692, 7.823428, 0.0
6712.0, 8.982586, -0.899009, -0.001663, -5.731692, 7.823428, 0.0
6712.0, 8.982586, -0.899009, -0.001663, -5.731692, 7.823428, 0.0
6730.0, 9.00704, -0.903727, -0.001652, -5.731692, 7.823428, 0.0
6745.0, 9.031096, -0.908435, -0.001684, -5.731692, 7.823428, 0.0
6745.0, 9.031096, -0.908435, -0.001684, -5.731692, 7.823428, 0.0
6762.0, 9.054884, -0.91314, -0.001796, -5.731692, 7.823428, 0.0
6762.0, 9.054884, -0.91314, -0.001796, -5.731692, 7.823428, 0.0
6778.0, 9.078533, -0.917846, -0.002009, -5.731692, 7.823428, 0.0
6796.0, 9.102158, -0.922559, -0.002324, -5.731692, 7.823428, 0.0
6796.0, 9.102158, -0.922559, -0.002324, -5.731692, 7.823428, 0.0
6812.0, 9.125853, -0.927282, -0.002731, -5.731692, 7.823428, 0.0
6812.0, 9.125853, -0.927282, -0.002731, -5.731692, 7.823428, 0.0
6830.0, 9.149702, -0.932018, -0.003211, -5.731692, 7.823428, 0.0
6846.0, 9.17377, -0.936771, -0.003744, -5.731692, 7.823428, 0.0
6846.0, 9.17377, -0.936771, -0.003744, -5.731692, 7.823428, 0.0
6862.0, 9.198113, -0.941545, -0.004306, -5.731692, 7.823428, 0.0
6862.0, 9.198113, -0.941545, -0.004306, -5.731692, 7.823428, 0.0
6878.0, 9.222775, -0.946344, -0.004877, -5.731692, 7.823428, 0.0
6895.0, 9.247789, -0.951172, -0.005441, -6.086591, 8.175636, 0.0
6895.0, 9.247789, -0.951172, -0.005441, -6.086591, 8.175636, 0.0
6912.0, 9.273188, -0.956031, -0.005982, -6.086591, 8.175636, 0.0
6912.0, 9.273188, -0.956031, -0.005982, -6.086591, 8.175636, 0.0
6930.0, 9.29899, -0.960926, -0.00649, -6.086591, 8.175636, 0.0
6946.0, 9.325218, -0.96586, -0.006959, -6.086591, 8.175636, 0.0
6946.0, 9.325218, -0.96586, -0.006959, -6.086591, 8.175636, 0.0
6962.0, 9.351885, -0.970835, -0.007385, -6.086591, 8.175636, 0.0
6962.0, 9.351885, -0.970835, -0.007385, -6.086591, 8.175636, 0.0
6979.0, 9.379002, -0.975853, -0.007764, -6.086591, 8.175636, 0.0
6996.0, 9.406576, -0.980915, -0.008098, -6.086591, 8.175636, 0.0
6996.0, 9.406576, -0.980915, -0.008098, -6.086591, 8.175636, 0.0
7012.0, 9.434616, -0.986023, -0.008389, -6.086591, 8.175636, 0.0
7012.0, 9.434616, -0.986023, -0.008389, -6.086591, 8.175636, 0.0
7030.0, 9.463127, -0.99118, -0.00864, -6.086591, 8.175636, 0.0
7045.0, 9.492111, -0.996382, -0.008852, -6.086591, 8.175636, 0.0
7045.0, 9.492111, -0.996382, -0.008852, -6.086591, 8.175636, 0.0
7061.0, 9.521575, -1.001631, -0.009033, -6.086591, 8.175636, 0.0
7061.0, 9.521575, -1.001631, -0.009033, -6.086591, 8.175636, 0.0
7078.0, 9.551522, -1.006925, -0.009185, -6.086591, 8.175636, 0.0
7094.0, 9.581955, -1.012262, -0.009314, -6.086591, 8.175636, 0.0
7094.0, 9.581955, -1.012262, -0.009314, -6.086591, 8.175636, 0.0
7111.0, 9.612877, -1.017642, -0.009422, -6.086591, 8.175636, 0.0
7111.0, 9.612877, -1.017642, -0.009422, -6.086591, 8.175636, 0.0
7129.0, 9.644288, -1.023063, -0.009513, -6.086591, 8.175636, 0.0
7145.0, 9.676089, -1.028521, -0.009548, -6.44149, 8.527844, 0.0
7145.0, 9.676089, -1.028521, -0.009548, -6.44149, 8.527844, 0.0
7161.0, 9.708152, -1.034011, -0.009492, -6.44149, 8.527844, 0.0
7161.0, 9.708152, -1.034011, -0.009492, -6.44149, 8.527844, 0.0
7178.0, 9.740349, -1.03953, -0.009327, -6.44149, 8.527844, 0.0
7195.0, 9.772567, -1.045074, -0.009052, -6.44149, 8.527844, 0.0
7195.0, 9.772567, -1.045074, -0.009052, -6.44149, 8.527844, 0.0
7211.0, 9.804709, -1.050642, -0.008679, -6.44149, 8.527844, 0.0
7211.0, 9.804709, -1.050642, -0.008679, -6.44149, 8.527844, 0.0
7229.0, 9.836695, -1.056231, -0.008229, -6.44149, 8.527844, 0.0
7245.0, 9.868461, -1.061841, -0.007723, -6.44149, 8.527844, 0.0
7245.0, 9.868461, -1.061841, -0.007723, -6.44149, 8.527844, 0.0
7261.0, 9.899949, -1.067471, -0.007186, -6.44149, 8.527844, 0.0
7261.0, 9.899949, -1.067471, -0.007186, -6.44149, 8.527844, 0.0
7278.0, 9.931116, -1.073118, -0.006637, -6.44149, 8.527844, 0.0
7294.0, 9.961926, -1.078781, -0.006096, -6.44149, 8.527844, 0.0
7294.0, 9.961926, -1.078781, -0.006096, -6.44149, 8.527844, 0.0
7312.0, 9.992349, -1.084457, -0.005576, -6.44149, 8.527844, 0.0
7312.0, 9.992349, -1.084457, -0.005576, -6.44149, 8.527844, 0.0
7329.0, 10.022363, -1.090144, -0.00509, -6.44149, 8.527844, 0.0
7345.0, 10.051949, -1.095839, -0.004644, -6.44149, 8.527844, 0.0
7345.0, 10.051949, -1.095839, -0.004644, -6.44149, 8.527844, 0.0
7361.0, 10.081092, -1.10154, -0.004243, -6.44149, 8.527844, 0.0
7361.0, 10.081092, -1.10154, -0.004243, -6.44149, 8.527844, 0.0
7377.0, 10.109783, -1.107243, -0.003889, -6.44149, 8.527844, 0.0
7395.0, 10.138014, -1.112948, -0.003582, -6.79639, 8.880054, 0.0
7395.0, 10.138014, -1.112948, -0.003582, -6.79639, 8.880054, 0.0
7412.0, 10.165777, -1.118653, -0.003319, -6.79639, 8.880054, 0.0
7412.0, 10.165777, -1.118653, -0.003319, -6.79639, 8.880054, 0.0
7429.0, 10.193066, -1.124357, -0.003098, -6.79639, 8.880054, 0.0
7446.0, 10.219877, -1.130057, -0.002915, -6.79639, 8.880054, 0.0
7446.0, 10.219877, -1.130057, -0.002915, -6.79639, 8.880054, 0.0
7462.0, 10.246206, -1.13575, -0.002764, -6.79639, 8.880054, 0.0
7462.0, 10.246206, -1.13575, -0.002764, -6.79639, 8.880054, 0.0
7479.0, 10.272052, -1.141436, -0.002642, -6.79639, 8.880054, 0.0
7496.0, 10.297409, -1.147113, -0.002545, -6.79639, 8.880054, 0.0
7496.0, 10.297409, -1.147113, -0.002545, -6.79639, 8.880054, 0.0
7512.0, 10.322276, -1.152779, -0.002468, -6.79639, 8.880054, 0.0
7512.0, 10.322276, -1.152779, -0.002468, -6.79639, 8.880054, 0.0
7530.0, 10.346654, -1.158434, -0.002407, -6.79639, 8.880054, 0.0
7546.0, 10.370643, -1.164081, -0.002403, -6.79639, 8.880054, 0.0
7546.0, 10.370643, -1.164081, -0.002403, -6.79639, 8.880054, 0.0
7563.0, 10.39437, -1.169726, -0.002489, -6.79639, 8.880054, 0.0
7563.0, 10.39437, -1.169726, -0.002489, -6.79639, 8.880054, 0.0
7578.0, 10.417961, -1.17537, -0.002681, -6.79639, 8.880054, 0.0
7595.0, 10.44153, -1.181018, -0.002981, -6.79639, 8.880054, 0.0
7595.0, 10.44153, -1.181018, -0.002981, -6.79639, 8.880054, 0.0
7612.0, 10.465174, -1.186671, -0.003376, -6.79639, 8.880054, 0.0
7612.0, 10.465174, -1.186671, -0.003376, -6.79639, 8.880054, 0.0
7629.0, 10.488973, -1.192331, -0.003848, -6.79639, 8.880054, 0.0
7645.0, 10.51299, -1.198001, -0.004373, -7.151289, 9.232262, 0.0
7645.0, 10.51299, -1.198001, -0.004373, -7.151289, 9.232262, 0.0
7662.0, 10.537284, -1.203684, -0.004929, -7.151289, 9.232262, 0.0
7662.0, 10.537284, -1.203684, -0.004929, -7.151289, 9.232262, 0.0
7678.0, 10.561897, -1.209384, -0.005496, -7.151289, 9.232262, 0.0
7695.0, 10.586867, -1.215104, -0.006055, -7.151289, 9.232262, 0.0
7695.0, 10.586867, -1.215104, -0.006055, -7.151289, 9.232262, 0.0
7713.0, 10.612221, -1.220847, -0.006593, -7.151289, 9.232262, 0.0
7713.0, 10.612221, -1.220847, -0.006593, -7.151289, 9.232262, 0.0
7730.0, 10.637981, -1.226616, -0.007098, -7.151289, 9.232262, 0.0
7746.0, 10.664166, -1.232413, -0.007563, -7.151289, 9.232262, 0.0
7746.0, 10.664166, -1.232413, -0.007563, -7.151289, 9.232262, 0.0
7763.0, 10.690791, -1.238242, -0.007984, -7.151289, 9.232262, 0.0
7763.0, 10.690791, -1.238242, -0.007984, -7.151289, 9.232262, 0.0
7778.0, 10.717867, -1.244102, -0.008358, -7.151289, 9.232262, 0.0
7795.0, 10.745402, -1.249997, -0.008688, -7.151289, 9.232262, 0.0
7795.0, 10.745402, -1.249997, -0.008688, -7.151289, 9.232262, 0.0
7812.0, 10.773405, -1.255927, -0.008973, -7.151289, 9.232262, 0.0
7812.0, 10.773405, -1.255927, -0.008973, -7.151289, 9.232262, 0.0
7829.0, 10.80188, -1.261893, -0.009219, -7.151289, 9.232262, 0.0
7845.0, 10.830835, -1.267896, -0.009428, -7.151289, 9.232262, 0.0
7845.0, 10.830835, -1.267896, -0.009428, -7.151289, 9.232262, 0.0
7862.0, 10.860272, -1.273933, -0.009604, -7.151289, 9.232262, 0.0
7862.0, 10.860272, -1.273933, -0.009604, -7.151289, 9.232262, 0.0
7878.0, 10.890194, -1.280003, -0.009752, -7.151289, 9.232262, 0.0
7896.0, 10.920602, -1.286105, -0.009873, -7.506189, 9.584471, 0.0
7896.0, 10.920602, -1.286105, -0.009873, -7.506189, 9.584471, 0.0
7912.0, 10.951498, -1.292236, -0.009974, -7.506189, 9.584471, 0.0
7912.0, 10.951498, -1.292236, -0.009974, -7.506189, 9.584471, 0.0
7930.0, 10.982884, -1.298396, -0.010056, -7.506189, 9.584471, 0.0
7946.0, 11.014658, -1.304583, -0.01008, -7.506189, 9.584471, 0.0
7946.0, 11.014658, -1.304583, -0.01008, -7.506189, 9.584471, 0.0
7962.0, 11.046691, -1.310795, -0.010014, -7.506189, 9.584471, 0.0
7962.0, 11.046691, -1.310795, -0.010014, -7.506189, 9.584471, 0.0
7978.0, 11.078859, -1.317033, -0.00984, -7.506189, 9.584471, 0.0
7995.0, 11.111048, -1.323297, -0.009557, -7.506189, 9.584471, 0.0
7995.0, 11.111048, -1.323297, -0.009557, -7.506189, 9.584471, 0.0
8012.0, 11.143162, -1.329587, -0.009178, -7.506189, 9.584471, 0.0
8012.0, 11.143162, -1.329587, -0.009178, -7.506189, 9.584471, 0.0
8029.0, 11.175119, -1.335903, -0.008722, -7.506189, 9.584471, 0.0
8045.0, 11.206854, -1.342246, -0.008212, -7.506189, 9.584471, 0.0
8045.0, 11.206854, -1.342246, -0.008212, -7.506189, 9.584471, 0.0
8062.0, 11.238311, -1.348617, -0.007672, -7.506189, 9.584471, 0.0
8062.0, 11.238311, -1.348617, -0.007672, -7.506189, 9.584471, 0.0
8078.0, 11.269446, -1.355016, -0.007122, -7.506189, 9.584471, 0.0
8095.0, 11.300225, -1.36144, -0.006581, -7.506189, 9.584471, 0.0
8095.0, 11.300225, -1.36144, -0.006581, -7.506189, 9.584471, 0.0
8112.0, 11.330619, -1.36789, -0.006064, -7.506189, 9.584471, 0.0
8112.0, 11.330619, -1.36789, -0.006064, -7.506189, 9.584471, 0.0
8130.0, 11.360605, -1.374363, -0.005582, -7.506189, 9.584471, 0.0
8146.0, 11.390167, -1.380857, -0.005143, -7.861089, 9.93668, 0.0
8146.0, 11.390167, -1.380857, -0.005143, -7.861089, 9.93668, 0.0
8162.0, 11.419291, -1.38737, -0.004749, -7.861089, 9.93668, 0.0
8162.0, 11.419291, -1.38737, -0.004749, -7.861089, 9.93668, 0.0
8178.0, 11.447963, -1.393901, -0.004403, -7.861089, 9.93668, 0.0
8195.0, 11.476173, -1.400447, -0.004104, -7.861089, 9.93668, 0.0
8195.0, 11.476173, -1.400447, -0.004104, -7.861089, 9.93668, 0.0
8212.0, 11.503916, -1.407006, -0.003848, -7.861089, 9.93668, 0.0
8212.0, 11.503916, -1.407006, -0.003848, -7.861089, 9.93668, 0.0
8229.0, 11.531185, -1.413579, -0.003634, -7.861089, 9.93668, 0.0
8245.0, 11.557974, -1.420162, -0.003457, -7.861089, 9.93668, 0.0
8245.0, 11.557974, -1.420162, -0.003457, -7.861089, 9.93668, 0.0
8262.0, 11.584279, -1.426754, -0.003313, -7.861089, 9.93668, 0.0
8262.0, 11.584279, -1.426754, -0.003313, -7.861089, 9.93668, 0.0
8279.0, 11.6101, -1.433354, -0.003198, -7.861089, 9.93668, 0.0
8296.0, 11.635433, -1.43996, -0.003108, -7.861089, 9.93668, 0.0
8296.0, 11.635433, -1.43996, -0.003108, -7.861089, 9.93668, 0.0
8312.0, 11.660277, -1.446571, -0.003039, -7.861089, 9.93668, 0.0
8312.0, 11.660277, -1.446571, -0.003039, -7.861089, 9.93668, 0.0
8329.0, 11.684632, -1.453186, -0.002988, -7.861089, 9.93668, 0.0
8346.0, 11.708596, -1.459806, -0.002992, -7.861089, 9.93668, 0.0
8346.0, 11.708596, -1.459806, -0.002992, -7.861089, 9.93668, 0.0
8362.0, 11.732299, -1.466431, -0.003085, -7.861089, 9.93668, 0.0
8362.0, 11.732299, -1.466431, -0.003085, -7.861089, 9.93668, 0.0
8379.0, 11.755866, -1.47306, -0.003285, -7.861089, 9.93668, 0.0
8396.0, 11.779412, -1.479694, -0.003592, -8.215988, 10.288888, 0.0
8396.0, 11.779412, -1.479694, -0.003592, -8.215988, 10.288888, 0.0
8411.0, 11.803033, -1.48633, -0.003994, -8.215988, 10.288888, 0.0
8411.0, 11.803033, -1.48633, -0.003994, -8.215988, 10.288888, 0.0
8429.0, 11.82681, -1.492969, -0.004472, -8.215988, 10.288888, 0.0
8444.0, 11.850812, -1.499612, -0.005003, -8.215988, 10.288888, 0.0
8444.0, 11.850812, -1.499612, -0.005003, -8.215988, 10.288888, 0.0
8461.0, 11.875093, -1.506259, -0.005565, -8.215988, 10.288888, 0.0
8461.0, 11.875093, -1.506259, -0.005565, -8.215988, 10.288888, 0.0
8478.0, 11.899694, -1.512912, -0.006134, -8.215988, 10.288888, 0.0
8495.0, 11.924652, -1.519573, -0.006694, -8.215988, 10.288888, 0.0
8495.0, 11.924652, -1.519573, -0.006694, -8.215988, 10.288888, 0.0
8512.0, 11.949994, -1.526245, -0.007231, -8.215988, 10.288888, 0.0
8512.0, 11.949994, -1.526245, -0.007231, -8.215988, 10.288888, 0.0
8529.0, 11.975744, -1.532929, -0.007732, -8.215988, 10.288888, 0.0
8545.0, 12.001917, -1.539627, -0.008192, -8.215988, 10.288888, 0.0
8545.0, 12.001917, -1.539627, -0.008192, -8.215988, 10.288888, 0.0
8562.0, 12.028528, -1.546341, -0.008605, -8.215988, 10.288888, 0.0
8563.0, 12.028528, -1.546341, -0.008605, -8.215988, 10.288888, 0.0
8579.0, 12.055592, -1.553071, -0.008973, -8.215988, 10.288888, 0.0
8596.0, 12.083115, -1.55982, -0.009295, -8.215988, 10.288888, 0.0
8596.0, 12.083115, -1.55982, -0.009295, -8.215988, 10.288888, 0.0
8613.0, 12.111106, -1.566588, -0.009572, -8.215988, 10.288888, 0.0
8613.0, 12.111106, -1.566588, -0.009572, -8.215988, 10.288888, 0.0
8629.0, 12.13957, -1.573376, -0.009809, -8.215988, 10.288888, 0.0
8646.0, 12.168516, -1.580184, -0.01001, -8.570887, 10.641095, 0.0
8646.0, 12.168516, -1.580184, -0.01001, -8.570887, 10.641095, 0.0
8661.0, 12.197945, -1.587009, -0.010177, -8.570887, 10.641095, 0.0
8661.0, 12.197945, -1.587009, -0.010177, -8.570887, 10.641095, 0.0
8677.0, 12.227858, -1.593851, -0.010314, -8.570887, 10.641095, 0.0
8695.0, 12.258258, -1.600706, -0.010426, -8.570887, 10.641095, 0.0
8695.0, 12.258258, -1.600706, -0.010426, -8.570887, 10.641095, 0.0
8712.0, 12.289147, -1.607574, -0.010516, -8.570887, 10.641095, 0.0
8712.0, 12.289147, -1.607574, -0.010516, -8.570887, 10.641095, 0.0
8729.0, 12.320528, -1.614452, -0.010587, -8.570887, 10.641095, 0.0
8745.0, 12.352295, -1.621343, -0.010601, -8.570887, 10.641095, 0.0
8745.0, 12.352295, -1.621343, -0.010601, -8.570887, 10.641095, 0.0
8762.0, 12.384322, -1.628251, -0.010524, -8.570887, 10.641095, 0.0
8762.0, 12.384322, -1.628251, -0.010524, -8.570887, 10.641095, 0.0
8779.0, 12.416485, -1.63518, -0.01034, -8.570887, 10.641095, 0.0
8795.0, 12.448669, -1.642134, -0.010049, -8.570887, 10.641095, 0.0
8795.0, 12.448669, -1.642134, -0.010049, -8.570887, 10.641095, 0.0
8812.0, 12.48078, -1.649118, -0.009663, -8.570887, 10.641095, 0.0
8812.0, 12.48078, -1.649118, -0.009663, -8.570887, 10.641095, 0.0
8830.0, 12.512733, -1.656135, -0.009201, -8.570887, 10.641095, 0.0
8846.0, 12.544465, -1.663188, -0.008686, -8.570887, 10.641095, 0.0
8846.0, 12.544465, -1.663188, -0.008686, -8.570887, 10.641095, 0.0
8862.0, 12.575919, -1.670279, -0.008143, -8.570887, 10.641095, 0.0
8862.0, 12.575919, -1.670279, -0.008143, -8.570887, 10.641095, 0.0
8879.0, 12.607053, -1.67741, -0.007593, -8.570887, 10.641095, 0.0
8895.0, 12.637831, -1.684581, -0.007053, -8.925786, 10.993304, 0.0
8895.0, 12.637831, -1.684581, -0.007053, -8.925786, 10.993304, 0.0
8912.0, 12.668224, -1.691793, -0.006538, -8.925786, 10.993304, 0.0
8912.0, 12.668224, -1.691793, -0.006538, -8.925786, 10.993304, 0.0
8929.0, 12.698212, -1.699044, -0.00606, -8.925786, 10.993304, 0.0
8945.0, 12.727777, -1.706333, -0.005627, -8.925786, 10.993304, 0.0
8945.0, 12.727777, -1.706333, -0.005627, -8.925786, 10.993304, 0.0
8963.0, 12.756903, -1.713659, -0.00524, -8.925786, 10.993304, 0.0
8963.0, 12.756903, -1.713659, -0.00524, -8.925786, 10.993304, 0.0
8979.0, 12.78558, -1.72102, -0.004902, -8.925786, 10.993304, 0.0
8995.0, 12.813796, -1.728416, -0.004611, -8.925786, 10.993304, 0.0
8995.0, 12.813796, -1.728416, -0.004611, -8.925786, 10.993304, 0.0
9012.0, 12.841546, -1.735844, -0.004365, -8.925786, 10.993304, 0.0
9012.0, 12.841546, -1.735844, -0.004365, -8.925786, 10.993304, 0.0
9030.0, 12.868823, -1.743305, -0.004161, -8.925786, 10.993304, 0.0
9046.0, 12.895621, -1.750795, -0.003994, -8.925786, 10.993304, 0.0
9046.0, 12.895621, -1.750795, -0.003994, -8.925786, 10.993304, 0.0
9061.0, 12.921937, -1.758315, -0.003861, -8.925786, 10.993304, 0.0
9061.0, 12.921937, -1.758315, -0.003861, -8.925786, 10.993304, 0.0
9078.0, 12.94777, -1.765862, -0.003758, -8.925786, 10.993304, 0.0
9094.0, 12.973117, -1.773436, -0.00368, -8.925786, 10.993304, 0.0
9094.0, 12.973117, -1.773436, -0.00368, -8.925786, 10.993304, 0.0
9111.0, 12.997976, -1.781036, -0.003622, -8.925786, 10.993304, 0.0
9111.0, 12.997976, -1.781036, -0.003622, -8.925786, 10.993304, 0.0
9129.0, 13.022346, -1.78866, -0.003582, -8.925786, 10.993304, 0.0
9145.0, 13.046226, -1.796308, -0.003555, -9.280685, 11.345512, 0.0
9145.0, 13.046226, -1.796308, -0.003555, -9.280685, 11.345512, 0.0
9161.0, 13.069613, -1.803976, -0.003539, -9.280685, 11.345512, 0.0
9161.0, 13.069613, -1.803976, -0.003539, -9.280685, 11.345512, 0.0
9178.0, 13.092506, -1.811662, -0.003531, -9.280685, 11.345512, 0.0
9195.0, 13.114905, -1.819364, -0.003528, -9.280685, 11.345512, 0.0
9195.0, 13.114905, -1.819364, -0.003528, -9.280685, 11.345512, 0.0
9211.0, 13.136808, -1.82708, -0.003529, -9.280685, 11.345512, 0.0
9211.0, 13.136808, -1.82708, -0.003529, -9.280685, 11.345512, 0.0
9229.0, 13.158216, -1.834809, -0.003532, -9.280685, 11.345512, 0.0
9244.0, 13.179232, -1.84255, -0.003579, -9.280685, 11.345512, 0.0
9244.0, 13.179232, -1.84255, -0.003579, -9.280685, 11.345512, 0.0
9261.0, 13.199982, -1.850305, -0.003706, -9.280685, 11.345512, 0.0
9261.0, 13.199982, -1.850305, -0.003706, -9.280685, 11.345512, 0.0
9277.0, 13.220592, -1.858071, -0.00393, -9.280685, 11.345512, 0.0
9294.0, 13.241179, -1.865848, -0.004254, -9.280685, 11.345512, 0.0
9295.0, 13.241179, -1.865848, -0.004254, -9.280685, 11.345512, 0.0
9312.0, 13.261836, -1.873635, -0.004669, -9.280685, 11.345512, 0.0
9312.0, 13.261836, -1.873635, -0.004669, -9.280685, 11.345512, 0.0
9329.0, 13.282647, -1.881431, -0.005155, -9.280685, 11.345512, 0.0
9345.0, 13.303678, -1.889236, -0.005691, -9.280685, 11.345512, 0.0
9345.0, 13.303678, -1.889236, -0.005691, -9.280685, 11.345512, 0.0
9361.0, 13.324982, -1.897051, -0.006255, -9.280685, 11.345512, 0.0
9361.0, 13.324982, -1.897051, -0.006255, -9.280685, 11.345512, 0.0
9377.0, 13.346606, -1.90488, -0.006827, -9.280685, 11.345512, 0.0
9395.0, 13.368586, -1.912724, -0.007391, -9.635585, 11.697721, 0.0
9395.0, 13.368586, -1.912724, -0.007391, -9.635585, 11.697721, 0.0
9412.0, 13.390949, -1.920585, -0.007931, -9.635585, 11.697721, 0.0
9412.0, 13.390949, -1.920585, -0.007931, -9.635585, 11.697721, 0.0
9429.0, 13.41372, -1.928464, -0.008437, -9.635585, 11.697721, 0.0
9446.0, 13.436915, -1.936365, -0.008903, -9.635585, 11.697721, 0.0
9446.0, 13.436915, -1.936365, -0.008903, -9.635585, 11.697721, 0.0
9462.0, 13.46055, -1.944288, -0.009323, -9.635585, 11.697721, 0.0
9462.0, 13.46055, -1.944288, -0.009323, -9.635585, 11.697721, 0.0
9479.0, 13.484635, -1.952235, -0.009697, -9.635585, 11.697721, 0.0
9496.0, 13.509181, -1.960207, -0.010025, -9.635585, 11.697721, 0.0
9496.0, 13.509181, -1.960207, -0.010025, -9.635585, 11.697721, 0.0
9512.0, 13.534193, -1.968205, -0.010308, -9.635585, 11.697721, 0.0
9512.0, 13.534193, -1.968205, -0.010308, -9.635585, 11.697721, 0.0
9529.0, 13.559678, -1.97623, -0.010551, -9.635585, 11.697721, 0.0
9545.0, 13.585643, -1.984282, -0.010757, -9.635585, 11.697721, 0.0
9545.0, 13.585643, -1.984282, -0.010757, -9.635585, 11.697721, 0.0
9562.0, 13.61209, -1.99236, -0.01093, -9.635585, 11.697721, 0.0
9562.0, 13.61209, -1.99236, -0.01093, -9.635585, 11.697721, 0.0
9577.0, 13.639021, -2.00046, -0.011074, -9.635585, 11.697721, 0.0
9594.0, 13.666438, -2.008583, -0.011191, -9.635585, 11.697721, 0.0
9594.0, 13.666438, -2.008583, -0.011191, -9.635585, 11.697721, 0.0
9611.0, 13.694345, -2.016726, -0.011288, -9.635585, 11.697721, 0.0
9611.0, 13.694345, -2.016726, -0.011288, -9.635585, 11.697721, 0.0
9629.0, 13.72274, -2.024889, -0.011366, -9.635585, 11.697721, 0.0
9645.0, 13.751625, -2.033067, -0.011428, -9.990483, 12.049929, 0.0
9645.0, 13.751625, -2.033067, -0.011428, -9.990483, 12.049929, 0.0
9662.0, 13.781002, -2.041256, -0.011478, -9.990483, 12.049929, 0.0
9662.0, 13.781002, -2.041256, -0.011478, -9.990483, 12.049929, 0.0
9678.0, 13.810872, -2.049455, -0.011518, -9.990483, 12.049929, 0.0
9695.0, 13.841238, -2.057659, -0.01155, -9.990483, 12.049929, 0.0
9695.0, 13.841238, -2.057659, -0.01155, -9.990483, 12.049929, 0.0
9713.0, 13.872099, -2.065865, -0.011576, -9.990483, 12.049929, 0.0
9713.0, 13.872099, -2.065865, -0.011576, -9.990483, 12.049929, 0.0
9730.0, 13.903457, -2.074071, -0.011597, -9.990483, 12.049929, 0.0
9746.0, 13.93521, -2.082282, -0.011572, -9.990483, 12.049929, 0.0
9746.0, 13.93521, -2.082282, -0.011572, -9.990483, 12.049929, 0.0
9763.0, 13.96723, -2.090504, -0.011465, -9.990483, 12.049929, 0.0
9763.0, 13.96723, -2.090504, -0.011465, -9.990483, 12.049929, 0.0
9778.0, 13.99939, -2.098745, -0.011258, -9.990483, 12.049929, 0.0
9795.0, 14.031574, -2.107013, -0.010949, -9.990483, 12.049929, 0.0
9795.0, 14.031574, -2.107013, -0.010949, -9.990483, 12.049929, 0.0
9812.0, 14.063686, -2.115315, -0.01055, -9.990483, 12.049929, 0.0
9812.0, 14.063686, -2.115315, -0.01055, -9.990483, 12.049929, 0.0
9829.0, 14.095646, -2.123656, -0.010079, -9.990483, 12.049929, 0.0
9844.0, 14.127387, -2.132042, -0.00956, -9.990483, 12.049929, 0.0
9844.0, 14.127387, -2.132042, -0.00956, -9.990483, 12.049929, 0.0
9862.0, 14.158855, -2.140477, -0.009014, -9.990483, 12.049929, 0.0
9862.0, 14.158855, -2.140477, -0.009014, -9.990483, 12.049929, 0.0
9879.0, 14.190004, -2.148964, -0.008463, -9.990483, 12.049929, 0.0
9895.0, 14.220799, -2.157506, -0.007925, -10.345383, 12.402138, 0.0
9895.0, 14.220799, -2.157506, -0.007925, -10.345383, 12.402138, 0.0
9912.0, 14.251212, -2.166103, -0.007413, -10.345383, 12.402138, 0.0
9912.0, 14.251212, -2.166103, -0.007413, -10.345383, 12.402138, 0.0
9929.0, 14.281219, -2.174754, -0.006938, -10.345383, 12.402138, 0.0
9946.0, 14.3108, -2.183459, -0.006507, -10.345383, 12.402138, 0.0
9946.0, 14.3108, -2.183459, -0.006507, -10.345383, 12.402138, 0.0
9962.0, 14.339943, -2.192219, -0.006125, -10.345383, 12.402138, 0.0
9962.0, 14.339943, -2.192219, -0.006125, -10.345383, 12.402138, 0.0
9978.0, 14.368639, -2.201032, -0.005793, -10.345383, 12.402138, 0.0
