0.0, 0.0, 0.0, 0.002231, 2.829553, -2.827301, 0.0
15.0, -0.000119, -0.000255, -0.004064, 2.829553, -2.827301, 0.0
15.0, -0.000119, -0.000255, -0.004064, 2.829553, -2.827301, 0.0
32.0, -0.000391, -0.000368, -0.009456, 2.829553, -2.827301, 0.0
32.0, -0.000391, -0.000368, -0.009456, 2.829553, -2.827301, 0.0
48.0, -0.00083, -0.000258, -0.012062, 2.829553, -2.827301, 0.0
65.0, -0.001467, -0.000005, -0.013003, 2.829553, -2.827301, 0.0
65.0, -0.001467, -0.000005, -0.013003, 2.829553, -2.827301, 0.0
81.0, -0.002344, 0.000276, -0.012728, 2.829553, -2.827301, 0.0
81.0, -0.002344, 0.000276, -0.012728, 2.829553, -2.827301, 0.0
98.0, -0.0035, 0.000467, -0.011609, 2.829553, -2.827301, 0.0
117.0, -0.004972, 0.000456, -0.009944, 2.829553, -2.827301, 0.0
117.0, -0.004972, 0.000456, -0.009944, 2.829553, -2.827301, 0.0
132.0, -0.006589, 0.000185, -0.007389, 2.829553, -2.827301, 0.0
132.0, -0.006589, 0.000185, -0.007389, 2.829553, -2.827301, 0.0
148.0, -0.008601, -0.000081, -0.004709, 2.829553, -2.827301, 0.0
165.0, -0.011081, -0.000409, -0.001762, 2.829553, -2.827301, 0.0
165.0, -0.011081, -0.000409, -0.001762, 2.829553, -2.827301, 0.0
182.0, -0.014107, -0.000689, 0.001284, 2.592953, -2.592495, 0.0
182.0, -0.014107, -0.000689, 0.001284, 2.592953, -2.592495, 0.0
198.0, -0.017639, -0.00091, 0.004292, 2.592953, -2.592495, 0.0
217.0, -0.021035, -0.001005, 0.003607, 2.592953, -2.592495, 0.0
217.0, -0.021035, -0.001005, 0.003607, 2.592953, -2.592495, 0.0
232.0, -0.025391, -0.000789, 0.003726, 2.592953, -2.592495, 0.0
232.0, -0.025391, -0.000789, 0.003726, 2.592953, -2.592495, 0.0
248.0, -0.030327, -0.000474, 0.003924, 2.592953, -2.592495, 0.0
264.0, -0.035769, -0.000109, 0.004156, 2.592953, -2.592495, 0.0
264.0, -0.035769, -0.000109, 0.004156, 2.592953, -2.592495, 0.0
281.0, -0.041715, 0.000273, 0.004414, 2.592953, -2.592495, 0.0
281.0, -0.041715, 0.000273, 0.004414, 2.592953, -2.592495, 0.0
297.0, -0.048163, 0.000662, 0.00468, 2.592953, -2.592495, 0.0
315.0, -0.055113, 0.001055, 0.004937, 2.592953, -2.592495, 0.0
315.0, -0.055113, 0.001055, 0.004937, 2.592953, -2.592495, 0.0
331.0, -0.062564, 0.001452, 0.005176, 2.592953, -2.592495, 0.0
331.0, -0.062564, 0.001452, 0.005176, 2.592953, -2.592495, 0.0
348.0, -0.070517, 0.001854, 0.005392, 2.592953, -2.592495, 0.0
365.0, -0.07897, 0.002265, 0.005581, 2.592953, -2.592495, 0.0
365.0, -0.07897, 0.002265, 0.005581, 2.592953, -2.592495, 0.0
382.0, -0.087925, 0.002686, 0.005744, 2.592953, -2.592495, 0.0
382.0, -0.087925, 0.002686, 0.005744, 2.592953, -2.592495, 0.0
398.0, -0.09738, 0.003119, 0.005881, 2.592953, -2.592495, 0.0
416.0, -0.107336, 0.003566, 0.005995, 2.592953, -2.592495, 0.0
416.0, -0.107336, 0.003566, 0.005995, 2.592953, -2.592495, 0.0
432.0, -0.117794, 0.004028, 0.006089, 2.238054, -2.240287, 0.0
432.0, -0.117794, 0.004028, 0.006089, 2.238054, -2.240287, 0.0
448.0, -0.128752, 0.004507, 0.006164, 2.238054, -2.240287, 0.0
465.0, -0.140211, 0.005003, 0.006224, 2.238054, -2.240287, 0.0
465.0, -0.140211, 0.005003, 0.006224, 2.238054, -2.240287, 0.0
481.0, -0.152169, 0.005518, 0.00627, 2.238054, -2.240287, 0.0
481.0, -0.152169, 0.005518, 0.00627, 2.238054, -2.240287, 0.0
498.0, -0.164626, 0.006051, 0.006306, 2.238054, -2.240287, 0.0
516.0, -0.177582, 0.006605, 0.006335, 2.238054, -2.240287, 0.0
516.0, -0.177582, 0.006605, 0.006335, 2.238054, -2.240287, 0.0
532.0, -0.191035, 0.007178, 0.006355, 2.238054, -2.240287, 0.0
532.0, -0.191035, 0.007178, 0.006355, 2.238054, -2.240287, 0.0
548.0, -0.204985, 0.007773, 0.006372, 2.238054, -2.240287, 0.0
565.0, -0.219435, 0.008388, 0.006386, 2.238054, -2.240287, 0.0
565.0, -0.219435, 0.008388, 0.006386, 2.238054, -2.240287, 0.0
582.0, -0.234384, 0.009025, 0.006398, 2.238054, -2.240287, 0.0
582.0, -0.234384, 0.009025, 0.006398, 2.238054, -2.240287, 0.0
598.0, -0.249832, 0.009684, 0.006409, 2.238054, -2.240287, 0.0
616.0, -0.26578, 0.010366, 0.00642, 2.238054, -2.240287, 0.0
616.0, -0.26578, 0.010366, 0.00642, 2.238054, -2.240287, 0.0
632.0, -0.282227, 0.01107, 0.006431, 2.238054, -2.240287, 0.0
632.0, -0.282227, 0.01107, 0.006431, 2.238054, -2.240287, 0.0
648.0, -0.299173, 0.011796, 0.006442, 2.238054, -2.240287, 0.0
665.0, -0.316619, 0.012546, 0.006453, 2.238054, -2.240287, 0.0
665.0, -0.316619, 0.012546, 0.006453, 2.238054, -2.240287, 0.0
682.0, -0.334565, 0.01332, 0.006465, 1.883154, -1.888078, 0.0
682.0, -0.334565, 0.01332, 0.006465, 1.883154, -1.888078, 0.0
698.0, -0.353009, 0.014117, 0.006477, 1.883154, -1.888078, 0.0
716.0, -0.371953, 0.014938, 0.006489, 1.883154, -1.888078, 0.0
716.0, -0.371953, 0.014938, 0.006489, 1.883154, -1.888078, 0.0
732.0, -0.391295, 0.015778, 0.00646, 1.883154, -1.888078, 0.0
732.0, -0.391295, 0.015778, 0.00646, 1.883154, -1.888078, 0.0
747.0, -0.410905, 0.016627, 0.006353, 1.883154, -1.888078, 0.0
763.0, -0.430656, 0.017479, 0.006147, 1.883154, -1.888078, 0.0
763.0, -0.430656, 0.017479, 0.006147, 1.883154, -1.888078, 0.0
781.0, -0.450434, 0.018325, 0.005839, 1.883154, -1.888078, 0.0
781.0, -0.450434, 0.018325, 0.005839, 1.883154, -1.888078, 0.0
797.0, -0.470142, 0.019158, 0.005441, 1.883154, -1.888078, 0.0
815.0, -0.4897, 0.019974, 0.00497, 1.883154, -1.888078, 0.0
815.0, -0.4897, 0.019974, 0.00497, 1.883154, -1.888078, 0.0
831.0, -0.50904, 0.020766, 0.004447, 1.883154, -1.888078, 0.0
831.0, -0.50904, 0.020766, 0.004447, 1.883154, -1.888078, 0.0
847.0, -0.528107, 0.021532, 0.003894, 1.883154, -1.888078, 0.0
865.0, -0.546858, 0.022268, 0.003333, 1.883154, -1.888078, 0.0
865.0, -0.546858, 0.022268, 0.003333, 1.883154, -1.888078, 0.0
881.0, -0.565257, 0.022975, 0.002779, 1.883154, -1.888078, 0.0
881.0, -0.565257, 0.022975, 0.002779, 1.883154, -1.888078, 0.0
898.0, -0.583274, 0.02365, 0.002249, 1.883154, -1.888078, 0.0
916.0, -0.600886, 0.024294, 0.001751, 1.883154, -1.888078, 0.0
916.0, -0.600886, 0.024294, 0.001751, 1.883154, -1.888078, 0.0
932.0, -0.618075, 0.024905, 0.001293, 1.528255, -1.535869, 0.0
932.0, -0.618075, 0.024905, 0.001293, 1.528255, -1.535869, 0.0
947.0, -0.634826, 0.025485, 0.000879, 1.528255, -1.535869, 0.0
965.0, -0.651128, 0.026031, 0.000511, 1.528255, -1.535869, 0.0
965.0, -0.651128, 0.026031, 0.000511, 1.528255, -1.535869, 0.0
982.0, -0.666969, 0.026544, 0.000188, 1.528255, -1.535869, 0.0
982.0, -0.666969, 0.026544, 0.000188, 1.528255, -1.535869, 0.0
998.0, -0.682344, 0.027024, -0.000092, 1.528255, -1.535869, 0.0
1015.0, -0.697247, 0.027469, -0.000332, 1.528255, -1.535869, 0.0
1015.0, -0.697247, 0.027469, -0.000332, 1.528255, -1.535869, 0.0
1030.0, -0.711674, 0.027879, -0.000535, 1.528255, -1.535869, 0.0
1030.0, -0.711674, 0.027879, -0.000535, 1.528255, -1.535869, 0.0
1047.0, -0.725621, 0.028252, -0.000706, 1.528255, -1.535869, 0.0
1063.0, -0.739083, 0.028588, -0.00085, 1.528255, -1.535869, 0.0
1063.0, -0.739083, 0.028588, -0.00085, 1.528255, -1.535869, 0.0
1080.0, -0.752058, 0.028885, -0.000971, 1.528255, -1.535869, 0.0
1080.0, -0.752058, 0.028885, -0.000971, 1.528255, -1.535869, 0.0
1097.0, -0.764544, 0.029142, -0.001072, 1.528255, -1.535869, 0.0
1115.0, -0.776539, 0.029357, -0.001158, 1.528255, -1.535869, 0.0
1115.0, -0.776539, 0.029357, -0.001158, 1.528255, -1.535869, 0.0
1131.0, -0.78804, 0.02953, -0.001232, 1.528255, -1.535869, 0.0
1131.0, -0.78804, 0.02953, -0.001232, 1.528255, -1.535869, 0.0
1147.0, -0.799048, 0.029658, -0.001296, 1.528255, -1.535869, 0.0
1165.0, -0.809562, 0.02974, -0.001352, 1.528255, -1.535869, 0.0
1165.0, -0.809562, 0.02974, -0.001352, 1.528255, -1.535869, 0.0
1182.0, -0.819583, 0.029776, -0.001403, 1.173356, -1.183661, 0.0
1182.0, -0.819583, 0.029776, -0.001403, 1.173356, -1.183661, 0.0
1198.0, -0.82911, 0.029763, -0.001449, 1.173356, -1.183661, 0.0
1217.0, -0.838143, 0.029701, -0.001494, 1.173356, -1.183661, 0.0
1217.0, -0.838143, 0.029701, -0.001494, 1.173356, -1.183661, 0.0
1230.0, -0.846681, 0.029589, -0.001537, 1.173356, -1.183661, 0.0
1230.0, -0.846681, 0.029589, -0.001537, 1.173356, -1.183661, 0.0
1247.0, -0.854723, 0.029426, -0.00158, 1.173356, -1.183661, 0.0
1265.0, -0.862271, 0.02921, -0.001625, 1.173356, -1.183661, 0.0
1265.0, -0.862271, 0.02921, -0.001625, 1.173356, -1.183661, 0.0
1281.0, -0.869323, 0.02894, -0.001671, 1.173356, -1.183661, 0.0
1281.0, -0.869323, 0.02894, -0.001671, 1.173356, -1.183661, 0.0
1297.0, -0.87588, 0.028617, -0.00172, 1.173356, -1.183661, 0.0
1315.0, -0.881942, 0.028239, -0.001773, 1.173356, -1.183661, 0.0
1315.0, -0.881942, 0.028239, -0.001773, 1.173356, -1.183661, 0.0
1331.0, -0.887508, 0.027806, -0.00183, 1.173356, -1.183661, 0.0
1331.0, -0.887508, 0.027806, -0.00183, 1.173356, -1.183661, 0.0
1347.0, -0.892579, 0.027318, -0.001892, 1.173356, -1.183661, 0.0
1365.0, -0.897155, 0.026775, -0.001961, 1.173356, -1.183661, 0.0
1365.0, -0.897155, 0.026775, -0.001961, 1.173356, -1.183661, 0.0
1382.0, -0.901237, 0.026177, -0.002037, 1.173356, -1.183661, 0.0
1382.0, -0.901237, 0.026177, -0.002037, 1.173356, -1.183661, 0.0
1397.0, -0.904825, 0.025525, -0.002124, 1.173356, -1.183661, 0.0
1416.0, -0.907921, 0.024822, -0.002223, 1.173356, -1.183661, 0.0
1416.0, -0.907921, 0.024822, -0.002223, 1.173356, -1.183661, 0.0
1431.0, -0.910527, 0.024069, -0.00234, 0.818457, -0.831453, 0.0
1431.0, -0.910527, 0.024069, -0.00234, 0.818457, -0.831453, 0.0
1448.0, -0.912646, 0.023271, -0.00248, 0.818457, -0.831453, 0.0
1465.0, -0.914286, 0.022435, -0.002653, 0.818457, -0.831453, 0.0
1465.0, -0.914286, 0.022435, -0.002653, 0.818457, -0.831453, 0.0
1481.0, -0.91546, 0.021568, -0.002872, 0.818457, -0.831453, 0.0
1481.0, -0.91546, 0.021568, -0.002872, 0.818457, -0.831453, 0.0
1497.0, -0.916191, 0.020676, -0.003138, 0.818457, -0.831453, 0.0
1515.0, -0.916512, 0.019752, -0.003424, 0.818457, -0.831453, 0.0
1515.0, -0.916512, 0.019752, -0.003424, 0.818457, -0.831453, 0.0
1530.0, -0.916444, 0.018764, -0.00368, 0.818457, -0.831453, 0.0
1530.0, -0.916444, 0.018764, -0.00368, 0.818457, -0.831453, 0.0
1547.0, -0.915974, 0.017666, -0.003905, 0.818457, -0.831453, 0.0
1565.0, -0.915061, 0.016431, -0.00414, 0.818457, -0.831453, 0.0
1565.0, -0.915061, 0.016431, -0.00414, 0.818457, -0.831453, 0.0
1580.0, -0.913661, 0.015057, -0.004413, 0.818457, -0.831453, 0.0
1580.0, -0.913661, 0.015057, -0.004413, 0.818457, -0.831453, 0.0
1597.0, -0.911742, 0.013557, -0.004728, 0.818457, -0.831453, 0.0
1616.0, -0.909287, 0.011947, -0.005075, 0.818457, -0.831453, 0.0
1616.0, -0.909287, 0.011947, -0.005075, 0.818457, -0.831453, 0.0
1632.0, -0.906288, 0.010241, -0.005438, 0.818457, -0.831453, 0.0
1632.0, -0.906288, 0.010241, -0.005438, 0.818457, -0.831453, 0.0
1647.0, -0.902745, 0.00845, -0.005801, 0.818457, -0.831453, 0.0
1665.0, -0.89866, 0.006582, -0.006148, 0.818457, -0.831453, 0.0
1665.0, -0.89866, 0.006582, -0.006148, 0.818457, -0.831453, 0.0
1682.0, -0.894038, 0.004643, -0.00647, 0.463557, -0.479244, 0.0
1682.0, -0.894038, 0.004643, -0.00647, 0.463557, -0.479244, 0.0
1697.0, -0.888884, 0.002636, -0.006759, 0.463557, -0.479244, 0.0
1716.0, -0.883203, 0.000562, -0.007012, 0.463557, -0.479244, 0.0
1716.0, -0.883203, 0.000562, -0.007012, 0.463557, -0.479244, 0.0
1732.0, -0.877002, -0.001578, -0.007229, 0.463557, -0.479244, 0.0
1732.0, -0.877002, -0.001578, -0.007229, 0.463557, -0.479244, 0.0
1747.0, -0.870283, -0.003784, -0.00741, 0.463557, -0.479244, 0.0
1764.0, -0.863052, -0.006057, -0.00756, 0.463557, -0.479244, 0.0
1764.0, -0.863052, -0.006057, -0.00756, 0.463557, -0.479244, 0.0
1780.0, -0.855311, -0.008398, -0.007681, 0.463557, -0.479244, 0.0
1780.0, -0.855311, -0.008398, -0.007681, 0.463557, -0.479244, 0.0
1797.0, -0.847062, -0.010808, -0.007778, 0.463557, -0.479244, 0.0
1815.0, -0.838309, -0.013287, -0.007855, 0.463557, -0.479244, 0.0
1815.0, -0.838309, -0.013287, -0.007855, 0.463557, -0.479244, 0.0
1830.0, -0.829053, -0.015836, -0.007916, 0.463557, -0.479244, 0.0
1830.0, -0.829053, -0.015836, -0.007916, 0.463557, -0.479244, 0.0
1847.0, -0.819297, -0.018457, -0.007965, 0.463557, -0.479244, 0.0
1865.0, -0.80904, -0.02115, -0.008004, 0.463557, -0.479244, 0.0
1865.0, -0.80904, -0.02115, -0.008004, 0.463557, -0.479244, 0.0
1881.0, -0.798286, -0.023915, -0.008037, 0.463557, -0.479244, 0.0
1881.0, -0.798286, -0.023915, -0.008037, 0.463557, -0.479244, 0.0
1897.0, -0.787033, -0.026754, -0.008066, 0.463557, -0.479244, 0.0
1915.0, -0.775285, -0.029666, -0.008092, 0.463557, -0.479244, 0.0
1915.0, -0.775285, -0.029666, -0.008092, 0.463557, -0.479244, 0.0
1931.0, -0.763039, -0.032652, -0.008118, 0.108658, -0.127036, 0.0
1931.0, -0.763039, -0.032652, -0.008118, 0.108658, -0.127036, 0.0
1947.0, -0.750298, -0.035713, -0.008144, 0.108658, -0.127036, 0.0
1965.0, -0.737062, -0.038848, -0.008171, 0.108658, -0.127036, 0.0
1965.0, -0.737062, -0.038848, -0.008171, 0.108658, -0.127036, 0.0
1980.0, -0.72333, -0.042058, -0.0082, 0.108658, -0.127036, 0.0
1980.0, -0.72333, -0.042058, -0.0082, 0.108658, -0.127036, 0.0
1997.0, -0.709103, -0.045343, -0.008231, 0.108658, -0.127036, 0.0
2015.0, -0.694382, -0.048703, -0.008264, 0.108658, -0.127036, 0.0
2015.0, -0.694382, -0.048703, -0.008264, 0.108658, -0.127036, 0.0
2031.0, -0.679165, -0.052138, -0.008299, 0.108658, -0.127036, 0.0
2031.0, -0.679165, -0.052138, -0.008299, 0.108658, -0.127036, 0.0
2047.0, -0.663454, -0.055648, -0.008336, 0.108658, -0.127036, 0.0
2064.0, -0.647248, -0.059233, -0.008375, 0.108658, -0.127036, 0.0
2064.0, -0.647248, -0.059233, -0.008375, 0.108658, -0.127036, 0.0
2081.0, -0.630548, -0.062893, -0.008415, 0.108658, -0.127036, 0.0
2081.0, -0.630548, -0.062893, -0.008415, 0.108658, -0.127036, 0.0
2097.0, -0.613352, -0.066628, -0.008457, 0.108658, -0.127036, 0.0
2116.0, -0.595663, -0.070437, -0.008501, 0.108658, -0.127036, 0.0
2116.0, -0.595663, -0.070437, -0.008501, 0.108658, -0.127036, 0.0
2132.0, -0.577478, -0.074321, -0.008546, 0.108658, -0.127036, 0.0
2132.0, -0.577478, -0.074321, -0.008546, 0.108658, -0.127036, 0.0
2147.0, -0.5588, -0.078279, -0.008591, 0.108658, -0.127036, 0.0
2164.0, -0.539626, -0.082312, -0.008638, 0.108658, -0.127036, 0.0
2164.0, -0.539626, -0.082312, -0.008638, 0.108658, -0.127036, 0.0
2181.0, -0.519958, -0.086417, -0.008684, -0.246242, 0.225173, 0.0
2181.0, -0.519958, -0.086417, -0.008684, -0.246242, 0.225173, 0.0
2198.0, -0.499795, -0.090597, -0.008732, -0.246242, 0.225173, 0.0
2215.0, -0.479137, -0.09485, -0.00878, -0.246242, 0.225173, 0.0
2215.0, -0.479137, -0.09485, -0.00878, -0.246242, 0.225173, 0.0
2232.0, -0.457981, -0.099176, -0.008829, -0.246242, 0.225173, 0.0
2232.0, -0.457981, -0.099176, -0.008829, -0.246242, 0.225173, 0.0
2247.0, -0.436328, -0.103576, -0.008879, -0.246242, 0.225173, 0.0
2264.0, -0.414181, -0.108047, -0.008928, -0.246242, 0.225173, 0.0
2264.0, -0.414181, -0.108047, -0.008928, -0.246242, 0.225173, 0.0
2280.0, -0.391539, -0.11259, -0.008976, -0.246242, 0.225173, 0.0
2280.0, -0.391539, -0.11259, -0.008976, -0.246242, 0.225173, 0.0
2297.0, -0.368403, -0.117204, -0.009024, -0.246242, 0.225173, 0.0
2316.0, -0.344772, -0.121889, -0.009071, -0.246242, 0.225173, 0.0
2316.0, -0.344772, -0.121889, -0.009071, -0.246242, 0.225173, 0.0
2331.0, -0.320652, -0.126643, -0.009117, -0.246242, 0.225173, 0.0
2332.0, -0.320652, -0.126643, -0.009117, -0.246242, 0.225173, 0.0
2347.0, -0.296038, -0.131467, -0.009162, -0.246242, 0.225173, 0.0
2365.0, -0.270929, -0.136359, -0.009208, -0.246242, 0.225173, 0.0
2365.0, -0.270929, -0.136359, -0.009208, -0.246242, 0.225173, 0.0
2382.0, -0.245325, -0.141321, -0.009255, -0.246242, 0.225173, 0.0
2382.0, -0.245325, -0.141321, -0.009255, -0.246242, 0.225173, 0.0
2397.0, -0.219225, -0.14635, -0.009302, -0.246242, 0.225173, 0.0
2416.0, -0.192629, -0.151447, -0.00935, -0.246242, 0.225173, 0.0
2416.0, -0.192629, -0.151447, -0.00935, -0.246242, 0.225173, 0.0
2432.0, -0.165538, -0.156611, -0.009397, -0.601141, 0.577381, 0.0
2432.0, -0.165538, -0.156611, -0.009397, -0.601141, 0.577381, 0.0
2447.0, -0.13795, -0.16184, -0.009445, -0.601141, 0.577381, 0.0
2465.0, -0.109866, -0.167135, -0.009492, -0.601141, 0.577381, 0.0
2465.0, -0.109866, -0.167135, -0.009492, -0.601141, 0.577381, 0.0
2482.0, -0.081286, -0.172495, -0.009539, -0.601141, 0.577381, 0.0
2482.0, -0.081286, -0.172495, -0.009539, -0.601141, 0.577381, 0.0
2498.0, -0.052211, -0.177918, -0.009585, -0.601141, 0.577381, 0.0
2515.0, -0.022639, -0.183405, -0.009631, -0.601141, 0.577381, 0.0
2515.0, -0.022639, -0.183405, -0.009631, -0.601141, 0.577381, 0.0
2531.0, 0.007429, -0.188953, -0.009677, -0.601141, 0.577381, 0.0
2531.0, 0.007429, -0.188953, -0.009677, -0.601141, 0.577381, 0.0
2547.0, 0.037994, -0.194564, -0.009722, -0.601141, 0.577381, 0.0
2564.0, 0.069055, -0.200234, -0.009766, -0.601141, 0.577381, 0.0
2564.0, 0.069055, -0.200234, -0.009766, -0.601141, 0.577381, 0.0
2581.0, 0.100612, -0.205964, -0.00981, -0.601141, 0.577381, 0.0
2581.0, 0.100612, -0.205964, -0.00981, -0.601141, 0.577381, 0.0
2597.0, 0.132666, -0.211753, -0.009853, -0.601141, 0.577381, 0.0
2615.0, 0.165217, -0.217601, -0.009896, -0.601141, 0.577381, 0.0
2615.0, 0.165217, -0.217601, -0.009896, -0.601141, 0.577381, 0.0
2631.0, 0.198264, -0.223505, -0.009938, -0.601141, 0.577381, 0.0
2631.0, 0.198264, -0.223505, -0.009938, -0.601141, 0.577381, 0.0
2648.0, 0.231808, -0.229465, -0.00998, -0.601141, 0.577381, 0.0
2665.0, 0.265849, -0.23548, -0.010021, -0.601141, 0.577381, 0.0
2665.0, 0.265849, -0.23548, -0.010021, -0.601141, 0.577381, 0.0
2682.0, 0.300387, -0.241548, -0.010062, -0.95604, 0.929589, 0.0
2682.0, 0.300387, -0.241548, -0.010062, -0.95604, 0.929589, 0.0
2698.0, 0.335422, -0.24767, -0.010102, -0.95604, 0.929589, 0.0
2717.0, 0.370955, -0.253843, -0.010141, -0.95604, 0.929589, 0.0
2717.0, 0.370955, -0.253843, -0.010141, -0.95604, 0.929589, 0.0
2731.0, 0.40689, -0.260061, -0.010141, -0.95604, 0.929589, 0.0
2731.0, 0.40689, -0.260061, -0.010141, -0.95604, 0.929589, 0.0
2748.0, 0.443093, -0.266313, -0.01006, -0.95604, 0.929589, 0.0
2765.0, 0.479435, -0.272589, -0.009876, -0.95604, 0.929589, 0.0
2765.0, 0.479435, -0.272589, -0.009876, -0.95604, 0.929589, 0.0
2782.0, 0.515801, -0.278882, -0.009588, -0.95604, 0.929589, 0.0
2782.0, 0.515801, -0.278882, -0.009588, -0.95604, 0.929589, 0.0
2798.0, 0.552094, -0.285187, -0.009205, -0.95604, 0.929589, 0.0
2816.0, 0.588232, -0.291498, -0.008745, -0.95604, 0.929589, 0.0
2816.0, 0.588232, -0.291498, -0.008745, -0.95604, 0.929589, 0.0
2831.0, 0.624141, -0.29781, -0.008227, -0.95604, 0.929589, 0.0
2831.0, 0.624141, -0.29781, -0.008227, -0.95604, 0.929589, 0.0
2848.0, 0.659773, -0.30412, -0.007677, -0.95604, 0.929589, 0.0
2865.0, 0.695084, -0.310424, -0.007118, -0.95604, 0.929589, 0.0
2865.0, 0.695084, -0.310424, -0.007118, -0.95604, 0.929589, 0.0
2881.0, 0.730041, -0.316717, -0.006567, -0.95604, 0.929589, 0.0
2881.0, 0.730041, -0.316717, -0.006567, -0.95604, 0.929589, 0.0
2898.0, 0.764614, -0.322996, -0.006037, -0.95604, 0.929589, 0.0
2916.0, 0.798783, -0.329255, -0.00554, -0.95604, 0.929589, 0.0
2916.0, 0.798783, -0.329255, -0.00554, -0.95604, 0.929589, 0.0
2931.0, 0.832527, -0.335492, -0.005083, -1.310939, 1.281798, 0.0
2931.0, 0.832527, -0.335492, -0.005083, -1.310939, 1.281798, 0.0
2948.0, 0.865833, -0.341701, -0.00467, -1.310939, 1.281798, 0.0
2965.0, 0.898689, -0.347881, -0.004301, -1.310939, 1.281798, 0.0
2965.0, 0.898689, -0.347881, -0.004301, -1.310939, 1.281798, 0.0
2981.0, 0.931086, -0.354028, -0.003978, -1.310939, 1.281798, 0.0
2981.0, 0.931086, -0.354028, -0.003978, -1.310939, 1.281798, 0.0
2997.0, 0.963017, -0.36014, -0.003697, -1.310939, 1.281798, 0.0
3015.0, 0.994476, -0.366216, -0.003456, -1.310939, 1.281798, 0.0
3015.0, 0.994476, -0.366216, -0.003456, -1.310939, 1.281798, 0.0
3031.0, 1.025458, -0.372253, -0.003252, -1.310939, 1.281798, 0.0
3031.0, 1.025458, -0.372253, -0.003252, -1.310939, 1.281798, 0.0
3048.0, 1.055959, -0.378251, -0.003079, -1.310939, 1.281798, 0.0
3064.0, 1.085977, -0.384208, -0.002934, -1.310939, 1.281798, 0.0
3064.0, 1.085977, -0.384208, -0.002934, -1.310939, 1.281798, 0.0
3081.0, 1.115509, -0.390123, -0.002814, -1.310939, 1.281798, 0.0
3081.0, 1.115509, -0.390123, -0.002814, -1.310939, 1.281798, 0.0
3097.0, 1.144553, -0.395997, -0.002713, -1.310939, 1.281798, 0.0
3116.0, 1.173107, -0.401829, -0.00263, -1.310939, 1.281798, 0.0
3116.0, 1.173107, -0.401829, -0.00263, -1.310939, 1.281798, 0.0
3132.0, 1.201272, -0.407627, -0.002602, -1.310939, 1.281798, 0.0
3132.0, 1.201272, -0.407627, -0.002602, -1.310939, 1.281798, 0.0
3147.0, 1.229176, -0.413401, -0.002665, -1.310939, 1.281798, 0.0
3165.0, 1.256945, -0.419161, -0.002836, -1.310939, 1.281798, 0.0
3165.0, 1.256945, -0.419161, -0.002836, -1.310939, 1.281798, 0.0
3182.0, 1.284691, -0.424913, -0.003117, -1.665839, 1.634006, 0.0
3182.0, 1.284691, -0.424913, -0.003117, -1.665839, 1.634006, 0.0
3198.0, 1.312513, -0.430664, -0.003496, -1.665839, 1.634006, 0.0
3216.0, 1.34049, -0.43642, -0.003954, -1.665839, 1.634006, 0.0
3216.0, 1.34049, -0.43642, -0.003954, -1.665839, 1.634006, 0.0
3232.0, 1.36869, -0.442184, -0.004468, -1.665839, 1.634006, 0.0
3232.0, 1.36869, -0.442184, -0.004468, -1.665839, 1.634006, 0.0
3248.0, 1.397165, -0.447962, -0.005016, -1.665839, 1.634006, 0.0
3264.0, 1.425961, -0.453759, -0.005576, -1.665839, 1.634006, 0.0
3264.0, 1.425961, -0.453759, -0.005576, -1.665839, 1.634006, 0.0
3280.0, 1.455112, -0.459578, -0.00613, -1.665839, 1.634006, 0.0
3280.0, 1.455112, -0.459578, -0.00613, -1.665839, 1.634006, 0.0
3297.0, 1.484647, -0.465423, -0.006664, -1.665839, 1.634006, 0.0
3315.0, 1.514588, -0.471299, -0.007166, -1.665839, 1.634006, 0.0
3315.0, 1.514588, -0.471299, -0.007166, -1.665839, 1.634006, 0.0
3330.0, 1.544959, -0.47721, -0.007633, -1.665839, 1.634006, 0.0
3330.0, 1.544959, -0.47721, -0.007633, -1.665839, 1.634006, 0.0
3347.0, 1.575771, -0.483157, -0.008055, -1.665839, 1.634006, 0.0
3364.0, 1.607032, -0.489145, -0.008432, -1.665839, 1.634006, 0.0
3364.0, 1.607032, -0.489145, -0.008432, -1.665839, 1.634006, 0.0
3382.0, 1.638752, -0.495174, -0.008763, -1.665839, 1.634006, 0.0
3382.0, 1.638752, -0.495174, -0.008763, -1.665839, 1.634006, 0.0
3397.0, 1.670937, -0.501246, -0.009051, -1.665839, 1.634006, 0.0
3416.0, 1.703594, -0.507365, -0.009299, -1.665839, 1.634006, 0.0
3416.0, 1.703594, -0.507365, -0.009299, -1.665839, 1.634006, 0.0
3431.0, 1.736619, -0.513521, -0.009466, -2.020738, 1.986214, 0.0
3431.0, 1.736619, -0.513521, -0.009466, -2.020738, 1.986214, 0.0
3448.0, 1.76989, -0.519708, -0.00952, -2.020738, 1.986214, 0.0
3465.0, 1.803285, -0.525918, -0.009448, -2.020738, 1.986214, 0.0
3465.0, 1.803285, -0.525918, -0.009448, -2.020738, 1.986214, 0.0
3481.0, 1.836694, -0.532145, -0.009251, -2.020738, 1.986214, 0.0
3481.0, 1.836694, -0.532145, -0.009251, -2.020738, 1.986214, 0.0
3497.0, 1.870021, -0.538384, -0.00894, -2.020738, 1.986214, 0.0
3516.0, 1.903186, -0.544631, -0.008537, -2.020738, 1.986214, 0.0
3516.0, 1.903186, -0.544631, -0.008537, -2.020738, 1.986214, 0.0
3531.0, 1.936125, -0.550881, -0.008068, -2.020738, 1.986214, 0.0
3531.0, 1.936125, -0.550881, -0.008068, -2.020738, 1.986214, 0.0
3548.0, 1.968783, -0.557129, -0.007556, -2.020738, 1.986214, 0.0
3564.0, 2.001122, -0.563374, -0.007024, -2.020738, 1.986214, 0.0
3564.0, 2.001122, -0.563374, -0.007024, -2.020738, 1.986214, 0.0
3581.0, 2.033097, -0.569608, -0.006493, -2.020738, 1.986214, 0.0
3581.0, 2.033097, -0.569608, -0.006493, -2.020738, 1.986214, 0.0
3597.0, 2.064685, -0.575828, -0.005977, -2.020738, 1.986214, 0.0
3616.0, 2.095864, -0.582029, -0.00549, -2.020738, 1.986214, 0.0
3616.0, 2.095864, -0.582029, -0.00549, -2.020738, 1.986214, 0.0
3632.0, 2.126616, -0.588208, -0.005039, -2.020738, 1.986214, 0.0
3632.0, 2.126616, -0.588208, -0.005039, -2.020738, 1.986214, 0.0
3648.0, 2.156928, -0.59436, -0.004629, -2.020738, 1.986214, 0.0
3664.0, 2.186787, -0.600482, -0.004263, -2.020738, 1.986214, 0.0
3664.0, 2.186787, -0.600482, -0.004263, -2.020738, 1.986214, 0.0
3681.0, 2.216186, -0.60657, -0.003941, -2.375641, 2.338426, 0.0
3681.0, 2.216186, -0.60657, -0.003941, -2.375641, 2.338426, 0.0
3698.0, 2.245117, -0.612624, -0.003661, -2.375641, 2.338426, 0.0
3716.0, 2.273575, -0.618639, -0.00342, -2.375641, 2.338426, 0.0
3716.0, 2.273575, -0.618639, -0.00342, -2.375641, 2.338426, 0.0
3732.0, 2.301556, -0.624615, -0.003216, -2.375641, 2.338426, 0.0
3732.0, 2.301556, -0.624615, -0.003216, -2.375641, 2.338426, 0.0
3747.0, 2.329055, -0.63055, -0.003043, -2.375641, 2.338426, 0.0
3764.0, 2.356071, -0.636441, -0.002898, -2.375641, 2.338426, 0.0
3764.0, 2.356071, -0.636441, -0.002898, -2.375641, 2.338426, 0.0
3781.0, 2.3826, -0.642287, -0.002777, -2.375641, 2.338426, 0.0
3781.0, 2.3826, -0.642287, -0.002777, -2.375641, 2.338426, 0.0
3798.0, 2.40864, -0.648088, -0.002677, -2.375641, 2.338426, 0.0
3815.0, 2.434192, -0.653844, -0.002593, -2.375641, 2.338426, 0.0
3815.0, 2.434192, -0.653844, -0.002593, -2.375641, 2.338426, 0.0
3831.0, 2.459353, -0.659562, -0.002564, -2.375641, 2.338426, 0.0
3831.0, 2.459353, -0.659562, -0.002564, -2.375641, 2.338426, 0.0
3848.0, 2.484254, -0.665257, -0.002626, -2.375641, 2.338426, 0.0
3864.0, 2.509019, -0.670938, -0.002797, -2.375641, 2.338426, 0.0
3864.0, 2.509019, -0.670938, -0.002797, -2.375641, 2.338426, 0.0
3881.0, 2.533762, -0.676615, -0.003077, -2.375641, 2.338426, 0.0
3881.0, 2.533762, -0.676615, -0.003077, -2.375641, 2.338426, 0.0
3898.0, 2.558579, -0.682297, -0.003454, -2.375641, 2.338426, 0.0
3916.0, 2.583551, -0.687988, -0.003912, -2.375641, 2.338426, 0.0
3916.0, 2.583551, -0.687988, -0.003912, -2.375641, 2.338426, 0.0
3932.0, 2.608749, -0.693698, -0.004428, -2.73054, 2.690634, 0.0
3932.0, 2.608749, -0.693698, -0.004428, -2.73054, 2.690634, 0.0
3948.0, 2.634224, -0.699431, -0.004977, -2.73054, 2.690634, 0.0
3964.0, 2.660018, -0.705191, -0.005539, -2.73054, 2.690634, 0.0
3964.0, 2.660018, -0.705191, -0.005539, -2.73054, 2.690634, 0.0
3982.0, 2.686165, -0.710985, -0.006094, -2.73054, 2.690634, 0.0
3982.0, 2.686165, -0.710985, -0.006094, -2.73054, 2.690634, 0.0
3998.0, 2.712695, -0.716817, -0.00663, -2.73054, 2.690634, 0.0
4014.0, 2.739629, -0.72269, -0.007134, -2.73054, 2.690634, 0.0
4014.0, 2.739629, -0.72269, -0.007134, -2.73054, 2.690634, 0.0
4031.0, 2.76698, -0.728607, -0.007598, -2.73054, 2.690634, 0.0
4031.0, 2.76698, -0.728607, -0.007598, -2.73054, 2.690634, 0.0
4047.0, 2.794766, -0.734573, -0.008019, -2.73054, 2.690634, 0.0
4064.0, 2.823001, -0.740591, -0.008398, -2.73054, 2.690634, 0.0
4064.0, 2.823001, -0.740591, -0.008398, -2.73054, 2.690634, 0.0
4080.0, 2.851694, -0.746664, -0.008734, -2.73054, 2.690634, 0.0
4080.0, 2.851694, -0.746664, -0.008734, -2.73054, 2.690634, 0.0
4097.0, 2.880852, -0.752794, -0.009028, -2.73054, 2.690634, 0.0
4115.0, 2.91048, -0.758983, -0.009283, -2.73054, 2.690634, 0.0
4115.0, 2.91048, -0.758983, -0.009283, -2.73054, 2.690634, 0.0
4131.0, 2.940585, -0.765231, -0.009504, -2.73054, 2.690634, 0.0
4131.0, 2.940585, -0.765231, -0.009504, -2.73054, 2.690634, 0.0
4147.0, 2.971169, -0.77154, -0.009692, -2.73054, 2.690634, 0.0
4165.0, 3.002235, -0.777908, -0.009853, -2.73054, 2.690634, 0.0
4165.0, 3.002235, -0.777908, -0.009853, -2.73054, 2.690634, 0.0
4181.0, 3.033787, -0.784336, -0.00999, -3.085438, 3.042842, 0.0
4181.0, 3.033787, -0.784336, -0.00999, -3.085438, 3.042842, 0.0
4198.0, 3.065825, -0.790824, -0.010106, -3.085438, 3.042842, 0.0
4216.0, 3.098351, -0.79737, -0.010206, -3.085438, 3.042842, 0.0
4216.0, 3.098351, -0.79737, -0.010206, -3.085438, 3.042842, 0.0
4230.0, 3.131266, -0.803967, -0.01025, -3.085438, 3.042842, 0.0
4230.0, 3.131266, -0.803967, -0.01025, -3.085438, 3.042842, 0.0
4247.0, 3.16444, -0.810603, -0.010202, -3.085438, 3.042842, 0.0
4265.0, 3.197749, -0.817268, -0.010045, -3.085438, 3.042842, 0.0
4265.0, 3.197749, -0.817268, -0.010045, -3.085438, 3.042842, 0.0
4282.0, 3.231077, -0.823955, -0.009778, -3.085438, 3.042842, 0.0
4282.0, 3.231077, -0.823955, -0.009778, -3.085438, 3.042842, 0.0
4297.0, 3.26433, -0.830655, -0.009411, -3.085438, 3.042842, 0.0
4315.0, 3.297426, -0.837363, -0.008965, -3.085438, 3.042842, 0.0
4315.0, 3.297426, -0.837363, -0.008965, -3.085438, 3.042842, 0.0
4331.0, 3.330299, -0.844074, -0.00846, -3.085438, 3.042842, 0.0
4331.0, 3.330299, -0.844074, -0.00846, -3.085438, 3.042842, 0.0
4347.0, 3.362894, -0.850784, -0.007922, -3.085438, 3.042842, 0.0
4365.0, 3.395167, -0.857488, -0.00737, -3.085438, 3.042842, 0.0
4365.0, 3.395167, -0.857488, -0.00737, -3.085438, 3.042842, 0.0
4382.0, 3.427084, -0.864182, -0.006824, -3.085438, 3.042842, 0.0
4382.0, 3.427084, -0.864182, -0.006824, -3.085438, 3.042842, 0.0
4398.0, 3.458616, -0.870861, -0.006298, -3.085438, 3.042842, 0.0
4415.0, 3.48974, -0.877521, -0.005803, -3.085438, 3.042842, 0.0
4415.0, 3.48974, -0.877521, -0.005803, -3.085438, 3.042842, 0.0
4432.0, 3.52044, -0.884158, -0.005347, -3.440337, 3.39505, 0.0
4432.0, 3.52044, -0.884158, -0.005347, -3.440337, 3.39505, 0.0
4448.0, 3.550699, -0.890768, -0.004934, -3.440337, 3.39505, 0.0
4465.0, 3.580508, -0.897348, -0.004566, -3.440337, 3.39505, 0.0
4465.0, 3.580508, -0.897348, -0.004566, -3.440337, 3.39505, 0.0
4482.0, 3.609857, -0.903895, -0.004242, -3.440337, 3.39505, 0.0
4482.0, 3.609857, -0.903895, -0.004242, -3.440337, 3.39505, 0.0
4497.0, 3.638738, -0.910405, -0.003962, -3.440337, 3.39505, 0.0
4515.0, 3.667148, -0.916879, -0.003721, -3.440337, 3.39505, 0.0
4515.0, 3.667148, -0.916879, -0.003721, -3.440337, 3.39505, 0.0
4530.0, 3.695187, -0.923323, -0.003561, -3.440337, 3.39505, 0.0
4530.0, 3.695187, -0.923323, -0.003561, -3.440337, 3.39505, 0.0
4547.0, 3.722978, -0.929745, -0.003513, -3.440337, 3.39505, 0.0
4565.0, 3.750643, -0.936152, -0.003591, -3.440337, 3.39505, 0.0
4565.0, 3.750643, -0.936152, -0.003591, -3.440337, 3.39505, 0.0
4581.0, 3.778294, -0.942553, -0.003795, -3.440337, 3.39505, 0.0
4581.0, 3.778294, -0.942553, -0.003795, -3.440337, 3.39505, 0.0
4597.0, 3.806026, -0.948952, -0.004112, -3.440337, 3.39505, 0.0
4616.0, 3.833918, -0.955354, -0.00452, -3.440337, 3.39505, 0.0
4616.0, 3.833918, -0.955354, -0.00452, -3.440337, 3.39505, 0.0
4632.0, 3.862031, -0.961764, -0.004993, -3.440337, 3.39505, 0.0
4632.0, 3.862031, -0.961764, -0.004993, -3.440337, 3.39505, 0.0
4648.0, 3.890421, -0.968186, -0.005509, -3.440337, 3.39505, 0.0
4665.0, 3.919136, -0.974625, -0.006045, -3.440337, 3.39505, 0.0
4665.0, 3.919136, -0.974625, -0.006045, -3.440337, 3.39505, 0.0
4682.0, 3.948208, -0.981088, -0.006582, -3.795237, 3.747259, 0.0
4682.0, 3.948208, -0.981088, -0.006582, -3.795237, 3.747259, 0.0
4697.0, 3.977668, -0.987577, -0.007104, -3.795237, 3.747259, 0.0
4716.0, 4.007536, -0.994097, -0.007599, -3.795237, 3.747259, 0.0
4716.0, 4.007536, -0.994097, -0.007599, -3.795237, 3.747259, 0.0
4731.0, 4.037831, -1.000651, -0.008059, -3.795237, 3.747259, 0.0
4731.0, 4.037831, -1.000651, -0.008059, -3.795237, 3.747259, 0.0
4747.0, 4.068567, -1.007242, -0.008477, -3.795237, 3.747259, 0.0
4764.0, 4.099754, -1.013873, -0.008852, -3.795237, 3.747259, 0.0
4764.0, 4.099754, -1.013873, -0.008852, -3.795237, 3.747259, 0.0
4781.0, 4.131401, -1.020546, -0.009183, -3.795237, 3.747259, 0.0
4781.0, 4.131401, -1.020546, -0.009183, -3.795237, 3.747259, 0.0
4797.0, 4.163516, -1.027263, -0.009472, -3.795237, 3.747259, 0.0
4815.0, 4.196103, -1.034025, -0.009721, -3.795237, 3.747259, 0.0
4815.0, 4.196103, -1.034025, -0.009721, -3.795237, 3.747259, 0.0
4830.0, 4.229066, -1.040828, -0.009893, -3.795237, 3.747259, 0.0
4830.0, 4.229066, -1.040828, -0.009893, -3.795237, 3.747259, 0.0
4847.0, 4.262279, -1.047662, -0.009952, -3.795237, 3.747259, 0.0
4865.0, 4.295617, -1.054522, -0.009883, -3.795237, 3.747259, 0.0
4865.0, 4.295617, -1.054522, -0.009883, -3.795237, 3.747259, 0.0
4881.0, 4.328968, -1.061401, -0.009687, -3.795237, 3.747259, 0.0
4881.0, 4.328968, -1.061401, -0.009687, -3.795237, 3.747259, 0.0
4897.0, 4.362236, -1.068295, -0.009377, -3.795237, 3.747259, 0.0
4916.0, 4.395343, -1.0752, -0.008975, -3.795237, 3.747259, 0.0
4916.0, 4.395343, -1.0752, -0.008975, -3.795237, 3.747259, 0.0
4931.0, 4.428222, -1.082113, -0.008505, -4.150136, 4.099467, 0.0
4931.0, 4.428222, -1.082113, -0.008505, -4.150136, 4.099467, 0.0
4947.0, 4.460819, -1.089029, -0.007993, -4.150136, 4.099467, 0.0
4965.0, 4.493091, -1.095946, -0.007461, -4.150136, 4.099467, 0.0
4965.0, 4.493091, -1.095946, -0.007461, -4.150136, 4.099467, 0.0
4981.0, 4.525016, -1.102863, -0.006929, -4.150136, 4.099467, 0.0
4981.0, 4.525016, -1.102863, -0.006929, -4.150136, 4.099467, 0.0
4997.0, 4.55654, -1.109769, -0.006415, -4.150136, 4.099467, 0.0
5015.0, 4.587655, -1.116664, -0.005928, -4.150136, 4.099467, 0.0
5015.0, 4.587655, -1.116664, -0.005928, -4.150136, 4.099467, 0.0
5032.0, 4.618341, -1.123544, -0.005479, -4.150136, 4.099467, 0.0
5032.0, 4.618341, -1.123544, -0.005479, -4.150136, 4.099467, 0.0
5047.0, 4.648586, -1.130405, -0.005072, -4.150136, 4.099467, 0.0
5064.0, 4.678379, -1.137243, -0.004709, -4.150136, 4.099467, 0.0
5064.0, 4.678379, -1.137243, -0.004709, -4.150136, 4.099467, 0.0
5081.0, 4.70771, -1.144056, -0.00439, -4.150136, 4.099467, 0.0
5081.0, 4.70771, -1.144056, -0.00439, -4.150136, 4.099467, 0.0
5098.0, 4.736573, -1.150842, -0.004114, -4.150136, 4.099467, 0.0
5116.0, 4.764963, -1.157598, -0.003877, -4.150136, 4.099467, 0.0
5116.0, 4.764963, -1.157598, -0.003877, -4.150136, 4.099467, 0.0
5132.0, 4.792874, -1.164321, -0.003677, -4.150136, 4.099467, 0.0
5132.0, 4.792874, -1.164321, -0.003677, -4.150136, 4.099467, 0.0
5148.0, 4.820304, -1.171011, -0.003509, -4.150136, 4.099467, 0.0
5165.0, 4.847249, -1.177663, -0.003369, -4.150136, 4.099467, 0.0
5165.0, 4.847249, -1.177663, -0.003369, -4.150136, 4.099467, 0.0
5182.0, 4.873708, -1.184278, -0.003253, -4.505046, 4.451686, 0.0
5182.0, 4.873708, -1.184278, -0.003253, -4.505046, 4.451686, 0.0
5198.0, 4.899678, -1.190853, -0.003158, -4.505046, 4.451686, 0.0
5216.0, 4.925159, -1.197387, -0.003078, -4.505046, 4.451686, 0.0
5216.0, 4.925159, -1.197387, -0.003078, -4.505046, 4.451686, 0.0
5232.0, 4.950255, -1.203892, -0.003056, -4.505046, 4.451686, 0.0
5232.0, 4.950255, -1.203892, -0.003056, -4.505046, 4.451686, 0.0
5247.0, 4.975091, -1.210377, -0.003124, -4.505046, 4.451686, 0.0
5264.0, 4.99979, -1.216852, -0.0033, -4.505046, 4.451686, 0.0
5264.0, 4.99979, -1.216852, -0.0033, -4.505046, 4.451686, 0.0
5280.0, 5.024467, -1.223326, -0.003583, -4.505046, 4.451686, 0.0
5280.0, 5.024467, -1.223326, -0.003583, -4.505046, 4.451686, 0.0
5297.0, 5.049217, -1.229807, -0.003964, -4.505046, 4.451686, 0.0
5316.0, 5.074121, -1.236301, -0.004424, -4.505046, 4.451686, 0.0
5316.0, 5.074121, -1.236301, -0.004424, -4.505046, 4.451686, 0.0
5331.0, 5.099241, -1.242813, -0.004938, -4.505046, 4.451686, 0.0
5331.0, 5.099241, -1.242813, -0.004938, -4.505046, 4.451686, 0.0
5347.0, 5.124634, -1.249349, -0.005486, -4.505046, 4.451686, 0.0
5365.0, 5.150347, -1.255916, -0.006048, -4.505046, 4.451686, 0.0
5365.0, 5.150347, -1.255916, -0.006048, -4.505046, 4.451686, 0.0
5382.0, 5.176414, -1.262519, -0.006605, -4.505046, 4.451686, 0.0
5382.0, 5.176414, -1.262519, -0.006605, -4.505046, 4.451686, 0.0
5397.0, 5.202863, -1.269162, -0.007143, -4.505046, 4.451686, 0.0
5417.0, 5.229718, -1.27585, -0.00765, -4.505046, 4.451686, 0.0
5417.0, 5.229718, -1.27585, -0.00765, -4.505046, 4.451686, 0.0
5432.0, 5.256996, -1.282586, -0.00812, -4.859946, 4.803895, 0.0
5432.0, 5.256996, -1.282586, -0.00812, -4.859946, 4.803895, 0.0
5447.0, 5.284712, -1.289374, -0.008548, -4.859946, 4.803895, 0.0
5465.0, 5.312877, -1.296216, -0.008931, -4.859946, 4.803895, 0.0
5465.0, 5.312877, -1.296216, -0.008931, -4.859946, 4.803895, 0.0
5482.0, 5.341499, -1.303115, -0.00927, -4.859946, 4.803895, 0.0
5482.0, 5.341499, -1.303115, -0.00927, -4.859946, 4.803895, 0.0
5498.0, 5.370587, -1.310073, -0.009567, -4.859946, 4.803895, 0.0
5515.0, 5.400145, -1.317091, -0.009824, -4.859946, 4.803895, 0.0
5515.0, 5.400145, -1.317091, -0.009824, -4.859946, 4.803895, 0.0
5530.0, 5.430178, -1.32417, -0.010045, -4.859946, 4.803895, 0.0
5530.0, 5.430178, -1.32417, -0.010045, -4.859946, 4.803895, 0.0
5547.0, 5.46069, -1.33131, -0.010234, -4.859946, 4.803895, 0.0
5564.0, 5.491683, -1.338509, -0.010396, -4.859946, 4.803895, 0.0
5564.0, 5.491683, -1.338509, -0.010396, -4.859946, 4.803895, 0.0
5581.0, 5.523161, -1.345767, -0.010533, -4.859946, 4.803895, 0.0
5581.0, 5.523161, -1.345767, -0.010533, -4.859946, 4.803895, 0.0
5597.0, 5.555126, -1.353083, -0.010649, -4.859946, 4.803895, 0.0
5615.0, 5.587579, -1.360457, -0.010749, -4.859946, 4.803895, 0.0
5615.0, 5.587579, -1.360457, -0.010749, -4.859946, 4.803895, 0.0
5631.0, 5.62042, -1.36788, -0.010792, -4.859946, 4.803895, 0.0
5631.0, 5.62042, -1.36788, -0.010792, -4.859946, 4.803895, 0.0
5647.0, 5.653522, -1.375343, -0.010745, -4.859946, 4.803895, 0.0
5664.0, 5.686755, -1.382838, -0.010588, -4.859946, 4.803895, 0.0
5664.0, 5.686755, -1.382838, -0.010588, -4.859946, 4.803895, 0.0
5682.0, 5.720009, -1.390357, -0.01032, -5.214846, 5.156104, 0.0
5682.0, 5.720009, -1.390357, -0.01032, -5.214846, 5.156104, 0.0
5698.0, 5.753194, -1.397897, -0.009954, -5.214846, 5.156104, 0.0
5698.0, 5.753194, -1.397897, -0.009954, -5.214846, 5.156104, 0.0
5715.0, 5.786214, -1.40545, -0.009507, -5.214846, 5.156104, 0.0
5731.0, 5.81901, -1.413012, -0.009004, -5.214846, 5.156104, 0.0
5731.0, 5.81901, -1.413012, -0.009004, -5.214846, 5.156104, 0.0
5747.0, 5.851528, -1.420581, -0.008466, -5.214846, 5.156104, 0.0
5747.0, 5.851528, -1.420581, -0.008466, -5.214846, 5.156104, 0.0
5764.0, 5.883722, -1.428154, -0.007917, -5.214846, 5.156104, 0.0
5782.0, 5.91556, -1.435726, -0.007373, -5.214846, 5.156104, 0.0
5782.0, 5.91556, -1.435726, -0.007373, -5.214846, 5.156104, 0.0
5797.0, 5.947011, -1.443294, -0.00685, -5.214846, 5.156104, 0.0
5797.0, 5.947011, -1.443294, -0.00685, -5.214846, 5.156104, 0.0
5815.0, 5.978055, -1.450854, -0.006359, -5.214846, 5.156104, 0.0
5832.0, 6.008672, -1.458403, -0.005907, -5.214846, 5.156104, 0.0
5832.0, 6.008672, -1.458403, -0.005907, -5.214846, 5.156104, 0.0
5848.0, 6.038849, -1.465937, -0.005499, -5.214846, 5.156104, 0.0
5848.0, 6.038849, -1.465937, -0.005499, -5.214846, 5.156104, 0.0
5864.0, 6.068574, -1.473454, -0.005137, -5.214846, 5.156104, 0.0
5882.0, 6.097838, -1.480949, -0.004819, -5.214846, 5.156104, 0.0
5882.0, 6.097838, -1.480949, -0.004819, -5.214846, 5.156104, 0.0
5898.0, 6.126636, -1.488422, -0.004545, -5.214846, 5.156104, 0.0
5898.0, 6.126636, -1.488422, -0.004545, -5.214846, 5.156104, 0.0
5915.0, 6.154959, -1.49587, -0.004312, -5.214846, 5.156104, 0.0
5932.0, 6.182811, -1.503294, -0.004117, -5.569751, 5.508318, 0.0
5932.0, 6.182811, -1.503294, -0.004117, -5.569751, 5.508318, 0.0
5948.0, 6.210182, -1.510688, -0.003954, -5.569751, 5.508318, 0.0
5948.0, 6.210182, -1.510688, -0.003954, -5.569751, 5.508318, 0.0
5964.0, 6.237069, -1.518051, -0.003818, -5.569751, 5.508318, 0.0
5982.0, 6.263469, -1.525382, -0.003705, -5.569751, 5.508318, 0.0
5982.0, 6.263469, -1.525382, -0.003705, -5.569751, 5.508318, 0.0
5997.0, 6.28938, -1.532678, -0.003612, -5.569751, 5.508318, 0.0
5997.0, 6.28938, -1.532678, -0.003612, -5.569751, 5.508318, 0.0
6015.0, 6.314799, -1.53994, -0.003534, -5.569751, 5.508318, 0.0
6030.0, 6.339824, -1.547173, -0.00351, -5.569751, 5.508318, 0.0
6030.0, 6.339824, -1.547173, -0.00351, -5.569751, 5.508318, 0.0
6048.0, 6.364584, -1.554389, -0.003576, -5.569751, 5.508318, 0.0
6048.0, 6.364584, -1.554389, -0.003576, -5.569751, 5.508318, 0.0
6064.0, 6.38921, -1.561598, -0.003751, -5.569751, 5.508318, 0.0
6081.0, 6.413813, -1.568807, -0.004036, -5.569751, 5.508318, 0.0
6081.0, 6.413813, -1.568807, -0.004036, -5.569751, 5.508318, 0.0
6098.0, 6.438491, -1.576023, -0.00442, -5.569751, 5.508318, 0.0
6098.0, 6.438491, -1.576023, -0.00442, -5.569751, 5.508318, 0.0
6115.0, 6.463325, -1.583251, -0.004883, -5.569751, 5.508318, 0.0
6132.0, 6.488381, -1.590497, -0.005403, -5.569751, 5.508318, 0.0
6132.0, 6.488381, -1.590497, -0.005403, -5.569751, 5.508318, 0.0
6148.0, 6.513713, -1.597766, -0.005956, -5.569751, 5.508318, 0.0
6148.0, 6.513713, -1.597766, -0.005956, -5.569751, 5.508318, 0.0
6164.0, 6.539366, -1.605062, -0.006522, -5.569751, 5.508318, 0.0
6182.0, 6.565374, -1.612392, -0.007081, -5.92465, 5.860527, 0.0
6182.0, 6.565374, -1.612392, -0.007081, -5.92465, 5.860527, 0.0
6198.0, 6.591765, -1.619759, -0.00762, -5.92465, 5.860527, 0.0
6198.0, 6.591765, -1.619759, -0.00762, -5.92465, 5.860527, 0.0
6216.0, 6.618561, -1.627167, -0.008128, -5.92465, 5.860527, 0.0
6232.0, 6.645782, -1.634619, -0.008598, -5.92465, 5.860527, 0.0
6232.0, 6.645782, -1.634619, -0.008598, -5.92465, 5.860527, 0.0
6248.0, 6.67344, -1.642119, -0.009024, -5.92465, 5.860527, 0.0
6248.0, 6.67344, -1.642119, -0.009024, -5.92465, 5.860527, 0.0
6264.0, 6.701548, -1.649669, -0.009405, -5.92465, 5.860527, 0.0
6281.0, 6.730113, -1.657271, -0.009742, -5.92465, 5.860527, 0.0
6281.0, 6.730113, -1.657271, -0.009742, -5.92465, 5.860527, 0.0
6297.0, 6.759144, -1.664926, -0.010037, -5.92465, 5.860527, 0.0
6297.0, 6.759144, -1.664926, -0.010037, -5.92465, 5.860527, 0.0
6315.0, 6.788645, -1.672637, -0.010291, -5.92465, 5.860527, 0.0
6331.0, 6.818623, -1.680404, -0.01051, -5.92465, 5.860527, 0.0
6331.0, 6.818623, -1.680404, -0.01051, -5.92465, 5.860527, 0.0
6347.0, 6.849079, -1.688225, -0.010696, -5.92465, 5.860527, 0.0
6347.0, 6.849079, -1.688225, -0.010696, -5.92465, 5.860527, 0.0
6364.0, 6.880018, -1.696099, -0.010854, -5.92465, 5.860527, 0.0
6381.0, 6.911441, -1.704026, -0.010988, -5.92465, 5.860527, 0.0
6381.0, 6.911441, -1.704026, -0.010988, -5.92465, 5.860527, 0.0
6398.0, 6.943352, -1.712003, -0.011101, -5.92465, 5.860527, 0.0
6398.0, 6.943352, -1.712003, -0.011101, -5.92465, 5.860527, 0.0
6415.0, 6.975751, -1.720032, -0.011197, -5.92465, 5.860527, 0.0
6432.0, 7.008539, -1.728104, -0.011237, -6.27955, 6.212735, 0.0
6432.0, 7.008539, -1.728104, -0.011237, -6.27955, 6.212735, 0.0
6448.0, 7.041587, -1.736213, -0.011185, -6.27955, 6.212735, 0.0
6448.0, 7.041587, -1.736213, -0.011185, -6.27955, 6.212735, 0.0
6464.0, 7.074769, -1.744353, -0.011025, -6.27955, 6.212735, 0.0
6480.0, 7.10797, -1.752519, -0.010754, -6.27955, 6.212735, 0.0
6481.0, 7.10797, -1.752519, -0.010754, -6.27955, 6.212735, 0.0
6498.0, 7.141095, -1.760706, -0.010384, -6.27955, 6.212735, 0.0
6498.0, 7.141095, -1.760706, -0.010384, -6.27955, 6.212735, 0.0
6515.0, 7.174062, -1.768911, -0.009936, -6.27955, 6.212735, 0.0
6531.0, 7.20681, -1.777133, -0.009433, -6.27955, 6.212735, 0.0
6531.0, 7.20681, -1.777133, -0.009433, -6.27955, 6.212735, 0.0
6547.0, 7.239282, -1.785369, -0.008897, -6.27955, 6.212735, 0.0
6547.0, 7.239282, -1.785369, -0.008897, -6.27955, 6.212735, 0.0
6564.0, 7.271431, -1.793615, -0.008347, -6.27955, 6.212735, 0.0
6581.0, 7.30322, -1.80187, -0.007804, -6.27955, 6.212735, 0.0
6581.0, 7.30322, -1.80187, -0.007804, -6.27955, 6.212735, 0.0
6597.0, 7.334623, -1.810128, -0.007281, -6.27955, 6.212735, 0.0
6597.0, 7.334623, -1.810128, -0.007281, -6.27955, 6.212735, 0.0
6616.0, 7.365615, -1.818388, -0.006791, -6.27955, 6.212735, 0.0
6632.0, 7.396175, -1.826645, -0.006338, -6.27955, 6.212735, 0.0
6632.0, 7.396175, -1.826645, -0.006338, -6.27955, 6.212735, 0.0
6648.0, 7.426291, -1.834896, -0.00593, -6.27955, 6.212735, 0.0
6648.0, 7.426291, -1.834896, -0.00593, -6.27955, 6.212735, 0.0
6664.0, 7.455955, -1.84314, -0.005569, -6.27955, 6.212735, 0.0
6682.0, 7.485158, -1.851375, -0.005256, -6.634449, 6.564943, 0.0
6682.0, 7.485158, -1.851375, -0.005256, -6.634449, 6.564943, 0.0
6698.0, 7.513894, -1.859598, -0.004987, -6.634449, 6.564943, 0.0
6698.0, 7.513894, -1.859598, -0.004987, -6.634449, 6.564943, 0.0
6715.0, 7.542158, -1.867808, -0.004759, -6.634449, 6.564943, 0.0
6732.0, 7.569943, -1.876003, -0.004569, -6.634449, 6.564943, 0.0
6732.0, 7.569943, -1.876003, -0.004569, -6.634449, 6.564943, 0.0
6747.0, 7.597249, -1.884181, -0.004411, -6.634449, 6.564943, 0.0
6747.0, 7.597249, -1.884181, -0.004411, -6.634449, 6.564943, 0.0
6764.0, 7.62407, -1.89234, -0.004282, -6.634449, 6.564943, 0.0
6781.0, 7.650404, -1.900478, -0.004176, -6.634449, 6.564943, 0.0
6781.0, 7.650404, -1.900478, -0.004176, -6.634449, 6.564943, 0.0
6797.0, 7.67625, -1.908594, -0.004091, -6.634449, 6.564943, 0.0
6797.0, 7.67625, -1.908594, -0.004091, -6.634449, 6.564943, 0.0
6815.0, 7.701606, -1.916689, -0.004022, -6.634449, 6.564943, 0.0
6830.0, 7.726573, -1.924766, -0.004008, -6.634449, 6.564943, 0.0
6830.0, 7.726573, -1.924766, -0.004008, -6.634449, 6.564943, 0.0
6847.0, 7.751277, -1.932833, -0.004084, -6.634449, 6.564943, 0.0
6847.0, 7.751277, -1.932833, -0.004084, -6.634449, 6.564943, 0.0
6864.0, 7.775847, -1.940896, -0.004268, -6.634449, 6.564943, 0.0
6881.0, 7.800395, -1.94896, -0.00456, -6.634449, 6.564943, 0.0
6881.0, 7.800395, -1.94896, -0.00456, -6.634449, 6.564943, 0.0
6898.0, 7.825018, -1.957028, -0.004949, -6.634449, 6.564943, 0.0
6898.0, 7.825018, -1.957028, -0.004949, -6.634449, 6.564943, 0.0
6915.0, 7.849797, -1.965105, -0.005416, -6.634449, 6.564943, 0.0
6932.0, 7.874798, -1.973194, -0.005938, -6.989348, 6.917151, 0.0
6932.0, 7.874798, -1.973194, -0.005938, -6.989348, 6.917151, 0.0
6948.0, 7.900077, -1.9813, -0.006493, -6.989348, 6.917151, 0.0
6948.0, 7.900077, -1.9813, -0.006493, -6.989348, 6.917151, 0.0
6964.0, 7.925676, -1.989425, -0.007059, -6.989348, 6.917151, 0.0
6982.0, 7.951632, -1.997574, -0.007619, -6.989348, 6.917151, 0.0
6982.0, 7.951632, -1.997574, -0.007619, -6.989348, 6.917151, 0.0
6998.0, 7.977971, -2.005751, -0.008157, -6.989348, 6.917151, 0.0
6998.0, 7.977971, -2.005751, -0.008157, -6.989348, 6.917151, 0.0
7015.0, 8.004717, -2.013959, -0.008663, -6.989348, 6.917151, 0.0
7030.0, 8.031888, -2.022201, -0.00913, -6.989348, 6.917151, 0.0
7030.0, 8.031888, -2.022201, -0.00913, -6.989348, 6.917151, 0.0
7047.0, 8.059498, -2.030478, -0.009552, -6.989348, 6.917151, 0.0
7047.0, 8.059498, -2.030478, -0.009552, -6.989348, 6.917151, 0.0
7064.0, 8.087558, -2.038794, -0.00993, -6.989348, 6.917151, 0.0
7080.0, 8.116077, -2.04715, -0.010262, -6.989348, 6.917151, 0.0
7080.0, 8.116077, -2.04715, -0.010262, -6.989348, 6.917151, 0.0
7097.0, 8.145062, -2.055547, -0.010551, -6.989348, 6.917151, 0.0
7097.0, 8.145062, -2.055547, -0.010551, -6.989348, 6.917151, 0.0
7115.0, 8.17452, -2.063987, -0.0108, -6.989348, 6.917151, 0.0
7131.0, 8.204459, -2.072471, -0.011014, -6.989348, 6.917151, 0.0
7131.0, 8.204459, -2.072471, -0.011014, -6.989348, 6.917151, 0.0
7148.0, 8.23488, -2.080996, -0.011196, -6.989348, 6.917151, 0.0
7148.0, 8.23488, -2.080996, -0.011196, -6.989348, 6.917151, 0.0
7165.0, 8.265785, -2.089561, -0.011348, -6.989348, 6.917151, 0.0
7182.0, 8.297175, -2.098164, -0.011474, -7.344247, 7.26936, 0.0
7182.0, 8.297175, -2.098164, -0.011474, -7.344247, 7.26936, 0.0
7198.0, 8.329052, -2.106804, -0.011579, -7.344247, 7.26936, 0.0
7198.0, 8.329052, -2.106804, -0.011579, -7.344247, 7.26936, 0.0
7215.0, 8.361419, -2.11548, -0.011666, -7.344247, 7.26936, 0.0
7231.0, 8.394167, -2.124187, -0.011693, -7.344247, 7.26936, 0.0
7231.0, 8.394167, -2.124187, -0.011693, -7.344247, 7.26936, 0.0
7248.0, 8.427174, -2.132923, -0.01163, -7.344247, 7.26936, 0.0
7248.0, 8.427174, -2.132923, -0.01163, -7.344247, 7.26936, 0.0
7264.0, 8.460315, -2.141686, -0.011459, -7.344247, 7.26936, 0.0
7281.0, 8.493475, -2.150476, -0.01118, -7.344247, 7.26936, 0.0
7281.0, 8.493475, -2.150476, -0.01118, -7.344247, 7.26936, 0.0
7298.0, 8.52656, -2.15929, -0.010804, -7.344247, 7.26936, 0.0
7298.0, 8.52656, -2.15929, -0.010804, -7.344247, 7.26936, 0.0
7315.0, 8.559487, -2.168128, -0.010351, -7.344247, 7.26936, 0.0
7332.0, 8.592192, -2.176989, -0.009843, -7.344247, 7.26936, 0.0
7332.0, 8.592192, -2.176989, -0.009843, -7.344247, 7.26936, 0.0
7348.0, 8.624617, -2.185873, -0.009303, -7.344247, 7.26936, 0.0
7348.0, 8.624617, -2.185873, -0.009303, -7.344247, 7.26936, 0.0
7364.0, 8.65672, -2.194779, -0.008753, -7.344247, 7.26936, 0.0
7381.0, 8.688465, -2.203705, -0.008211, -7.344247, 7.26936, 0.0
7381.0, 8.688465, -2.203705, -0.008211, -7.344247, 7.26936, 0.0
7398.0, 8.719825, -2.212649, -0.007692, -7.344247, 7.26936, 0.0
7398.0, 8.719825, -2.212649, -0.007692, -7.344247, 7.26936, 0.0
7415.0, 8.750775, -2.221609, -0.007206, -7.344247, 7.26936, 0.0
7431.0, 8.781301, -2.230581, -0.006762, -7.699147, 7.621569, 0.0
7431.0, 8.781301, -2.230581, -0.006762, -7.699147, 7.621569, 0.0
7448.0, 8.811385, -2.239564, -0.006363, -7.699147, 7.621569, 0.0
7448.0, 8.811385, -2.239564, -0.006363, -7.699147, 7.621569, 0.0
7464.0, 8.841018, -2.248556, -0.006011, -7.699147, 7.621569, 0.0
7482.0, 8.87019, -2.257554, -0.005706, -7.699147, 7.621569, 0.0
7482.0, 8.87019, -2.257554, -0.005706, -7.699147, 7.621569, 0.0
7497.0, 8.898894, -2.266557, -0.005445, -7.699147, 7.621569, 0.0
7497.0, 8.898894, -2.266557, -0.005445, -7.699147, 7.621569, 0.0
7515.0, 8.927126, -2.275565, -0.005225, -7.699147, 7.621569, 0.0
7530.0, 8.95488, -2.284574, -0.005042, -7.699147, 7.621569, 0.0
7530.0, 8.95488, -2.284574, -0.005042, -7.699147, 7.621569, 0.0
7547.0, 8.982152, -2.293583, -0.004892, -7.699147, 7.621569, 0.0
7547.0, 8.982152, -2.293583, -0.004892, -7.699147, 7.621569, 0.0
7564.0, 9.008939, -2.30259, -0.004771, -7.699147, 7.621569, 0.0
7581.0, 9.03524, -2.311595, -0.004674, -7.699147, 7.621569, 0.0
7581.0, 9.03524, -2.311595, -0.004674, -7.699147, 7.621569, 0.0
7598.0, 9.061052, -2.320596, -0.004597, -7.699147, 7.621569, 0.0
7598.0, 9.061052, -2.320596, -0.004597, -7.699147, 7.621569, 0.0
7615.0, 9.086374, -2.329593, -0.004536, -7.699147, 7.621569, 0.0
7631.0, 9.111204, -2.338584, -0.004489, -7.699147, 7.621569, 0.0
7631.0, 9.111204, -2.338584, -0.004489, -7.699147, 7.621569, 0.0
7648.0, 9.135541, -2.347565, -0.004452, -7.699147, 7.621569, 0.0
7648.0, 9.135541, -2.347565, -0.004452, -7.699147, 7.621569, 0.0
7664.0, 9.159384, -2.356536, -0.004423, -7.699147, 7.621569, 0.0
7682.0, 9.182733, -2.365494, -0.0044, -8.054047, 7.973778, 0.0
7682.0, 9.182733, -2.365494, -0.0044, -8.054047, 7.973778, 0.0
7698.0, 9.205585, -2.374438, -0.00438, -8.054047, 7.973778, 0.0
7698.0, 9.205585, -2.374438, -0.00438, -8.054047, 7.973778, 0.0
7715.0, 9.227942, -2.383366, -0.004363, -8.054047, 7.973778, 0.0
7732.0, 9.249908, -2.392285, -0.004391, -8.054047, 7.973778, 0.0
7732.0, 9.249908, -2.392285, -0.004391, -8.054047, 7.973778, 0.0
7749.0, 9.271609, -2.401201, -0.004499, -8.054047, 7.973778, 0.0
7749.0, 9.271609, -2.401201, -0.004499, -8.054047, 7.973778, 0.0
7764.0, 9.293171, -2.41012, -0.004706, -8.054047, 7.973778, 0.0
7780.0, 9.314707, -2.419045, -0.005015, -8.054047, 7.973778, 0.0
7780.0, 9.314707, -2.419045, -0.005015, -8.054047, 7.973778, 0.0
7797.0, 9.336314, -2.427982, -0.005416, -8.054047, 7.973778, 0.0
7797.0, 9.336314, -2.427982, -0.005416, -8.054047, 7.973778, 0.0
7815.0, 9.358073, -2.436932, -0.005891, -8.054047, 7.973778, 0.0
7830.0, 9.38005, -2.445899, -0.006417, -8.054047, 7.973778, 0.0
7830.0, 9.38005, -2.445899, -0.006417, -8.054047, 7.973778, 0.0
7847.0, 9.402298, -2.454889, -0.006975, -8.054047, 7.973778, 0.0
7847.0, 9.402298, -2.454889, -0.006975, -8.054047, 7.973778, 0.0
7864.0, 9.424866, -2.463905, -0.007543, -8.054047, 7.973778, 0.0
7882.0, 9.447787, -2.472951, -0.008106, -8.054047, 7.973778, 0.0
7882.0, 9.447787, -2.472951, -0.008106, -8.054047, 7.973778, 0.0
7898.0, 9.471093, -2.482032, -0.008648, -8.054047, 7.973778, 0.0
7898.0, 9.471093, -2.482032, -0.008648, -8.054047, 7.973778, 0.0
7915.0, 9.494804, -2.49115, -0.009158, -8.054047, 7.973778, 0.0
7932.0, 9.518939, -2.500309, -0.009629, -8.408946, 8.325986, 0.0
7932.0, 9.518939, -2.500309, -0.009629, -8.408946, 8.325986, 0.0
7948.0, 9.543512, -2.50951, -0.010058, -8.408946, 8.325986, 0.0
7948.0, 9.543512, -2.50951, -0.010058, -8.408946, 8.325986, 0.0
7964.0, 9.568535, -2.518755, -0.010441, -8.408946, 8.325986, 0.0
7981.0, 9.594016, -2.528047, -0.010779, -8.408946, 8.325986, 0.0
7981.0, 9.594016, -2.528047, -0.010779, -8.408946, 8.325986, 0.0
7998.0, 9.619962, -2.537388, -0.011074, -8.408946, 8.325986, 0.0
7998.0, 9.619962, -2.537388, -0.011074, -8.408946, 8.325986, 0.0
8015.0, 9.646379, -2.546777, -0.011329, -8.408946, 8.325986, 0.0
8031.0, 9.673273, -2.556216, -0.011547, -8.408946, 8.325986, 0.0
8031.0, 9.673273, -2.556216, -0.011547, -8.408946, 8.325986, 0.0
8047.0, 9.700646, -2.565703, -0.011733, -8.408946, 8.325986, 0.0
8047.0, 9.700646, -2.565703, -0.011733, -8.408946, 8.325986, 0.0
8064.0, 9.728501, -2.575238, -0.01189, -8.408946, 8.325986, 0.0
8081.0, 9.756842, -2.584818, -0.012023, -8.408946, 8.325986, 0.0
8081.0, 9.756842, -2.584818, -0.012023, -8.408946, 8.325986, 0.0
8098.0, 9.785669, -2.594443, -0.012135, -8.408946, 8.325986, 0.0
8098.0, 9.785669, -2.594443, -0.012135, -8.408946, 8.325986, 0.0
8115.0, 9.814986, -2.604113, -0.012229, -8.408946, 8.325986, 0.0
8132.0, 9.844692, -2.613821, -0.012267, -8.408946, 8.325986, 0.0
8132.0, 9.844692, -2.613821, -0.012267, -8.408946, 8.325986, 0.0
8148.0, 9.874658, -2.623563, -0.012214, -8.408946, 8.325986, 0.0
8148.0, 9.874658, -2.623563, -0.012214, -8.408946, 8.325986, 0.0
8164.0, 9.904757, -2.633333, -0.012052, -8.408946, 8.325986, 0.0
8181.0, 9.934876, -2.643127, -0.011779, -8.763845, 8.678194, 0.0
8181.0, 9.934876, -2.643127, -0.011779, -8.763845, 8.678194, 0.0
8198.0, 9.964918, -2.652943, -0.011408, -8.763845, 8.678194, 0.0
8198.0, 9.964918, -2.652943, -0.011408, -8.763845, 8.678194, 0.0
8215.0, 9.994802, -2.662777, -0.010958, -8.763845, 8.678194, 0.0
8232.0, 10.024467, -2.672631, -0.010453, -8.763845, 8.678194, 0.0
8232.0, 10.024467, -2.672631, -0.010453, -8.763845, 8.678194, 0.0
8247.0, 10.053855, -2.6825, -0.009915, -8.763845, 8.678194, 0.0
8247.0, 10.053855, -2.6825, -0.009915, -8.763845, 8.678194, 0.0
8264.0, 10.082919, -2.692382, -0.009365, -8.763845, 8.678194, 0.0
8281.0, 10.111624, -2.702275, -0.008821, -8.763845, 8.678194, 0.0
8281.0, 10.111624, -2.702275, -0.008821, -8.763845, 8.678194, 0.0
8298.0, 10.139941, -2.712176, -0.008298, -8.763845, 8.678194, 0.0
8298.0, 10.139941, -2.712176, -0.008298, -8.763845, 8.678194, 0.0
8315.0, 10.167849, -2.722082, -0.007807, -8.763845, 8.678194, 0.0
8331.0, 10.195323, -2.731989, -0.007355, -8.763845, 8.678194, 0.0
8331.0, 10.195323, -2.731989, -0.007355, -8.763845, 8.678194, 0.0
8348.0, 10.222355, -2.741895, -0.006947, -8.763845, 8.678194, 0.0
8348.0, 10.222355, -2.741895, -0.006947, -8.763845, 8.678194, 0.0
8364.0, 10.248934, -2.751798, -0.006587, -8.763845, 8.678194, 0.0
8382.0, 10.275053, -2.761697, -0.006274, -8.763845, 8.678194, 0.0
8382.0, 10.275053, -2.761697, -0.006274, -8.763845, 8.678194, 0.0
8398.0, 10.300705, -2.771589, -0.006005, -8.763845, 8.678194, 0.0
8398.0, 10.300705, -2.771589, -0.006005, -8.763845, 8.678194, 0.0
8415.0, 10.325885, -2.781474, -0.005777, -8.763845, 8.678194, 0.0
8432.0, 10.350684, -2.79135, -0.005627, -9.118745, 9.030403, 0.0
8432.0, 10.350684, -2.79135, -0.005627, -9.118745, 9.030403, 0.0
8448.0, 10.375233, -2.801221, -0.005589, -9.118745, 9.030403, 0.0
8448.0, 10.375233, -2.801221, -0.005589, -9.118745, 9.030403, 0.0
8464.0, 10.399656, -2.811088, -0.005679, -9.118745, 9.030403, 0.0
8482.0, 10.424068, -2.820952, -0.005897, -9.118745, 9.030403, 0.0
8482.0, 10.424068, -2.820952, -0.005897, -9.118745, 9.030403, 0.0
8498.0, 10.448564, -2.830814, -0.006227, -9.118745, 9.030403, 0.0
8498.0, 10.448564, -2.830814, -0.006227, -9.118745, 9.030403, 0.0
8515.0, 10.473224, -2.840675, -0.006648, -9.118745, 9.030403, 0.0
8531.0, 10.498122, -2.850539, -0.007138, -9.118745, 9.030403, 0.0
8531.0, 10.498122, -2.850539, -0.007138, -9.118745, 9.030403, 0.0
8547.0, 10.523306, -2.860406, -0.007669, -9.118745, 9.030403, 0.0
8547.0, 10.523306, -2.860406, -0.007669, -9.118745, 9.030403, 0.0
8564.0, 10.548817, -2.870277, -0.008217, -9.118745, 9.030403, 0.0
8581.0, 10.574688, -2.880153, -0.00876, -9.118745, 9.030403, 0.0
8581.0, 10.574688, -2.880153, -0.00876, -9.118745, 9.030403, 0.0
8598.0, 10.600945, -2.890038, -0.009284, -9.118745, 9.030403, 0.0
8598.0, 10.600945, -2.890038, -0.009284, -9.118745, 9.030403, 0.0
8615.0, 10.627613, -2.899935, -0.009778, -9.118745, 9.030403, 0.0
8631.0, 10.654708, -2.909845, -0.010232, -9.118745, 9.030403, 0.0
8631.0, 10.654708, -2.909845, -0.010232, -9.118745, 9.030403, 0.0
8648.0, 10.682243, -2.919769, -0.010644, -9.118745, 9.030403, 0.0
8648.0, 10.682243, -2.919769, -0.010644, -9.118745, 9.030403, 0.0
8665.0, 10.710232, -2.929709, -0.01101, -9.118745, 9.030403, 0.0
8681.0, 10.73868, -2.939668, -0.011331, -9.473644, 9.382611, 0.0
8681.0, 10.73868, -2.939668, -0.011331, -9.473644, 9.382611, 0.0
8698.0, 10.767596, -2.949645, -0.011609, -9.473644, 9.382611, 0.0
8698.0, 10.767596, -2.949645, -0.011609, -9.473644, 9.382611, 0.0
8716.0, 10.796987, -2.959642, -0.011846, -9.473644, 9.382611, 0.0
8731.0, 10.82674, -2.969655, -0.012, -9.473644, 9.382611, 0.0
8731.0, 10.82674, -2.969655, -0.012, -9.473644, 9.382611, 0.0
8747.0, 10.856741, -2.979686, -0.012043, -9.473644, 9.382611, 0.0
8747.0, 10.856741, -2.979686, -0.012043, -9.473644, 9.382611, 0.0
8764.0, 10.886868, -2.989738, -0.01196, -9.473644, 9.382611, 0.0
8782.0, 10.917007, -2.99981, -0.011752, -9.473644, 9.382611, 0.0
8782.0, 10.917007, -2.99981, -0.011752, -9.473644, 9.382611, 0.0
8797.0, 10.947066, -3.009905, -0.011434, -9.473644, 9.382611, 0.0
8797.0, 10.947066, -3.009905, -0.011434, -9.473644, 9.382611, 0.0
8815.0, 10.976963, -3.020022, -0.011025, -9.473644, 9.382611, 0.0
8831.0, 11.006644, -3.030167, -0.010556, -9.473644, 9.382611, 0.0
8831.0, 11.006644, -3.030167, -0.010556, -9.473644, 9.382611, 0.0
8848.0, 11.036047, -3.040335, -0.010046, -9.473644, 9.382611, 0.0
8848.0, 11.036047, -3.040335, -0.010046, -9.473644, 9.382611, 0.0
8864.0, 11.065123, -3.050526, -0.009517, -9.473644, 9.382611, 0.0
8882.0, 11.093838, -3.060737, -0.008988, -9.473644, 9.382611, 0.0
8882.0, 11.093838, -3.060737, -0.008988, -9.473644, 9.382611, 0.0
8898.0, 11.122163, -3.070967, -0.008476, -9.473644, 9.382611, 0.0
8898.0, 11.122163, -3.070967, -0.008476, -9.473644, 9.382611, 0.0
8916.0, 11.150075, -3.081214, -0.007994, -9.473644, 9.382611, 0.0
8932.0, 11.177547, -3.091471, -0.007546, -9.828544, 9.73482, 0.0
8932.0, 11.177547, -3.091471, -0.007546, -9.828544, 9.73482, 0.0
8948.0, 11.204574, -3.101739, -0.007142, -9.828544, 9.73482, 0.0
8948.0, 11.204574, -3.101739, -0.007142, -9.828544, 9.73482, 0.0
8964.0, 11.231146, -3.112016, -0.006785, -9.828544, 9.73482, 0.0
8982.0, 11.257258, -3.122302, -0.006477, -9.828544, 9.73482, 0.0
8982.0, 11.257258, -3.122302, -0.006477, -9.828544, 9.73482, 0.0
8997.0, 11.282903, -3.132594, -0.006213, -9.828544, 9.73482, 0.0
8997.0, 11.282903, -3.132594, -0.006213, -9.828544, 9.73482, 0.0
9015.0, 11.308076, -3.142891, -0.005992, -9.828544, 9.73482, 0.0
9030.0, 11.332781, -3.153195, -0.005812, -9.828544, 9.73482, 0.0
9030.0, 11.332781, -3.153195, -0.005812, -9.828544, 9.73482, 0.0
9048.0, 11.357007, -3.1635, -0.005664, -9.828544, 9.73482, 0.0
9048.0, 11.357007, -3.1635, -0.005664, -9.828544, 9.73482, 0.0
9064.0, 11.380751, -3.173804, -0.005543, -9.828544, 9.73482, 0.0
9081.0, 11.404006, -3.184103, -0.005444, -9.828544, 9.73482, 0.0
9081.0, 11.404006, -3.184103, -0.005444, -9.828544, 9.73482, 0.0
9097.0, 11.426771, -3.194396, -0.005363, -9.828544, 9.73482, 0.0
9097.0, 11.426771, -3.194396, -0.005363, -9.828544, 9.73482, 0.0
9115.0, 11.449045, -3.204683, -0.005297, -9.828544, 9.73482, 0.0
9132.0, 11.470929, -3.214967, -0.005285, -9.828544, 9.73482, 0.0
9132.0, 11.470929, -3.214967, -0.005285, -9.828544, 9.73482, 0.0
9148.0, 11.492549, -3.225249, -0.005362, -9.828544, 9.73482, 0.0
9148.0, 11.492549, -3.225249, -0.005362, -9.828544, 9.73482, 0.0
9164.0, 11.514033, -3.235534, -0.005546, -9.828544, 9.73482, 0.0
9182.0, 11.535496, -3.245823, -0.005839, -10.183444, 10.087029, 0.0
9182.0, 11.535496, -3.245823, -0.005839, -10.183444, 10.087029, 0.0
9198.0, 11.557033, -3.256119, -0.006229, -10.183444, 10.087029, 0.0
9198.0, 11.557033, -3.256119, -0.006229, -10.183444, 10.087029, 0.0
9215.0, 11.578726, -3.266422, -0.006697, -10.183444, 10.087029, 0.0
9232.0, 11.600633, -3.276731, -0.007218, -10.183444, 10.087029, 0.0
9232.0, 11.600633, -3.276731, -0.007218, -10.183444, 10.087029, 0.0
9248.0, 11.622815, -3.287051, -0.007771, -10.183444, 10.087029, 0.0
9248.0, 11.622815, -3.287051, -0.007771, -10.183444, 10.087029, 0.0
9264.0, 11.645318, -3.297387, -0.008338, -10.183444, 10.087029, 0.0
9280.0, 11.66818, -3.307742, -0.008899, -10.183444, 10.087029, 0.0
9280.0, 11.66818, -3.307742, -0.008899, -10.183444, 10.087029, 0.0
9297.0, 11.691427, -3.318119, -0.009441, -10.183444, 10.087029, 0.0
9297.0, 11.691427, -3.318119, -0.009441, -10.183444, 10.087029, 0.0
9315.0, 11.715083, -3.32852, -0.009951, -10.183444, 10.087029, 0.0
9331.0, 11.739175, -3.338953, -0.010425, -10.183444, 10.087029, 0.0
9331.0, 11.739175, -3.338953, -0.010425, -10.183444, 10.087029, 0.0
9350.0, 11.76371, -3.349414, -0.010856, -10.183444, 10.087029, 0.0
9350.0, 11.76371, -3.349414, -0.010856, -10.183444, 10.087029, 0.0
9364.0, 11.788696, -3.359906, -0.011238, -10.183444, 10.087029, 0.0
9382.0, 11.814142, -3.370429, -0.011573, -10.183444, 10.087029, 0.0
9382.0, 11.814142, -3.370429, -0.011573, -10.183444, 10.087029, 0.0
9398.0, 11.840054, -3.380984, -0.011863, -10.183444, 10.087029, 0.0
9398.0, 11.840054, -3.380984, -0.011863, -10.183444, 10.087029, 0.0
9416.0, 11.866437, -3.391572, -0.012112, -10.183444, 10.087029, 0.0
9432.0, 11.893286, -3.40219, -0.012318, -10.538343, 10.439238, 0.0
9432.0, 11.893286, -3.40219, -0.012318, -10.538343, 10.439238, 0.0
9449.0, 11.920611, -3.412838, -0.012492, -10.538343, 10.439238, 0.0
9449.0, 11.920611, -3.412838, -0.012492, -10.538343, 10.439238, 0.0
9465.0, 11.948421, -3.423517, -0.012638, -10.538343, 10.439238, 0.0
9481.0, 11.976715, -3.434225, -0.012762, -10.538343, 10.439238, 0.0
9481.0, 11.976715, -3.434225, -0.012762, -10.538343, 10.439238, 0.0
9498.0, 12.0055, -3.444962, -0.012866, -10.538343, 10.439238, 0.0
9498.0, 12.0055, -3.444962, -0.012866, -10.538343, 10.439238, 0.0
9515.0, 12.034775, -3.455726, -0.012953, -10.538343, 10.439238, 0.0
9532.0, 12.064451, -3.46652, -0.012988, -10.538343, 10.439238, 0.0
9532.0, 12.064451, -3.46652, -0.012988, -10.538343, 10.439238, 0.0
9548.0, 12.094394, -3.47734, -0.012932, -10.538343, 10.439238, 0.0
9548.0, 12.094394, -3.47734, -0.012932, -10.538343, 10.439238, 0.0
9564.0, 12.124471, -3.488185, -0.012766, -10.538343, 10.439238, 0.0
9582.0, 12.154568, -3.499054, -0.012488, -10.538343, 10.439238, 0.0
9582.0, 12.154568, -3.499054, -0.012488, -10.538343, 10.439238, 0.0
9598.0, 12.184587, -3.509948, -0.012111, -10.538343, 10.439238, 0.0
9598.0, 12.184587, -3.509948, -0.012111, -10.538343, 10.439238, 0.0
9617.0, 12.214447, -3.520866, -0.011654, -10.538343, 10.439238, 0.0
9632.0, 12.244069, -3.531805, -0.011136, -10.538343, 10.439238, 0.0
9632.0, 12.244069, -3.531805, -0.011136, -10.538343, 10.439238, 0.0
9649.0, 12.273408, -3.542769, -0.010588, -10.538343, 10.439238, 0.0
9649.0, 12.273408, -3.542769, -0.010588, -10.538343, 10.439238, 0.0
9665.0, 12.302423, -3.55376, -0.010031, -10.538343, 10.439238, 0.0
9683.0, 12.331082, -3.564776, -0.009485, -10.893242, 10.791446, 0.0
9683.0, 12.331082, -3.564776, -0.009485, -10.893242, 10.791446, 0.0
9698.0, 12.359355, -3.575816, -0.008964, -10.893242, 10.791446, 0.0
9698.0, 12.359355, -3.575816, -0.008964, -10.893242, 10.791446, 0.0
9715.0, 12.38722, -3.586879, -0.008478, -10.893242, 10.791446, 0.0
9732.0, 12.414671, -3.597966, -0.008039, -10.893242, 10.791446, 0.0
9732.0, 12.414671, -3.597966, -0.008039, -10.893242, 10.791446, 0.0
9748.0, 12.441686, -3.609072, -0.007645, -10.893242, 10.791446, 0.0
9748.0, 12.441686, -3.609072, -0.007645, -10.893242, 10.791446, 0.0
9763.0, 12.468249, -3.620194, -0.007297, -10.893242, 10.791446, 0.0
9781.0, 12.494352, -3.631329, -0.006993, -10.893242, 10.791446, 0.0
9781.0, 12.494352, -3.631329, -0.006993, -10.893242, 10.791446, 0.0
9798.0, 12.519987, -3.642477, -0.006732, -10.893242, 10.791446, 0.0
9798.0, 12.519987, -3.642477, -0.006732, -10.893242, 10.791446, 0.0
9816.0, 12.545148, -3.653636, -0.006511, -10.893242, 10.791446, 0.0
9831.0, 12.56983, -3.664804, -0.006327, -10.893242, 10.791446, 0.0
9831.0, 12.56983, -3.664804, -0.006327, -10.893242, 10.791446, 0.0
9849.0, 12.59403, -3.675979, -0.006174, -10.893242, 10.791446, 0.0
9849.0, 12.59403, -3.675979, -0.006174, -10.893242, 10.791446, 0.0
9864.0, 12.617746, -3.687159, -0.00605, -10.893242, 10.791446, 0.0
9883.0, 12.640975, -3.698342, -0.00595, -10.893242, 10.791446, 0.0
9883.0, 12.640975, -3.698342, -0.00595, -10.893242, 10.791446, 0.0
9899.0, 12.663715, -3.709529, -0.005869, -10.893242, 10.791446, 0.0
9899.0, 12.663715, -3.709529, -0.005869, -10.893242, 10.791446, 0.0
9916.0, 12.685966, -3.720717, -0.005804, -10.893242, 10.791446, 0.0
9933.0, 12.707818, -3.731904, -0.005791, -11.248142, 11.143655, 0.0
9933.0, 12.707818, -3.731904, -0.005791, -11.248142, 11.143655, 0.0
9949.0, 12.729405, -3.743093, -0.005868, -11.248142, 11.143655, 0.0
9949.0, 12.729405, -3.743093, -0.005868, -11.248142, 11.143655, 0.0
9964.0, 12.750858, -3.754287, -0.006053, -11.248142, 11.143655, 0.0
9982.0, 12.772291, -3.765486, -0.006348, -11.248142, 11.143655, 0.0
9982.0, 12.772291, -3.765486, -0.006348, -11.248142, 11.143655, 0.0
9999.0, 12.7938, -3.776691, -0.006741, -11.248142, 11.143655, 0.0
9999.0, 12.7938, -3.776691, -0.006741, -11.248142, 11.143655, 0.0
