2.0, 0.0, 0.0, 0.002231, 1.531093, -3.695369, 0.0
2.0, 0.0, 0.0, 0.002231, 1.531093, -3.695369, 0.0
14.0, -0.000036, -0.000169, -0.004157, 1.531093, -3.695369, 0.0
14.0, -0.000036, -0.000169, -0.004157, 1.531093, -3.695369, 0.0
14.0, -0.000036, -0.000169, -0.004157, 1.531093, -3.695369, 0.0
31.0, 0.000129, -0.000213, -0.008072, 1.531093, -3.695369, 0.0
45.0, 0.000507, -0.000103, -0.009871, 1.531093, -3.695369, 0.0
45.0, 0.000507, -0.000103, -0.009871, 1.531093, -3.695369, 0.0
62.0, 0.000964, 0.000068, -0.010505, 1.531093, -3.695369, 0.0
62.0, 0.000964, 0.000068, -0.010505, 1.531093, -3.695369, 0.0
78.0, 0.001307, 0.00023, -0.010892, 1.531093, -3.695369, 0.0
95.0, 0.001526, 0.000291, -0.010953, 1.531093, -3.695369, 0.0
95.0, 0.001526, 0.000291, -0.010953, 1.531093, -3.695369, 0.0
112.0, 0.001557, 0.000277, -0.010478, 1.531093, -3.695369, 0.0
112.0, 0.001557, 0.000277, -0.010478, 1.531093, -3.695369, 0.0
130.0, 0.001413, 0.000101, -0.0098, 1.531093, -3.695369, 0.0
147.0, 0.00115, 0.000084, -0.009259, 1.531093, -3.695369, 0.0
147.0, 0.00115, 0.000084, -0.009259, 1.531093, -3.695369, 0.0
163.0, 0.00056, 0.000137, -0.008554, 1.531093, -3.695369, 0.0
163.0, 0.00056, 0.000137, -0.008554, 1.531093, -3.695369, 0.0
179.0, -0.000331, 0.00029, -0.007674, 1.531093, -3.695369, 0.0
196.0, -0.001614, 0.000499, -0.00658, 1.531093, -3.695369, 0.0
197.0, -0.001614, 0.000499, -0.00658, 1.531093, -3.695369, 0.0
213.0, -0.00334, 0.000744, -0.005329, 1.531093, -3.695369, 0.0
213.0, -0.00334, 0.000744, -0.005329, 1.531093, -3.695369, 0.0
231.0, -0.005536, 0.001011, -0.003995, 1.531093, -3.695369, 0.0
245.0, -0.008219, 0.001291, -0.002646, 1.186698, -3.353586, 0.0
245.0, -0.008219, 0.001291, -0.002646, 1.186698, -3.353586, 0.0
262.0, -0.011398, 0.001576, -0.001333, 1.186698, -3.353586, 0.0
262.0, -0.011398, 0.001576, -0.001333, 1.186698, -3.353586, 0.0
278.0, -0.015079, 0.001864, -0.000099, 1.186698, -3.353586, 0.0
295.0, -0.019264, 0.00215, 0.00103, 1.186698, -3.353586, 0.0
295.0, -0.019264, 0.00215, 0.00103, 1.186698, -3.353586, 0.0
314.0, -0.023955, 0.002434, 0.002037, 1.186698, -3.353586, 0.0
314.0, -0.023955, 0.002434, 0.002037, 1.186698, -3.353586, 0.0
330.0, -0.029152, 0.002714, 0.002917, 1.186698, -3.353586, 0.0
345.0, -0.034857, 0.002989, 0.003669, 1.186698, -3.353586, 0.0
345.0, -0.034857, 0.002989, 0.003669, 1.186698, -3.353586, 0.0
363.0, -0.041067, 0.003261, 0.004299, 1.186698, -3.353586, 0.0
363.0, -0.041067, 0.003261, 0.004299, 1.186698, -3.353586, 0.0
379.0, -0.047781, 0.003528, 0.004815, 1.186698, -3.353586, 0.0
397.0, -0.054997, 0.003791, 0.00523, 1.186698, -3.353586, 0.0
397.0, -0.054997, 0.003791, 0.00523, 1.186698, -3.353586, 0.0
413.0, -0.062715, 0.00405, 0.005555, 1.186698, -3.353586, 0.0
413.0, -0.062715, 0.00405, 0.005555, 1.186698, -3.353586, 0.0
430.0, -0.070933, 0.004306, 0.005803, 1.186698, -3.353586, 0.0
446.0, -0.079648, 0.004558, 0.005986, 1.186698, -3.353586, 0.0
446.0, -0.079648, 0.004558, 0.005986, 1.186698, -3.353586, 0.0
464.0, -0.08886, 0.00481, 0.006116, 1.186698, -3.353586, 0.0
464.0, -0.08886, 0.00481, 0.006116, 1.186698, -3.353586, 0.0
478.0, -0.098572, 0.005061, 0.006205, 1.186698, -3.353586, 0.0
495.0, -0.108782, 0.005313, 0.006261, 0.831799, -3.001378, 0.0
495.0, -0.108782, 0.005313, 0.006261, 0.831799, -3.001378, 0.0
511.0, -0.119491, 0.005567, 0.006293, 0.831799, -3.001378, 0.0
511.0, -0.119491, 0.005567, 0.006293, 0.831799, -3.001378, 0.0
529.0, -0.130699, 0.005825, 0.006306, 0.831799, -3.001378, 0.0
546.0, -0.142411, 0.006087, 0.006309, 0.831799, -3.001378, 0.0
546.0, -0.142411, 0.006087, 0.006309, 0.831799, -3.001378, 0.0
562.0, -0.154622, 0.006356, 0.006303, 0.831799, -3.001378, 0.0
562.0, -0.154622, 0.006356, 0.006303, 0.831799, -3.001378, 0.0
578.0, -0.167333, 0.006633, 0.006291, 0.831799, -3.001378, 0.0
596.0, -0.180541, 0.006919, 0.006277, 0.831799, -3.001378, 0.0
596.0, -0.180541, 0.006919, 0.006277, 0.831799, -3.001378, 0.0
612.0, -0.194248, 0.007216, 0.006261, 0.831799, -3.001378, 0.0
612.0, -0.194248, 0.007216, 0.006261, 0.831799, -3.001378, 0.0
630.0, -0.208453, 0.007524, 0.006246, 0.831799, -3.001378, 0.0
646.0, -0.22315, 0.007845, 0.006231, 0.831799, -3.001378, 0.0
646.0, -0.22315, 0.007845, 0.006231, 0.831799, -3.001378, 0.0
663.0, -0.238345, 0.008181, 0.006219, 0.831799, -3.001378, 0.0
663.0, -0.238345, 0.008181, 0.006219, 0.831799, -3.001378, 0.0
679.0, -0.254038, 0.008533, 0.00621, 0.831799, -3.001378, 0.0
694.0, -0.27023, 0.008903, 0.006205, 0.831799, -3.001378, 0.0
694.0, -0.27023, 0.008903, 0.006205, 0.831799, -3.001378, 0.0
712.0, -0.286922, 0.00929, 0.006205, 0.831799, -3.001378, 0.0
712.0, -0.286922, 0.00929, 0.006205, 0.831799, -3.001378, 0.0
730.0, -0.304114, 0.009697, 0.006207, 0.831799, -3.001378, 0.0
745.0, -0.321812, 0.010125, 0.006214, 0.476899, -2.649168, 0.0
745.0, -0.321812, 0.010125, 0.006214, 0.476899, -2.649168, 0.0
762.0, -0.340013, 0.010575, 0.006224, 0.476899, -2.649168, 0.0
762.0, -0.340013, 0.010575, 0.006224, 0.476899, -2.649168, 0.0
778.0, -0.358712, 0.011048, 0.006235, 0.476899, -2.649168, 0.0
796.0, -0.377911, 0.011546, 0.006246, 0.476899, -2.649168, 0.0
796.0, -0.377911, 0.011546, 0.006246, 0.476899, -2.649168, 0.0
812.0, -0.397609, 0.01207, 0.006258, 0.476899, -2.649168, 0.0
812.0, -0.397609, 0.01207, 0.006258, 0.476899, -2.649168, 0.0
830.0, -0.417804, 0.01262, 0.00627, 0.476899, -2.649168, 0.0
847.0, -0.438397, 0.013189, 0.006242, 0.476899, -2.649168, 0.0
847.0, -0.438397, 0.013189, 0.006242, 0.476899, -2.649168, 0.0
862.0, -0.459257, 0.013768, 0.006134, 0.476899, -2.649168, 0.0
862.0, -0.459257, 0.013768, 0.006134, 0.476899, -2.649168, 0.0
878.0, -0.480258, 0.014347, 0.005929, 0.476899, -2.649168, 0.0
897.0, -0.501286, 0.014916, 0.005621, 0.476899, -2.649168, 0.0
897.0, -0.501286, 0.014916, 0.005621, 0.476899, -2.649168, 0.0
913.0, -0.522244, 0.015467, 0.005223, 0.476899, -2.649168, 0.0
913.0, -0.522244, 0.015467, 0.005223, 0.476899, -2.649168, 0.0
929.0, -0.543051, 0.015994, 0.00475, 0.476899, -2.649168, 0.0
944.0, -0.563633, 0.01649, 0.004223, 0.476899, -2.649168, 0.0
944.0, -0.563633, 0.01649, 0.004223, 0.476899, -2.649168, 0.0
961.0, -0.583941, 0.01695, 0.003665, 0.476899, -2.649168, 0.0
961.0, -0.583941, 0.01695, 0.003665, 0.476899, -2.649168, 0.0
978.0, -0.603933, 0.01737, 0.003099, 0.476899, -2.649168, 0.0
995.0, -0.623574, 0.017747, 0.002542, 0.122001, -2.296961, 0.0
995.0, -0.623574, 0.017747, 0.002542, 0.122001, -2.296961, 0.0
1011.0, -0.642836, 0.018081, 0.002008, 0.122001, -2.296961, 0.0
1011.0, -0.642836, 0.018081, 0.002008, 0.122001, -2.296961, 0.0
1031.0, -0.661696, 0.01837, 0.001506, 0.122001, -2.296961, 0.0
1045.0, -0.680142, 0.018613, 0.001046, 0.122001, -2.296961, 0.0
1045.0, -0.680142, 0.018613, 0.001046, 0.122001, -2.296961, 0.0
1062.0, -0.698154, 0.018809, 0.000629, 0.122001, -2.296961, 0.0
1062.0, -0.698154, 0.018809, 0.000629, 0.122001, -2.296961, 0.0
1078.0, -0.715718, 0.018955, 0.000255, 0.122001, -2.296961, 0.0
1096.0, -0.732824, 0.01905, -0.000076, 0.122001, -2.296961, 0.0
1096.0, -0.732824, 0.01905, -0.000076, 0.122001, -2.296961, 0.0
1112.0, -0.749464, 0.019095, -0.000366, 0.122001, -2.296961, 0.0
1112.0, -0.749464, 0.019095, -0.000366, 0.122001, -2.296961, 0.0
1130.0, -0.765632, 0.019086, -0.000618, 0.122001, -2.296961, 0.0
1145.0, -0.781318, 0.019024, -0.000838, 0.122001, -2.296961, 0.0
1145.0, -0.781318, 0.019024, -0.000838, 0.122001, -2.296961, 0.0
1162.0, -0.796523, 0.018905, -0.001026, 0.122001, -2.296961, 0.0
1162.0, -0.796523, 0.018905, -0.001026, 0.122001, -2.296961, 0.0
1179.0, -0.811246, 0.018727, -0.001186, 0.122001, -2.296961, 0.0
1195.0, -0.825485, 0.01849, -0.001322, 0.122001, -2.296961, 0.0
1195.0, -0.825485, 0.01849, -0.001322, 0.122001, -2.296961, 0.0
1212.0, -0.839239, 0.01819, -0.001439, 0.122001, -2.296961, 0.0
1212.0, -0.839239, 0.01819, -0.001439, 0.122001, -2.296961, 0.0
1229.0, -0.852507, 0.017827, -0.001541, 0.122001, -2.296961, 0.0
1245.0, -0.865291, 0.017399, -0.001628, -0.232898, -1.944753, 0.0
1245.0, -0.865291, 0.017399, -0.001628, -0.232898, -1.944753, 0.0
1262.0, -0.877588, 0.016903, -0.001707, -0.232898, -1.944753, 0.0
1262.0, -0.877588, 0.016903, -0.001707, -0.232898, -1.944753, 0.0
1279.0, -0.889396, 0.016338, -0.001781, -0.232898, -1.944753, 0.0
1295.0, -0.900712, 0.015702, -0.001852, -0.232898, -1.944753, 0.0
1295.0, -0.900712, 0.015702, -0.001852, -0.232898, -1.944753, 0.0
1312.0, -0.911537, 0.014993, -0.001922, -0.232898, -1.944753, 0.0
1312.0, -0.911537, 0.014993, -0.001922, -0.232898, -1.944753, 0.0
1329.0, -0.92187, 0.014211, -0.001992, -0.232898, -1.944753, 0.0
1347.0, -0.931711, 0.013353, -0.002062, -0.232898, -1.944753, 0.0
1347.0, -0.931711, 0.013353, -0.002062, -0.232898, -1.944753, 0.0
1363.0, -0.941061, 0.012419, -0.002135, -0.232898, -1.944753, 0.0
1363.0, -0.941061, 0.012419, -0.002135, -0.232898, -1.944753, 0.0
1378.0, -0.949918, 0.011406, -0.002211, -0.232898, -1.944753, 0.0
1394.0, -0.958284, 0.010314, -0.002291, -0.232898, -1.944753, 0.0
1394.0, -0.958284, 0.010314, -0.002291, -0.232898, -1.944753, 0.0
1411.0, -0.966159, 0.009142, -0.002375, -0.232898, -1.944753, 0.0
1411.0, -0.966159, 0.009142, -0.002375, -0.232898, -1.944753, 0.0
1429.0, -0.973543, 0.007889, -0.002465, -0.232898, -1.944753, 0.0
1444.0, -0.980434, 0.006555, -0.002563, -0.232898, -1.944753, 0.0
1444.0, -0.980434, 0.006555, -0.002563, -0.232898, -1.944753, 0.0
1461.0, -0.986833, 0.005139, -0.002667, -0.232898, -1.944753, 0.0
1461.0, -0.986833, 0.005139, -0.002667, -0.232898, -1.944753, 0.0
1479.0, -0.992744, 0.003641, -0.00278, -0.232898, -1.944753, 0.0
1496.0, -0.998166, 0.00206, -0.002904, -0.587797, -1.592545, 0.0
1496.0, -0.998166, 0.00206, -0.002904, -0.587797, -1.592545, 0.0
1512.0, -1.003101, 0.000396, -0.003039, -0.587797, -1.592545, 0.0
1512.0, -1.003101, 0.000396, -0.003039, -0.587797, -1.592545, 0.0
1530.0, -1.007551, -0.00135, -0.003187, -0.587797, -1.592545, 0.0
1547.0, -1.01152, -0.003178, -0.003352, -0.587797, -1.592545, 0.0
1547.0, -1.01152, -0.003178, -0.003352, -0.587797, -1.592545, 0.0
1564.0, -1.015006, -0.005087, -0.003535, -0.587797, -1.592545, 0.0
1564.0, -1.015006, -0.005087, -0.003535, -0.587797, -1.592545, 0.0
1578.0, -1.018016, -0.007077, -0.003739, -0.587797, -1.592545, 0.0
1595.0, -1.020551, -0.009145, -0.003963, -0.587797, -1.592545, 0.0
1596.0, -1.020551, -0.009145, -0.003963, -0.587797, -1.592545, 0.0
1612.0, -1.02262, -0.011293, -0.004206, -0.587797, -1.592545, 0.0
1612.0, -1.02262, -0.011293, -0.004206, -0.587797, -1.592545, 0.0
1629.0, -1.024228, -0.013523, -0.004458, -0.587797, -1.592545, 0.0
1644.0, -1.025382, -0.015839, -0.004706, -0.587797, -1.592545, 0.0
1644.0, -1.025382, -0.015839, -0.004706, -0.587797, -1.592545, 0.0
1661.0, -1.026089, -0.01825, -0.004932, -0.587797, -1.592545, 0.0
1661.0, -1.026089, -0.01825, -0.004932, -0.587797, -1.592545, 0.0
1677.0, -1.026348, -0.020769, -0.005124, -0.587797, -1.592545, 0.0
1697.0, -1.026155, -0.02341, -0.005283, -0.587797, -1.592545, 0.0
1697.0, -1.026155, -0.02341, -0.005283, -0.587797, -1.592545, 0.0
1712.0, -1.025498, -0.026183, -0.005421, -0.587797, -1.592545, 0.0
1712.0, -1.025498, -0.026183, -0.005421, -0.587797, -1.592545, 0.0
1728.0, -1.024364, -0.029092, -0.005557, -0.587797, -1.592545, 0.0
1746.0, -1.022739, -0.032139, -0.005707, -0.942701, -1.240332, 0.0
1746.0, -1.022739, -0.032139, -0.005707, -0.942701, -1.240332, 0.0
1762.0, -1.020612, -0.035319, -0.00588, -0.942701, -1.240332, 0.0
1762.0, -1.020612, -0.035319, -0.00588, -0.942701, -1.240332, 0.0
1780.0, -1.017975, -0.038626, -0.006079, -0.942701, -1.240332, 0.0
1795.0, -1.014826, -0.042055, -0.006301, -0.942701, -1.240332, 0.0
1795.0, -1.014826, -0.042055, -0.006301, -0.942701, -1.240332, 0.0
1812.0, -1.01116, -0.045599, -0.00654, -0.942701, -1.240332, 0.0
1812.0, -1.01116, -0.045599, -0.00654, -0.942701, -1.240332, 0.0
1830.0, -1.006979, -0.049255, -0.006788, -0.942701, -1.240332, 0.0
1845.0, -1.002284, -0.053016, -0.007038, -0.942701, -1.240332, 0.0
1845.0, -1.002284, -0.053016, -0.007038, -0.942701, -1.240332, 0.0
1862.0, -0.997077, -0.056882, -0.007284, -0.942701, -1.240332, 0.0
1862.0, -0.997077, -0.056882, -0.007284, -0.942701, -1.240332, 0.0
1879.0, -0.991358, -0.060851, -0.00752, -0.942701, -1.240332, 0.0
1894.0, -0.98513, -0.064922, -0.007743, -0.942701, -1.240332, 0.0
1894.0, -0.98513, -0.064922, -0.007743, -0.942701, -1.240332, 0.0
1911.0, -0.978396, -0.069094, -0.007951, -0.942701, -1.240332, 0.0
1911.0, -0.978396, -0.069094, -0.007951, -0.942701, -1.240332, 0.0
1928.0, -0.971157, -0.073367, -0.008141, -0.942701, -1.240332, 0.0
1947.0, -0.963412, -0.077743, -0.008315, -0.942701, -1.240332, 0.0
1947.0, -0.963412, -0.077743, -0.008315, -0.942701, -1.240332, 0.0
1961.0, -0.955166, -0.082219, -0.008473, -0.942701, -1.240332, 0.0
1961.0, -0.955166, -0.082219, -0.008473, -0.942701, -1.240332, 0.0
1977.0, -0.94642, -0.086797, -0.008614, -0.942701, -1.240332, 0.0
1995.0, -0.937178, -0.091476, -0.00874, -1.2976, -0.888124, 0.0
1995.0, -0.937178, -0.091476, -0.00874, -1.2976, -0.888124, 0.0
2011.0, -0.92744, -0.096257, -0.008853, -1.2976, -0.888124, 0.0
2012.0, -0.92744, -0.096257, -0.008853, -1.2976, -0.888124, 0.0
2030.0, -0.917208, -0.101139, -0.008955, -1.2976, -0.888124, 0.0
2045.0, -0.906483, -0.106123, -0.009048, -1.2976, -0.888124, 0.0
2045.0, -0.906483, -0.106123, -0.009048, -1.2976, -0.888124, 0.0
2062.0, -0.895265, -0.111209, -0.009134, -1.2976, -0.888124, 0.0
2062.0, -0.895265, -0.111209, -0.009134, -1.2976, -0.888124, 0.0
2078.0, -0.883555, -0.116398, -0.009213, -1.2976, -0.888124, 0.0
2096.0, -0.871354, -0.12169, -0.009288, -1.2976, -0.888124, 0.0
2096.0, -0.871354, -0.12169, -0.009288, -1.2976, -0.888124, 0.0
2114.0, -0.858661, -0.127085, -0.009359, -1.2976, -0.888124, 0.0
2114.0, -0.858661, -0.127085, -0.009359, -1.2976, -0.888124, 0.0
2130.0, -0.845479, -0.132582, -0.009429, -1.2976, -0.888124, 0.0
2145.0, -0.831811, -0.138181, -0.009494, -1.2976, -0.888124, 0.0
2145.0, -0.831811, -0.138181, -0.009494, -1.2976, -0.888124, 0.0
2161.0, -0.817654, -0.143881, -0.009559, -1.2976, -0.888124, 0.0
2161.0, -0.817654, -0.143881, -0.009559, -1.2976, -0.888124, 0.0
2178.0, -0.803008, -0.149684, -0.009624, -1.2976, -0.888124, 0.0
2194.0, -0.78787, -0.15559, -0.00969, -1.2976, -0.888124, 0.0
2194.0, -0.78787, -0.15559, -0.00969, -1.2976, -0.888124, 0.0
2211.0, -0.772243, -0.161599, -0.009756, -1.2976, -0.888124, 0.0
2211.0, -0.772243, -0.161599, -0.009756, -1.2976, -0.888124, 0.0
2229.0, -0.756125, -0.16771, -0.009823, -1.2976, -0.888124, 0.0
2245.0, -0.739509, -0.173925, -0.009893, -1.6525, -0.535915, 0.0
2245.0, -0.739509, -0.173925, -0.009893, -1.6525, -0.535915, 0.0
2263.0, -0.722402, -0.180243, -0.009963, -1.6525, -0.535915, 0.0
2263.0, -0.722402, -0.180243, -0.009963, -1.6525, -0.535915, 0.0
2281.0, -0.704803, -0.186662, -0.010032, -1.6525, -0.535915, 0.0
2295.0, -0.686715, -0.193181, -0.0101, -1.6525, -0.535915, 0.0
2295.0, -0.686715, -0.193181, -0.0101, -1.6525, -0.535915, 0.0
2312.0, -0.668138, -0.1998, -0.010167, -1.6525, -0.535915, 0.0
2312.0, -0.668138, -0.1998, -0.010167, -1.6525, -0.535915, 0.0
2330.0, -0.64907, -0.206519, -0.010233, -1.6525, -0.535915, 0.0
2347.0, -0.629521, -0.213334, -0.010297, -1.6525, -0.535915, 0.0
2347.0, -0.629521, -0.213334, -0.010297, -1.6525, -0.535915, 0.0
2362.0, -0.609484, -0.220246, -0.01036, -1.6525, -0.535915, 0.0
2362.0, -0.609484, -0.220246, -0.01036, -1.6525, -0.535915, 0.0
2378.0, -0.588957, -0.227256, -0.010425, -1.6525, -0.535915, 0.0
2394.0, -0.56794, -0.234362, -0.010491, -1.6525, -0.535915, 0.0
2394.0, -0.56794, -0.234362, -0.010491, -1.6525, -0.535915, 0.0
2411.0, -0.54643, -0.241566, -0.010558, -1.6525, -0.535915, 0.0
2411.0, -0.54643, -0.241566, -0.010558, -1.6525, -0.535915, 0.0
2428.0, -0.52443, -0.248866, -0.010625, -1.6525, -0.535915, 0.0
2445.0, -0.501928, -0.256263, -0.010696, -1.6525, -0.535915, 0.0
2445.0, -0.501928, -0.256263, -0.010696, -1.6525, -0.535915, 0.0
2462.0, -0.478932, -0.263756, -0.010767, -1.6525, -0.535915, 0.0
2462.0, -0.478932, -0.263756, -0.010767, -1.6525, -0.535915, 0.0
2478.0, -0.455445, -0.271341, -0.010836, -1.6525, -0.535915, 0.0
2495.0, -0.431466, -0.279018, -0.010903, -2.007399, -0.183706, 0.0
2495.0, -0.431466, -0.279018, -0.010903, -2.007399, -0.183706, 0.0
2512.0, -0.406997, -0.286786, -0.010968, -2.007399, -0.183706, 0.0
2512.0, -0.406997, -0.286786, -0.010968, -2.007399, -0.183706, 0.0
2529.0, -0.382036, -0.294644, -0.011031, -2.007399, -0.183706, 0.0
2545.0, -0.356585, -0.302591, -0.011094, -2.007399, -0.183706, 0.0
2545.0, -0.356585, -0.302591, -0.011094, -2.007399, -0.183706, 0.0
2562.0, -0.330642, -0.310626, -0.011156, -2.007399, -0.183706, 0.0
2562.0, -0.330642, -0.310626, -0.011156, -2.007399, -0.183706, 0.0
2579.0, -0.304207, -0.318747, -0.011218, -2.007399, -0.183706, 0.0
2595.0, -0.277281, -0.326953, -0.011278, -2.007399, -0.183706, 0.0
2595.0, -0.277281, -0.326953, -0.011278, -2.007399, -0.183706, 0.0
2612.0, -0.249862, -0.335244, -0.011339, -2.007399, -0.183706, 0.0
2612.0, -0.249862, -0.335244, -0.011339, -2.007399, -0.183706, 0.0
2629.0, -0.22195, -0.343618, -0.011399, -2.007399, -0.183706, 0.0
2645.0, -0.193557, -0.352071, -0.011454, -2.007399, -0.183706, 0.0
2645.0, -0.193557, -0.352071, -0.011454, -2.007399, -0.183706, 0.0
2662.0, -0.164674, -0.360603, -0.01151, -2.007399, -0.183706, 0.0
2662.0, -0.164674, -0.360603, -0.01151, -2.007399, -0.183706, 0.0
2679.0, -0.135297, -0.369215, -0.011567, -2.007399, -0.183706, 0.0
2695.0, -0.105425, -0.377903, -0.011625, -2.007399, -0.183706, 0.0
2695.0, -0.105425, -0.377903, -0.011625, -2.007399, -0.183706, 0.0
2712.0, -0.075058, -0.386669, -0.011684, -2.007399, -0.183706, 0.0
2712.0, -0.075058, -0.386669, -0.011684, -2.007399, -0.183706, 0.0
2729.0, -0.044195, -0.39551, -0.011744, -2.007399, -0.183706, 0.0
2746.0, -0.012824, -0.404427, -0.011807, -2.362298, 0.168501, 0.0
2746.0, -0.012824, -0.404427, -0.011807, -2.362298, 0.168501, 0.0
2762.0, 0.019047, -0.413418, -0.01187, -2.362298, 0.168501, 0.0
2762.0, 0.019047, -0.413418, -0.01187, -2.362298, 0.168501, 0.0
2777.0, 0.051413, -0.422477, -0.011929, -2.362298, 0.168501, 0.0
2794.0, 0.084274, -0.431604, -0.011985, -2.362298, 0.168501, 0.0
2794.0, 0.084274, -0.431604, -0.011985, -2.362298, 0.168501, 0.0
2812.0, 0.117629, -0.440797, -0.012038, -2.362298, 0.168501, 0.0
2812.0, 0.117629, -0.440797, -0.012038, -2.362298, 0.168501, 0.0
2829.0, 0.151479, -0.450054, -0.012089, -2.362298, 0.168501, 0.0
2845.0, 0.18581, -0.459371, -0.012132, -2.362298, 0.168501, 0.0
2845.0, 0.18581, -0.459371, -0.012132, -2.362298, 0.168501, 0.0
2861.0, 0.220632, -0.468747, -0.012175, -2.362298, 0.168501, 0.0
2861.0, 0.220632, -0.468747, -0.012175, -2.362298, 0.168501, 0.0
2878.0, 0.25595, -0.478181, -0.012219, -2.362298, 0.168501, 0.0
2895.0, 0.291765, -0.487672, -0.012264, -2.362298, 0.168501, 0.0
2895.0, 0.291765, -0.487672, -0.012264, -2.362298, 0.168501, 0.0
2912.0, 0.328078, -0.497219, -0.01231, -2.362298, 0.168501, 0.0
2912.0, 0.328078, -0.497219, -0.01231, -2.362298, 0.168501, 0.0
2928.0, 0.36489, -0.50682, -0.012357, -2.362298, 0.168501, 0.0
2945.0, 0.402113, -0.51647, -0.012366, -2.362298, 0.168501, 0.0
2945.0, 0.402113, -0.51647, -0.012366, -2.362298, 0.168501, 0.0
2962.0, 0.439606, -0.526157, -0.012294, -2.362298, 0.168501, 0.0
2962.0, 0.439606, -0.526157, -0.012294, -2.362298, 0.168501, 0.0
2978.0, 0.477239, -0.535873, -0.012118, -2.362298, 0.168501, 0.0
2995.0, 0.514895, -0.545611, -0.011835, -2.717196, 0.520709, 0.0
2995.0, 0.514895, -0.545611, -0.011835, -2.717196, 0.520709, 0.0
3012.0, 0.552476, -0.555364, -0.011455, -2.717196, 0.520709, 0.0
3012.0, 0.552476, -0.555364, -0.011455, -2.717196, 0.520709, 0.0
3030.0, 0.589901, -0.56513, -0.010997, -2.717196, 0.520709, 0.0
3045.0, 0.627102, -0.574905, -0.010483, -2.717196, 0.520709, 0.0
3045.0, 0.627102, -0.574905, -0.010483, -2.717196, 0.520709, 0.0
3062.0, 0.664025, -0.584685, -0.009937, -2.717196, 0.520709, 0.0
3062.0, 0.664025, -0.584685, -0.009937, -2.717196, 0.520709, 0.0
3078.0, 0.700625, -0.594467, -0.009379, -2.717196, 0.520709, 0.0
3095.0, 0.736868, -0.604248, -0.008828, -2.717196, 0.520709, 0.0
3095.0, 0.736868, -0.604248, -0.008828, -2.717196, 0.520709, 0.0
3112.0, 0.772724, -0.614022, -0.008298, -2.717196, 0.520709, 0.0
3112.0, 0.772724, -0.614022, -0.008298, -2.717196, 0.520709, 0.0
3130.0, 0.808172, -0.623787, -0.007802, -2.717196, 0.520709, 0.0
3145.0, 0.843181, -0.633535, -0.00734, -2.717196, 0.520709, 0.0
3145.0, 0.843181, -0.633535, -0.00734, -2.717196, 0.520709, 0.0
3162.0, 0.877746, -0.643265, -0.006923, -2.717196, 0.520709, 0.0
3162.0, 0.877746, -0.643265, -0.006923, -2.717196, 0.520709, 0.0
3179.0, 0.91186, -0.652976, -0.006554, -2.717196, 0.520709, 0.0
3195.0, 0.945516, -0.662666, -0.006234, -2.717196, 0.520709, 0.0
3195.0, 0.945516, -0.662666, -0.006234, -2.717196, 0.520709, 0.0
3212.0, 0.978707, -0.672332, -0.005958, -2.717196, 0.520709, 0.0
3212.0, 0.978707, -0.672332, -0.005958, -2.717196, 0.520709, 0.0
3229.0, 1.011427, -0.681973, -0.005725, -2.717196, 0.520709, 0.0
3245.0, 1.043685, -0.691591, -0.005533, -3.072095, 0.872917, 0.0
3245.0, 1.043685, -0.691591, -0.005533, -3.072095, 0.872917, 0.0
3262.0, 1.075467, -0.701181, -0.005374, -3.072095, 0.872917, 0.0
3262.0, 1.075467, -0.701181, -0.005374, -3.072095, 0.872917, 0.0
3278.0, 1.106765, -0.710743, -0.005241, -3.072095, 0.872917, 0.0
3295.0, 1.137577, -0.720273, -0.005129, -3.072095, 0.872917, 0.0
3295.0, 1.137577, -0.720273, -0.005129, -3.072095, 0.872917, 0.0
3312.0, 1.1679, -0.729773, -0.005035, -3.072095, 0.872917, 0.0
3312.0, 1.1679, -0.729773, -0.005035, -3.072095, 0.872917, 0.0
3330.0, 1.197731, -0.739241, -0.004957, -3.072095, 0.872917, 0.0
3346.0, 1.227059, -0.748674, -0.004886, -3.072095, 0.872917, 0.0
3346.0, 1.227059, -0.748674, -0.004886, -3.072095, 0.872917, 0.0
3363.0, 1.255891, -0.758074, -0.004827, -3.072095, 0.872917, 0.0
3363.0, 1.255891, -0.758074, -0.004827, -3.072095, 0.872917, 0.0
3378.0, 1.284229, -0.76744, -0.004778, -3.072095, 0.872917, 0.0
3395.0, 1.312074, -0.776772, -0.004737, -3.072095, 0.872917, 0.0
3395.0, 1.312074, -0.776772, -0.004737, -3.072095, 0.872917, 0.0
3412.0, 1.339426, -0.786071, -0.004702, -3.072095, 0.872917, 0.0
3412.0, 1.339426, -0.786071, -0.004702, -3.072095, 0.872917, 0.0
3429.0, 1.366283, -0.795335, -0.004672, -3.072095, 0.872917, 0.0
3444.0, 1.392757, -0.804577, -0.004692, -3.072095, 0.872917, 0.0
3444.0, 1.392757, -0.804577, -0.004692, -3.072095, 0.872917, 0.0
3460.0, 1.41897, -0.813801, -0.004792, -3.072095, 0.872917, 0.0
3460.0, 1.41897, -0.813801, -0.004792, -3.072095, 0.872917, 0.0
3477.0, 1.445046, -0.823018, -0.004992, -3.072095, 0.872917, 0.0
3495.0, 1.471095, -0.832232, -0.005293, -3.426995, 1.225126, 0.0
3495.0, 1.471095, -0.832232, -0.005293, -3.426995, 1.225126, 0.0
3512.0, 1.497216, -0.841451, -0.005687, -3.426995, 1.225126, 0.0
3512.0, 1.497216, -0.841451, -0.005687, -3.426995, 1.225126, 0.0
3528.0, 1.523491, -0.850678, -0.006155, -3.426995, 1.225126, 0.0
3545.0, 1.549975, -0.859915, -0.006673, -3.426995, 1.225126, 0.0
3545.0, 1.549975, -0.859915, -0.006673, -3.426995, 1.225126, 0.0
3561.0, 1.57673, -0.86917, -0.007223, -3.426995, 1.225126, 0.0
3561.0, 1.57673, -0.86917, -0.007223, -3.426995, 1.225126, 0.0
3578.0, 1.603805, -0.878449, -0.007785, -3.426995, 1.225126, 0.0
3595.0, 1.631234, -0.887754, -0.008342, -3.426995, 1.225126, 0.0
3595.0, 1.631234, -0.887754, -0.008342, -3.426995, 1.225126, 0.0
3612.0, 1.659049, -0.897092, -0.008881, -3.426995, 1.225126, 0.0
3612.0, 1.659049, -0.897092, -0.008881, -3.426995, 1.225126, 0.0
3628.0, 1.68727, -0.906466, -0.009388, -3.426995, 1.225126, 0.0
3645.0, 1.715926, -0.915881, -0.009861, -3.426995, 1.225126, 0.0
3645.0, 1.715926, -0.915881, -0.009861, -3.426995, 1.225126, 0.0
3661.0, 1.745025, -0.925339, -0.010291, -3.426995, 1.225126, 0.0
3661.0, 1.745025, -0.925339, -0.010291, -3.426995, 1.225126, 0.0
3677.0, 1.774574, -0.93484, -0.010675, -3.426995, 1.225126, 0.0
3695.0, 1.804581, -0.944387, -0.011011, -3.426995, 1.225126, 0.0
3695.0, 1.804581, -0.944387, -0.011011, -3.426995, 1.225126, 0.0
3712.0, 1.835051, -0.953981, -0.011303, -3.426995, 1.225126, 0.0
3712.0, 1.835051, -0.953981, -0.011303, -3.426995, 1.225126, 0.0
3729.0, 1.865992, -0.963625, -0.011554, -3.426995, 1.225126, 0.0
3745.0, 1.897305, -0.97331, -0.011726, -3.781894, 1.577334, 0.0
3745.0, 1.897305, -0.97331, -0.011726, -3.781894, 1.577334, 0.0
3762.0, 1.928866, -0.983028, -0.011786, -3.781894, 1.577334, 0.0
3762.0, 1.928866, -0.983028, -0.011786, -3.781894, 1.577334, 0.0
3778.0, 1.96055, -0.992772, -0.011717, -3.781894, 1.577334, 0.0
3795.0, 1.992244, -1.002534, -0.01152, -3.781894, 1.577334, 0.0
3795.0, 1.992244, -1.002534, -0.01152, -3.781894, 1.577334, 0.0
3813.0, 2.023854, -1.012308, -0.01121, -3.781894, 1.577334, 0.0
3813.0, 2.023854, -1.012308, -0.01121, -3.781894, 1.577334, 0.0
3829.0, 2.0553, -1.02209, -0.010807, -3.781894, 1.577334, 0.0
3845.0, 2.086505, -1.031872, -0.010331, -3.781894, 1.577334, 0.0
3845.0, 2.086505, -1.031872, -0.010331, -3.781894, 1.577334, 0.0
3862.0, 2.117423, -1.041651, -0.009813, -3.781894, 1.577334, 0.0
3862.0, 2.117423, -1.041651, -0.009813, -3.781894, 1.577334, 0.0
3878.0, 2.148015, -1.051426, -0.009278, -3.781894, 1.577334, 0.0
3896.0, 2.178247, -1.061192, -0.008745, -3.781894, 1.577334, 0.0
3896.0, 2.178247, -1.061192, -0.008745, -3.781894, 1.577334, 0.0
3913.0, 2.208093, -1.070944, -0.008229, -3.781894, 1.577334, 0.0
3914.0, 2.208093, -1.070944, -0.008229, -3.781894, 1.577334, 0.0
3928.0, 2.23753, -1.08068, -0.007743, -3.781894, 1.577334, 0.0
3944.0, 2.266553, -1.090397, -0.007298, -3.781894, 1.577334, 0.0
3944.0, 2.266553, -1.090397, -0.007298, -3.781894, 1.577334, 0.0
3962.0, 2.295138, -1.100089, -0.006894, -3.781894, 1.577334, 0.0
3962.0, 2.295138, -1.100089, -0.006894, -3.781894, 1.577334, 0.0
3978.0, 2.323271, -1.109751, -0.006532, -3.781894, 1.577334, 0.0
3995.0, 2.350943, -1.119381, -0.006212, -4.136793, 1.929542, 0.0
3995.0, 2.350943, -1.119381, -0.006212, -4.136793, 1.929542, 0.0
4012.0, 2.378146, -1.128974, -0.005931, -4.136793, 1.929542, 0.0
4012.0, 2.378146, -1.128974, -0.005931, -4.136793, 1.929542, 0.0
4032.0, 2.404876, -1.13853, -0.005689, -4.136793, 1.929542, 0.0
4046.0, 2.431218, -1.148052, -0.005521, -4.136793, 1.929542, 0.0
4046.0, 2.431218, -1.148052, -0.005521, -4.136793, 1.929542, 0.0
4062.0, 2.457307, -1.15755, -0.005463, -4.136793, 1.929542, 0.0
4062.0, 2.457307, -1.15755, -0.005463, -4.136793, 1.929542, 0.0
4078.0, 2.48327, -1.167035, -0.005536, -4.136793, 1.929542, 0.0
4095.0, 2.50922, -1.176515, -0.005737, -4.136793, 1.929542, 0.0
4095.0, 2.50922, -1.176515, -0.005737, -4.136793, 1.929542, 0.0
4111.0, 2.535253, -1.185995, -0.006053, -4.136793, 1.929542, 0.0
4111.0, 2.535253, -1.185995, -0.006053, -4.136793, 1.929542, 0.0
4129.0, 2.56145, -1.195481, -0.006463, -4.136793, 1.929542, 0.0
4145.0, 2.587885, -1.204982, -0.006946, -4.136793, 1.929542, 0.0
4145.0, 2.587885, -1.204982, -0.006946, -4.136793, 1.929542, 0.0
4161.0, 2.614606, -1.214499, -0.007471, -4.136793, 1.929542, 0.0
4161.0, 2.614606, -1.214499, -0.007471, -4.136793, 1.929542, 0.0
4178.0, 2.641652, -1.224036, -0.008015, -4.136793, 1.929542, 0.0
4195.0, 2.669056, -1.233597, -0.008558, -4.136793, 1.929542, 0.0
4195.0, 2.669056, -1.233597, -0.008558, -4.136793, 1.929542, 0.0
4212.0, 2.696847, -1.243186, -0.009083, -4.136793, 1.929542, 0.0
4212.0, 2.696847, -1.243186, -0.009083, -4.136793, 1.929542, 0.0
4229.0, 2.725045, -1.252808, -0.009579, -4.136793, 1.929542, 0.0
4246.0, 2.753669, -1.262466, -0.010039, -4.491692, 2.28175, 0.0
4246.0, 2.753669, -1.262466, -0.010039, -4.491692, 2.28175, 0.0
4262.0, 2.782732, -1.272162, -0.010457, -4.491692, 2.28175, 0.0
4262.0, 2.782732, -1.272162, -0.010457, -4.491692, 2.28175, 0.0
4278.0, 2.812246, -1.2819, -0.010831, -4.491692, 2.28175, 0.0
4295.0, 2.842219, -1.291681, -0.011162, -4.491692, 2.28175, 0.0
4295.0, 2.842219, -1.291681, -0.011162, -4.491692, 2.28175, 0.0
4312.0, 2.872658, -1.301509, -0.011451, -4.491692, 2.28175, 0.0
4312.0, 2.872658, -1.301509, -0.011451, -4.491692, 2.28175, 0.0
4329.0, 2.90357, -1.311384, -0.0117, -4.491692, 2.28175, 0.0
4346.0, 2.934843, -1.321296, -0.011867, -4.491692, 2.28175, 0.0
4346.0, 2.934843, -1.321296, -0.011867, -4.491692, 2.28175, 0.0
4361.0, 2.966362, -1.33124, -0.011923, -4.491692, 2.28175, 0.0
4361.0, 2.966362, -1.33124, -0.011923, -4.491692, 2.28175, 0.0
4377.0, 2.998005, -1.341209, -0.011853, -4.491692, 2.28175, 0.0
4394.0, 3.029661, -1.351198, -0.011657, -4.491692, 2.28175, 0.0
4394.0, 3.029661, -1.351198, -0.011657, -4.491692, 2.28175, 0.0
4411.0, 3.061236, -1.361202, -0.011349, -4.491692, 2.28175, 0.0
4411.0, 3.061236, -1.361202, -0.011349, -4.491692, 2.28175, 0.0
4429.0, 3.09265, -1.371215, -0.010949, -4.491692, 2.28175, 0.0
4445.0, 3.123847, -1.381237, -0.010487, -4.491692, 2.28175, 0.0
4445.0, 3.123847, -1.381237, -0.010487, -4.491692, 2.28175, 0.0
4462.0, 3.154767, -1.391263, -0.00998, -4.491692, 2.28175, 0.0
4462.0, 3.154767, -1.391263, -0.00998, -4.491692, 2.28175, 0.0
4478.0, 3.18536, -1.401287, -0.009452, -4.491692, 2.28175, 0.0
4495.0, 3.215592, -1.411304, -0.008922, -4.846591, 2.633958, 0.0
4495.0, 3.215592, -1.411304, -0.008922, -4.846591, 2.633958, 0.0
4512.0, 3.245435, -1.421311, -0.008405, -4.846591, 2.633958, 0.0
4512.0, 3.245435, -1.421311, -0.008405, -4.846591, 2.633958, 0.0
4529.0, 3.274865, -1.431302, -0.007916, -4.846591, 2.633958, 0.0
4545.0, 3.303855, -1.441272, -0.007458, -4.846591, 2.633958, 0.0
4545.0, 3.303855, -1.441272, -0.007458, -4.846591, 2.633958, 0.0
4562.0, 3.332399, -1.451218, -0.007042, -4.846591, 2.633958, 0.0
4562.0, 3.332399, -1.451218, -0.007042, -4.846591, 2.633958, 0.0
4578.0, 3.360491, -1.461138, -0.006672, -4.846591, 2.633958, 0.0
4596.0, 3.388122, -1.47103, -0.006348, -4.846591, 2.633958, 0.0
4596.0, 3.388122, -1.47103, -0.006348, -4.846591, 2.633958, 0.0
4610.0, 3.415287, -1.480892, -0.006069, -4.846591, 2.633958, 0.0
4610.0, 3.415287, -1.480892, -0.006069, -4.846591, 2.633958, 0.0
4628.0, 3.441979, -1.490721, -0.00583, -4.846591, 2.633958, 0.0
4645.0, 3.468308, -1.500527, -0.005674, -4.846591, 2.633958, 0.0
4645.0, 3.468308, -1.500527, -0.005674, -4.846591, 2.633958, 0.0
4661.0, 3.49439, -1.510315, -0.005629, -4.846591, 2.633958, 0.0
4661.0, 3.49439, -1.510315, -0.005629, -4.846591, 2.633958, 0.0
4678.0, 3.520347, -1.520092, -0.005711, -4.846591, 2.633958, 0.0
4695.0, 3.54629, -1.529863, -0.005918, -4.846591, 2.633958, 0.0
4695.0, 3.54629, -1.529863, -0.005918, -4.846591, 2.633958, 0.0
4712.0, 3.572314, -1.539633, -0.006237, -4.846591, 2.633958, 0.0
4712.0, 3.572314, -1.539633, -0.006237, -4.846591, 2.633958, 0.0
4728.0, 3.5985, -1.549407, -0.006648, -4.846591, 2.633958, 0.0
4745.0, 3.624902, -1.559187, -0.007121, -5.201491, 2.986167, 0.0
4745.0, 3.624902, -1.559187, -0.007121, -5.201491, 2.986167, 0.0
4762.0, 3.651582, -1.568978, -0.007637, -5.201491, 2.986167, 0.0
4762.0, 3.651582, -1.568978, -0.007637, -5.201491, 2.986167, 0.0
4778.0, 3.678587, -1.578788, -0.008174, -5.201491, 2.986167, 0.0
4796.0, 3.705951, -1.58862, -0.008714, -5.201491, 2.986167, 0.0
4796.0, 3.705951, -1.58862, -0.008714, -5.201491, 2.986167, 0.0
4811.0, 3.733704, -1.598478, -0.009239, -5.201491, 2.986167, 0.0
4811.0, 3.733704, -1.598478, -0.009239, -5.201491, 2.986167, 0.0
4828.0, 3.761867, -1.608368, -0.009737, -5.201491, 2.986167, 0.0
4845.0, 3.790469, -1.618294, -0.010204, -5.201491, 2.986167, 0.0
4845.0, 3.790469, -1.618294, -0.010204, -5.201491, 2.986167, 0.0
4862.0, 3.819515, -1.628258, -0.010629, -5.201491, 2.986167, 0.0
4862.0, 3.819515, -1.628258, -0.010629, -5.201491, 2.986167, 0.0
4878.0, 3.849014, -1.63826, -0.011008, -5.201491, 2.986167, 0.0
4895.0, 3.878973, -1.648302, -0.011342, -5.201491, 2.986167, 0.0
4895.0, 3.878973, -1.648302, -0.011342, -5.201491, 2.986167, 0.0
4912.0, 3.909397, -1.658386, -0.011631, -5.201491, 2.986167, 0.0
4912.0, 3.909397, -1.658386, -0.011631, -5.201491, 2.986167, 0.0
4929.0, 3.940293, -1.668514, -0.011879, -5.201491, 2.986167, 0.0
4945.0, 3.971562, -1.67868, -0.012049, -5.201491, 2.986167, 0.0
4945.0, 3.971562, -1.67868, -0.012049, -5.201491, 2.986167, 0.0
4962.0, 4.00308, -1.688877, -0.012106, -5.201491, 2.986167, 0.0
4962.0, 4.00308, -1.688877, -0.012106, -5.201491, 2.986167, 0.0
4978.0, 4.034721, -1.699098, -0.012035, -5.201491, 2.986167, 0.0
4995.0, 4.066374, -1.70934, -0.011836, -5.556391, 3.338376, 0.0
4995.0, 4.066374, -1.70934, -0.011836, -5.556391, 3.338376, 0.0
5012.0, 4.097943, -1.719597, -0.011523, -5.556391, 3.338376, 0.0
5012.0, 4.097943, -1.719597, -0.011523, -5.556391, 3.338376, 0.0
5029.0, 4.129347, -1.729866, -0.011118, -5.556391, 3.338376, 0.0
5046.0, 4.16051, -1.74014, -0.010641, -5.556391, 3.338376, 0.0
5046.0, 4.16051, -1.74014, -0.010641, -5.556391, 3.338376, 0.0
5060.0, 4.191385, -1.750418, -0.010122, -5.556391, 3.338376, 0.0
5061.0, 4.191385, -1.750418, -0.010122, -5.556391, 3.338376, 0.0
5077.0, 4.221934, -1.760699, -0.009586, -5.556391, 3.338376, 0.0
5094.0, 4.252123, -1.770979, -0.009053, -5.556391, 3.338376, 0.0
5094.0, 4.252123, -1.770979, -0.009053, -5.556391, 3.338376, 0.0
5111.0, 4.281925, -1.781255, -0.008539, -5.556391, 3.338376, 0.0
5111.0, 4.281925, -1.781255, -0.008539, -5.556391, 3.338376, 0.0
5128.0, 4.311318, -1.791524, -0.008054, -5.556391, 3.338376, 0.0
5145.0, 4.340296, -1.801784, -0.007612, -5.556391, 3.338376, 0.0
5145.0, 4.340296, -1.801784, -0.007612, -5.556391, 3.338376, 0.0
5162.0, 4.368835, -1.812029, -0.007211, -5.556391, 3.338376, 0.0
5162.0, 4.368835, -1.812029, -0.007211, -5.556391, 3.338376, 0.0
5178.0, 4.396923, -1.822256, -0.006852, -5.556391, 3.338376, 0.0
5195.0, 4.424548, -1.83246, -0.006535, -5.556391, 3.338376, 0.0
5195.0, 4.424548, -1.83246, -0.006535, -5.556391, 3.338376, 0.0
5212.0, 4.451705, -1.842639, -0.00626, -5.556391, 3.338376, 0.0
5212.0, 4.451705, -1.842639, -0.00626, -5.556391, 3.338376, 0.0
5228.0, 4.478386, -1.852791, -0.006023, -5.556391, 3.338376, 0.0
5245.0, 4.50468, -1.862918, -0.005859, -5.911291, 3.690585, 0.0
5245.0, 4.50468, -1.862918, -0.005859, -5.911291, 3.690585, 0.0
5262.0, 4.530721, -1.873028, -0.005807, -5.911291, 3.690585, 0.0
5262.0, 4.530721, -1.873028, -0.005807, -5.911291, 3.690585, 0.0
5279.0, 4.556635, -1.883128, -0.005884, -5.911291, 3.690585, 0.0
5294.0, 4.582537, -1.893224, -0.00609, -5.911291, 3.690585, 0.0
5294.0, 4.582537, -1.893224, -0.00609, -5.911291, 3.690585, 0.0
5311.0, 4.608522, -1.903319, -0.006411, -5.911291, 3.690585, 0.0
5311.0, 4.608522, -1.903319, -0.006411, -5.911291, 3.690585, 0.0
5329.0, 4.634671, -1.913417, -0.006825, -5.911291, 3.690585, 0.0
5345.0, 4.66106, -1.923526, -0.007312, -5.911291, 3.690585, 0.0
5345.0, 4.66106, -1.923526, -0.007312, -5.911291, 3.690585, 0.0
5361.0, 4.687738, -1.933648, -0.00784, -5.911291, 3.690585, 0.0
5361.0, 4.687738, -1.933648, -0.00784, -5.911291, 3.690585, 0.0
5378.0, 4.714738, -1.943782, -0.008386, -5.911291, 3.690585, 0.0
5395.0, 4.742098, -1.953934, -0.00893, -5.911291, 3.690585, 0.0
5395.0, 4.742098, -1.953934, -0.00893, -5.911291, 3.690585, 0.0
5411.0, 4.769845, -1.964106, -0.009455, -5.911291, 3.690585, 0.0
5411.0, 4.769845, -1.964106, -0.009455, -5.911291, 3.690585, 0.0
5429.0, 4.798, -1.974303, -0.009952, -5.911291, 3.690585, 0.0
5445.0, 4.826581, -1.984527, -0.01041, -5.911291, 3.690585, 0.0
5445.0, 4.826581, -1.984527, -0.01041, -5.911291, 3.690585, 0.0
5462.0, 4.855604, -1.994781, -0.010826, -5.911291, 3.690585, 0.0
5462.0, 4.855604, -1.994781, -0.010826, -5.911291, 3.690585, 0.0
5478.0, 4.885077, -2.005067, -0.011198, -5.911291, 3.690585, 0.0
5495.0, 4.91501, -2.015387, -0.011526, -6.266194, 4.042797, 0.0
5495.0, 4.91501, -2.015387, -0.011526, -6.266194, 4.042797, 0.0
5513.0, 4.94541, -2.025742, -0.011811, -6.266194, 4.042797, 0.0
5513.0, 4.94541, -2.025742, -0.011811, -6.266194, 4.042797, 0.0
5529.0, 4.976283, -2.036134, -0.012056, -6.266194, 4.042797, 0.0
5544.0, 5.007519, -2.046556, -0.012219, -6.266194, 4.042797, 0.0
5544.0, 5.007519, -2.046556, -0.012219, -6.266194, 4.042797, 0.0
5561.0, 5.039001, -2.057004, -0.01227, -6.266194, 4.042797, 0.0
5561.0, 5.039001, -2.057004, -0.01227, -6.266194, 4.042797, 0.0
5578.0, 5.070607, -2.067477, -0.012194, -6.266194, 4.042797, 0.0
5594.0, 5.102227, -2.07797, -0.011994, -6.266194, 4.042797, 0.0
5594.0, 5.102227, -2.07797, -0.011994, -6.266194, 4.042797, 0.0
5611.0, 5.133765, -2.088482, -0.011682, -6.266194, 4.042797, 0.0
5611.0, 5.133765, -2.088482, -0.011682, -6.266194, 4.042797, 0.0
5629.0, 5.165141, -2.099009, -0.011279, -6.266194, 4.042797, 0.0
5645.0, 5.196301, -2.109554, -0.010814, -6.266194, 4.042797, 0.0
5645.0, 5.196301, -2.109554, -0.010814, -6.266194, 4.042797, 0.0
5662.0, 5.227181, -2.120112, -0.010306, -6.266194, 4.042797, 0.0
5662.0, 5.227181, -2.120112, -0.010306, -6.266194, 4.042797, 0.0
5678.0, 5.257736, -2.130678, -0.009777, -6.266194, 4.042797, 0.0
5695.0, 5.287928, -2.141249, -0.009247, -6.266194, 4.042797, 0.0
5695.0, 5.287928, -2.141249, -0.009247, -6.266194, 4.042797, 0.0
5712.0, 5.31773, -2.151823, -0.008732, -6.266194, 4.042797, 0.0
5712.0, 5.31773, -2.151823, -0.008732, -6.266194, 4.042797, 0.0
5729.0, 5.34712, -2.162395, -0.008246, -6.266194, 4.042797, 0.0
5746.0, 5.376069, -2.172959, -0.007792, -6.621093, 4.395005, 0.0
5746.0, 5.376069, -2.172959, -0.007792, -6.621093, 4.395005, 0.0
5762.0, 5.404571, -2.183514, -0.00738, -6.621093, 4.395005, 0.0
5762.0, 5.404571, -2.183514, -0.00738, -6.621093, 4.395005, 0.0
5778.0, 5.43262, -2.194058, -0.007016, -6.621093, 4.395005, 0.0
5794.0, 5.460208, -2.20459, -0.006698, -6.621093, 4.395005, 0.0
5794.0, 5.460208, -2.20459, -0.006698, -6.621093, 4.395005, 0.0
5812.0, 5.487329, -2.215106, -0.006424, -6.621093, 4.395005, 0.0
5812.0, 5.487329, -2.215106, -0.006424, -6.621093, 4.395005, 0.0
5828.0, 5.513978, -2.225607, -0.006193, -6.621093, 4.395005, 0.0
5845.0, 5.540159, -2.236092, -0.006002, -6.621093, 4.395005, 0.0
5845.0, 5.540159, -2.236092, -0.006002, -6.621093, 4.395005, 0.0
5862.0, 5.565863, -2.246557, -0.005843, -6.621093, 4.395005, 0.0
5862.0, 5.565863, -2.246557, -0.005843, -6.621093, 4.395005, 0.0
5877.0, 5.591084, -2.256998, -0.005711, -6.621093, 4.395005, 0.0
5895.0, 5.615817, -2.267413, -0.005601, -6.621093, 4.395005, 0.0
5895.0, 5.615817, -2.267413, -0.005601, -6.621093, 4.395005, 0.0
5912.0, 5.640059, -2.277801, -0.005508, -6.621093, 4.395005, 0.0
5912.0, 5.640059, -2.277801, -0.005508, -6.621093, 4.395005, 0.0
5928.0, 5.663812, -2.288161, -0.005431, -6.621093, 4.395005, 0.0
5946.0, 5.687164, -2.298495, -0.005404, -6.621093, 4.395005, 0.0
5946.0, 5.687164, -2.298495, -0.005404, -6.621093, 4.395005, 0.0
5962.0, 5.710252, -2.308815, -0.005467, -6.621093, 4.395005, 0.0
5962.0, 5.710252, -2.308815, -0.005467, -6.621093, 4.395005, 0.0
5978.0, 5.733204, -2.31913, -0.00564, -6.621093, 4.395005, 0.0
5994.0, 5.756135, -2.329446, -0.005923, -6.975992, 4.747214, 0.0
5994.0, 5.756135, -2.329446, -0.005923, -6.975992, 4.747214, 0.0
6011.0, 5.779142, -2.33977, -0.006306, -6.975992, 4.747214, 0.0
6011.0, 5.779142, -2.33977, -0.006306, -6.975992, 4.747214, 0.0
6029.0, 5.802307, -2.350104, -0.006769, -6.975992, 4.747214, 0.0
6044.0, 5.825703, -2.360459, -0.007293, -6.975992, 4.747214, 0.0
6044.0, 5.825703, -2.360459, -0.007293, -6.975992, 4.747214, 0.0
6062.0, 5.84938, -2.370835, -0.007851, -6.975992, 4.747214, 0.0
6062.0, 5.84938, -2.370835, -0.007851, -6.975992, 4.747214, 0.0
6078.0, 5.873379, -2.381235, -0.008421, -6.975992, 4.747214, 0.0
6095.0, 5.897733, -2.391663, -0.008983, -6.975992, 4.747214, 0.0
6095.0, 5.897733, -2.391663, -0.008983, -6.975992, 4.747214, 0.0
6112.0, 5.922471, -2.402124, -0.009523, -6.975992, 4.747214, 0.0
6112.0, 5.922471, -2.402124, -0.009523, -6.975992, 4.747214, 0.0
6129.0, 5.947614, -2.41262, -0.010032, -6.975992, 4.747214, 0.0
6146.0, 5.973181, -2.423155, -0.010501, -6.975992, 4.747214, 0.0
6146.0, 5.973181, -2.423155, -0.010501, -6.975992, 4.747214, 0.0
6162.0, 5.999186, -2.433731, -0.010926, -6.975992, 4.747214, 0.0
6162.0, 5.999186, -2.433731, -0.010926, -6.975992, 4.747214, 0.0
6178.0, 6.02564, -2.444351, -0.011307, -6.975992, 4.747214, 0.0
6196.0, 6.052551, -2.455016, -0.011643, -6.975992, 4.747214, 0.0
6196.0, 6.052551, -2.455016, -0.011643, -6.975992, 4.747214, 0.0
6212.0, 6.079928, -2.465729, -0.011936, -6.975992, 4.747214, 0.0
6212.0, 6.079928, -2.465729, -0.011936, -6.975992, 4.747214, 0.0
6228.0, 6.107775, -2.476491, -0.012189, -6.975992, 4.747214, 0.0
6244.0, 6.136087, -2.487298, -0.012402, -7.330892, 5.099422, 0.0
6244.0, 6.136087, -2.487298, -0.012402, -7.330892, 5.099422, 0.0
6261.0, 6.164875, -2.498151, -0.012584, -7.330892, 5.099422, 0.0
6261.0, 6.164875, -2.498151, -0.012584, -7.330892, 5.099422, 0.0
6277.0, 6.194145, -2.509051, -0.012739, -7.330892, 5.099422, 0.0
6295.0, 6.223901, -2.519999, -0.012871, -7.330892, 5.099422, 0.0
6295.0, 6.223901, -2.519999, -0.012871, -7.330892, 5.099422, 0.0
6312.0, 6.254146, -2.530991, -0.012985, -7.330892, 5.099422, 0.0
6312.0, 6.254146, -2.530991, -0.012985, -7.330892, 5.099422, 0.0
6329.0, 6.284881, -2.542029, -0.013082, -7.330892, 5.099422, 0.0
6344.0, 6.316018, -2.553111, -0.013128, -7.330892, 5.099422, 0.0
6345.0, 6.316018, -2.553111, -0.013128, -7.330892, 5.099422, 0.0
6362.0, 6.347419, -2.564227, -0.013083, -7.330892, 5.099422, 0.0
6362.0, 6.347419, -2.564227, -0.013083, -7.330892, 5.099422, 0.0
6378.0, 6.378955, -2.575371, -0.012926, -7.330892, 5.099422, 0.0
6396.0, 6.41051, -2.58654, -0.012656, -7.330892, 5.099422, 0.0
6396.0, 6.41051, -2.58654, -0.012656, -7.330892, 5.099422, 0.0
6412.0, 6.441987, -2.597729, -0.012286, -7.330892, 5.099422, 0.0
6412.0, 6.441987, -2.597729, -0.012286, -7.330892, 5.099422, 0.0
6429.0, 6.473303, -2.608936, -0.011834, -7.330892, 5.099422, 0.0
6444.0, 6.504381, -2.620155, -0.01132, -7.330892, 5.099422, 0.0
6444.0, 6.504381, -2.620155, -0.01132, -7.330892, 5.099422, 0.0
6461.0, 6.535175, -2.631387, -0.010773, -7.330892, 5.099422, 0.0
6461.0, 6.535175, -2.631387, -0.010773, -7.330892, 5.099422, 0.0
6478.0, 6.565645, -2.642631, -0.010217, -7.330892, 5.099422, 0.0
6495.0, 6.595756, -2.653886, -0.009669, -7.685791, 5.451631, 0.0
6495.0, 6.595756, -2.653886, -0.009669, -7.685791, 5.451631, 0.0
6511.0, 6.625482, -2.665148, -0.009145, -7.685791, 5.451631, 0.0
6511.0, 6.625482, -2.665148, -0.009145, -7.685791, 5.451631, 0.0
6529.0, 6.654801, -2.676415, -0.008655, -7.685791, 5.451631, 0.0
6544.0, 6.683705, -2.687687, -0.00821, -7.685791, 5.451631, 0.0
6544.0, 6.683705, -2.687687, -0.00821, -7.685791, 5.451631, 0.0
6562.0, 6.712172, -2.698959, -0.00781, -7.685791, 5.451631, 0.0
6562.0, 6.712172, -2.698959, -0.00781, -7.685791, 5.451631, 0.0
6578.0, 6.740187, -2.710227, -0.007454, -7.685791, 5.451631, 0.0
6596.0, 6.767742, -2.721487, -0.007142, -7.685791, 5.451631, 0.0
6596.0, 6.767742, -2.721487, -0.007142, -7.685791, 5.451631, 0.0
6612.0, 6.794827, -2.732738, -0.006871, -7.685791, 5.451631, 0.0
6612.0, 6.794827, -2.732738, -0.006871, -7.685791, 5.451631, 0.0
6629.0, 6.821438, -2.743978, -0.00664, -7.685791, 5.451631, 0.0
6646.0, 6.847571, -2.755206, -0.006445, -7.685791, 5.451631, 0.0
6646.0, 6.847571, -2.755206, -0.006445, -7.685791, 5.451631, 0.0
6662.0, 6.873221, -2.766419, -0.006282, -7.685791, 5.451631, 0.0
6662.0, 6.873221, -2.766419, -0.006282, -7.685791, 5.451631, 0.0
6679.0, 6.898387, -2.777616, -0.006147, -7.685791, 5.451631, 0.0
6694.0, 6.923066, -2.788795, -0.006035, -7.685791, 5.451631, 0.0
6694.0, 6.923066, -2.788795, -0.006035, -7.685791, 5.451631, 0.0
6711.0, 6.947256, -2.799956, -0.005944, -7.685791, 5.451631, 0.0
6711.0, 6.947256, -2.799956, -0.005944, -7.685791, 5.451631, 0.0
6729.0, 6.970956, -2.811096, -0.005868, -7.685791, 5.451631, 0.0
6744.0, 6.994256, -2.822218, -0.005845, -8.04069, 5.803839, 0.0
6744.0, 6.994256, -2.822218, -0.005845, -8.04069, 5.803839, 0.0
6761.0, 7.017293, -2.83333, -0.005911, -8.04069, 5.803839, 0.0
6761.0, 7.017293, -2.83333, -0.005911, -8.04069, 5.803839, 0.0
6778.0, 7.040195, -2.844439, -0.006087, -8.04069, 5.803839, 0.0
6795.0, 7.063077, -2.855549, -0.006374, -8.04069, 5.803839, 0.0
6795.0, 7.063077, -2.855549, -0.006374, -8.04069, 5.803839, 0.0
6812.0, 7.086035, -2.866666, -0.006761, -8.04069, 5.803839, 0.0
6812.0, 7.086035, -2.866666, -0.006761, -8.04069, 5.803839, 0.0
6828.0, 7.109151, -2.877791, -0.007227, -8.04069, 5.803839, 0.0
6846.0, 7.132501, -2.888932, -0.007753, -8.04069, 5.803839, 0.0
6846.0, 7.132501, -2.888932, -0.007753, -8.04069, 5.803839, 0.0
6862.0, 7.156132, -2.90009, -0.008313, -8.04069, 5.803839, 0.0
6862.0, 7.156132, -2.90009, -0.008313, -8.04069, 5.803839, 0.0
6878.0, 7.180086, -2.911267, -0.008884, -8.04069, 5.803839, 0.0
6895.0, 7.204396, -2.922465, -0.009447, -8.04069, 5.803839, 0.0
6895.0, 7.204396, -2.922465, -0.009447, -8.04069, 5.803839, 0.0
6912.0, 7.22909, -2.933689, -0.009988, -8.04069, 5.803839, 0.0
6912.0, 7.22909, -2.933689, -0.009988, -8.04069, 5.803839, 0.0
6929.0, 7.254191, -2.944942, -0.010496, -8.04069, 5.803839, 0.0
6944.0, 7.279706, -2.956221, -0.010961, -8.04069, 5.803839, 0.0
6944.0, 7.279706, -2.956221, -0.010961, -8.04069, 5.803839, 0.0
6962.0, 7.305657, -2.967533, -0.011382, -8.04069, 5.803839, 0.0
6962.0, 7.305657, -2.967533, -0.011382, -8.04069, 5.803839, 0.0
6978.0, 7.332057, -2.97888, -0.011759, -8.04069, 5.803839, 0.0
6994.0, 7.358919, -2.990265, -0.012092, -8.395589, 6.156047, 0.0
6994.0, 7.358919, -2.990265, -0.012092, -8.395589, 6.156047, 0.0
7011.0, 7.386246, -3.00169, -0.012384, -8.395589, 6.156047, 0.0
7011.0, 7.386246, -3.00169, -0.012384, -8.395589, 6.156047, 0.0
7029.0, 7.414047, -3.013155, -0.012637, -8.395589, 6.156047, 0.0
7045.0, 7.442336, -3.024665, -0.012857, -8.395589, 6.156047, 0.0
7045.0, 7.442336, -3.024665, -0.012857, -8.395589, 6.156047, 0.0
7061.0, 7.471109, -3.036215, -0.013045, -8.395589, 6.156047, 0.0
7062.0, 7.471109, -3.036215, -0.013045, -8.395589, 6.156047, 0.0
7077.0, 7.500366, -3.047804, -0.013203, -8.395589, 6.156047, 0.0
7095.0, 7.530107, -3.059428, -0.013333, -8.395589, 6.156047, 0.0
7095.0, 7.530107, -3.059428, -0.013333, -8.395589, 6.156047, 0.0
7112.0, 7.560336, -3.071087, -0.013441, -8.395589, 6.156047, 0.0
7112.0, 7.560336, -3.071087, -0.013441, -8.395589, 6.156047, 0.0
7129.0, 7.591053, -3.082781, -0.013531, -8.395589, 6.156047, 0.0
7145.0, 7.622145, -3.0945, -0.013559, -8.395589, 6.156047, 0.0
7145.0, 7.622145, -3.0945, -0.013559, -8.395589, 6.156047, 0.0
7162.0, 7.653494, -3.106247, -0.013495, -8.395589, 6.156047, 0.0
7162.0, 7.653494, -3.106247, -0.013495, -8.395589, 6.156047, 0.0
7178.0, 7.684975, -3.118019, -0.013325, -8.395589, 6.156047, 0.0
7196.0, 7.716477, -3.129817, -0.013047, -8.395589, 6.156047, 0.0
7196.0, 7.716477, -3.129817, -0.013047, -8.395589, 6.156047, 0.0
7212.0, 7.747904, -3.141638, -0.012672, -8.395589, 6.156047, 0.0
7212.0, 7.747904, -3.141638, -0.012672, -8.395589, 6.156047, 0.0
7230.0, 7.779173, -3.153481, -0.012219, -8.395589, 6.156047, 0.0
7244.0, 7.81023, -3.165352, -0.011716, -8.750489, 6.508256, 0.0
7244.0, 7.81023, -3.165352, -0.011716, -8.750489, 6.508256, 0.0
7261.0, 7.841012, -3.177245, -0.01118, -8.750489, 6.508256, 0.0
7261.0, 7.841012, -3.177245, -0.01118, -8.750489, 6.508256, 0.0
7277.0, 7.87147, -3.189158, -0.010631, -8.750489, 6.508256, 0.0
7294.0, 7.901569, -3.201088, -0.010087, -8.750489, 6.508256, 0.0
7294.0, 7.901569, -3.201088, -0.010087, -8.750489, 6.508256, 0.0
7312.0, 7.931279, -3.213033, -0.009564, -8.750489, 6.508256, 0.0
7312.0, 7.931279, -3.213033, -0.009564, -8.750489, 6.508256, 0.0
7328.0, 7.960578, -3.224991, -0.009074, -8.750489, 6.508256, 0.0
7345.0, 7.98945, -3.23696, -0.008623, -8.750489, 6.508256, 0.0
7345.0, 7.98945, -3.23696, -0.008623, -8.750489, 6.508256, 0.0
7362.0, 8.017879, -3.248936, -0.008217, -8.750489, 6.508256, 0.0
7362.0, 8.017879, -3.248936, -0.008217, -8.750489, 6.508256, 0.0
7378.0, 8.045856, -3.260918, -0.007858, -8.750489, 6.508256, 0.0
7396.0, 8.073372, -3.272904, -0.007546, -8.750489, 6.508256, 0.0
7396.0, 8.073372, -3.272904, -0.007546, -8.750489, 6.508256, 0.0
7412.0, 8.100419, -3.284892, -0.007277, -8.750489, 6.508256, 0.0
7412.0, 8.100419, -3.284892, -0.007277, -8.750489, 6.508256, 0.0
7429.0, 8.126992, -3.29688, -0.00705, -8.750489, 6.508256, 0.0
7445.0, 8.153079, -3.308864, -0.006857, -8.750489, 6.508256, 0.0
7445.0, 8.153079, -3.308864, -0.006857, -8.750489, 6.508256, 0.0
7462.0, 8.178682, -3.320843, -0.006696, -8.750489, 6.508256, 0.0
7462.0, 8.178682, -3.320843, -0.006696, -8.750489, 6.508256, 0.0
7477.0, 8.203801, -3.332819, -0.006565, -8.750489, 6.508256, 0.0
7494.0, 8.228435, -3.344788, -0.006461, -9.10539, 6.860466, 0.0
7494.0, 8.228435, -3.344788, -0.006461, -9.10539, 6.860466, 0.0
7511.0, 8.252583, -3.356752, -0.006377, -9.10539, 6.860466, 0.0
7511.0, 8.252583, -3.356752, -0.006377, -9.10539, 6.860466, 0.0
7528.0, 8.276242, -3.368709, -0.00631, -9.10539, 6.860466, 0.0
7545.0, 8.299521, -3.380666, -0.006302, -9.10539, 6.860466, 0.0
7545.0, 8.299521, -3.380666, -0.006302, -9.10539, 6.860466, 0.0
7562.0, 8.322544, -3.392622, -0.006383, -9.10539, 6.860466, 0.0
7562.0, 8.322544, -3.392622, -0.006383, -9.10539, 6.860466, 0.0
7578.0, 8.345432, -3.404578, -0.00657, -9.10539, 6.860466, 0.0
7595.0, 8.368299, -3.416537, -0.006864, -9.10539, 6.860466, 0.0
7595.0, 8.368299, -3.416537, -0.006864, -9.10539, 6.860466, 0.0
7612.0, 8.391241, -3.428498, -0.007253, -9.10539, 6.860466, 0.0
7612.0, 8.391241, -3.428498, -0.007253, -9.10539, 6.860466, 0.0
7628.0, 8.414339, -3.440462, -0.00772, -9.10539, 6.860466, 0.0
7645.0, 8.437651, -3.452427, -0.008239, -9.10539, 6.860466, 0.0
7645.0, 8.437651, -3.452427, -0.008239, -9.10539, 6.860466, 0.0
7662.0, 8.461238, -3.4644, -0.008791, -9.10539, 6.860466, 0.0
7662.0, 8.461238, -3.4644, -0.008791, -9.10539, 6.860466, 0.0
7678.0, 8.485147, -3.476383, -0.009355, -9.10539, 6.860466, 0.0
7695.0, 8.509413, -3.48838, -0.009915, -9.10539, 6.860466, 0.0
7695.0, 8.509413, -3.48838, -0.009915, -9.10539, 6.860466, 0.0
7711.0, 8.534066, -3.500394, -0.010455, -9.10539, 6.860466, 0.0
7711.0, 8.534066, -3.500394, -0.010455, -9.10539, 6.860466, 0.0
7728.0, 8.559129, -3.512428, -0.010963, -9.10539, 6.860466, 0.0
7745.0, 8.584628, -3.524487, -0.011436, -9.460289, 7.212674, 0.0
7745.0, 8.584628, -3.524487, -0.011436, -9.460289, 7.212674, 0.0
7762.0, 8.610571, -3.536571, -0.011865, -9.460289, 7.212674, 0.0
7762.0, 8.610571, -3.536571, -0.011865, -9.460289, 7.212674, 0.0
7778.0, 8.636966, -3.54868, -0.012246, -9.460289, 7.212674, 0.0
7795.0, 8.66382, -3.560814, -0.01258, -9.460289, 7.212674, 0.0
7795.0, 8.66382, -3.560814, -0.01258, -9.460289, 7.212674, 0.0
7812.0, 8.69114, -3.572974, -0.012868, -9.460289, 7.212674, 0.0
7812.0, 8.69114, -3.572974, -0.012868, -9.460289, 7.212674, 0.0
7828.0, 8.718932, -3.585163, -0.013114, -9.460289, 7.212674, 0.0
7845.0, 8.747098, -3.597377, -0.013281, -9.460289, 7.212674, 0.0
7845.0, 8.747098, -3.597377, -0.013281, -9.460289, 7.212674, 0.0
7862.0, 8.775512, -3.609613, -0.013335, -9.460289, 7.212674, 0.0
7862.0, 8.775512, -3.609613, -0.013335, -9.460289, 7.212674, 0.0
7879.0, 8.804049, -3.621871, -0.01326, -9.460289, 7.212674, 0.0
7895.0, 8.832597, -3.634147, -0.013057, -9.460289, 7.212674, 0.0
7895.0, 8.832597, -3.634147, -0.013057, -9.460289, 7.212674, 0.0
7912.0, 8.861061, -3.646441, -0.012741, -9.460289, 7.212674, 0.0
7912.0, 8.861061, -3.646441, -0.012741, -9.460289, 7.212674, 0.0
7929.0, 8.889359, -3.658751, -0.012332, -9.460289, 7.212674, 0.0
7945.0, 8.917417, -3.671072, -0.011853, -9.460289, 7.212674, 0.0
7945.0, 8.917417, -3.671072, -0.011853, -9.460289, 7.212674, 0.0
7962.0, 8.945187, -3.683407, -0.011332, -9.460289, 7.212674, 0.0
7962.0, 8.945187, -3.683407, -0.011332, -9.460289, 7.212674, 0.0
7978.0, 8.972629, -3.695754, -0.010794, -9.460289, 7.212674, 0.0
7995.0, 8.999711, -3.708112, -0.01026, -9.815188, 7.564882, 0.0
7995.0, 8.999711, -3.708112, -0.01026, -9.815188, 7.564882, 0.0
8012.0, 9.026404, -3.720479, -0.009745, -9.815188, 7.564882, 0.0
8012.0, 9.026404, -3.720479, -0.009745, -9.815188, 7.564882, 0.0
8029.0, 9.052688, -3.732852, -0.00926, -9.815188, 7.564882, 0.0
8045.0, 9.078554, -3.745233, -0.008818, -9.815188, 7.564882, 0.0
8045.0, 9.078554, -3.745233, -0.008818, -9.815188, 7.564882, 0.0
8062.0, 9.103982, -3.757615, -0.008418, -9.815188, 7.564882, 0.0
8062.0, 9.103982, -3.757615, -0.008418, -9.815188, 7.564882, 0.0
8078.0, 9.128957, -3.769994, -0.008061, -9.815188, 7.564882, 0.0
8095.0, 9.153469, -3.782367, -0.007746, -9.815188, 7.564882, 0.0
8095.0, 9.153469, -3.782367, -0.007746, -9.815188, 7.564882, 0.0
8113.0, 9.177513, -3.794731, -0.007473, -9.815188, 7.564882, 0.0
8113.0, 9.177513, -3.794731, -0.007473, -9.815188, 7.564882, 0.0
8128.0, 9.201082, -3.807085, -0.007239, -9.815188, 7.564882, 0.0
8144.0, 9.224265, -3.819427, -0.007078, -9.815188, 7.564882, 0.0
8144.0, 9.224265, -3.819427, -0.007078, -9.815188, 7.564882, 0.0
8161.0, 9.247194, -3.83176, -0.007029, -9.815188, 7.564882, 0.0
8161.0, 9.247194, -3.83176, -0.007029, -9.815188, 7.564882, 0.0
8178.0, 9.270002, -3.844093, -0.007109, -9.815188, 7.564882, 0.0
8195.0, 9.292793, -3.856422, -0.007318, -9.815188, 7.564882, 0.0
8195.0, 9.292793, -3.856422, -0.007318, -9.815188, 7.564882, 0.0
8212.0, 9.315668, -3.868751, -0.007642, -9.815188, 7.564882, 0.0
8212.0, 9.315668, -3.868751, -0.007642, -9.815188, 7.564882, 0.0
8228.0, 9.338707, -3.881081, -0.008058, -9.815188, 7.564882, 0.0
8245.0, 9.361984, -3.893418, -0.008547, -10.170092, 7.917094, 0.0
8245.0, 9.361984, -3.893418, -0.008547, -10.170092, 7.917094, 0.0
8262.0, 9.385549, -3.905761, -0.009077, -10.170092, 7.917094, 0.0
8262.0, 9.385549, -3.905761, -0.009077, -10.170092, 7.917094, 0.0
8278.0, 9.409439, -3.918112, -0.009626, -10.170092, 7.917094, 0.0
8296.0, 9.433691, -3.930471, -0.010172, -10.170092, 7.917094, 0.0
8296.0, 9.433691, -3.930471, -0.010172, -10.170092, 7.917094, 0.0
8312.0, 9.458331, -3.942843, -0.0107, -10.170092, 7.917094, 0.0
8312.0, 9.458331, -3.942843, -0.0107, -10.170092, 7.917094, 0.0
8329.0, 9.48338, -3.955229, -0.011199, -10.170092, 7.917094, 0.0
8345.0, 9.508848, -3.967627, -0.011656, -10.170092, 7.917094, 0.0
8345.0, 9.508848, -3.967627, -0.011656, -10.170092, 7.917094, 0.0
8362.0, 9.534753, -3.980042, -0.01207, -10.170092, 7.917094, 0.0
8362.0, 9.534753, -3.980042, -0.01207, -10.170092, 7.917094, 0.0
8377.0, 9.56111, -3.992477, -0.012442, -10.170092, 7.917094, 0.0
8394.0, 9.58793, -4.004935, -0.01277, -10.170092, 7.917094, 0.0
8394.0, 9.58793, -4.004935, -0.01277, -10.170092, 7.917094, 0.0
8411.0, 9.615218, -4.017416, -0.013057, -10.170092, 7.917094, 0.0
8411.0, 9.615218, -4.017416, -0.013057, -10.170092, 7.917094, 0.0
8428.0, 9.642982, -4.029923, -0.013303, -10.170092, 7.917094, 0.0
8445.0, 9.671132, -4.042458, -0.013476, -10.170092, 7.917094, 0.0
8445.0, 9.671132, -4.042458, -0.013476, -10.170092, 7.917094, 0.0
8461.0, 9.699539, -4.055017, -0.013536, -10.170092, 7.917094, 0.0
8462.0, 9.699539, -4.055017, -0.013536, -10.170092, 7.917094, 0.0
8477.0, 9.728069, -4.067594, -0.013466, -10.170092, 7.917094, 0.0
8495.0, 9.756611, -4.080191, -0.013266, -10.524992, 8.269304, 0.0
8495.0, 9.756611, -4.080191, -0.013266, -10.524992, 8.269304, 0.0
8512.0, 9.785069, -4.092806, -0.01295, -10.524992, 8.269304, 0.0
8512.0, 9.785069, -4.092806, -0.01295, -10.524992, 8.269304, 0.0
8529.0, 9.81336, -4.105438, -0.012541, -10.524992, 8.269304, 0.0
8546.0, 9.84142, -4.118088, -0.012064, -10.524992, 8.269304, 0.0
8546.0, 9.84142, -4.118088, -0.012064, -10.524992, 8.269304, 0.0
8562.0, 9.869195, -4.130754, -0.011544, -10.524992, 8.269304, 0.0
8562.0, 9.869195, -4.130754, -0.011544, -10.524992, 8.269304, 0.0
8578.0, 9.896642, -4.143436, -0.011007, -10.524992, 8.269304, 0.0
8596.0, 9.923725, -4.156133, -0.01047, -10.524992, 8.269304, 0.0
8596.0, 9.923725, -4.156133, -0.01047, -10.524992, 8.269304, 0.0
8612.0, 9.950418, -4.16884, -0.009952, -10.524992, 8.269304, 0.0
8612.0, 9.950418, -4.16884, -0.009952, -10.524992, 8.269304, 0.0
8630.0, 9.9767, -4.181557, -0.009463, -10.524992, 8.269304, 0.0
8644.0, 10.002542, -4.194275, -0.009009, -10.524992, 8.269304, 0.0
8644.0, 10.002542, -4.194275, -0.009009, -10.524992, 8.269304, 0.0
8661.0, 10.027939, -4.206996, -0.008599, -10.524992, 8.269304, 0.0
8661.0, 10.027939, -4.206996, -0.008599, -10.524992, 8.269304, 0.0
8677.0, 10.052883, -4.219718, -0.008237, -10.524992, 8.269304, 0.0
8694.0, 10.077366, -4.232439, -0.007921, -10.524992, 8.269304, 0.0
8694.0, 10.077366, -4.232439, -0.007921, -10.524992, 8.269304, 0.0
8712.0, 10.101383, -4.245158, -0.00765, -10.524992, 8.269304, 0.0
8712.0, 10.101383, -4.245158, -0.00765, -10.524992, 8.269304, 0.0
8728.0, 10.124928, -4.257872, -0.007419, -10.524992, 8.269304, 0.0
8745.0, 10.148107, -4.270588, -0.007271, -10.879891, 8.621512, 0.0
8745.0, 10.148107, -4.270588, -0.007271, -10.879891, 8.621512, 0.0
8762.0, 10.17104, -4.283303, -0.007235, -10.879891, 8.621512, 0.0
8762.0, 10.17104, -4.283303, -0.007235, -10.879891, 8.621512, 0.0
8778.0, 10.193848, -4.296016, -0.007324, -10.879891, 8.621512, 0.0
8796.0, 10.216641, -4.308727, -0.007539, -10.879891, 8.621512, 0.0
8796.0, 10.216641, -4.308727, -0.007539, -10.879891, 8.621512, 0.0
8812.0, 10.239518, -4.321436, -0.007865, -10.879891, 8.621512, 0.0
8812.0, 10.239518, -4.321436, -0.007865, -10.879891, 8.621512, 0.0
8829.0, 10.262557, -4.334143, -0.008282, -10.879891, 8.621512, 0.0
8844.0, 10.285815, -4.346844, -0.008762, -10.879891, 8.621512, 0.0
8844.0, 10.285815, -4.346844, -0.008762, -10.879891, 8.621512, 0.0
8861.0, 10.309354, -4.359545, -0.009284, -10.879891, 8.621512, 0.0
8861.0, 10.309354, -4.359545, -0.009284, -10.879891, 8.621512, 0.0
8878.0, 10.333218, -4.37225, -0.009826, -10.879891, 8.621512, 0.0
8895.0, 10.357444, -4.384961, -0.010369, -10.879891, 8.621512, 0.0
8895.0, 10.357444, -4.384961, -0.010369, -10.879891, 8.621512, 0.0
8911.0, 10.38206, -4.397681, -0.010897, -10.879891, 8.621512, 0.0
8911.0, 10.38206, -4.397681, -0.010897, -10.879891, 8.621512, 0.0
8929.0, 10.407088, -4.410413, -0.011396, -10.879891, 8.621512, 0.0
8945.0, 10.432556, -4.423163, -0.011863, -10.879891, 8.621512, 0.0
8945.0, 10.432556, -4.423163, -0.011863, -10.879891, 8.621512, 0.0
8961.0, 10.458469, -4.435929, -0.012287, -10.879891, 8.621512, 0.0
8961.0, 10.458469, -4.435929, -0.012287, -10.879891, 8.621512, 0.0
8978.0, 10.484837, -4.448711, -0.012664, -10.879891, 8.621512, 0.0
8996.0, 10.511664, -4.46151, -0.012994, -11.23479, 8.973721, 0.0
8996.0, 10.511664, -4.46151, -0.012994, -11.23479, 8.973721, 0.0
9012.0, 10.53896, -4.474326, -0.013279, -11.23479, 8.973721, 0.0
9012.0, 10.53896, -4.474326, -0.013279, -11.23479, 8.973721, 0.0
9028.0, 10.566728, -4.487162, -0.013523, -11.23479, 8.973721, 0.0
9044.0, 10.594872, -4.500015, -0.013686, -11.23479, 8.973721, 0.0
9044.0, 10.594872, -4.500015, -0.013686, -11.23479, 8.973721, 0.0
9061.0, 10.623263, -4.512887, -0.013737, -11.23479, 8.973721, 0.0
9061.0, 10.623263, -4.512887, -0.013737, -11.23479, 8.973721, 0.0
9077.0, 10.651779, -4.525778, -0.013659, -11.23479, 8.973721, 0.0
9094.0, 10.680307, -4.538688, -0.013453, -11.23479, 8.973721, 0.0
9094.0, 10.680307, -4.538688, -0.013453, -11.23479, 8.973721, 0.0
9112.0, 10.708751, -4.551618, -0.013134, -11.23479, 8.973721, 0.0
9112.0, 10.708751, -4.551618, -0.013134, -11.23479, 8.973721, 0.0
9128.0, 10.73703, -4.564567, -0.012723, -11.23479, 8.973721, 0.0
9145.0, 10.765068, -4.577532, -0.012242, -11.23479, 8.973721, 0.0
9145.0, 10.765068, -4.577532, -0.012242, -11.23479, 8.973721, 0.0
9162.0, 10.792818, -4.590516, -0.011719, -11.23479, 8.973721, 0.0
9162.0, 10.792818, -4.590516, -0.011719, -11.23479, 8.973721, 0.0
9177.0, 10.820241, -4.60352, -0.011181, -11.23479, 8.973721, 0.0
9196.0, 10.847303, -4.616543, -0.010646, -11.23479, 8.973721, 0.0
9196.0, 10.847303, -4.616543, -0.010646, -11.23479, 8.973721, 0.0
9212.0, 10.873977, -4.629583, -0.010131, -11.23479, 8.973721, 0.0
9212.0, 10.873977, -4.629583, -0.010131, -11.23479, 8.973721, 0.0
9230.0, 10.900241, -4.642638, -0.009648, -11.23479, 8.973721, 0.0
9246.0, 10.926087, -4.65571, -0.009207, -11.589689, 9.325929, 0.0
9246.0, 10.926087, -4.65571, -0.009207, -11.589689, 9.325929, 0.0
9262.0, 10.951496, -4.668792, -0.008809, -11.589689, 9.325929, 0.0
9262.0, 10.951496, -4.668792, -0.008809, -11.589689, 9.325929, 0.0
9278.0, 10.976452, -4.681882, -0.008454, -11.589689, 9.325929, 0.0
9294.0, 11.000946, -4.694975, -0.008142, -11.589689, 9.325929, 0.0
9294.0, 11.000946, -4.694975, -0.008142, -11.589689, 9.325929, 0.0
9311.0, 11.02497, -4.70807, -0.007872, -11.589689, 9.325929, 0.0
9311.0, 11.02497, -4.70807, -0.007872, -11.589689, 9.325929, 0.0
9329.0, 11.04852, -4.721166, -0.007642, -11.589689, 9.325929, 0.0
9344.0, 11.071685, -4.734257, -0.007484, -11.589689, 9.325929, 0.0
9344.0, 11.071685, -4.734257, -0.007484, -11.589689, 9.325929, 0.0
9361.0, 11.094596, -4.747346, -0.007439, -11.589689, 9.325929, 0.0
9361.0, 11.094596, -4.747346, -0.007439, -11.589689, 9.325929, 0.0
9378.0, 11.117382, -4.760434, -0.007523, -11.589689, 9.325929, 0.0
9395.0, 11.140154, -4.773521, -0.007735, -11.589689, 9.325929, 0.0
9395.0, 11.140154, -4.773521, -0.007735, -11.589689, 9.325929, 0.0
9412.0, 11.163012, -4.786607, -0.008061, -11.589689, 9.325929, 0.0
9412.0, 11.163012, -4.786607, -0.008061, -11.589689, 9.325929, 0.0
9429.0, 11.186032, -4.799689, -0.00848, -11.589689, 9.325929, 0.0
9445.0, 11.209293, -4.812774, -0.008971, -11.589689, 9.325929, 0.0
9445.0, 11.209293, -4.812774, -0.008971, -11.589689, 9.325929, 0.0
9463.0, 11.232841, -4.82586, -0.009503, -11.589689, 9.325929, 0.0
9463.0, 11.232841, -4.82586, -0.009503, -11.589689, 9.325929, 0.0
9478.0, 11.256716, -4.838944, -0.010052, -11.589689, 9.325929, 0.0
9494.0, 11.280951, -4.852031, -0.010599, -11.944589, 9.678137, 0.0
9494.0, 11.280951, -4.852031, -0.010599, -11.944589, 9.678137, 0.0
9512.0, 11.305575, -4.865121, -0.011127, -11.944589, 9.678137, 0.0
9512.0, 11.305575, -4.865121, -0.011127, -11.944589, 9.678137, 0.0
9529.0, 11.33061, -4.878216, -0.011625, -11.944589, 9.678137, 0.0
9545.0, 11.356063, -4.891313, -0.01208, -11.944589, 9.678137, 0.0
9545.0, 11.356063, -4.891313, -0.01208, -11.944589, 9.678137, 0.0
9562.0, 11.381954, -4.904417, -0.012493, -11.944589, 9.678137, 0.0
9562.0, 11.381954, -4.904417, -0.012493, -11.944589, 9.678137, 0.0
9578.0, 11.408304, -4.917535, -0.012862, -11.944589, 9.678137, 0.0
9596.0, 11.435111, -4.930661, -0.013187, -11.944589, 9.678137, 0.0
9596.0, 11.435111, -4.930661, -0.013187, -11.944589, 9.678137, 0.0
9612.0, 11.462386, -4.9438, -0.013471, -11.944589, 9.678137, 0.0
9612.0, 11.462386, -4.9438, -0.013471, -11.944589, 9.678137, 0.0
9629.0, 11.490137, -4.956954, -0.013714, -11.944589, 9.678137, 0.0
9646.0, 11.518276, -4.970128, -0.013883, -11.944589, 9.678137, 0.0
9646.0, 11.518276, -4.970128, -0.013883, -11.944589, 9.678137, 0.0
9662.0, 11.546668, -4.983319, -0.013938, -11.944589, 9.678137, 0.0
9662.0, 11.546668, -4.983319, -0.013938, -11.944589, 9.678137, 0.0
9677.0, 11.575187, -4.996528, -0.013864, -11.944589, 9.678137, 0.0
9694.0, 11.603717, -5.009756, -0.01366, -11.944589, 9.678137, 0.0
9694.0, 11.603717, -5.009756, -0.01366, -11.944589, 9.678137, 0.0
9711.0, 11.632162, -5.023004, -0.01334, -11.944589, 9.678137, 0.0
9711.0, 11.632162, -5.023004, -0.01334, -11.944589, 9.678137, 0.0
9729.0, 11.660442, -5.036273, -0.012928, -11.944589, 9.678137, 0.0
9744.0, 11.68849, -5.049566, -0.012449, -12.299494, 10.030352, 0.0
9744.0, 11.68849, -5.049566, -0.012449, -12.299494, 10.030352, 0.0
9761.0, 11.716254, -5.062883, -0.011928, -12.299494, 10.030352, 0.0
9761.0, 11.716254, -5.062883, -0.011928, -12.299494, 10.030352, 0.0
9778.0, 11.743689, -5.076224, -0.011389, -12.299494, 10.030352, 0.0
9794.0, 11.770761, -5.089588, -0.010853, -12.299494, 10.030352, 0.0
9794.0, 11.770761, -5.089588, -0.010853, -12.299494, 10.030352, 0.0
9811.0, 11.797443, -5.102973, -0.010335, -12.299494, 10.030352, 0.0
9811.0, 11.797443, -5.102973, -0.010335, -12.299494, 10.030352, 0.0
9829.0, 11.823713, -5.116377, -0.009848, -12.299494, 10.030352, 0.0
9844.0, 11.849544, -5.129794, -0.009397, -12.299494, 10.030352, 0.0
9844.0, 11.849544, -5.129794, -0.009397, -12.299494, 10.030352, 0.0
9861.0, 11.874929, -5.143224, -0.00899, -12.299494, 10.030352, 0.0
9861.0, 11.874929, -5.143224, -0.00899, -12.299494, 10.030352, 0.0
9877.0, 11.899863, -5.156666, -0.00863, -12.299494, 10.030352, 0.0
9894.0, 11.924336, -5.17012, -0.008318, -12.299494, 10.030352, 0.0
9894.0, 11.924336, -5.17012, -0.008318, -12.299494, 10.030352, 0.0
9911.0, 11.948343, -5.183584, -0.008051, -12.299494, 10.030352, 0.0
9911.0, 11.948343, -5.183584, -0.008051, -12.299494, 10.030352, 0.0
9928.0, 11.971878, -5.197056, -0.007826, -12.299494, 10.030352, 0.0
9944.0, 11.994946, -5.210539, -0.00764, -12.299494, 10.030352, 0.0
9944.0, 11.994946, -5.210539, -0.00764, -12.299494, 10.030352, 0.0
9962.0, 12.017536, -5.224027, -0.007486, -12.299494, 10.030352, 0.0
9962.0, 12.017536, -5.224027, -0.007486, -12.299494, 10.030352, 0.0
9977.0, 12.039643, -5.237516, -0.007358, -12.299494, 10.030352, 0.0
