2.0, 0.0, 0.0, 0.002231, 3.695057, -1.531846, 0.0
2.0, 0.0, 0.0, 0.002231, 3.695057, -1.531846, 0.0
15.0, -0.000119, -0.000255, -0.004064, 3.695057, -1.531846, 0.0
15.0, -0.000119, -0.000255, -0.004064, 3.695057, -1.531846, 0.0
33.0, -0.000391, -0.000377, -0.009457, 3.695057, -1.531846, 0.0
49.0, -0.000827, -0.0003, -0.012065, 3.695057, -1.531846, 0.0
49.0, -0.000827, -0.0003, -0.012065, 3.695057, -1.531846, 0.0
65.0, -0.00146, -0.000119, -0.013011, 3.695057, -1.531846, 0.0
65.0, -0.00146, -0.000119, -0.013011, 3.695057, -1.531846, 0.0
82.0, -0.002328, 0.000036, -0.012747, 3.695057, -1.531846, 0.0
99.0, -0.003471, 0.000035, -0.011643, 3.695057, -1.531846, 0.0
99.0, -0.003471, 0.000035, -0.011643, 3.695057, -1.531846, 0.0
116.0, -0.004923, -0.000243, -0.01, 3.695057, -1.531846, 0.0
116.0, -0.004923, -0.000243, -0.01, 3.695057, -1.531846, 0.0
133.0, -0.006514, -0.000802, -0.007349, 3.695057, -1.531846, 0.0
149.0, -0.008483, -0.001465, -0.004514, 3.444701, -1.440007, 0.0
149.0, -0.008483, -0.001465, -0.004514, 3.444701, -1.440007, 0.0
165.0, -0.010919, -0.002304, -0.001502, 3.444701, -1.440007, 0.0
165.0, -0.010919, -0.002304, -0.001502, 3.444701, -1.440007, 0.0
182.0, -0.013886, -0.003229, 0.001578, 3.444701, -1.440007, 0.0
199.0, -0.017355, -0.004211, 0.004566, 3.444701, -1.440007, 0.0
199.0, -0.017355, -0.004211, 0.004566, 3.444701, -1.440007, 0.0
216.0, -0.02069, -0.005067, 0.003861, 3.444701, -1.440007, 0.0
216.0, -0.02069, -0.005067, 0.003861, 3.444701, -1.440007, 0.0
233.0, -0.024981, -0.005813, 0.003723, 3.444701, -1.440007, 0.0
249.0, -0.029839, -0.006594, 0.003709, 3.444701, -1.440007, 0.0
249.0, -0.029839, -0.006594, 0.003709, 3.444701, -1.440007, 0.0
266.0, -0.035198, -0.007463, 0.003731, 3.444701, -1.440007, 0.0
266.0, -0.035198, -0.007463, 0.003731, 3.444701, -1.440007, 0.0
282.0, -0.041048, -0.008452, 0.003785, 3.444701, -1.440007, 0.0
299.0, -0.047388, -0.009573, 0.003855, 3.444701, -1.440007, 0.0
299.0, -0.047388, -0.009573, 0.003855, 3.444701, -1.440007, 0.0
316.0, -0.054216, -0.010828, 0.003925, 3.444701, -1.440007, 0.0
316.0, -0.054216, -0.010828, 0.003925, 3.444701, -1.440007, 0.0
333.0, -0.061543, -0.012218, 0.003987, 3.444701, -1.440007, 0.0
349.0, -0.069345, -0.013738, 0.004035, 3.444701, -1.440007, 0.0
349.0, -0.069345, -0.013738, 0.004035, 3.444701, -1.440007, 0.0
366.0, -0.077635, -0.015384, 0.004067, 3.444701, -1.440007, 0.0
366.0, -0.077635, -0.015384, 0.004067, 3.444701, -1.440007, 0.0
382.0, -0.086412, -0.017156, 0.004084, 3.444701, -1.440007, 0.0
399.0, -0.095678, -0.019048, 0.004085, 2.975231, -1.267789, 0.0
399.0, -0.095678, -0.019048, 0.004085, 2.975231, -1.267789, 0.0
415.0, -0.105431, -0.021059, 0.004071, 2.975231, -1.267789, 0.0
415.0, -0.105431, -0.021059, 0.004071, 2.975231, -1.267789, 0.0
432.0, -0.115673, -0.023187, 0.004046, 2.975231, -1.267789, 0.0
448.0, -0.126303, -0.025409, 0.00397, 2.975231, -1.267789, 0.0
448.0, -0.126303, -0.025409, 0.00397, 2.975231, -1.267789, 0.0
465.0, -0.137195, -0.027698, 0.003812, 2.975231, -1.267789, 0.0
465.0, -0.137195, -0.027698, 0.003812, 2.975231, -1.267789, 0.0
482.0, -0.148222, -0.030028, 0.003557, 2.975231, -1.267789, 0.0
498.0, -0.159274, -0.032375, 0.003205, 2.975231, -1.267789, 0.0
498.0, -0.159274, -0.032375, 0.003205, 2.975231, -1.267789, 0.0
515.0, -0.170254, -0.03472, 0.002771, 2.975231, -1.267789, 0.0
515.0, -0.170254, -0.03472, 0.002771, 2.975231, -1.267789, 0.0
533.0, -0.181083, -0.037046, 0.002273, 2.975231, -1.267789, 0.0
549.0, -0.191695, -0.03934, 0.001734, 2.975231, -1.267789, 0.0
549.0, -0.191695, -0.03934, 0.001734, 2.975231, -1.267789, 0.0
566.0, -0.202036, -0.041592, 0.001177, 2.975231, -1.267789, 0.0
566.0, -0.202036, -0.041592, 0.001177, 2.975231, -1.267789, 0.0
582.0, -0.212064, -0.043792, 0.000621, 2.975231, -1.267789, 0.0
599.0, -0.221743, -0.045932, 0.000084, 2.975231, -1.267789, 0.0
599.0, -0.221743, -0.045932, 0.000084, 2.975231, -1.267789, 0.0
616.0, -0.231045, -0.048006, -0.000422, 2.975231, -1.267789, 0.0
616.0, -0.231045, -0.048006, -0.000422, 2.975231, -1.267789, 0.0
633.0, -0.239948, -0.050008, -0.000887, 2.975231, -1.267789, 0.0
649.0, -0.248434, -0.051935, -0.001304, 2.505814, -1.09559, 0.0
649.0, -0.248434, -0.051935, -0.001304, 2.505814, -1.09559, 0.0
664.0, -0.256488, -0.053782, -0.001672, 2.505814, -1.09559, 0.0
664.0, -0.256488, -0.053782, -0.001672, 2.505814, -1.09559, 0.0
681.0, -0.264099, -0.055547, -0.001991, 2.505814, -1.09559, 0.0
698.0, -0.271257, -0.057227, -0.00226, 2.505814, -1.09559, 0.0
698.0, -0.271257, -0.057227, -0.00226, 2.505814, -1.09559, 0.0
714.0, -0.277955, -0.058822, -0.002485, 2.505814, -1.09559, 0.0
714.0, -0.277955, -0.058822, -0.002485, 2.505814, -1.09559, 0.0
733.0, -0.284186, -0.060329, -0.002667, 2.505814, -1.09559, 0.0
748.0, -0.289947, -0.061747, -0.002813, 2.505814, -1.09559, 0.0
748.0, -0.289947, -0.061747, -0.002813, 2.505814, -1.09559, 0.0
765.0, -0.295233, -0.063076, -0.002926, 2.505814, -1.09559, 0.0
765.0, -0.295233, -0.063076, -0.002926, 2.505814, -1.09559, 0.0
782.0, -0.300042, -0.064316, -0.003012, 2.505814, -1.09559, 0.0
799.0, -0.304371, -0.065465, -0.003075, 2.505814, -1.09559, 0.0
799.0, -0.304371, -0.065465, -0.003075, 2.505814, -1.09559, 0.0
815.0, -0.308218, -0.066524, -0.00312, 2.505814, -1.09559, 0.0
815.0, -0.308218, -0.066524, -0.00312, 2.505814, -1.09559, 0.0
833.0, -0.311583, -0.067492, -0.003151, 2.505814, -1.09559, 0.0
850.0, -0.314463, -0.068367, -0.003173, 2.505814, -1.09559, 0.0
850.0, -0.314463, -0.068367, -0.003173, 2.505814, -1.09559, 0.0
865.0, -0.316859, -0.069149, -0.00319, 2.505814, -1.09559, 0.0
865.0, -0.316859, -0.069149, -0.00319, 2.505814, -1.09559, 0.0
881.0, -0.318772, -0.069835, -0.003208, 2.505814, -1.09559, 0.0
899.0, -0.3202, -0.07042, -0.003234, 2.03638, -0.923386, 0.0
899.0, -0.3202, -0.07042, -0.003234, 2.03638, -0.923386, 0.0
915.0, -0.321151, -0.070897, -0.003281, 2.03638, -0.923386, 0.0
915.0, -0.321151, -0.070897, -0.003281, 2.03638, -0.923386, 0.0
932.0, -0.32164, -0.071247, -0.003375, 2.03638, -0.923386, 0.0
949.0, -0.321733, -0.071451, -0.003526, 2.03638, -0.923386, 0.0
949.0, -0.321733, -0.071451, -0.003526, 2.03638, -0.923386, 0.0
966.0, -0.321552, -0.071541, -0.003735, 2.03638, -0.923386, 0.0
966.0, -0.321552, -0.071541, -0.003735, 2.03638, -0.923386, 0.0
982.0, -0.32108, -0.071644, -0.003864, 2.03638, -0.923386, 0.0
999.0, -0.320172, -0.071774, -0.004043, 2.03638, -0.923386, 0.0
999.0, -0.320172, -0.071774, -0.004043, 2.03638, -0.923386, 0.0
1016.0, -0.318739, -0.071888, -0.004275, 2.03638, -0.923386, 0.0
1016.0, -0.318739, -0.071888, -0.004275, 2.03638, -0.923386, 0.0
1032.0, -0.316744, -0.07195, -0.004535, 2.03638, -0.923386, 0.0
1049.0, -0.31418, -0.071931, -0.004799, 2.03638, -0.923386, 0.0
1049.0, -0.31418, -0.071931, -0.004799, 2.03638, -0.923386, 0.0
1064.0, -0.31105, -0.071816, -0.005044, 2.03638, -0.923386, 0.0
1064.0, -0.31105, -0.071816, -0.005044, 2.03638, -0.923386, 0.0
1081.0, -0.307364, -0.071595, -0.005255, 2.03638, -0.923386, 0.0
1098.0, -0.303131, -0.071263, -0.005424, 2.03638, -0.923386, 0.0
1098.0, -0.303131, -0.071263, -0.005424, 2.03638, -0.923386, 0.0
1114.0, -0.29836, -0.070818, -0.005547, 2.03638, -0.923386, 0.0
1114.0, -0.29836, -0.070818, -0.005547, 2.03638, -0.923386, 0.0
1132.0, -0.293061, -0.07026, -0.005625, 2.03638, -0.923386, 0.0
1147.0, -0.28724, -0.069589, -0.005661, 1.566963, -0.751188, 0.0
1147.0, -0.28724, -0.069589, -0.005661, 1.566963, -0.751188, 0.0
1164.0, -0.280903, -0.068805, -0.005661, 1.566963, -0.751188, 0.0
1164.0, -0.280903, -0.068805, -0.005661, 1.566963, -0.751188, 0.0
1181.0, -0.274058, -0.067908, -0.00563, 1.566963, -0.751188, 0.0
1197.0, -0.266707, -0.066898, -0.005572, 1.566963, -0.751188, 0.0
1197.0, -0.266707, -0.066898, -0.005572, 1.566963, -0.751188, 0.0
1215.0, -0.258855, -0.065776, -0.005495, 1.566963, -0.751188, 0.0
1215.0, -0.258855, -0.065776, -0.005495, 1.566963, -0.751188, 0.0
1233.0, -0.250504, -0.064542, -0.005403, 1.566963, -0.751188, 0.0
1248.0, -0.241757, -0.063221, -0.005261, 1.566963, -0.751188, 0.0
1248.0, -0.241757, -0.063221, -0.005261, 1.566963, -0.751188, 0.0
1264.0, -0.232741, -0.061844, -0.005042, 1.566963, -0.751188, 0.0
1264.0, -0.232741, -0.061844, -0.005042, 1.566963, -0.751188, 0.0
1281.0, -0.223581, -0.060442, -0.004732, 1.566963, -0.751188, 0.0
1298.0, -0.214389, -0.059042, -0.004334, 1.566963, -0.751188, 0.0
1298.0, -0.214389, -0.059042, -0.004334, 1.566963, -0.751188, 0.0
1315.0, -0.205261, -0.057667, -0.003863, 1.566963, -0.751188, 0.0
1315.0, -0.205261, -0.057667, -0.003863, 1.566963, -0.751188, 0.0
1332.0, -0.196275, -0.056337, -0.003339, 1.566963, -0.751188, 0.0
1348.0, -0.187497, -0.055067, -0.002783, 1.566963, -0.751188, 0.0
1348.0, -0.187497, -0.055067, -0.002783, 1.566963, -0.751188, 0.0
1364.0, -0.178982, -0.053871, -0.002217, 1.566963, -0.751188, 0.0
1364.0, -0.178982, -0.053871, -0.002217, 1.566963, -0.751188, 0.0
1382.0, -0.170772, -0.052759, -0.001662, 1.566963, -0.751188, 0.0
1399.0, -0.162902, -0.05174, -0.001133, 1.097547, -0.57899, 0.0
1399.0, -0.162902, -0.05174, -0.001133, 1.097547, -0.57899, 0.0
1415.0, -0.1554, -0.050819, -0.000643, 1.097547, -0.57899, 0.0
1415.0, -0.1554, -0.050819, -0.000643, 1.097547, -0.57899, 0.0
1432.0, -0.14829, -0.050001, -0.0002, 1.097547, -0.57899, 0.0
1449.0, -0.141589, -0.049291, 0.00019, 1.097547, -0.57899, 0.0
1449.0, -0.141589, -0.049291, 0.00019, 1.097547, -0.57899, 0.0
1466.0, -0.135311, -0.048691, 0.000525, 1.097547, -0.57899, 0.0
1466.0, -0.135311, -0.048691, 0.000525, 1.097547, -0.57899, 0.0
1482.0, -0.129469, -0.048203, 0.000804, 1.097547, -0.57899, 0.0
1499.0, -0.124073, -0.047828, 0.00103, 1.097547, -0.57899, 0.0
1499.0, -0.124073, -0.047828, 0.00103, 1.097547, -0.57899, 0.0
1515.0, -0.119129, -0.047567, 0.001205, 1.097547, -0.57899, 0.0
1515.0, -0.119129, -0.047567, 0.001205, 1.097547, -0.57899, 0.0
1533.0, -0.114644, -0.047422, 0.001333, 1.097547, -0.57899, 0.0
1550.0, -0.110522, -0.047367, 0.001379, 1.097547, -0.57899, 0.0
1550.0, -0.110522, -0.047367, 0.001379, 1.097547, -0.57899, 0.0
1566.0, -0.106643, -0.047374, 0.001321, 1.097547, -0.57899, 0.0
1566.0, -0.106643, -0.047374, 0.001321, 1.097547, -0.57899, 0.0
1581.0, -0.102885, -0.047416, 0.00115, 1.097547, -0.57899, 0.0
1598.0, -0.099139, -0.047468, 0.000875, 1.097547, -0.57899, 0.0
1598.0, -0.099139, -0.047468, 0.000875, 1.097547, -0.57899, 0.0
1615.0, -0.095315, -0.04751, 0.00051, 1.097547, -0.57899, 0.0
1615.0, -0.095315, -0.04751, 0.00051, 1.097547, -0.57899, 0.0
1633.0, -0.091334, -0.047522, 0.000078, 1.097547, -0.57899, 0.0
1649.0, -0.087133, -0.04749, -0.000398, 0.62813, -0.406791, 0.0
1649.0, -0.087133, -0.04749, -0.000398, 0.62813, -0.406791, 0.0
1665.0, -0.08266, -0.047401, -0.000897, 0.62813, -0.406791, 0.0
1665.0, -0.08266, -0.047401, -0.000897, 0.62813, -0.406791, 0.0
1682.0, -0.077873, -0.047243, -0.001398, 0.62813, -0.406791, 0.0
1699.0, -0.072738, -0.047007, -0.001886, 0.62813, -0.406791, 0.0
1699.0, -0.072738, -0.047007, -0.001886, 0.62813, -0.406791, 0.0
1716.0, -0.067227, -0.046686, -0.002346, 0.62813, -0.406791, 0.0
1716.0, -0.067227, -0.046686, -0.002346, 0.62813, -0.406791, 0.0
1733.0, -0.061319, -0.046274, -0.00277, 0.62813, -0.406791, 0.0
1749.0, -0.054995, -0.045765, -0.003151, 0.62813, -0.406791, 0.0
1749.0, -0.054995, -0.045765, -0.003151, 0.62813, -0.406791, 0.0
1766.0, -0.048242, -0.045155, -0.003486, 0.62813, -0.406791, 0.0
1767.0, -0.048242, -0.045155, -0.003486, 0.62813, -0.406791, 0.0
1782.0, -0.041048, -0.04444, -0.003772, 0.62813, -0.406791, 0.0
1799.0, -0.033406, -0.043619, -0.00401, 0.62813, -0.406791, 0.0
1799.0, -0.033406, -0.043619, -0.00401, 0.62813, -0.406791, 0.0
1815.0, -0.025307, -0.042689, -0.004203, 0.62813, -0.406791, 0.0
1815.0, -0.025307, -0.042689, -0.004203, 0.62813, -0.406791, 0.0
1833.0, -0.016746, -0.041648, -0.004354, 0.62813, -0.406791, 0.0
1849.0, -0.00772, -0.040496, -0.004465, 0.62813, -0.406791, 0.0
1849.0, -0.00772, -0.040496, -0.004465, 0.62813, -0.406791, 0.0
1865.0, 0.001775, -0.039229, -0.004541, 0.62813, -0.406791, 0.0
1865.0, 0.001775, -0.039229, -0.004541, 0.62813, -0.406791, 0.0
1882.0, 0.011743, -0.037846, -0.004587, 0.62813, -0.406791, 0.0
1898.0, 0.022185, -0.036345, -0.004606, 0.158715, -0.234593, 0.0
1898.0, 0.022185, -0.036345, -0.004606, 0.158715, -0.234593, 0.0
1915.0, 0.033104, -0.034726, -0.004603, 0.158715, -0.234593, 0.0
1915.0, 0.033104, -0.034726, -0.004603, 0.158715, -0.234593, 0.0
1933.0, 0.0445, -0.032988, -0.004581, 0.158715, -0.234593, 0.0
1949.0, 0.056277, -0.031156, -0.004505, 0.158715, -0.234593, 0.0
1949.0, 0.056277, -0.031156, -0.004505, 0.158715, -0.234593, 0.0
