1.0, 0.0, 0.0, 0.002231, 2.29664, -5.543054, 0.0
14.0, -0.000103, -0.00028, -0.004061, 2.29664, -5.543054, 0.0
14.0, -0.000103, -0.00028, -0.004061, 2.29664, -5.543054, 0.0
32.0, -0.000303, -0.000516, -0.009454, 2.29664, -5.543054, 0.0
32.0, -0.000303, -0.000516, -0.009454, 2.29664, -5.543054, 0.0
47.0, -0.00061, -0.000647, -0.012104, 2.296693, -5.476387, 0.0
64.0, -0.001061, -0.000754, -0.013109, 2.296693, -5.476387, 0.0
64.0, -0.001061, -0.000754, -0.013109, 2.296693, -5.476387, 0.0
79.0, -0.001702, -0.000954, -0.012912, 2.296693, -5.476387, 0.0
79.0, -0.001702, -0.000954, -0.012912, 2.296693, -5.476387, 0.0
96.0, -0.002581, -0.00136, -0.011875, 2.296693, -5.476387, 0.0
113.0, -0.00374, -0.002079, -0.010294, 2.296693, -5.476387, 0.0
113.0, -0.00374, -0.002079, -0.010294, 2.296693, -5.476387, 0.0
131.0, -0.005057, -0.003026, -0.00779, 2.296693, -5.476387, 0.0
131.0, -0.005057, -0.003026, -0.00779, 2.296693, -5.476387, 0.0
146.0, -0.006711, -0.004113, -0.00503, 2.296693, -5.476387, 0.0
163.0, -0.008799, -0.005422, -0.002031, 2.296693, -5.476387, 0.0
163.0, -0.008799, -0.005422, -0.002031, 2.296693, -5.476387, 0.0
180.0, -0.011401, -0.006846, 0.001077, 2.296693, -5.476387, 0.0
180.0, -0.011401, -0.006846, 0.001077, 2.296693, -5.476387, 0.0
196.0, -0.014494, -0.008328, 0.004054, 2.296693, -5.476387, 0.0
214.0, -0.017521, -0.009615, 0.003342, 2.296693, -5.476387, 0.0
214.0, -0.017521, -0.009615, 0.003342, 2.296693, -5.476387, 0.0
231.0, -0.021458, -0.0108, 0.003055, 2.296693, -5.476387, 0.0
231.0, -0.021458, -0.0108, 0.003055, 2.296693, -5.476387, 0.0
247.0, -0.025963, -0.012004, 0.003027, 2.296693, -5.476387, 0.0
264.0, -0.030968, -0.013277, 0.00306, 2.296693, -5.476387, 0.0
264.0, -0.030968, -0.013277, 0.00306, 2.296693, -5.476387, 0.0
281.0, -0.036467, -0.014643, 0.003187, 2.296693, -5.476387, 0.0
281.0, -0.036467, -0.014643, 0.003187, 2.296693, -5.476387, 0.0
297.0, -0.042456, -0.016105, 0.003327, 2.297091, -4.976383, 0.0
314.0, -0.048937, -0.017663, 0.003507, 2.297091, -4.976383, 0.0
314.0, -0.048937, -0.017663, 0.003507, 2.297091, -4.976383, 0.0
331.0, -0.055911, -0.019312, 0.003662, 2.297091, -4.976383, 0.0
331.0, -0.055911, -0.019312, 0.003662, 2.297091, -4.976383, 0.0
346.0, -0.063381, -0.021048, 0.003833, 2.297091, -4.976383, 0.0
362.0, -0.071347, -0.022865, 0.003964, 2.297091, -4.976383, 0.0
362.0, -0.071347, -0.022865, 0.003964, 2.297091, -4.976383, 0.0
380.0, -0.079808, -0.024758, 0.004099, 2.297091, -4.976383, 0.0
380.0, -0.079808, -0.024758, 0.004099, 2.297091, -4.976383, 0.0
397.0, -0.088764, -0.026723, 0.004192, 2.297091, -4.976383, 0.0
413.0, -0.098216, -0.028757, 0.004286, 2.297091, -4.976383, 0.0
413.0, -0.098216, -0.028757, 0.004286, 2.297091, -4.976383, 0.0
430.0, -0.108164, -0.030856, 0.00434, 2.297091, -4.976383, 0.0
430.0, -0.108164, -0.030856, 0.00434, 2.297091, -4.976383, 0.0
447.0, -0.118604, -0.033016, 0.004398, 2.297091, -4.976383, 0.0
464.0, -0.129539, -0.035235, 0.004419, 2.297091, -4.976383, 0.0
464.0, -0.129539, -0.035235, 0.004419, 2.297091, -4.976383, 0.0
480.0, -0.14097, -0.037511, 0.004451, 2.297091, -4.976383, 0.0
480.0, -0.14097, -0.037511, 0.004451, 2.297091, -4.976383, 0.0
497.0, -0.152898, -0.039841, 0.004451, 2.297091, -4.976383, 0.0
514.0, -0.165323, -0.042223, 0.004465, 2.297091, -4.976383, 0.0
514.0, -0.165323, -0.042223, 0.004465, 2.297091, -4.976383, 0.0
531.0, -0.178247, -0.044657, 0.004453, 2.297091, -4.976383, 0.0
531.0, -0.178247, -0.044657, 0.004453, 2.297091, -4.976383, 0.0
546.0, -0.191672, -0.04714, 0.004457, 2.297489, -4.476379, 0.0
564.0, -0.205598, -0.049672, 0.004438, 2.297489, -4.476379, 0.0
564.0, -0.205598, -0.049672, 0.004438, 2.297489, -4.476379, 0.0
580.0, -0.220021, -0.05225, 0.004435, 2.297489, -4.476379, 0.0
580.0, -0.220021, -0.05225, 0.004435, 2.297489, -4.476379, 0.0
596.0, -0.234941, -0.054872, 0.00441, 2.297489, -4.476379, 0.0
614.0, -0.250359, -0.05754, 0.004403, 2.297489, -4.476379, 0.0
614.0, -0.250359, -0.05754, 0.004403, 2.297489, -4.476379, 0.0
631.0, -0.266274, -0.06025, 0.004375, 2.297489, -4.476379, 0.0
631.0, -0.266274, -0.06025, 0.004375, 2.297489, -4.476379, 0.0
646.0, -0.282687, -0.063003, 0.004365, 2.297489, -4.476379, 0.0
663.0, -0.299597, -0.065799, 0.004337, 2.297489, -4.476379, 0.0
663.0, -0.299597, -0.065799, 0.004337, 2.297489, -4.476379, 0.0
681.0, -0.317004, -0.068637, 0.004327, 2.297489, -4.476379, 0.0
681.0, -0.317004, -0.068637, 0.004327, 2.297489, -4.476379, 0.0
696.0, -0.33491, -0.071517, 0.004299, 2.297489, -4.476379, 0.0
714.0, -0.353313, -0.07444, 0.004289, 2.297489, -4.476379, 0.0
714.0, -0.353313, -0.07444, 0.004289, 2.297489, -4.476379, 0.0
730.0, -0.372215, -0.077403, 0.004261, 2.297489, -4.476379, 0.0
730.0, -0.372215, -0.077403, 0.004261, 2.297489, -4.476379, 0.0
746.0, -0.391606, -0.080409, 0.004249, 2.297489, -4.476379, 0.0
762.0, -0.411494, -0.083456, 0.004219, 2.297489, -4.476379, 0.0
762.0, -0.411494, -0.083456, 0.004219, 2.297489, -4.476379, 0.0
779.0, -0.431879, -0.086547, 0.004208, 2.297489, -4.476379, 0.0
779.0, -0.431879, -0.086547, 0.004208, 2.297489, -4.476379, 0.0
796.0, -0.452763, -0.089681, 0.00418, 2.297887, -3.976374, 0.0
813.0, -0.474146, -0.09286, 0.00417, 2.297887, -3.976374, 0.0
813.0, -0.474146, -0.09286, 0.00417, 2.297887, -3.976374, 0.0
830.0, -0.496029, -0.096083, 0.004143, 2.297887, -3.976374, 0.0
830.0, -0.496029, -0.096083, 0.004143, 2.297887, -3.976374, 0.0
846.0, -0.518418, -0.099353, 0.004137, 2.297887, -3.976374, 0.0
862.0, -0.54131, -0.102669, 0.004112, 2.297887, -3.976374, 0.0
862.0, -0.54131, -0.102669, 0.004112, 2.297887, -3.976374, 0.0
879.0, -0.564699, -0.106032, 0.004103, 2.297887, -3.976374, 0.0
879.0, -0.564699, -0.106032, 0.004103, 2.297887, -3.976374, 0.0
896.0, -0.588586, -0.109442, 0.004074, 2.297887, -3.976374, 0.0
913.0, -0.61297, -0.1129, 0.004059, 2.297887, -3.976374, 0.0
913.0, -0.61297, -0.1129, 0.004059, 2.297887, -3.976374, 0.0
930.0, -0.63785, -0.116406, 0.004027, 2.297887, -3.976374, 0.0
930.0, -0.63785, -0.116406, 0.004027, 2.297887, -3.976374, 0.0
946.0, -0.663218, -0.11996, 0.004006, 2.297887, -3.976374, 0.0
962.0, -0.689079, -0.123565, 0.003967, 2.297887, -3.976374, 0.0
962.0, -0.689079, -0.123565, 0.003967, 2.297887, -3.976374, 0.0
979.0, -0.715437, -0.127223, 0.003946, 2.297887, -3.976374, 0.0
979.0, -0.715437, -0.127223, 0.003946, 2.297887, -3.976374, 0.0
995.0, -0.742293, -0.130934, 0.003909, 2.297887, -3.976374, 0.0
1013.0, -0.769647, -0.134701, 0.003889, 2.297887, -3.976374, 0.0
1013.0, -0.769647, -0.134701, 0.003889, 2.297887, -3.976374, 0.0
1030.0, -0.797499, -0.138522, 0.003853, 2.297887, -3.976374, 0.0
1030.0, -0.797499, -0.138522, 0.003853, 2.297887, -3.976374, 0.0
1046.0, -0.825859, -0.142404, 0.003837, 2.298285, -3.47637, 0.0
1063.0, -0.85472, -0.146346, 0.003803, 2.298285, -3.47637, 0.0
1063.0, -0.85472, -0.146346, 0.003803, 2.298285, -3.47637, 0.0
1079.0, -0.884077, -0.150351, 0.003782, 2.298285, -3.47637, 0.0
1079.0, -0.884077, -0.150351, 0.003782, 2.298285, -3.47637, 0.0
1096.0, -0.913929, -0.15442, 0.003741, 2.298285, -3.47637, 0.0
1114.0, -0.944276, -0.158556, 0.003714, 2.298285, -3.47637, 0.0
1114.0, -0.944276, -0.158556, 0.003714, 2.298285, -3.47637, 0.0
1131.0, -0.975117, -0.16276, 0.003668, 2.298285, -3.47637, 0.0
1131.0, -0.975117, -0.16276, 0.003668, 2.298285, -3.47637, 0.0
1145.0, -1.006351, -0.167016, 0.003596, 2.298285, -3.47637, 0.0
1163.0, -1.037851, -0.171306, 0.00343, 2.298285, -3.47637, 0.0
1163.0, -1.037851, -0.171306, 0.00343, 2.298285, -3.47637, 0.0
1180.0, -1.06949, -0.175611, 0.003187, 2.298285, -3.47637, 0.0
1180.0, -1.06949, -0.175611, 0.003187, 2.298285, -3.47637, 0.0
1196.0, -1.101155, -0.179915, 0.002831, 2.298285, -3.47637, 0.0
1212.0, -1.132751, -0.184207, 0.002408, 2.298285, -3.47637, 0.0
1212.0, -1.132751, -0.184207, 0.002408, 2.298285, -3.47637, 0.0
1229.0, -1.164196, -0.188474, 0.001905, 2.298285, -3.47637, 0.0
1229.0, -1.164196, -0.188474, 0.001905, 2.298285, -3.47637, 0.0
1246.0, -1.195425, -0.192706, 0.001371, 2.298285, -3.47637, 0.0
1263.0, -1.22637, -0.19689, 0.000804, 2.298285, -3.47637, 0.0
1263.0, -1.22637, -0.19689, 0.000804, 2.298285, -3.47637, 0.0
1279.0, -1.257002, -0.201021, 0.000257, 2.298285, -3.47637, 0.0
1279.0, -1.257002, -0.201021, 0.000257, 2.298285, -3.47637, 0.0
1296.0, -1.287287, -0.205089, -0.000285, 2.298684, -2.976353, 0.0
1313.0, -1.317199, -0.209088, -0.000776, 2.298684, -2.976353, 0.0
1313.0, -1.317199, -0.209088, -0.000776, 2.298684, -2.976353, 0.0
1331.0, -1.346715, -0.213009, -0.001239, 2.298684, -2.976353, 0.0
1331.0, -1.346715, -0.213009, -0.001239, 2.298684, -2.976353, 0.0
1346.0, -1.375827, -0.216849, -0.001631, 2.298684, -2.976353, 0.0
1364.0, -1.404514, -0.220599, -0.001987, 2.298684, -2.976353, 0.0
1364.0, -1.404514, -0.220599, -0.001987, 2.298684, -2.976353, 0.0
1380.0, -1.43276, -0.224255, -0.002276, 2.298684, -2.976353, 0.0
1380.0, -1.43276, -0.224255, -0.002276, 2.298684, -2.976353, 0.0
1396.0, -1.460555, -0.227813, -0.00253, 2.298684, -2.976353, 0.0
1413.0, -1.487892, -0.231269, -0.002722, 2.298684, -2.976353, 0.0
1413.0, -1.487892, -0.231269, -0.002722, 2.298684, -2.976353, 0.0
1431.0, -1.514765, -0.234621, -0.002885, 2.298684, -2.976353, 0.0
1431.0, -1.514765, -0.234621, -0.002885, 2.298684, -2.976353, 0.0
1446.0, -1.541159, -0.237866, -0.002997, 2.298684, -2.976353, 0.0
1463.0, -1.567078, -0.241004, -0.003089, 2.298684, -2.976353, 0.0
1463.0, -1.567078, -0.241004, -0.003089, 2.298684, -2.976353, 0.0
1479.0, -1.592522, -0.244034, -0.003133, 2.298684, -2.976353, 0.0
1479.0, -1.592522, -0.244034, -0.003133, 2.298684, -2.976353, 0.0
1496.0, -1.617491, -0.246955, -0.003164, 2.298684, -2.976353, 0.0
1513.0, -1.641986, -0.249768, -0.003157, 2.298684, -2.976353, 0.0
1513.0, -1.641986, -0.249768, -0.003157, 2.298684, -2.976353, 0.0
1531.0, -1.665998, -0.252471, -0.003146, 2.298684, -2.976353, 0.0
1531.0, -1.665998, -0.252471, -0.003146, 2.298684, -2.976353, 0.0
1546.0, -1.689538, -0.255067, -0.003101, 2.299082, -2.476341, 0.0
1563.0, -1.712599, -0.257555, -0.003061, 2.299082, -2.476341, 0.0
1563.0, -1.712599, -0.257555, -0.003061, 2.299082, -2.476341, 0.0
1581.0, -1.735176, -0.259935, -0.002999, 2.299082, -2.476341, 0.0
1581.0, -1.735176, -0.259935, -0.002999, 2.299082, -2.476341, 0.0
1596.0, -1.757267, -0.262206, -0.002945, 2.299082, -2.476341, 0.0
1614.0, -1.778873, -0.264371, -0.002875, 2.299082, -2.476341, 0.0
1614.0, -1.778873, -0.264371, -0.002875, 2.299082, -2.476341, 0.0
1632.0, -1.799991, -0.266428, -0.002816, 2.299082, -2.476341, 0.0
1632.0, -1.799991, -0.266428, -0.002816, 2.299082, -2.476341, 0.0
1646.0, -1.820614, -0.268379, -0.002738, 2.299082, -2.476341, 0.0
1662.0, -1.840747, -0.270223, -0.002675, 2.299082, -2.476341, 0.0
1662.0, -1.840747, -0.270223, -0.002675, 2.299082, -2.476341, 0.0
1679.0, -1.860393, -0.271962, -0.002591, 2.299082, -2.476341, 0.0
1679.0, -1.860393, -0.271962, -0.002591, 2.299082, -2.476341, 0.0
1695.0, -1.87955, -0.273597, -0.002523, 2.299082, -2.476341, 0.0
1712.0, -1.898222, -0.275127, -0.002437, 2.299082, -2.476341, 0.0
1712.0, -1.898222, -0.275127, -0.002437, 2.299082, -2.476341, 0.0
1730.0, -1.916405, -0.276553, -0.002367, 2.299082, -2.476341, 0.0
1730.0, -1.916405, -0.276553, -0.002367, 2.299082, -2.476341, 0.0
1746.0, -1.934108, -0.277876, -0.002278, 2.299082, -2.476341, 0.0
1762.0, -1.951325, -0.279096, -0.002206, 2.299082, -2.476341, 0.0
1762.0, -1.951325, -0.279096, -0.002206, 2.299082, -2.476341, 0.0
1779.0, -1.968053, -0.280213, -0.00212, 2.299082, -2.476341, 0.0
1779.0, -1.968053, -0.280213, -0.00212, 2.299082, -2.476341, 0.0
1796.0, -1.984291, -0.281227, -0.002051, 2.29948, -1.976337, 0.0
1813.0, -2.00004, -0.282139, -0.001968, 2.29948, -1.976337, 0.0
1813.0, -2.00004, -0.282139, -0.001968, 2.29948, -1.976337, 0.0
1831.0, -2.015298, -0.28295, -0.001901, 2.29948, -1.976337, 0.0
1831.0, -2.015298, -0.28295, -0.001901, 2.29948, -1.976337, 0.0
1846.0, -2.030062, -0.283658, -0.001822, 2.29948, -1.976337, 0.0
1864.0, -2.044333, -0.284266, -0.001758, 2.29948, -1.976337, 0.0
1864.0, -2.044333, -0.284266, -0.001758, 2.29948, -1.976337, 0.0
1880.0, -2.058115, -0.284774, -0.001679, 2.29948, -1.976337, 0.0
1880.0, -2.058115, -0.284774, -0.001679, 2.29948, -1.976337, 0.0
1896.0, -2.071406, -0.285181, -0.001612, 2.29948, -1.976337, 0.0
1912.0, -2.08421, -0.285489, -0.001531, 2.29948, -1.976337, 0.0
1912.0, -2.08421, -0.285489, -0.001531, 2.29948, -1.976337, 0.0
1930.0, -2.096524, -0.285697, -0.001462, 2.29948, -1.976337, 0.0
1930.0, -2.096524, -0.285697, -0.001462, 2.29948, -1.976337, 0.0
1946.0, -2.108354, -0.285807, -0.001377, 2.29948, -1.976337, 0.0
1962.0, -2.119695, -0.285819, -0.001304, 2.29948, -1.976337, 0.0
1962.0, -2.119695, -0.285819, -0.001304, 2.29948, -1.976337, 0.0
1979.0, -2.130546, -0.285733, -0.00122, 2.29948, -1.976337, 0.0
1979.0, -2.130546, -0.285733, -0.00122, 2.29948, -1.976337, 0.0
1996.0, -2.140907, -0.285549, -0.001146, 2.29948, -1.976337, 0.0
2013.0, -2.150777, -0.28527, -0.001062, 2.29948, -1.976337, 0.0
2013.0, -2.150777, -0.28527, -0.001062, 2.29948, -1.976337, 0.0
2031.0, -2.160156, -0.284894, -0.000987, 2.29948, -1.976337, 0.0
2031.0, -2.160156, -0.284894, -0.000987, 2.29948, -1.976337, 0.0
2046.0, -2.169045, -0.284422, -0.000903, 2.299878, -1.476331, 0.0
2063.0, -2.177443, -0.283857, -0.000825, 2.299878, -1.476331, 0.0
2063.0, -2.177443, -0.283857, -0.000825, 2.299878, -1.476331, 0.0
2080.0, -2.18535, -0.283197, -0.000739, 2.299878, -1.476331, 0.0
2080.0, -2.18535, -0.283197, -0.000739, 2.299878, -1.476331, 0.0
2096.0, -2.192766, -0.282445, -0.000658, 2.299878, -1.476331, 0.0
2113.0, -2.199693, -0.281602, -0.000571, 2.299878, -1.476331, 0.0
2113.0, -2.199693, -0.281602, -0.000571, 2.299878, -1.476331, 0.0
2130.0, -2.206129, -0.280667, -0.000486, 2.299878, -1.476331, 0.0
2130.0, -2.206129, -0.280667, -0.000486, 2.299878, -1.476331, 0.0
2146.0, -2.212074, -0.279643, -0.0004, 2.299878, -1.476331, 0.0
2163.0, -2.217527, -0.278532, -0.000313, 2.299878, -1.476331, 0.0
2163.0, -2.217527, -0.278532, -0.000313, 2.299878, -1.476331, 0.0
2179.0, -2.222494, -0.277335, -0.000229, 2.299878, -1.476331, 0.0
2179.0, -2.222494, -0.277335, -0.000229, 2.299878, -1.476331, 0.0
2196.0, -2.226971, -0.276053, -0.000139, 2.299878, -1.476331, 0.0
2213.0, -2.230965, -0.274689, -0.000063, 2.299878, -1.476331, 0.0
2213.0, -2.230965, -0.274689, -0.000063, 2.299878, -1.476331, 0.0
2231.0, -2.234472, -0.273245, 0.00002, 2.299878, -1.476331, 0.0
2231.0, -2.234472, -0.273245, 0.00002, 2.299878, -1.476331, 0.0
2246.0, -2.237503, -0.271725, 0.000076, 2.299878, -1.476331, 0.0
2263.0, -2.240054, -0.27013, 0.000131, 2.299878, -1.476331, 0.0
2264.0, -2.240054, -0.27013, 0.000131, 2.299878, -1.476331, 0.0
2281.0, -2.24214, -0.268467, 0.000136, 2.299878, -1.476331, 0.0
2281.0, -2.24214, -0.268467, 0.000136, 2.299878, -1.476331, 0.0
2296.0, -2.243758, -0.266732, 0.000121, 2.300276, -0.976327, 0.0
2313.0, -2.244934, -0.264928, 0.000037, 2.300276, -0.976327, 0.0
2313.0, -2.244934, -0.264928, 0.000037, 2.300276, -0.976327, 0.0
2332.0, -2.245659, -0.263045, -0.000085, 2.300276, -0.976327, 0.0
2332.0, -2.245659, -0.263045, -0.000085, 2.300276, -0.976327, 0.0
2346.0, -2.245959, -0.261068, -0.000258, 2.300276, -0.976327, 0.0
2362.0, -2.245809, -0.258988, -0.000438, 2.300276, -0.976327, 0.0
2362.0, -2.245809, -0.258988, -0.000438, 2.300276, -0.976327, 0.0
2379.0, -2.245209, -0.256778, -0.000646, 2.300276, -0.976327, 0.0
2379.0, -2.245209, -0.256778, -0.000646, 2.300276, -0.976327, 0.0
2396.0, -2.244129, -0.254448, -0.000821, 2.300276, -0.976327, 0.0
2413.0, -2.242557, -0.251982, -0.001029, 2.300276, -0.976327, 0.0
2413.0, -2.242557, -0.251982, -0.001029, 2.300276, -0.976327, 0.0
2430.0, -2.240476, -0.249402, -0.001192, 2.300276, -0.976327, 0.0
2430.0, -2.240476, -0.249402, -0.001192, 2.300276, -0.976327, 0.0
2446.0, -2.237877, -0.246701, -0.001397, 2.300276, -0.976327, 0.0
2463.0, -2.234755, -0.243902, -0.001555, 2.300276, -0.976327, 0.0
2463.0, -2.234755, -0.243902, -0.001555, 2.300276, -0.976327, 0.0
2479.0, -2.231107, -0.240999, -0.001752, 2.300276, -0.976327, 0.0
2479.0, -2.231107, -0.240999, -0.001752, 2.300276, -0.976327, 0.0
2496.0, -2.226937, -0.238011, -0.001896, 2.300276, -0.976327, 0.0
2514.0, -2.222242, -0.234933, -0.002075, 2.300276, -0.976327, 0.0
2514.0, -2.222242, -0.234933, -0.002075, 2.300276, -0.976327, 0.0
2531.0, -2.21703, -0.231777, -0.002196, 2.300276, -0.976327, 0.0
2531.0, -2.21703, -0.231777, -0.002196, 2.300276, -0.976327, 0.0
2546.0, -2.211298, -0.228537, -0.00235, 2.300674, -0.476323, 0.0
2564.0, -2.205054, -0.225226, -0.002444, 2.300674, -0.476323, 0.0
2564.0, -2.205054, -0.225226, -0.002444, 2.300674, -0.476323, 0.0
2580.0, -2.198295, -0.221835, -0.002569, 2.300674, -0.476323, 0.0
2580.0, -2.198295, -0.221835, -0.002569, 2.300674, -0.476323, 0.0
2595.0, -2.19103, -0.218375, -0.002634, 2.300674, -0.476323, 0.0
2612.0, -2.183254, -0.214839, -0.002731, 2.300674, -0.476323, 0.0
2612.0, -2.183254, -0.214839, -0.002731, 2.300674, -0.476323, 0.0
2630.0, -2.174976, -0.211234, -0.00277, 2.300674, -0.476323, 0.0
2630.0, -2.174976, -0.211234, -0.00277, 2.300674, -0.476323, 0.0
2645.0, -2.166193, -0.207556, -0.00284, 2.300674, -0.476323, 0.0
2662.0, -2.156913, -0.203811, -0.002856, 2.300674, -0.476323, 0.0
2662.0, -2.156913, -0.203811, -0.002856, 2.300674, -0.476323, 0.0
2680.0, -2.147127, -0.199994, -0.002907, 2.300674, -0.476323, 0.0
2680.0, -2.147127, -0.199994, -0.002907, 2.300674, -0.476323, 0.0
2696.0, -2.136845, -0.196109, -0.002907, 2.300674, -0.476323, 0.0
2713.0, -2.126059, -0.192153, -0.002943, 2.300674, -0.476323, 0.0
2713.0, -2.126059, -0.192153, -0.002943, 2.300674, -0.476323, 0.0
2731.0, -2.114777, -0.18813, -0.00293, 2.300674, -0.476323, 0.0
2731.0, -2.114777, -0.18813, -0.00293, 2.300674, -0.476323, 0.0
2746.0, -2.102988, -0.184035, -0.002956, 2.300674, -0.476323, 0.0
2763.0, -2.090703, -0.179873, -0.002935, 2.300674, -0.476323, 0.0
2763.0, -2.090703, -0.179873, -0.002935, 2.300674, -0.476323, 0.0
2780.0, -2.077916, -0.175642, -0.002952, 2.300674, -0.476323, 0.0
2780.0, -2.077916, -0.175642, -0.002952, 2.300674, -0.476323, 0.0
2796.0, -2.064636, -0.171347, -0.002923, 2.301073, 0.023682, 0.0
2813.0, -2.050855, -0.166983, -0.002932, 2.301073, 0.023682, 0.0
2813.0, -2.050855, -0.166983, -0.002932, 2.301073, 0.023682, 0.0
2831.0, -2.036583, -0.162555, -0.002897, 2.301073, 0.023682, 0.0
2831.0, -2.036583, -0.162555, -0.002897, 2.301073, 0.023682, 0.0
2845.0, -2.021815, -0.158062, -0.002899, 2.301073, 0.023682, 0.0
2862.0, -2.006557, -0.153507, -0.002859, 2.301073, 0.023682, 0.0
2862.0, -2.006557, -0.153507, -0.002859, 2.301073, 0.023682, 0.0
2879.0, -1.990798, -0.148885, -0.002859, 2.301073, 0.023682, 0.0
2879.0, -1.990798, -0.148885, -0.002859, 2.301073, 0.023682, 0.0
2895.0, -1.974548, -0.144201, -0.002819, 2.301073, 0.023682, 0.0
2912.0, -1.957795, -0.139452, -0.002819, 2.301073, 0.023682, 0.0
2912.0, -1.957795, -0.139452, -0.002819, 2.301073, 0.023682, 0.0
2930.0, -1.94055, -0.134641, -0.002779, 2.301073, 0.023682, 0.0
2930.0, -1.94055, -0.134641, -0.002779, 2.301073, 0.023682, 0.0
2946.0, -1.922797, -0.129764, -0.002781, 2.301073, 0.023682, 0.0
2963.0, -1.904549, -0.124827, -0.002743, 2.301073, 0.023682, 0.0
2963.0, -1.904549, -0.124827, -0.002743, 2.301073, 0.023682, 0.0
2980.0, -1.885799, -0.119826, -0.002743, 2.301073, 0.023682, 0.0
2980.0, -1.885799, -0.119826, -0.002743, 2.301073, 0.023682, 0.0
2996.0, -1.866559, -0.114766, -0.002702, 2.301073, 0.023682, 0.0
3013.0, -1.846817, -0.109645, -0.002699, 2.301073, 0.023682, 0.0
3013.0, -1.846817, -0.109645, -0.002699, 2.301073, 0.023682, 0.0
3032.0, -1.826584, -0.104466, -0.002656, 2.301073, 0.023682, 0.0
3032.0, -1.826584, -0.104466, -0.002656, 2.301073, 0.023682, 0.0
3046.0, -1.805858, -0.099228, -0.002648, 2.301471, 0.523685, 0.0
3063.0, -1.784635, -0.093932, -0.002601, 2.301471, 0.523685, 0.0
3063.0, -1.784635, -0.093932, -0.002601, 2.301471, 0.523685, 0.0
3081.0, -1.762919, -0.088578, -0.002594, 2.301471, 0.523685, 0.0
3081.0, -1.762919, -0.088578, -0.002594, 2.301471, 0.523685, 0.0
3095.0, -1.74071, -0.083169, -0.002551, 2.301471, 0.523685, 0.0
3112.0, -1.718, -0.077701, -0.002546, 2.301471, 0.523685, 0.0
3112.0, -1.718, -0.077701, -0.002546, 2.301471, 0.523685, 0.0
3130.0, -1.694796, -0.072177, -0.002504, 2.301471, 0.523685, 0.0
3130.0, -1.694796, -0.072177, -0.002504, 2.301471, 0.523685, 0.0
3146.0, -1.671081, -0.066594, -0.002504, 2.301471, 0.523685, 0.0
3163.0, -1.64687, -0.060955, -0.002465, 2.301471, 0.523685, 0.0
3163.0, -1.64687, -0.060955, -0.002465, 2.301471, 0.523685, 0.0
3180.0, -1.622156, -0.05526, -0.002463, 2.301471, 0.523685, 0.0
3180.0, -1.622156, -0.05526, -0.002463, 2.301471, 0.523685, 0.0
3196.0, -1.596951, -0.049512, -0.002422, 2.301471, 0.523685, 0.0
3213.0, -1.571245, -0.043709, -0.002416, 2.301471, 0.523685, 0.0
3213.0, -1.571245, -0.043709, -0.002416, 2.301471, 0.523685, 0.0
3231.0, -1.545047, -0.037854, -0.002373, 2.301471, 0.523685, 0.0
3231.0, -1.545047, -0.037854, -0.002373, 2.301471, 0.523685, 0.0
3246.0, -1.518348, -0.031944, -0.002366, 2.301471, 0.523685, 0.0
3263.0, -1.491158, -0.025983, -0.002322, 2.301471, 0.523685, 0.0
3263.0, -1.491158, -0.025983, -0.002322, 2.301471, 0.523685, 0.0
3280.0, -1.463466, -0.019969, -0.002315, 2.301471, 0.523685, 0.0
3280.0, -1.463466, -0.019969, -0.002315, 2.301471, 0.523685, 0.0
3296.0, -1.435282, -0.013905, -0.002271, 2.301869, 1.023706, 0.0
3313.0, -1.406597, -0.007788, -0.002264, 2.301869, 1.023706, 0.0
3313.0, -1.406597, -0.007788, -0.002264, 2.301869, 1.023706, 0.0
3331.0, -1.377419, -0.001621, -0.002221, 2.301869, 1.023706, 0.0
3331.0, -1.377419, -0.001621, -0.002221, 2.301869, 1.023706, 0.0
3346.0, -1.347751, 0.004595, -0.00221, 2.301869, 1.023706, 0.0
3363.0, -1.317593, 0.01086, -0.002164, 2.301869, 1.023706, 0.0
3363.0, -1.317593, 0.01086, -0.002164, 2.301869, 1.023706, 0.0
3380.0, -1.286933, 0.017175, -0.002156, 2.301869, 1.023706, 0.0
3380.0, -1.286933, 0.017175, -0.002156, 2.301869, 1.023706, 0.0
3396.0, -1.25578, 0.02354, -0.002114, 2.301869, 1.023706, 0.0
3413.0, -1.224122, 0.029955, -0.002109, 2.301869, 1.023706, 0.0
3413.0, -1.224122, 0.029955, -0.002109, 2.301869, 1.023706, 0.0
3431.0, -1.19197, 0.036418, -0.00207, 2.301869, 1.023706, 0.0
3431.0, -1.19197, 0.036418, -0.00207, 2.301869, 1.023706, 0.0
3446.0, -1.159302, 0.042935, -0.002072, 2.301869, 1.023706, 0.0
3464.0, -1.126136, 0.0495, -0.002037, 2.301869, 1.023706, 0.0
3464.0, -1.126136, 0.0495, -0.002037, 2.301869, 1.023706, 0.0
3480.0, -1.092466, 0.056114, -0.002037, 2.301869, 1.023706, 0.0
3480.0, -1.092466, 0.056114, -0.002037, 2.301869, 1.023706, 0.0
3496.0, -1.058305, 0.062776, -0.001997, 2.301869, 1.023706, 0.0
3514.0, -1.023642, 0.069486, -0.001993, 2.301869, 1.023706, 0.0
3514.0, -1.023642, 0.069486, -0.001993, 2.301869, 1.023706, 0.0
3530.0, -0.988487, 0.076242, -0.00195, 2.301869, 1.023706, 0.0
3530.0, -0.988487, 0.076242, -0.00195, 2.301869, 1.023706, 0.0
3546.0, -0.952844, 0.083044, -0.001937, 2.302267, 1.52371, 0.0
3562.0, -0.916714, 0.089891, -0.001889, 2.302267, 1.52371, 0.0
3562.0, -0.916714, 0.089891, -0.001889, 2.302267, 1.52371, 0.0
3580.0, -0.880081, 0.096785, -0.001879, 2.302267, 1.52371, 0.0
3580.0, -0.880081, 0.096785, -0.001879, 2.302267, 1.52371, 0.0
3596.0, -0.842955, 0.103726, -0.001835, 2.302267, 1.52371, 0.0
3613.0, -0.805324, 0.110714, -0.001829, 2.302267, 1.52371, 0.0
3613.0, -0.805324, 0.110714, -0.001829, 2.302267, 1.52371, 0.0
3631.0, -0.7672, 0.117749, -0.001789, 2.302267, 1.52371, 0.0
3631.0, -0.7672, 0.117749, -0.001789, 2.302267, 1.52371, 0.0
3646.0, -0.728556, 0.124834, -0.001791, 2.302267, 1.52371, 0.0
3663.0, -0.689414, 0.131966, -0.001757, 2.302267, 1.52371, 0.0
3663.0, -0.689414, 0.131966, -0.001757, 2.302267, 1.52371, 0.0
3680.0, -0.649769, 0.139146, -0.001756, 2.302267, 1.52371, 0.0
3680.0, -0.649769, 0.139146, -0.001756, 2.302267, 1.52371, 0.0
3696.0, -0.609631, 0.146372, -0.001717, 2.302267, 1.52371, 0.0
3714.0, -0.568992, 0.153645, -0.001711, 2.302267, 1.52371, 0.0
3714.0, -0.568992, 0.153645, -0.001711, 2.302267, 1.52371, 0.0
3731.0, -0.527861, 0.160963, -0.001668, 2.302267, 1.52371, 0.0
3731.0, -0.527861, 0.160963, -0.001668, 2.302267, 1.52371, 0.0
3746.0, -0.486246, 0.168326, -0.001653, 2.302267, 1.52371, 0.0
3763.0, -0.444143, 0.175733, -0.001603, 2.302267, 1.52371, 0.0
3763.0, -0.444143, 0.175733, -0.001603, 2.302267, 1.52371, 0.0
3779.0, -0.401538, 0.183187, -0.001591, 2.302267, 1.52371, 0.0
3779.0, -0.401538, 0.183187, -0.001591, 2.302267, 1.52371, 0.0
3796.0, -0.35844, 0.190687, -0.001547, 2.302665, 2.023714, 0.0
3813.0, -0.314837, 0.198236, -0.00154, 2.302665, 2.023714, 0.0
3813.0, -0.314837, 0.198236, -0.00154, 2.302665, 2.023714, 0.0
3831.0, -0.270739, 0.20583, -0.001499, 2.302665, 2.023714, 0.0
3831.0, -0.270739, 0.20583, -0.001499, 2.302665, 2.023714, 0.0
3846.0, -0.22612, 0.213477, -0.001501, 2.302665, 2.023714, 0.0
3863.0, -0.181003, 0.221171, -0.001467, 2.302665, 2.023714, 0.0
3863.0, -0.181003, 0.221171, -0.001467, 2.302665, 2.023714, 0.0
3881.0, -0.135381, 0.228914, -0.001465, 2.302665, 2.023714, 0.0
3881.0, -0.135381, 0.228914, -0.001465, 2.302665, 2.023714, 0.0
3897.0, -0.089268, 0.236704, -0.001425, 2.302665, 2.023714, 0.0
3914.0, -0.042653, 0.244542, -0.001417, 2.302665, 2.023714, 0.0
3914.0, -0.042653, 0.244542, -0.001417, 2.302665, 2.023714, 0.0
3931.0, 0.004452, 0.252428, -0.001373, 2.302665, 2.023714, 0.0
3931.0, 0.004452, 0.252428, -0.001373, 2.302665, 2.023714, 0.0
3947.0, 0.052047, 0.260362, -0.001358, 2.302665, 2.023714, 0.0
3964.0, 0.100067, 0.268343, -0.001282, 2.302665, 2.023714, 0.0
3964.0, 0.100067, 0.268343, -0.001282, 2.302665, 2.023714, 0.0
3981.0, 0.148459, 0.276372, -0.001198, 2.302665, 2.023714, 0.0
3981.0, 0.148459, 0.276372, -0.001198, 2.302665, 2.023714, 0.0
3996.0, 0.197152, 0.284446, -0.001031, 2.302665, 2.023714, 0.0
4013.0, 0.246101, 0.292565, -0.000849, 2.302665, 2.023714, 0.0
4013.0, 0.246101, 0.292565, -0.000849, 2.302665, 2.023714, 0.0
4030.0, 0.295249, 0.300725, -0.00059, 2.302665, 2.023714, 0.0
4031.0, 0.295249, 0.300725, -0.00059, 2.302665, 2.023714, 0.0
4046.0, 0.34455, 0.308924, -0.000324, 2.303063, 2.523718, 0.0
4062.0, 0.393976, 0.317163, -0.000003, 2.303063, 2.523718, 0.0
4062.0, 0.393976, 0.317163, -0.000003, 2.303063, 2.523718, 0.0
4079.0, 0.443516, 0.325443, 0.000293, 2.303063, 2.523718, 0.0
4079.0, 0.443516, 0.325443, 0.000293, 2.303063, 2.523718, 0.0
4096.0, 0.493142, 0.333766, 0.000623, 2.303063, 2.523718, 0.0
4112.0, 0.542846, 0.342132, 0.000908, 2.303063, 2.523718, 0.0
4112.0, 0.542846, 0.342132, 0.000908, 2.303063, 2.523718, 0.0
4131.0, 0.592604, 0.350544, 0.001215, 2.303063, 2.523718, 0.0
4131.0, 0.592604, 0.350544, 0.001215, 2.303063, 2.523718, 0.0
4146.0, 0.642434, 0.359007, 0.001461, 2.303063, 2.523718, 0.0
4163.0, 0.692304, 0.367519, 0.001723, 2.303063, 2.523718, 0.0
4163.0, 0.692304, 0.367519, 0.001723, 2.303063, 2.523718, 0.0
4180.0, 0.742209, 0.376083, 0.00193, 2.303063, 2.523718, 0.0
4180.0, 0.742209, 0.376083, 0.00193, 2.303063, 2.523718, 0.0
4196.0, 0.792131, 0.384699, 0.002155, 2.303063, 2.523718, 0.0
4214.0, 0.842075, 0.393369, 0.002325, 2.303063, 2.523718, 0.0
4214.0, 0.842075, 0.393369, 0.002325, 2.303063, 2.523718, 0.0
4231.0, 0.892027, 0.402092, 0.002511, 2.303063, 2.523718, 0.0
4231.0, 0.892027, 0.402092, 0.002511, 2.303063, 2.523718, 0.0
4246.0, 0.941975, 0.410867, 0.002651, 2.303063, 2.523718, 0.0
4263.0, 0.991921, 0.419697, 0.002809, 2.303063, 2.523718, 0.0
4263.0, 0.991921, 0.419697, 0.002809, 2.303063, 2.523718, 0.0
4280.0, 1.041879, 0.428584, 0.002912, 2.303063, 2.523718, 0.0
4280.0, 1.041879, 0.428584, 0.002912, 2.303063, 2.523718, 0.0
4296.0, 1.091839, 0.437527, 0.003034, 2.303462, 3.023722, 0.0
4313.0, 1.141812, 0.446529, 0.003105, 2.303462, 3.023722, 0.0
4313.0, 1.141812, 0.446529, 0.003105, 2.303462, 3.023722, 0.0
4331.0, 1.191785, 0.455588, 0.0032, 2.303462, 3.023722, 0.0
4331.0, 1.191785, 0.455588, 0.0032, 2.303462, 3.023722, 0.0
4346.0, 1.241787, 0.46471, 0.003242, 2.303462, 3.023722, 0.0
4363.0, 1.291793, 0.47389, 0.003314, 2.303462, 3.023722, 0.0
4363.0, 1.291793, 0.47389, 0.003314, 2.303462, 3.023722, 0.0
4380.0, 1.341808, 0.483129, 0.003347, 2.303462, 3.023722, 0.0
4380.0, 1.341808, 0.483129, 0.003347, 2.303462, 3.023722, 0.0
4396.0, 1.391818, 0.492424, 0.003415, 2.303462, 3.023722, 0.0
4413.0, 1.441832, 0.501777, 0.003446, 2.303462, 3.023722, 0.0
4413.0, 1.441832, 0.501777, 0.003446, 2.303462, 3.023722, 0.0
4431.0, 1.49184, 0.511186, 0.003513, 2.303462, 3.023722, 0.0
4431.0, 1.49184, 0.511186, 0.003513, 2.303462, 3.023722, 0.0
4447.0, 1.541852, 0.520651, 0.003542, 2.303462, 3.023722, 0.0
4463.0, 1.591857, 0.530171, 0.003606, 2.303462, 3.023722, 0.0
4463.0, 1.591857, 0.530171, 0.003606, 2.303462, 3.023722, 0.0
4480.0, 1.641868, 0.539747, 0.003632, 2.303462, 3.023722, 0.0
4480.0, 1.641868, 0.539747, 0.003632, 2.303462, 3.023722, 0.0
4496.0, 1.691872, 0.549378, 0.003694, 2.303462, 3.023722, 0.0
4514.0, 1.74188, 0.559065, 0.003719, 2.303462, 3.023722, 0.0
4514.0, 1.74188, 0.559065, 0.003719, 2.303462, 3.023722, 0.0
4531.0, 1.791884, 0.568806, 0.003779, 2.303462, 3.023722, 0.0
4531.0, 1.791884, 0.568806, 0.003779, 2.303462, 3.023722, 0.0
4546.0, 1.841873, 0.5786, 0.003809, 2.30386, 3.523726, 0.0
4562.0, 1.891851, 0.588446, 0.003874, 2.30386, 3.523726, 0.0
4562.0, 1.891851, 0.588446, 0.003874, 2.30386, 3.523726, 0.0
4580.0, 1.941835, 0.598348, 0.003899, 2.30386, 3.523726, 0.0
4580.0, 1.941835, 0.598348, 0.003899, 2.30386, 3.523726, 0.0
4598.0, 1.991816, 0.608305, 0.003957, 2.30386, 3.523726, 0.0
4613.0, 2.041806, 0.618318, 0.003975, 2.30386, 3.523726, 0.0
4613.0, 2.041806, 0.618318, 0.003975, 2.30386, 3.523726, 0.0
4631.0, 2.091792, 0.628386, 0.004029, 2.30386, 3.523726, 0.0
4631.0, 2.091792, 0.628386, 0.004029, 2.30386, 3.523726, 0.0
4646.0, 2.141805, 0.638514, 0.004037, 2.30386, 3.523726, 0.0
4663.0, 2.191821, 0.648698, 0.004083, 2.30386, 3.523726, 0.0
4663.0, 2.191821, 0.648698, 0.004083, 2.30386, 3.523726, 0.0
4680.0, 2.241843, 0.658938, 0.004096, 2.30386, 3.523726, 0.0
4680.0, 2.241843, 0.658938, 0.004096, 2.30386, 3.523726, 0.0
4696.0, 2.291859, 0.669233, 0.004149, 2.30386, 3.523726, 0.0
4714.0, 2.341879, 0.679583, 0.004168, 2.30386, 3.523726, 0.0
4714.0, 2.341879, 0.679583, 0.004168, 2.30386, 3.523726, 0.0
4733.0, 2.391891, 0.689987, 0.004227, 2.30386, 3.523726, 0.0
4733.0, 2.391891, 0.689987, 0.004227, 2.30386, 3.523726, 0.0
4747.0, 2.441888, 0.700441, 0.004257, 2.30386, 3.523726, 0.0
4765.0, 2.491872, 0.710948, 0.004325, 2.30386, 3.523726, 0.0
4765.0, 2.491872, 0.710948, 0.004325, 2.30386, 3.523726, 0.0
4779.0, 2.541861, 0.72151, 0.004351, 2.30386, 3.523726, 0.0
4779.0, 2.541861, 0.72151, 0.004351, 2.30386, 3.523726, 0.0
4795.0, 2.591847, 0.732126, 0.004413, 2.304258, 4.02373, 0.0
4812.0, 2.641839, 0.742798, 0.004433, 2.304258, 4.02373, 0.0
4812.0, 2.641839, 0.742798, 0.004433, 2.304258, 4.02373, 0.0
4832.0, 2.691829, 0.753525, 0.00449, 2.304258, 4.02373, 0.0
4832.0, 2.691829, 0.753525, 0.00449, 2.304258, 4.02373, 0.0
4846.0, 2.741846, 0.764312, 0.0045, 2.304258, 4.02373, 0.0
4864.0, 2.791864, 0.775156, 0.004548, 2.304258, 4.02373, 0.0
4864.0, 2.791864, 0.775156, 0.004548, 2.304258, 4.02373, 0.0
4880.0, 2.841888, 0.786056, 0.004562, 2.304258, 4.02373, 0.0
4880.0, 2.841888, 0.786056, 0.004562, 2.304258, 4.02373, 0.0
4896.0, 2.891905, 0.797011, 0.004617, 2.304258, 4.02373, 0.0
4914.0, 2.941926, 0.808022, 0.004636, 2.304258, 4.02373, 0.0
4914.0, 2.941926, 0.808022, 0.004636, 2.304258, 4.02373, 0.0
4931.0, 2.991939, 0.819087, 0.004696, 2.304258, 4.02373, 0.0
4931.0, 2.991939, 0.819087, 0.004696, 2.304258, 4.02373, 0.0
4946.0, 3.041936, 0.830203, 0.004726, 2.304258, 4.02373, 0.0
4964.0, 3.091921, 0.841372, 0.004795, 2.304258, 4.02373, 0.0
4964.0, 3.091921, 0.841372, 0.004795, 2.304258, 4.02373, 0.0
4981.0, 3.141911, 0.852596, 0.004821, 2.304258, 4.02373, 0.0
4981.0, 3.141911, 0.852596, 0.004821, 2.304258, 4.02373, 0.0
4996.0, 3.191897, 0.863876, 0.004883, 2.304258, 4.02373, 0.0
5013.0, 3.24189, 0.875213, 0.004903, 2.304258, 4.02373, 0.0
5013.0, 3.24189, 0.875213, 0.004903, 2.304258, 4.02373, 0.0
5030.0, 3.29188, 0.886605, 0.004961, 2.304258, 4.02373, 0.0
5030.0, 3.29188, 0.886605, 0.004961, 2.304258, 4.02373, 0.0
5046.0, 3.341897, 0.89806, 0.00497, 2.304656, 4.523734, 0.0
5062.0, 3.391915, 0.909572, 0.00502, 2.304656, 4.523734, 0.0
5062.0, 3.391915, 0.909572, 0.00502, 2.304656, 4.523734, 0.0
5080.0, 3.442628, 0.921301, 0.005034, 2.304656, 4.523734, 0.0
5080.0, 3.442628, 0.921301, 0.005034, 2.304656, 4.523734, 0.0
5097.0, 3.492645, 0.932927, 0.005089, 2.304656, 4.523734, 0.0
5114.0, 3.542666, 0.944611, 0.005108, 2.304656, 4.523734, 0.0
5114.0, 3.542666, 0.944611, 0.005108, 2.304656, 4.523734, 0.0
5134.0, 3.59268, 0.956351, 0.005168, 2.304656, 4.523734, 0.0
5134.0, 3.59268, 0.956351, 0.005168, 2.304656, 4.523734, 0.0
5146.0, 3.642571, 0.968118, 0.005241, 2.304656, 4.523734, 0.0
5164.0, 3.69232, 0.979908, 0.005389, 2.304656, 4.523734, 0.0
5164.0, 3.69232, 0.979908, 0.005389, 2.304656, 4.523734, 0.0
5180.0, 3.741897, 0.991711, 0.00553, 2.304656, 4.523734, 0.0
5180.0, 3.741897, 0.991711, 0.00553, 2.304656, 4.523734, 0.0
5196.0, 3.791244, 1.003513, 0.005745, 2.304656, 4.523734, 0.0
5213.0, 3.840325, 1.015305, 0.005951, 2.304656, 4.523734, 0.0
5213.0, 3.840325, 1.015305, 0.005951, 2.304656, 4.523734, 0.0
5231.0, 3.889091, 1.027075, 0.006221, 2.304656, 4.523734, 0.0
5231.0, 3.889091, 1.027075, 0.006221, 2.304656, 4.523734, 0.0
5246.0, 3.937572, 1.03883, 0.006447, 2.304656, 4.523734, 0.0
5263.0, 3.985689, 1.050553, 0.006722, 2.304656, 4.523734, 0.0
5263.0, 3.985689, 1.050553, 0.006722, 2.304656, 4.523734, 0.0
5280.0, 4.033411, 1.062237, 0.006967, 2.304656, 4.523734, 0.0
5280.0, 4.033411, 1.062237, 0.006967, 2.304656, 4.523734, 0.0
5296.0, 4.080704, 1.073874, 0.007252, 2.305055, 5.024199, 0.0
5314.0, 4.12756, 1.085463, 0.00749, 2.305055, 5.024199, 0.0
5314.0, 4.12756, 1.085463, 0.00749, 2.305055, 5.024199, 0.0
5331.0, 4.173957, 1.097, 0.007753, 2.305055, 5.024199, 0.0
5331.0, 4.173957, 1.097, 0.007753, 2.305055, 5.024199, 0.0
5347.0, 4.219914, 1.10849, 0.007948, 2.305055, 5.024199, 0.0
5363.0, 4.2654, 1.119929, 0.008161, 2.305055, 5.024199, 0.0
5364.0, 4.2654, 1.119929, 0.008161, 2.305055, 5.024199, 0.0
5381.0, 4.310413, 1.131316, 0.00831, 2.305055, 5.024199, 0.0
5381.0, 4.310413, 1.131316, 0.00831, 2.305055, 5.024199, 0.0
5397.0, 4.355001, 1.142665, 0.008477, 2.305055, 5.024199, 0.0
5415.0, 4.399045, 1.153947, 0.008581, 2.305055, 5.024199, 0.0
5415.0, 4.399045, 1.153947, 0.008581, 2.305055, 5.024199, 0.0
5430.0, 4.442594, 1.165174, 0.008702, 2.305055, 5.024199, 0.0
5430.0, 4.442594, 1.165174, 0.008702, 2.305055, 5.024199, 0.0
5446.0, 4.485641, 1.176345, 0.008769, 2.305055, 5.024199, 0.0
5462.0, 4.528184, 1.187461, 0.008856, 2.305055, 5.024199, 0.0
5462.0, 4.528184, 1.187461, 0.008856, 2.305055, 5.024199, 0.0
5479.0, 4.57024, 1.198524, 0.008883, 2.305055, 5.024199, 0.0
5479.0, 4.57024, 1.198524, 0.008883, 2.305055, 5.024199, 0.0
5497.0, 4.6118, 1.209534, 0.008932, 2.305055, 5.024199, 0.0
5514.0, 4.652873, 1.220492, 0.008926, 2.305055, 5.024199, 0.0
5514.0, 4.652873, 1.220492, 0.008926, 2.305055, 5.024199, 0.0
5531.0, 4.693448, 1.231395, 0.008948, 2.305055, 5.024199, 0.0
5531.0, 4.693448, 1.231395, 0.008948, 2.305055, 5.024199, 0.0
5546.0, 4.733651, 1.242262, 0.008873, 2.305453, 5.524249, 0.0
5564.0, 4.77359, 1.253102, 0.008755, 2.305453, 5.524249, 0.0
5564.0, 4.77359, 1.253102, 0.008755, 2.305453, 5.524249, 0.0
5581.0, 4.813394, 1.263933, 0.008498, 2.305453, 5.524249, 0.0
5581.0, 4.813394, 1.263933, 0.008498, 2.305453, 5.524249, 0.0
5597.0, 4.853164, 1.274767, 0.008184, 2.305453, 5.524249, 0.0
5614.0, 4.893007, 1.285619, 0.007743, 2.305453, 5.524249, 0.0
5614.0, 4.893007, 1.285619, 0.007743, 2.305453, 5.524249, 0.0
5632.0, 4.93299, 1.296499, 0.007274, 2.305453, 5.524249, 0.0
5632.0, 4.93299, 1.296499, 0.007274, 2.305453, 5.524249, 0.0
5646.0, 4.973176, 1.307413, 0.006726, 2.305453, 5.524249, 0.0
5664.0, 5.01362, 1.31837, 0.006194, 2.305453, 5.524249, 0.0
5664.0, 5.01362, 1.31837, 0.006194, 2.305453, 5.524249, 0.0
5679.0, 5.054422, 1.329387, 0.005614, 2.305453, 5.524249, 0.0
5679.0, 5.054422, 1.329387, 0.005614, 2.305453, 5.524249, 0.0
5696.0, 5.095527, 1.340444, 0.005088, 2.305453, 5.524249, 0.0
5712.0, 5.137069, 1.351571, 0.004545, 2.305453, 5.524249, 0.0
5712.0, 5.137069, 1.351571, 0.004545, 2.305453, 5.524249, 0.0
5730.0, 5.178957, 1.362738, 0.00408, 2.305453, 5.524249, 0.0
5730.0, 5.178957, 1.362738, 0.00408, 2.305453, 5.524249, 0.0
5746.0, 5.221271, 1.373961, 0.003617, 2.305453, 5.524249, 0.0
5763.0, 5.264018, 1.385238, 0.003243, 2.305453, 5.524249, 0.0
5763.0, 5.264018, 1.385238, 0.003243, 2.305453, 5.524249, 0.0
5780.0, 5.30722, 1.39657, 0.002877, 2.305453, 5.524249, 0.0
5780.0, 5.30722, 1.39657, 0.002877, 2.305453, 5.524249, 0.0
5796.0, 5.350874, 1.407955, 0.0026, 2.305851, 6.024328, 0.0
5814.0, 5.395, 1.419394, 0.002329, 2.305851, 6.024328, 0.0
5814.0, 5.395, 1.419394, 0.002329, 2.305851, 6.024328, 0.0
5832.0, 5.439595, 1.430883, 0.00214, 2.305851, 6.024328, 0.0
5832.0, 5.439595, 1.430883, 0.00214, 2.305851, 6.024328, 0.0
5847.0, 5.484588, 1.442417, 0.001985, 2.305851, 6.024328, 0.0
5864.0, 5.529833, 1.453973, 0.001982, 2.305851, 6.024328, 0.0
5864.0, 5.529833, 1.453973, 0.001982, 2.305851, 6.024328, 0.0
5881.0, 5.575212, 1.465534, 0.002068, 2.305851, 6.024328, 0.0
5881.0, 5.575212, 1.465534, 0.002068, 2.305851, 6.024328, 0.0
5897.0, 5.620604, 1.477079, 0.00232, 2.305851, 6.024328, 0.0
5915.0, 5.665924, 1.488596, 0.002641, 2.305851, 6.024328, 0.0
5915.0, 5.665924, 1.488596, 0.002641, 2.305851, 6.024328, 0.0
5933.0, 5.711083, 1.50007, 0.003088, 2.305851, 6.024328, 0.0
5933.0, 5.711083, 1.50007, 0.003088, 2.305851, 6.024328, 0.0
5945.0, 5.756027, 1.511496, 0.003557, 2.305851, 6.024328, 0.0
5962.0, 5.800694, 1.522864, 0.004099, 2.305851, 6.024328, 0.0
5962.0, 5.800694, 1.522864, 0.004099, 2.305851, 6.024328, 0.0
5980.0, 5.845049, 1.534174, 0.004614, 2.305851, 6.024328, 0.0
5980.0, 5.845049, 1.534174, 0.004614, 2.305851, 6.024328, 0.0
5996.0, 5.889068, 1.545426, 0.005162, 2.305851, 6.024328, 0.0
6014.0, 5.932692, 1.556612, 0.005647, 2.305851, 6.024328, 0.0
6014.0, 5.932692, 1.556612, 0.005647, 2.305851, 6.024328, 0.0
6032.0, 5.975907, 1.567737, 0.006138, 2.305851, 6.024328, 0.0
6032.0, 5.975907, 1.567737, 0.006138, 2.305851, 6.024328, 0.0
6046.0, 6.01869, 1.578799, 0.006555, 2.306249, 6.524347, 0.0
6063.0, 6.061026, 1.5898, 0.006965, 2.306249, 6.524347, 0.0
6063.0, 6.061026, 1.5898, 0.006965, 2.306249, 6.524347, 0.0
6082.0, 6.102919, 1.600746, 0.007284, 2.306249, 6.524347, 0.0
6082.0, 6.102919, 1.600746, 0.007284, 2.306249, 6.524347, 0.0
6096.0, 6.14435, 1.611636, 0.007595, 2.306249, 6.524347, 0.0
6113.0, 6.185323, 1.622474, 0.007817, 2.306249, 6.524347, 0.0
6113.0, 6.185323, 1.622474, 0.007817, 2.306249, 6.524347, 0.0
6132.0, 6.22582, 1.633259, 0.008038, 2.306249, 6.524347, 0.0
6132.0, 6.22582, 1.633259, 0.008038, 2.306249, 6.524347, 0.0
6146.0, 6.265862, 1.643997, 0.008172, 2.306249, 6.524347, 0.0
6165.0, 6.305424, 1.654684, 0.008315, 2.306249, 6.524347, 0.0
6165.0, 6.305424, 1.654684, 0.008315, 2.306249, 6.524347, 0.0
6180.0, 6.344506, 1.66532, 0.008389, 2.306249, 6.524347, 0.0
6180.0, 6.344506, 1.66532, 0.008389, 2.306249, 6.524347, 0.0
6196.0, 6.383096, 1.675902, 0.008482, 2.306249, 6.524347, 0.0
6213.0, 6.4212, 1.686432, 0.008515, 2.306249, 6.524347, 0.0
6213.0, 6.4212, 1.686432, 0.008515, 2.306249, 6.524347, 0.0
6232.0, 6.458807, 1.696907, 0.008571, 2.306249, 6.524347, 0.0
6232.0, 6.458807, 1.696907, 0.008571, 2.306249, 6.524347, 0.0
6246.0, 6.495912, 1.707325, 0.008579, 2.306249, 6.524347, 0.0
6263.0, 6.532514, 1.717685, 0.008615, 2.306249, 6.524347, 0.0
6263.0, 6.532514, 1.717685, 0.008615, 2.306249, 6.524347, 0.0
6280.0, 6.568626, 1.72799, 0.008597, 2.306249, 6.524347, 0.0
6280.0, 6.568626, 1.72799, 0.008597, 2.306249, 6.524347, 0.0
6296.0, 6.604241, 1.738238, 0.008611, 2.306647, 7.024354, 0.0
6313.0, 6.639369, 1.748431, 0.008575, 2.306647, 7.024354, 0.0
6313.0, 6.639369, 1.748431, 0.008575, 2.306647, 7.024354, 0.0
6331.0, 6.673999, 1.758565, 0.008574, 2.306647, 7.024354, 0.0
6331.0, 6.673999, 1.758565, 0.008574, 2.306647, 7.024354, 0.0
6346.0, 6.708254, 1.768659, 0.008482, 2.306647, 7.024354, 0.0
6362.0, 6.742244, 1.778723, 0.008352, 2.306647, 7.024354, 0.0
6363.0, 6.742244, 1.778723, 0.008352, 2.306647, 7.024354, 0.0
6380.0, 6.776099, 1.788776, 0.008084, 2.306647, 7.024354, 0.0
6380.0, 6.776099, 1.788776, 0.008084, 2.306647, 7.024354, 0.0
6396.0, 6.809922, 1.798829, 0.007764, 2.306647, 7.024354, 0.0
6413.0, 6.843815, 1.808899, 0.007317, 2.306647, 7.024354, 0.0
6413.0, 6.843815, 1.808899, 0.007317, 2.306647, 7.024354, 0.0
6432.0, 6.877851, 1.818994, 0.006846, 2.306647, 7.024354, 0.0
6432.0, 6.877851, 1.818994, 0.006846, 2.306647, 7.024354, 0.0
6447.0, 6.912091, 1.829122, 0.006294, 2.306647, 7.024354, 0.0
6463.0, 6.94659, 1.839291, 0.005761, 2.306647, 7.024354, 0.0
6463.0, 6.94659, 1.839291, 0.005761, 2.306647, 7.024354, 0.0
6481.0, 6.981406, 1.849508, 0.005181, 2.306647, 7.024354, 0.0
6481.0, 6.981406, 1.849508, 0.005181, 2.306647, 7.024354, 0.0
6496.0, 7.016566, 1.859776, 0.004655, 2.306647, 7.024354, 0.0
6513.0, 7.052111, 1.870099, 0.004114, 2.306647, 7.024354, 0.0
6513.0, 7.052111, 1.870099, 0.004114, 2.306647, 7.024354, 0.0
6531.0, 7.088052, 1.880475, 0.00365, 2.306647, 7.024354, 0.0
6532.0, 7.088052, 1.880475, 0.00365, 2.306647, 7.024354, 0.0
6546.0, 7.124434, 1.890913, 0.003183, 2.307045, 7.524359, 0.0
6565.0, 7.161252, 1.901406, 0.002806, 2.307045, 7.524359, 0.0
6565.0, 7.161252, 1.901406, 0.002806, 2.307045, 7.524359, 0.0
6579.0, 7.198522, 1.911957, 0.002438, 2.307045, 7.524359, 0.0
6579.0, 7.198522, 1.911957, 0.002438, 2.307045, 7.524359, 0.0
6596.0, 7.236245, 1.92256, 0.002162, 2.307045, 7.524359, 0.0
6613.0, 7.274437, 1.933219, 0.001893, 2.307045, 7.524359, 0.0
6613.0, 7.274437, 1.933219, 0.001893, 2.307045, 7.524359, 0.0
6631.0, 7.313095, 1.943931, 0.001709, 2.307045, 7.524359, 0.0
6631.0, 7.313095, 1.943931, 0.001709, 2.307045, 7.524359, 0.0
6646.0, 7.352131, 1.954683, 0.001564, 2.307045, 7.524359, 0.0
6663.0, 7.391414, 1.965458, 0.001571, 2.307045, 7.524359, 0.0
6663.0, 7.391414, 1.965458, 0.001571, 2.307045, 7.524359, 0.0
6681.0, 7.430829, 1.976237, 0.001663, 2.307045, 7.524359, 0.0
6681.0, 7.430829, 1.976237, 0.001663, 2.307045, 7.524359, 0.0
6697.0, 7.470257, 1.987003, 0.001918, 2.307045, 7.524359, 0.0
6714.0, 7.509614, 1.997744, 0.002239, 2.307045, 7.524359, 0.0
6714.0, 7.509614, 1.997744, 0.002239, 2.307045, 7.524359, 0.0
6731.0, 7.548813, 2.008444, 0.002685, 2.307045, 7.524359, 0.0
6731.0, 7.548813, 2.008444, 0.002685, 2.307045, 7.524359, 0.0
6746.0, 7.587783, 2.019093, 0.003155, 2.307045, 7.524359, 0.0
6764.0, 7.626473, 2.029686, 0.0037, 2.307045, 7.524359, 0.0
6764.0, 7.626473, 2.029686, 0.0037, 2.307045, 7.524359, 0.0
6781.0, 7.664854, 2.040223, 0.004214, 2.307045, 7.524359, 0.0
6781.0, 7.664854, 2.040223, 0.004214, 2.307045, 7.524359, 0.0
6796.0, 7.70288, 2.050698, 0.004759, 2.307444, 8.024363, 0.0
6815.0, 7.740535, 2.061115, 0.005239, 2.307444, 8.024363, 0.0
6815.0, 7.740535, 2.061115, 0.005239, 2.307444, 8.024363, 0.0
6833.0, 7.777786, 2.07147, 0.005725, 2.307444, 8.024363, 0.0
6833.0, 7.777786, 2.07147, 0.005725, 2.307444, 8.024363, 0.0
6846.0, 7.814635, 2.081771, 0.006123, 2.307444, 8.024363, 0.0
6865.0, 7.85105, 2.092014, 0.006518, 2.307444, 8.024363, 0.0
6865.0, 7.85105, 2.092014, 0.006518, 2.307444, 8.024363, 0.0
6881.0, 7.887022, 2.102201, 0.006828, 2.307444, 8.024363, 0.0
6881.0, 7.887022, 2.102201, 0.006828, 2.307444, 8.024363, 0.0
6896.0, 7.922529, 2.112329, 0.007135, 2.307444, 8.024363, 0.0
6913.0, 7.957573, 2.122403, 0.007358, 2.307444, 8.024363, 0.0
6914.0, 7.957573, 2.122403, 0.007358, 2.307444, 8.024363, 0.0
6931.0, 7.99214, 2.13242, 0.007583, 2.307444, 8.024363, 0.0
6931.0, 7.99214, 2.13242, 0.007583, 2.307444, 8.024363, 0.0
6947.0, 8.02632, 2.142391, 0.007693, 2.307444, 8.024363, 0.0
6964.0, 8.060241, 2.152334, 0.007734, 2.307444, 8.024363, 0.0
6964.0, 8.060241, 2.152334, 0.007734, 2.307444, 8.024363, 0.0
6980.0, 8.094036, 2.162271, 0.007607, 2.307444, 8.024363, 0.0
6980.0, 8.094036, 2.162271, 0.007607, 2.307444, 8.024363, 0.0
6996.0, 8.127809, 2.172214, 0.007396, 2.307444, 8.024363, 0.0
7013.0, 8.161663, 2.182181, 0.007036, 2.307444, 8.024363, 0.0
7013.0, 8.161663, 2.182181, 0.007036, 2.307444, 8.024363, 0.0
7030.0, 8.195667, 2.192182, 0.006631, 2.307444, 8.024363, 0.0
7030.0, 8.195667, 2.192182, 0.006631, 2.307444, 8.024363, 0.0
7046.0, 8.229909, 2.202231, 0.006118, 2.307842, 8.524364, 0.0
7063.0, 8.264421, 2.21233, 0.005612, 2.307842, 8.524364, 0.0
7063.0, 8.264421, 2.21233, 0.005612, 2.307842, 8.524364, 0.0
7080.0, 8.299359, 2.222515, 0.005053, 2.307842, 8.524364, 0.0
7080.0, 8.299359, 2.222515, 0.005053, 2.307842, 8.524364, 0.0
7096.0, 8.334538, 2.232727, 0.004546, 2.307842, 8.524364, 0.0
7113.0, 8.3701, 2.242998, 0.004021, 2.307842, 8.524364, 0.0
7113.0, 8.3701, 2.242998, 0.004021, 2.307842, 8.524364, 0.0
7131.0, 8.406071, 2.253331, 0.003573, 2.307842, 8.524364, 0.0
7131.0, 8.406071, 2.253331, 0.003573, 2.307842, 8.524364, 0.0
7146.0, 8.44244, 2.263719, 0.00313, 2.307842, 8.524364, 0.0
7163.0, 8.479236, 2.274163, 0.002773, 2.307842, 8.524364, 0.0
7163.0, 8.479236, 2.274163, 0.002773, 2.307842, 8.524364, 0.0
7180.0, 8.516483, 2.284667, 0.002421, 2.307842, 8.524364, 0.0
7180.0, 8.516483, 2.284667, 0.002421, 2.307842, 8.524364, 0.0
7196.0, 8.554185, 2.29523, 0.002154, 2.307842, 8.524364, 0.0
7213.0, 8.59236, 2.305852, 0.001888, 2.307842, 8.524364, 0.0
7213.0, 8.59236, 2.305852, 0.001888, 2.307842, 8.524364, 0.0
7231.0, 8.631001, 2.316532, 0.001705, 2.307842, 8.524364, 0.0
7231.0, 8.631001, 2.316532, 0.001705, 2.307842, 8.524364, 0.0
7246.0, 8.670027, 2.327257, 0.001558, 2.307842, 8.524364, 0.0
7263.0, 8.709299, 2.338006, 0.001563, 2.307842, 8.524364, 0.0
7263.0, 8.709299, 2.338006, 0.001563, 2.307842, 8.524364, 0.0
7280.0, 8.748707, 2.348764, 0.001652, 2.307842, 8.524364, 0.0
7280.0, 8.748707, 2.348764, 0.001652, 2.307842, 8.524364, 0.0
7296.0, 8.788142, 2.359512, 0.001904, 2.30824, 9.024478, 0.0
7313.0, 8.827496, 2.370232, 0.002222, 2.30824, 9.024478, 0.0
7313.0, 8.827496, 2.370232, 0.002222, 2.30824, 9.024478, 0.0
7332.0, 8.866693, 2.380912, 0.002666, 2.30824, 9.024478, 0.0
7332.0, 8.866693, 2.380912, 0.002666, 2.30824, 9.024478, 0.0
7346.0, 8.905692, 2.39155, 0.003123, 2.30824, 9.024478, 0.0
7365.0, 8.94442, 2.402132, 0.003656, 2.30824, 9.024478, 0.0
7365.0, 8.94442, 2.402132, 0.003656, 2.30824, 9.024478, 0.0
7380.0, 8.982839, 2.412657, 0.004164, 2.30824, 9.024478, 0.0
7380.0, 8.982839, 2.412657, 0.004164, 2.30824, 9.024478, 0.0
7397.0, 9.0209, 2.423118, 0.004708, 2.30824, 9.024478, 0.0
7414.0, 9.058586, 2.433518, 0.005191, 2.30824, 9.024478, 0.0
7414.0, 9.058586, 2.433518, 0.005191, 2.30824, 9.024478, 0.0
7432.0, 9.095862, 2.443853, 0.005682, 2.30824, 9.024478, 0.0
7432.0, 9.095862, 2.443853, 0.005682, 2.30824, 9.024478, 0.0
7447.0, 9.132708, 2.454122, 0.006098, 2.30824, 9.024478, 0.0
7463.0, 9.169106, 2.464327, 0.006509, 2.30824, 9.024478, 0.0
7463.0, 9.169106, 2.464327, 0.006509, 2.30824, 9.024478, 0.0
7480.0, 9.20506, 2.474473, 0.006829, 2.30824, 9.024478, 0.0
7480.0, 9.20506, 2.474473, 0.006829, 2.30824, 9.024478, 0.0
7496.0, 9.240552, 2.484559, 0.00714, 2.30824, 9.024478, 0.0
7513.0, 9.275585, 2.494588, 0.007363, 2.30824, 9.024478, 0.0
7513.0, 9.275585, 2.494588, 0.007363, 2.30824, 9.024478, 0.0
7533.0, 9.310143, 2.504559, 0.007585, 2.30824, 9.024478, 0.0
7533.0, 9.310143, 2.504559, 0.007585, 2.30824, 9.024478, 0.0
7546.0, 9.344244, 2.514478, 0.00772, 2.308638, 9.524494, 0.0
7564.0, 9.377863, 2.52434, 0.007863, 2.308638, 9.524494, 0.0
7564.0, 9.377863, 2.52434, 0.007863, 2.308638, 9.524494, 0.0
7582.0, 9.411003, 2.534147, 0.007937, 2.308638, 9.524494, 0.0
7582.0, 9.411003, 2.534147, 0.007937, 2.308638, 9.524494, 0.0
7598.0, 9.443651, 2.543895, 0.00803, 2.308638, 9.524494, 0.0
7613.0, 9.475814, 2.553586, 0.00806, 2.308638, 9.524494, 0.0
7613.0, 9.475814, 2.553586, 0.00806, 2.308638, 9.524494, 0.0
7632.0, 9.507481, 2.563217, 0.008116, 2.308638, 9.524494, 0.0
7632.0, 9.507481, 2.563217, 0.008116, 2.308638, 9.524494, 0.0
7647.0, 9.538749, 2.572799, 0.008079, 2.308638, 9.524494, 0.0
7666.0, 9.569745, 2.58235, 0.007995, 2.308638, 9.524494, 0.0
7666.0, 9.569745, 2.58235, 0.007995, 2.308638, 9.524494, 0.0
7680.0, 9.600609, 2.591889, 0.007762, 2.308638, 9.524494, 0.0
7680.0, 9.600609, 2.591889, 0.007762, 2.308638, 9.524494, 0.0
7696.0, 9.631442, 2.60143, 0.007466, 2.308638, 9.524494, 0.0
7714.0, 9.662389, 2.611003, 0.007034, 2.308638, 9.524494, 0.0
7714.0, 9.662389, 2.611003, 0.007034, 2.308638, 9.524494, 0.0
7731.0, 9.693444, 2.620593, 0.006572, 2.308638, 9.524494, 0.0
7731.0, 9.693444, 2.620593, 0.006572, 2.308638, 9.524494, 0.0
7747.0, 9.724732, 2.630227, 0.006015, 2.308638, 9.524494, 0.0
7763.0, 9.75629, 2.639906, 0.005475, 2.308638, 9.524494, 0.0
7763.0, 9.75629, 2.639906, 0.005475, 2.308638, 9.524494, 0.0
7780.0, 9.788166, 2.649637, 0.00489, 2.308638, 9.524494, 0.0
7780.0, 9.788166, 2.649637, 0.00489, 2.308638, 9.524494, 0.0
7798.0, 9.820385, 2.659421, 0.004363, 2.309036, 10.024536, 0.0
7814.0, 9.852985, 2.669262, 0.003822, 2.309036, 10.024536, 0.0
7814.0, 9.852985, 2.669262, 0.003822, 2.309036, 10.024536, 0.0
7833.0, 9.885982, 2.679157, 0.003362, 2.309036, 10.024536, 0.0
7833.0, 9.885982, 2.679157, 0.003362, 2.309036, 10.024536, 0.0
7846.0, 9.919388, 2.689108, 0.002911, 2.309036, 10.024536, 0.0
7864.0, 9.95322, 2.699114, 0.002548, 2.309036, 10.024536, 0.0
7864.0, 9.95322, 2.699114, 0.002548, 2.309036, 10.024536, 0.0
7881.0, 9.987505, 2.709178, 0.00219, 2.309036, 10.024536, 0.0
7881.0, 9.987505, 2.709178, 0.00219, 2.309036, 10.024536, 0.0
7897.0, 10.022243, 2.719299, 0.001919, 2.309036, 10.024536, 0.0
7913.0, 10.057452, 2.729478, 0.001652, 2.309036, 10.024536, 0.0
7913.0, 10.057452, 2.729478, 0.001652, 2.309036, 10.024536, 0.0
7931.0, 10.09313, 2.739714, 0.001466, 2.309036, 10.024536, 0.0
7931.0, 10.09313, 2.739714, 0.001466, 2.309036, 10.024536, 0.0
7946.0, 10.129305, 2.750012, 0.001272, 2.309036, 10.024536, 0.0
7963.0, 10.16596, 2.760368, 0.001154, 2.309036, 10.024536, 0.0
7964.0, 10.16596, 2.760368, 0.001154, 2.309036, 10.024536, 0.0
7979.0, 10.203106, 2.770782, 0.001027, 2.309036, 10.024536, 0.0
7979.0, 10.203106, 2.770782, 0.001027, 2.309036, 10.024536, 0.0
7997.0, 10.240731, 2.781254, 0.00097, 2.309036, 10.024536, 0.0
8014.0, 10.278848, 2.791784, 0.000896, 2.309036, 10.024536, 0.0
8014.0, 10.278848, 2.791784, 0.000896, 2.309036, 10.024536, 0.0
8032.0, 10.317449, 2.802371, 0.000883, 2.309036, 10.024536, 0.0
8032.0, 10.317449, 2.802371, 0.000883, 2.309036, 10.024536, 0.0
8047.0, 10.356428, 2.812999, 0.000892, 2.309435, 10.52454, 0.0
8064.0, 10.395658, 2.823652, 0.00103, 2.309435, 10.52454, 0.0
8064.0, 10.395658, 2.823652, 0.00103, 2.309435, 10.52454, 0.0
8081.0, 10.435032, 2.834313, 0.00123, 2.309435, 10.52454, 0.0
8081.0, 10.435032, 2.834313, 0.00123, 2.309435, 10.52454, 0.0
8097.0, 10.474428, 2.844962, 0.001571, 2.309435, 10.52454, 0.0
8114.0, 10.513762, 2.855588, 0.001961, 2.309435, 10.52454, 0.0
8114.0, 10.513762, 2.855588, 0.001961, 2.309435, 10.52454, 0.0
8132.0, 10.552944, 2.866176, 0.002461, 2.309435, 10.52454, 0.0
8132.0, 10.552944, 2.866176, 0.002461, 2.309435, 10.52454, 0.0
8148.0, 10.591934, 2.876723, 0.002961, 2.309435, 10.52454, 0.0
8164.0, 10.630655, 2.887216, 0.003527, 2.309435, 10.52454, 0.0
8164.0, 10.630655, 2.887216, 0.003527, 2.309435, 10.52454, 0.0
8180.0, 10.66907, 2.897652, 0.004059, 2.309435, 10.52454, 0.0
8180.0, 10.66907, 2.897652, 0.004059, 2.309435, 10.52454, 0.0
8196.0, 10.707131, 2.908026, 0.00462, 2.309435, 10.52454, 0.0
8214.0, 10.744819, 2.918337, 0.005115, 2.309435, 10.52454, 0.0
8214.0, 10.744819, 2.918337, 0.005115, 2.309435, 10.52454, 0.0
8232.0, 10.782099, 2.928585, 0.005614, 2.309435, 10.52454, 0.0
8232.0, 10.782099, 2.928585, 0.005614, 2.309435, 10.52454, 0.0
8247.0, 10.818962, 2.938771, 0.006029, 2.309435, 10.52454, 0.0
8264.0, 10.855384, 2.948893, 0.006438, 2.309435, 10.52454, 0.0
8264.0, 10.855384, 2.948893, 0.006438, 2.309435, 10.52454, 0.0
8280.0, 10.891363, 2.958954, 0.006756, 2.309435, 10.52454, 0.0
8280.0, 10.891363, 2.958954, 0.006756, 2.309435, 10.52454, 0.0
8297.0, 10.926879, 2.968954, 0.007067, 2.309833, 11.024545, 0.0
8315.0, 10.961934, 2.978894, 0.007291, 2.309833, 11.024545, 0.0
8315.0, 10.961934, 2.978894, 0.007291, 2.309833, 11.024545, 0.0
8332.0, 10.996512, 2.988774, 0.007513, 2.309833, 11.024545, 0.0
8332.0, 10.996512, 2.988774, 0.007513, 2.309833, 11.024545, 0.0
8347.0, 11.030605, 2.998591, 0.00766, 2.309833, 11.024545, 0.0
8364.0, 11.064211, 3.008347, 0.007814, 2.309833, 11.024545, 0.0
8364.0, 11.064211, 3.008347, 0.007814, 2.309833, 11.024545, 0.0
8380.0, 11.097337, 3.018044, 0.007893, 2.309833, 11.024545, 0.0
8380.0, 11.097337, 3.018044, 0.007893, 2.309833, 11.024545, 0.0
8397.0, 11.129973, 3.027681, 0.007986, 2.309833, 11.024545, 0.0
8414.0, 11.162129, 3.03726, 0.008013, 2.309833, 11.024545, 0.0
8414.0, 11.162129, 3.03726, 0.008013, 2.309833, 11.024545, 0.0
8431.0, 11.193793, 3.046776, 0.008063, 2.309833, 11.024545, 0.0
8431.0, 11.193793, 3.046776, 0.008063, 2.309833, 11.024545, 0.0
8446.0, 11.225087, 3.056251, 0.00801, 2.309833, 11.024545, 0.0
8463.0, 11.256118, 3.065695, 0.00791, 2.309833, 11.024545, 0.0
8463.0, 11.256118, 3.065695, 0.00791, 2.309833, 11.024545, 0.0
8480.0, 11.287017, 3.075128, 0.007667, 2.309833, 11.024545, 0.0
8480.0, 11.287017, 3.075128, 0.007667, 2.309833, 11.024545, 0.0
8496.0, 11.317884, 3.084563, 0.007364, 2.309833, 11.024545, 0.0
8514.0, 11.348826, 3.094018, 0.00693, 2.309833, 11.024545, 0.0
8514.0, 11.348826, 3.094018, 0.00693, 2.309833, 11.024545, 0.0
8532.0, 11.379911, 3.1035, 0.006469, 2.309833, 11.024545, 0.0
8532.0, 11.379911, 3.1035, 0.006469, 2.309833, 11.024545, 0.0
8546.0, 11.411202, 3.11302, 0.005923, 2.310231, 11.524549, 0.0
8564.0, 11.442754, 3.122583, 0.005395, 2.310231, 11.524549, 0.0
8564.0, 11.442754, 3.122583, 0.005395, 2.310231, 11.524549, 0.0
8581.0, 11.474623, 3.132199, 0.004819, 2.310231, 11.524549, 0.0
8581.0, 11.474623, 3.132199, 0.004819, 2.310231, 11.524549, 0.0
8596.0, 11.506836, 3.141869, 0.004297, 2.310231, 11.524549, 0.0
8613.0, 11.539433, 3.151599, 0.003758, 2.310231, 11.524549, 0.0
8613.0, 11.539433, 3.151599, 0.003758, 2.310231, 11.524549, 0.0
8631.0, 11.572428, 3.161386, 0.003298, 2.310231, 11.524549, 0.0
8631.0, 11.572428, 3.161386, 0.003298, 2.310231, 11.524549, 0.0
8646.0, 11.605862, 3.171239, 0.002834, 2.310231, 11.524549, 0.0
8663.0, 11.63973, 3.181152, 0.00246, 2.310231, 11.524549, 0.0
8663.0, 11.63973, 3.181152, 0.00246, 2.310231, 11.524549, 0.0
8680.0, 11.674051, 3.191127, 0.002095, 2.310231, 11.524549, 0.0
8680.0, 11.674051, 3.191127, 0.002095, 2.310231, 11.524549, 0.0
8696.0, 11.708824, 3.20116, 0.001822, 2.310231, 11.524549, 0.0
8713.0, 11.744066, 3.211253, 0.001556, 2.310231, 11.524549, 0.0
8713.0, 11.744066, 3.211253, 0.001556, 2.310231, 11.524549, 0.0
8732.0, 11.779774, 3.221404, 0.001374, 2.310231, 11.524549, 0.0
8732.0, 11.779774, 3.221404, 0.001374, 2.310231, 11.524549, 0.0
8746.0, 11.815961, 3.231615, 0.001191, 2.310231, 11.524549, 0.0
8764.0, 11.852622, 3.241883, 0.001083, 2.310231, 11.524549, 0.0
8764.0, 11.852622, 3.241883, 0.001083, 2.310231, 11.524549, 0.0
8781.0, 11.889771, 3.252213, 0.000965, 2.310231, 11.524549, 0.0
8781.0, 11.889771, 3.252213, 0.000965, 2.310231, 11.524549, 0.0
8796.0, 11.927399, 3.2626, 0.000914, 2.310629, 12.024554, 0.0
8818.0, 11.96552, 3.27305, 0.000844, 2.310629, 12.024554, 0.0
8818.0, 11.96552, 3.27305, 0.000844, 2.310629, 12.024554, 0.0
8833.0, 12.004125, 3.283559, 0.000833, 2.310629, 12.024554, 0.0
8833.0, 12.004125, 3.283559, 0.000833, 2.310629, 12.024554, 0.0
8847.0, 12.04311, 3.294112, 0.000843, 2.310629, 12.024554, 0.0
8863.0, 12.082347, 3.304691, 0.000981, 2.310629, 12.024554, 0.0
8863.0, 12.082347, 3.304691, 0.000981, 2.310629, 12.024554, 0.0
8880.0, 12.121727, 3.315278, 0.001181, 2.310629, 12.024554, 0.0
8880.0, 12.121727, 3.315278, 0.001181, 2.310629, 12.024554, 0.0
8896.0, 12.16113, 3.325855, 0.001521, 2.310629, 12.024554, 0.0
8913.0, 12.200471, 3.336407, 0.001911, 2.310629, 12.024554, 0.0
8913.0, 12.200471, 3.336407, 0.001911, 2.310629, 12.024554, 0.0
8932.0, 12.239726, 3.346938, 0.00241, 2.310629, 12.024554, 0.0
8932.0, 12.239726, 3.346938, 0.00241, 2.310629, 12.024554, 0.0
8947.0, 12.278709, 3.357404, 0.002915, 2.310629, 12.024554, 0.0
8963.0, 12.317421, 3.367814, 0.003485, 2.310629, 12.024554, 0.0
8963.0, 12.317421, 3.367814, 0.003485, 2.310629, 12.024554, 0.0
8980.0, 12.355827, 3.378165, 0.004018, 2.310629, 12.024554, 0.0
8980.0, 12.355827, 3.378165, 0.004018, 2.310629, 12.024554, 0.0
8998.0, 12.393882, 3.388451, 0.004578, 2.310629, 12.024554, 0.0
9014.0, 12.431565, 3.398674, 0.005069, 2.310629, 12.024554, 0.0
9014.0, 12.431565, 3.398674, 0.005069, 2.310629, 12.024554, 0.0
9031.0, 12.468845, 3.40883, 0.005565, 2.310629, 12.024554, 0.0
9031.0, 12.468845, 3.40883, 0.005565, 2.310629, 12.024554, 0.0
9046.0, 12.505726, 3.418926, 0.005969, 2.311028, 12.524613, 0.0
9063.0, 12.54217, 3.428957, 0.006368, 2.311028, 12.524613, 0.0
9063.0, 12.54217, 3.428957, 0.006368, 2.311028, 12.524613, 0.0
9080.0, 12.578173, 3.438925, 0.006679, 2.311028, 12.524613, 0.0
9080.0, 12.578173, 3.438925, 0.006679, 2.311028, 12.524613, 0.0
9096.0, 12.613711, 3.448827, 0.006985, 2.311028, 12.524613, 0.0
9114.0, 12.648788, 3.458667, 0.007207, 2.311028, 12.524613, 0.0
9114.0, 12.648788, 3.458667, 0.007207, 2.311028, 12.524613, 0.0
9131.0, 12.683389, 3.468442, 0.007428, 2.311028, 12.524613, 0.0
9131.0, 12.683389, 3.468442, 0.007428, 2.311028, 12.524613, 0.0
9146.0, 12.717503, 3.478152, 0.007575, 2.311028, 12.524613, 0.0
9163.0, 12.751127, 3.487795, 0.007729, 2.311028, 12.524613, 0.0
9164.0, 12.751127, 3.487795, 0.007729, 2.311028, 12.524613, 0.0
9181.0, 12.784278, 3.497378, 0.007808, 2.311028, 12.524613, 0.0
9181.0, 12.784278, 3.497378, 0.007808, 2.311028, 12.524613, 0.0
9198.0, 12.816935, 3.506895, 0.007901, 2.311028, 12.524613, 0.0
9214.0, 12.84911, 3.516351, 0.007928, 2.311028, 12.524613, 0.0
9214.0, 12.84911, 3.516351, 0.007928, 2.311028, 12.524613, 0.0
9233.0, 12.880793, 3.525741, 0.007977, 2.311028, 12.524613, 0.0
9233.0, 12.880793, 3.525741, 0.007977, 2.311028, 12.524613, 0.0
9248.0, 12.912105, 3.535086, 0.007923, 2.311028, 12.524613, 0.0
9265.0, 12.943153, 3.544398, 0.007822, 2.311028, 12.524613, 0.0
9265.0, 12.943153, 3.544398, 0.007822, 2.311028, 12.524613, 0.0
9279.0, 12.974072, 3.553698, 0.007577, 2.311028, 12.524613, 0.0
9279.0, 12.974072, 3.553698, 0.007577, 2.311028, 12.524613, 0.0
9296.0, 13.004958, 3.563, 0.007273, 2.311426, 13.024622, 0.0
9313.0, 13.035917, 3.572321, 0.006837, 2.311426, 13.024622, 0.0
9313.0, 13.035917, 3.572321, 0.006837, 2.311426, 13.024622, 0.0
9331.0, 13.06702, 3.581672, 0.006375, 2.311426, 13.024622, 0.0
9331.0, 13.06702, 3.581672, 0.006375, 2.311426, 13.024622, 0.0
9346.0, 13.098343, 3.591063, 0.005824, 2.311426, 13.024622, 0.0
9364.0, 13.129928, 3.600502, 0.005291, 2.311426, 13.024622, 0.0
9364.0, 13.129928, 3.600502, 0.005291, 2.311426, 13.024622, 0.0
9380.0, 13.161829, 3.609994, 0.004713, 2.311426, 13.024622, 0.0
9380.0, 13.161829, 3.609994, 0.004713, 2.311426, 13.024622, 0.0
9396.0, 13.194074, 3.619542, 0.00419, 2.311426, 13.024622, 0.0
9414.0, 13.2267, 3.62915, 0.003652, 2.311426, 13.024622, 0.0
9414.0, 13.2267, 3.62915, 0.003652, 2.311426, 13.024622, 0.0
9432.0, 13.259722, 3.638818, 0.003194, 2.311426, 13.024622, 0.0
9432.0, 13.259722, 3.638818, 0.003194, 2.311426, 13.024622, 0.0
9447.0, 13.293155, 3.648546, 0.002744, 2.311426, 13.024622, 0.0
9464.0, 13.327014, 3.658333, 0.002382, 2.311426, 13.024622, 0.0
9464.0, 13.327014, 3.658333, 0.002382, 2.311426, 13.024622, 0.0
9481.0, 13.361325, 3.668183, 0.002026, 2.311426, 13.024622, 0.0
9481.0, 13.361325, 3.668183, 0.002026, 2.311426, 13.024622, 0.0
9497.0, 13.39609, 3.678094, 0.001757, 2.311426, 13.024622, 0.0
9513.0, 13.431326, 3.68807, 0.001492, 2.311426, 13.024622, 0.0
9513.0, 13.431326, 3.68807, 0.001492, 2.311426, 13.024622, 0.0
9530.0, 13.46703, 3.698106, 0.001308, 2.311426, 13.024622, 0.0
9530.0, 13.46703, 3.698106, 0.001308, 2.311426, 13.024622, 0.0
9547.0, 13.503229, 3.708209, 0.001117, 2.311824, 13.524627, 0.0
9566.0, 13.53991, 3.718376, 0.001001, 2.311824, 13.524627, 0.0
9566.0, 13.53991, 3.718376, 0.001001, 2.311824, 13.524627, 0.0
9580.0, 13.577079, 3.728606, 0.000878, 2.311824, 13.524627, 0.0
9580.0, 13.577079, 3.728606, 0.000878, 2.311824, 13.524627, 0.0
9597.0, 13.614728, 3.738899, 0.000824, 2.311824, 13.524627, 0.0
9614.0, 13.652868, 3.749255, 0.000755, 2.311824, 13.524627, 0.0
9614.0, 13.652868, 3.749255, 0.000755, 2.311824, 13.524627, 0.0
9631.0, 13.691491, 3.759675, 0.000745, 2.311824, 13.524627, 0.0
9632.0, 13.691491, 3.759675, 0.000745, 2.311824, 13.524627, 0.0
9647.0, 13.730493, 3.77014, 0.000758, 2.311824, 13.524627, 0.0
9664.0, 13.769746, 3.780631, 0.0009, 2.311824, 13.524627, 0.0
9664.0, 13.769746, 3.780631, 0.0009, 2.311824, 13.524627, 0.0
9680.0, 13.809141, 3.791132, 0.001103, 2.311824, 13.524627, 0.0
9680.0, 13.809141, 3.791132, 0.001103, 2.311824, 13.524627, 0.0
9697.0, 13.848558, 3.801621, 0.001447, 2.311824, 13.524627, 0.0
9714.0, 13.887915, 3.812085, 0.00184, 2.311824, 13.524627, 0.0
9714.0, 13.887915, 3.812085, 0.00184, 2.311824, 13.524627, 0.0
9732.0, 13.927118, 3.822509, 0.002341, 2.311824, 13.524627, 0.0
9732.0, 13.927118, 3.822509, 0.002341, 2.311824, 13.524627, 0.0
9746.0, 13.96613, 3.832887, 0.002842, 2.311824, 13.524627, 0.0
9763.0, 14.004875, 3.843208, 0.003407, 2.311824, 13.524627, 0.0
9763.0, 14.004875, 3.843208, 0.003407, 2.311824, 13.524627, 0.0
9780.0, 14.043314, 3.853467, 0.003938, 2.311824, 13.524627, 0.0
9780.0, 14.043314, 3.853467, 0.003938, 2.311824, 13.524627, 0.0
9796.0, 14.081399, 3.863657, 0.004497, 2.312222, 14.024632, 0.0
9813.0, 14.119112, 3.873781, 0.00499, 2.312222, 14.024632, 0.0
9813.0, 14.119112, 3.873781, 0.00499, 2.312222, 14.024632, 0.0
9832.0, 14.156418, 3.883834, 0.005486, 2.312222, 14.024632, 0.0
9832.0, 14.156418, 3.883834, 0.005486, 2.312222, 14.024632, 0.0
9846.0, 14.193308, 3.893819, 0.005898, 2.312222, 14.024632, 0.0
9864.0, 14.229758, 3.903733, 0.006302, 2.312222, 14.024632, 0.0
9864.0, 14.229758, 3.903733, 0.006302, 2.312222, 14.024632, 0.0
9881.0, 14.265766, 3.91358, 0.006616, 2.312222, 14.024632, 0.0
9881.0, 14.265766, 3.91358, 0.006616, 2.312222, 14.024632, 0.0
9896.0, 14.301311, 3.923359, 0.006923, 2.312222, 14.024632, 0.0
9914.0, 14.336397, 3.933071, 0.007142, 2.312222, 14.024632, 0.0
9914.0, 14.336397, 3.933071, 0.007142, 2.312222, 14.024632, 0.0
9932.0, 14.371027, 3.94272, 0.007359, 2.312222, 14.024632, 0.0
9932.0, 14.371027, 3.94272, 0.007359, 2.312222, 14.024632, 0.0
9947.0, 14.405153, 3.952295, 0.007501, 2.312222, 14.024632, 0.0
9963.0, 14.438791, 3.961801, 0.007649, 2.312222, 14.024632, 0.0
9963.0, 14.438791, 3.961801, 0.007649, 2.312222, 14.024632, 0.0
9980.0, 14.471952, 3.971241, 0.007722, 2.312222, 14.024632, 0.0
9980.0, 14.471952, 3.971241, 0.007722, 2.312222, 14.024632, 0.0
