0.0, 0.0, 0.0, 0.002231, 0.707388, -0.706825, 0.0
0.0, 0.0, 0.0, 0.002231, 0.707388, -0.706825, 0.0
13.0, -0.000132, -0.000205, -0.004106, 0.707388, -0.706825, 0.0
13.0, -0.000132, -0.000205, -0.004106, 0.707388, -0.706825, 0.0
29.0, -0.000264, -0.000267, -0.008452, 0.707388, -0.706825, 0.0
29.0, -0.000264, -0.000267, -0.008452, 0.707388, -0.706825, 0.0
45.0, -0.000293, -0.000166, -0.010532, 0.707388, -0.706825, 0.0
45.0, -0.000293, -0.000166, -0.010532, 0.707388, -0.706825, 0.0
62.0, -0.000151, 0.000018, -0.011416, 0.707388, -0.706825, 0.0
78.0, 0.000225, 0.000198, -0.011464, 0.707388, -0.706825, 0.0
78.0, 0.000225, 0.000198, -0.011464, 0.707388, -0.706825, 0.0
95.0, 0.000732, 0.000312, -0.012059, 0.707388, -0.706825, 0.0
95.0, 0.000732, 0.000312, -0.012059, 0.707388, -0.706825, 0.0
112.0, 0.001554, 0.000353, -0.012676, 0.707388, -0.706825, 0.0
129.0, 0.002655, 0.000321, -0.013118, 0.592683, -0.664747, 0.0
129.0, 0.002655, 0.000321, -0.013118, 0.592683, -0.664747, 0.0
146.0, 0.003949, 0.000247, -0.013073, 0.592683, -0.664747, 0.0
146.0, 0.003949, 0.000247, -0.013073, 0.592683, -0.664747, 0.0
161.0, 0.004925, 0.000113, -0.011482, 0.592683, -0.664747, 0.0
179.0, 0.006073, 0.0002, -0.01029, 0.592683, -0.664747, 0.0
179.0, 0.006073, 0.0002, -0.01029, 0.592683, -0.664747, 0.0
196.0, 0.007091, 0.000289, -0.009179, 0.592683, -0.664747, 0.0
196.0, 0.007091, 0.000289, -0.009179, 0.592683, -0.664747, 0.0
213.0, 0.007925, 0.000365, -0.008101, 0.592683, -0.664747, 0.0
229.0, 0.00852, 0.000394, -0.007277, 0.592683, -0.664747, 0.0
229.0, 0.00852, 0.000394, -0.007277, 0.592683, -0.664747, 0.0
246.0, 0.008833, 0.000376, -0.006708, 0.592683, -0.664747, 0.0
246.0, 0.008833, 0.000376, -0.006708, 0.592683, -0.664747, 0.0
262.0, 0.00886, 0.000328, -0.00647, 0.592683, -0.664747, 0.0
279.0, 0.00871, 0.000268, -0.006428, 0.592683, -0.664747, 0.0
279.0, 0.00871, 0.000268, -0.006428, 0.592683, -0.664747, 0.0
295.0, 0.008424, 0.000164, -0.006395, 0.592683, -0.664747, 0.0
295.0, 0.008424, 0.000164, -0.006395, 0.592683, -0.664747, 0.0
313.0, 0.00787, -0.000042, -0.006024, 0.592683, -0.664747, 0.0
328.0, 0.006899, -0.000372, -0.005358, 0.592683, -0.664747, 0.0
328.0, 0.006899, -0.000372, -0.005358, 0.592683, -0.664747, 0.0
345.0, 0.005446, -0.000823, -0.004483, 0.592683, -0.664747, 0.0
345.0, 0.005446, -0.000823, -0.004483, 0.592683, -0.664747, 0.0
361.0, 0.00348, -0.001389, -0.003483, 0.592683, -0.664747, 0.0
379.0, 0.000989, -0.00206, -0.002434, 0.357975, -0.578648, 0.0
379.0, 0.000989, -0.00206, -0.002434, 0.357975, -0.578648, 0.0
396.0, -0.002029, -0.00283, -0.001392, 0.357975, -0.578648, 0.0
396.0, -0.002029, -0.00283, -0.001392, 0.357975, -0.578648, 0.0
413.0, -0.005573, -0.003694, -0.000401, 0.357975, -0.578648, 0.0
429.0, -0.009643, -0.004645, 0.000508, 0.357975, -0.578648, 0.0
429.0, -0.009643, -0.004645, 0.000508, 0.357975, -0.578648, 0.0
446.0, -0.014233, -0.005679, 0.00132, 0.357975, -0.578648, 0.0
446.0, -0.014233, -0.005679, 0.00132, 0.357975, -0.578648, 0.0
462.0, -0.019341, -0.006792, 0.002024, 0.357975, -0.578648, 0.0
479.0, -0.024963, -0.007979, 0.002622, 0.357975, -0.578648, 0.0
479.0, -0.024963, -0.007979, 0.002622, 0.357975, -0.578648, 0.0
495.0, -0.031096, -0.00924, 0.003116, 0.357975, -0.578648, 0.0
495.0, -0.031096, -0.00924, 0.003116, 0.357975, -0.578648, 0.0
512.0, -0.037736, -0.010571, 0.003515, 0.357975, -0.578648, 0.0
529.0, -0.044781, -0.011961, 0.003787, 0.357975, -0.578648, 0.0
529.0, -0.044781, -0.011961, 0.003787, 0.357975, -0.578648, 0.0
546.0, -0.052098, -0.013396, 0.003907, 0.357975, -0.578648, 0.0
546.0, -0.052098, -0.013396, 0.003907, 0.357975, -0.578648, 0.0
562.0, -0.059559, -0.014861, 0.00387, 0.357975, -0.578648, 0.0
578.0, -0.06705, -0.016345, 0.003683, 0.357975, -0.578648, 0.0
578.0, -0.06705, -0.016345, 0.003683, 0.357975, -0.578648, 0.0
596.0, -0.074472, -0.017837, 0.003369, 0.357975, -0.578648, 0.0
596.0, -0.074472, -0.017837, 0.003369, 0.357975, -0.578648, 0.0
613.0, -0.081742, -0.01933, 0.002952, 0.357975, -0.578648, 0.0
629.0, -0.088795, -0.020817, 0.002463, 0.123267, -0.492549, 0.0
629.0, -0.088795, -0.020817, 0.002463, 0.123267, -0.492549, 0.0
646.0, -0.095575, -0.022296, 0.001929, 0.123267, -0.492549, 0.0
646.0, -0.095575, -0.022296, 0.001929, 0.123267, -0.492549, 0.0
662.0, -0.102037, -0.02376, 0.001374, 0.123267, -0.492549, 0.0
679.0, -0.108145, -0.025208, 0.00082, 0.123267, -0.492549, 0.0
679.0, -0.108145, -0.025208, 0.00082, 0.123267, -0.492549, 0.0
696.0, -0.113871, -0.026637, 0.000282, 0.123267, -0.492549, 0.0
696.0, -0.113871, -0.026637, 0.000282, 0.123267, -0.492549, 0.0
713.0, -0.119192, -0.028043, -0.000228, 0.123267, -0.492549, 0.0
730.0, -0.124091, -0.029426, -0.000702, 0.123267, -0.492549, 0.0
730.0, -0.124091, -0.029426, -0.000702, 0.123267, -0.492549, 0.0
745.0, -0.128553, -0.030783, -0.001137, 0.123267, -0.492549, 0.0
745.0, -0.128553, -0.030783, -0.001137, 0.123267, -0.492549, 0.0
761.0, -0.132565, -0.032114, -0.001532, 0.123267, -0.492549, 0.0
779.0, -0.13612, -0.033417, -0.00189, 0.123267, -0.492549, 0.0
779.0, -0.13612, -0.033417, -0.00189, 0.123267, -0.492549, 0.0
795.0, -0.139211, -0.03469, -0.002215, 0.123267, -0.492549, 0.0
795.0, -0.139211, -0.03469, -0.002215, 0.123267, -0.492549, 0.0
812.0, -0.141835, -0.03593, -0.002513, 0.123267, -0.492549, 0.0
828.0, -0.14399, -0.037134, -0.002793, 0.123267, -0.492549, 0.0
828.0, -0.14399, -0.037134, -0.002793, 0.123267, -0.492549, 0.0
845.0, -0.145679, -0.038298, -0.003063, 0.123267, -0.492549, 0.0
845.0, -0.145679, -0.038298, -0.003063, 0.123267, -0.492549, 0.0
862.0, -0.146908, -0.039414, -0.003335, 0.123267, -0.492549, 0.0
879.0, -0.147694, -0.04048, -0.003612, -0.111442, -0.40645, 0.0
879.0, -0.147694, -0.04048, -0.003612, -0.111442, -0.40645, 0.0
896.0, -0.148062, -0.041497, -0.00388, -0.111442, -0.40645, 0.0
896.0, -0.148062, -0.041497, -0.00388, -0.111442, -0.40645, 0.0
912.0, -0.148037, -0.042489, -0.004107, -0.111442, -0.40645, 0.0
929.0, -0.147616, -0.043497, -0.004292, -0.111442, -0.40645, 0.0
929.0, -0.147616, -0.043497, -0.004292, -0.111442, -0.40645, 0.0
946.0, -0.146766, -0.044551, -0.00448, -0.111442, -0.40645, 0.0
946.0, -0.146766, -0.044551, -0.00448, -0.111442, -0.40645, 0.0
962.0, -0.145439, -0.045654, -0.004702, -0.111442, -0.40645, 0.0
979.0, -0.1436, -0.046794, -0.004966, -0.111442, -0.40645, 0.0
979.0, -0.1436, -0.046794, -0.004966, -0.111442, -0.40645, 0.0
995.0, -0.141225, -0.047951, -0.005261, -0.111442, -0.40645, 0.0
995.0, -0.141225, -0.047951, -0.005261, -0.111442, -0.40645, 0.0
1012.0, -0.138306, -0.049105, -0.005569, -0.111442, -0.40645, 0.0
1028.0, -0.134838, -0.050241, -0.00587, -0.111442, -0.40645, 0.0
1028.0, -0.134838, -0.050241, -0.00587, -0.111442, -0.40645, 0.0
1045.0, -0.130824, -0.051345, -0.006149, -0.111442, -0.40645, 0.0
1045.0, -0.130824, -0.051345, -0.006149, -0.111442, -0.40645, 0.0
1062.0, -0.12627, -0.052406, -0.006395, -0.111442, -0.40645, 0.0
1078.0, -0.121179, -0.053419, -0.006602, -0.111442, -0.40645, 0.0
1078.0, -0.121179, -0.053419, -0.006602, -0.111442, -0.40645, 0.0
1095.0, -0.115559, -0.054377, -0.006766, -0.111442, -0.40645, 0.0
1095.0, -0.115559, -0.054377, -0.006766, -0.111442, -0.40645, 0.0
1112.0, -0.109413, -0.055279, -0.006888, -0.111442, -0.40645, 0.0
1129.0, -0.102848, -0.056137, -0.00693, -0.34615, -0.320351, 0.0
1129.0, -0.102848, -0.056137, -0.00693, -0.34615, -0.320351, 0.0
1146.0, -0.095995, -0.056971, -0.006865, -0.34615, -0.320351, 0.0
1146.0, -0.095995, -0.056971, -0.006865, -0.34615, -0.320351, 0.0
1162.0, -0.088984, -0.057798, -0.006681, -0.34615, -0.320351, 0.0
1179.0, -0.08193, -0.058636, -0.006382, -0.34615, -0.320351, 0.0
1179.0, -0.08193, -0.058636, -0.006382, -0.34615, -0.320351, 0.0
1195.0, -0.074932, -0.059501, -0.005987, -0.34615, -0.320351, 0.0
1195.0, -0.074932, -0.059501, -0.005987, -0.34615, -0.320351, 0.0
1213.0, -0.068072, -0.060405, -0.005518, -0.34615, -0.320351, 0.0
1228.0, -0.061416, -0.06136, -0.005002, -0.34615, -0.320351, 0.0
1228.0, -0.061416, -0.06136, -0.005002, -0.34615, -0.320351, 0.0
1246.0, -0.055021, -0.062379, -0.004463, -0.34615, -0.320351, 0.0
1246.0, -0.055021, -0.062379, -0.004463, -0.34615, -0.320351, 0.0
1262.0, -0.048929, -0.06347, -0.003925, -0.34615, -0.320351, 0.0
1278.0, -0.043176, -0.064642, -0.003405, -0.34615, -0.320351, 0.0
1278.0, -0.043176, -0.064642, -0.003405, -0.34615, -0.320351, 0.0
1296.0, -0.03779, -0.0659, -0.002918, -0.34615, -0.320351, 0.0
1296.0, -0.03779, -0.0659, -0.002918, -0.34615, -0.320351, 0.0
1313.0, -0.032793, -0.067247, -0.002473, -0.34615, -0.320351, 0.0
1329.0, -0.028201, -0.068688, -0.002076, -0.34615, -0.320351, 0.0
1329.0, -0.028201, -0.068688, -0.002076, -0.34615, -0.320351, 0.0
1346.0, -0.024029, -0.070224, -0.001727, -0.34615, -0.320351, 0.0
1346.0, -0.024029, -0.070224, -0.001727, -0.34615, -0.320351, 0.0
1362.0, -0.020286, -0.071856, -0.001423, -0.34615, -0.320351, 0.0
1379.0, -0.01698, -0.073585, -0.00116, -0.58086, -0.234251, 0.0
1379.0, -0.01698, -0.073585, -0.00116, -0.58086, -0.234251, 0.0
1396.0, -0.014113, -0.07541, -0.000926, -0.58086, -0.234251, 0.0
1396.0, -0.014113, -0.07541, -0.000926, -0.58086, -0.234251, 0.0
1413.0, -0.011686, -0.077331, -0.000711, -0.58086, -0.234251, 0.0
1429.0, -0.009699, -0.079348, -0.000501, -0.58086, -0.234251, 0.0
1429.0, -0.009699, -0.079348, -0.000501, -0.58086, -0.234251, 0.0
1444.0, -0.008149, -0.081459, -0.000284, -0.58086, -0.234251, 0.0
1444.0, -0.008149, -0.081459, -0.000284, -0.58086, -0.234251, 0.0
1461.0, -0.007031, -0.083669, -0.000055, -0.58086, -0.234251, 0.0
1478.0, -0.006344, -0.085985, 0.000182, -0.58086, -0.234251, 0.0
1478.0, -0.006344, -0.085985, 0.000182, -0.58086, -0.234251, 0.0
1495.0, -0.00609, -0.088416, 0.000417, -0.58086, -0.234251, 0.0
1495.0, -0.00609, -0.088416, 0.000417, -0.58086, -0.234251, 0.0
1512.0, -0.006279, -0.090974, 0.000635, -0.58086, -0.234251, 0.0
1528.0, -0.00683, -0.093649, 0.000791, -0.58086, -0.234251, 0.0
1528.0, -0.00683, -0.093649, 0.000791, -0.58086, -0.234251, 0.0
1545.0, -0.007643, -0.096417, 0.000854, -0.58086, -0.234251, 0.0
1545.0, -0.007643, -0.096417, 0.000854, -0.58086, -0.234251, 0.0
1562.0, -0.008612, -0.099249, 0.000807, -0.58086, -0.234251, 0.0
1579.0, -0.00964, -0.102118, 0.000652, -0.58086, -0.234251, 0.0
1579.0, -0.00964, -0.102118, 0.000652, -0.58086, -0.234251, 0.0
1596.0, -0.010638, -0.105001, 0.0004, -0.58086, -0.234251, 0.0
1596.0, -0.010638, -0.105001, 0.0004, -0.58086, -0.234251, 0.0
1612.0, -0.01153, -0.10788, 0.00007, -0.58086, -0.234251, 0.0
1629.0, -0.012252, -0.110745, -0.000315, -0.815569, -0.148152, 0.0
1629.0, -0.012252, -0.110745, -0.000315, -0.815569, -0.148152, 0.0
1646.0, -0.01275, -0.113588, -0.000734, -0.815569, -0.148152, 0.0
1646.0, -0.01275, -0.113588, -0.000734, -0.815569, -0.148152, 0.0
1662.0, -0.012981, -0.116409, -0.001166, -0.815569, -0.148152, 0.0
1678.0, -0.012909, -0.119206, -0.001598, -0.815569, -0.148152, 0.0
1678.0, -0.012909, -0.119206, -0.001598, -0.815569, -0.148152, 0.0
1694.0, -0.012502, -0.121985, -0.002022, -0.815569, -0.148152, 0.0
1694.0, -0.012502, -0.121985, -0.002022, -0.815569, -0.148152, 0.0
1713.0, -0.01173, -0.124748, -0.002441, -0.815569, -0.148152, 0.0
1728.0, -0.010567, -0.1275, -0.002861, -0.815569, -0.148152, 0.0
1728.0, -0.010567, -0.1275, -0.002861, -0.815569, -0.148152, 0.0
1745.0, -0.008988, -0.130242, -0.003288, -0.815569, -0.148152, 0.0
1745.0, -0.008988, -0.130242, -0.003288, -0.815569, -0.148152, 0.0
1761.0, -0.006971, -0.132974, -0.003727, -0.815569, -0.148152, 0.0
1779.0, -0.004496, -0.135694, -0.004174, -0.815569, -0.148152, 0.0
1779.0, -0.004496, -0.135694, -0.004174, -0.815569, -0.148152, 0.0
1795.0, -0.001549, -0.138396, -0.004625, -0.815569, -0.148152, 0.0
1795.0, -0.001549, -0.138396, -0.004625, -0.815569, -0.148152, 0.0
1813.0, 0.001884, -0.141078, -0.00507, -0.815569, -0.148152, 0.0
1829.0, 0.005811, -0.143731, -0.005499, -0.815569, -0.148152, 0.0
1829.0, 0.005811, -0.143731, -0.005499, -0.815569, -0.148152, 0.0
1845.0, 0.010237, -0.146351, -0.005903, -0.815569, -0.148152, 0.0
1845.0, 0.010237, -0.146351, -0.005903, -0.815569, -0.148152, 0.0
1862.0, 0.015166, -0.148931, -0.006274, -0.815569, -0.148152, 0.0
1879.0, 0.0206, -0.151467, -0.006607, -1.050277, -0.062053, 0.0
1879.0, 0.0206, -0.151467, -0.006607, -1.050277, -0.062053, 0.0
1896.0, 0.02654, -0.153954, -0.006898, -1.050277, -0.062053, 0.0
1896.0, 0.02654, -0.153954, -0.006898, -1.050277, -0.062053, 0.0
1913.0, 0.032986, -0.156392, -0.007145, -1.050277, -0.062053, 0.0
1928.0, 0.03984, -0.158791, -0.00731, -1.050277, -0.062053, 0.0
1928.0, 0.03984, -0.158791, -0.00731, -1.050277, -0.062053, 0.0
1944.0, 0.046971, -0.161168, -0.007359, -1.050277, -0.062053, 0.0
1944.0, 0.046971, -0.161168, -0.007359, -1.050277, -0.062053, 0.0
1961.0, 0.054253, -0.163538, -0.00728, -1.050277, -0.062053, 0.0
1978.0, 0.061573, -0.165917, -0.007075, -1.050277, -0.062053, 0.0
1978.0, 0.061573, -0.165917, -0.007075, -1.050277, -0.062053, 0.0
1994.0, 0.068832, -0.168318, -0.00676, -1.050277, -0.062053, 0.0
1994.0, 0.068832, -0.168318, -0.00676, -1.050277, -0.062053, 0.0
2012.0, 0.075951, -0.170754, -0.006357, -1.050277, -0.062053, 0.0
2028.0, 0.082861, -0.173235, -0.005891, -1.050277, -0.062053, 0.0
2028.0, 0.082861, -0.173235, -0.005891, -1.050277, -0.062053, 0.0
2046.0, 0.089509, -0.175775, -0.005389, -1.050277, -0.062053, 0.0
2046.0, 0.089509, -0.175775, -0.005389, -1.050277, -0.062053, 0.0
2062.0, 0.095853, -0.178382, -0.004873, -1.050277, -0.062053, 0.0
2079.0, 0.101858, -0.181064, -0.004363, -1.050277, -0.062053, 0.0
2079.0, 0.101858, -0.181064, -0.004363, -1.050277, -0.062053, 0.0
2096.0, 0.107496, -0.183826, -0.003871, -1.050277, -0.062053, 0.0
2096.0, 0.107496, -0.183826, -0.003871, -1.050277, -0.062053, 0.0
2113.0, 0.112747, -0.186675, -0.003408, -1.050277, -0.062053, 0.0
2129.0, 0.117592, -0.189612, -0.002978, -1.284985, 0.024046, 0.0
2129.0, 0.117592, -0.189612, -0.002978, -1.284985, 0.024046, 0.0
2146.0, 0.122019, -0.192642, -0.002582, -1.284985, 0.024046, 0.0
2146.0, 0.122019, -0.192642, -0.002582, -1.284985, 0.024046, 0.0
2161.0, 0.126018, -0.195765, -0.00222, -1.284985, 0.024046, 0.0
2178.0, 0.129583, -0.198985, -0.001886, -1.284985, 0.024046, 0.0
2178.0, 0.129583, -0.198985, -0.001886, -1.284985, 0.024046, 0.0
2195.0, 0.132707, -0.202303, -0.001576, -1.284985, 0.024046, 0.0
2195.0, 0.132707, -0.202303, -0.001576, -1.284985, 0.024046, 0.0
2213.0, 0.135389, -0.205721, -0.001283, -1.284985, 0.024046, 0.0
2228.0, 0.137625, -0.20924, -0.001002, -1.284985, 0.024046, 0.0
2228.0, 0.137625, -0.20924, -0.001002, -1.284985, 0.024046, 0.0
2245.0, 0.139414, -0.21286, -0.000731, -1.284985, 0.024046, 0.0
2245.0, 0.139414, -0.21286, -0.000731, -1.284985, 0.024046, 0.0
2261.0, 0.140752, -0.216582, -0.000472, -1.284985, 0.024046, 0.0
2279.0, 0.141636, -0.22041, -0.000227, -1.284985, 0.024046, 0.0
2279.0, 0.141636, -0.22041, -0.000227, -1.284985, 0.024046, 0.0
2296.0, 0.142062, -0.224345, -0.000004, -1.284985, 0.024046, 0.0
2296.0, 0.142062, -0.224345, -0.000004, -1.284985, 0.024046, 0.0
2312.0, 0.142024, -0.228391, 0.00019, -1.284985, 0.024046, 0.0
2329.0, 0.141612, -0.232535, 0.000315, -1.284985, 0.024046, 0.0
2329.0, 0.141612, -0.232535, 0.000315, -1.284985, 0.024046, 0.0
2346.0, 0.140935, -0.236758, 0.000339, -1.284985, 0.024046, 0.0
2346.0, 0.140935, -0.236758, 0.000339, -1.284985, 0.024046, 0.0
2362.0, 0.140106, -0.241037, 0.000249, -1.284985, 0.024046, 0.0
2379.0, 0.139226, -0.245352, 0.000047, -1.519693, 0.110145, 0.0
2379.0, 0.139226, -0.245352, 0.000047, -1.519693, 0.110145, 0.0
2396.0, 0.138387, -0.249687, -0.000252, -1.519693, 0.110145, 0.0
2396.0, 0.138387, -0.249687, -0.000252, -1.519693, 0.110145, 0.0
2412.0, 0.137666, -0.254027, -0.000629, -1.519693, 0.110145, 0.0
2428.0, 0.137129, -0.258366, -0.001061, -1.519693, 0.110145, 0.0
2428.0, 0.137129, -0.258366, -0.001061, -1.519693, 0.110145, 0.0
2445.0, 0.136831, -0.262702, -0.001527, -1.519693, 0.110145, 0.0
2445.0, 0.136831, -0.262702, -0.001527, -1.519693, 0.110145, 0.0
2462.0, 0.136816, -0.267033, -0.002007, -1.519693, 0.110145, 0.0
2479.0, 0.137123, -0.271361, -0.002489, -1.519693, 0.110145, 0.0
2479.0, 0.137123, -0.271361, -0.002489, -1.519693, 0.110145, 0.0
2496.0, 0.137783, -0.275687, -0.002962, -1.519693, 0.110145, 0.0
2496.0, 0.137783, -0.275687, -0.002962, -1.519693, 0.110145, 0.0
2513.0, 0.138825, -0.280012, -0.003422, -1.519693, 0.110145, 0.0
2529.0, 0.140269, -0.284339, -0.003868, -1.519693, 0.110145, 0.0
2529.0, 0.140269, -0.284339, -0.003868, -1.519693, 0.110145, 0.0
2546.0, 0.142138, -0.28867, -0.004301, -1.519693, 0.110145, 0.0
2546.0, 0.142138, -0.28867, -0.004301, -1.519693, 0.110145, 0.0
2562.0, 0.144449, -0.293006, -0.004724, -1.519693, 0.110145, 0.0
2580.0, 0.147215, -0.297347, -0.005136, -1.519693, 0.110145, 0.0
2580.0, 0.147215, -0.297347, -0.005136, -1.519693, 0.110145, 0.0
2596.0, 0.15045, -0.301694, -0.005538, -1.519693, 0.110145, 0.0
2596.0, 0.15045, -0.301694, -0.005538, -1.519693, 0.110145, 0.0
2612.0, 0.154163, -0.306044, -0.005927, -1.519693, 0.110145, 0.0
2628.0, 0.158361, -0.310394, -0.0063, -1.754401, 0.196244, 0.0
2628.0, 0.158361, -0.310394, -0.0063, -1.754401, 0.196244, 0.0
2645.0, 0.163052, -0.31474, -0.006655, -1.754401, 0.196244, 0.0
2645.0, 0.163052, -0.31474, -0.006655, -1.754401, 0.196244, 0.0
2662.0, 0.168238, -0.319077, -0.006988, -1.754401, 0.196244, 0.0
2678.0, 0.173924, -0.323403, -0.007296, -1.754401, 0.196244, 0.0
2678.0, 0.173924, -0.323403, -0.007296, -1.754401, 0.196244, 0.0
2696.0, 0.180111, -0.327713, -0.007577, -1.754401, 0.196244, 0.0
2696.0, 0.180111, -0.327713, -0.007577, -1.754401, 0.196244, 0.0
2713.0, 0.186801, -0.332006, -0.007829, -1.754401, 0.196244, 0.0
2729.0, 0.193994, -0.336275, -0.008052, -1.754401, 0.196244, 0.0
2729.0, 0.193994, -0.336275, -0.008052, -1.754401, 0.196244, 0.0
2745.0, 0.201689, -0.340512, -0.008245, -1.754401, 0.196244, 0.0
2745.0, 0.201689, -0.340512, -0.008245, -1.754401, 0.196244, 0.0
2762.0, 0.209887, -0.34471, -0.008409, -1.754401, 0.196244, 0.0
2779.0, 0.218586, -0.348864, -0.008545, -1.754401, 0.196244, 0.0
2779.0, 0.218586, -0.348864, -0.008545, -1.754401, 0.196244, 0.0
2796.0, 0.227787, -0.35297, -0.008655, -1.754401, 0.196244, 0.0
2796.0, 0.227787, -0.35297, -0.008655, -1.754401, 0.196244, 0.0
2813.0, 0.237487, -0.357021, -0.008741, -1.754401, 0.196244, 0.0
2828.0, 0.247588, -0.361036, -0.008764, -1.754401, 0.196244, 0.0
2828.0, 0.247588, -0.361036, -0.008764, -1.754401, 0.196244, 0.0
2845.0, 0.257962, -0.365036, -0.008695, -1.754401, 0.196244, 0.0
2845.0, 0.257962, -0.365036, -0.008695, -1.754401, 0.196244, 0.0
2862.0, 0.268486, -0.369042, -0.008517, -1.754401, 0.196244, 0.0
2878.0, 0.279046, -0.373075, -0.008234, -1.98911, 0.282343, 0.0
2878.0, 0.279046, -0.373075, -0.008234, -1.98911, 0.282343, 0.0
2895.0, 0.289548, -0.377152, -0.007856, -1.98911, 0.282343, 0.0
2895.0, 0.289548, -0.377152, -0.007856, -1.98911, 0.282343, 0.0
2912.0, 0.29991, -0.381289, -0.007407, -1.98911, 0.282343, 0.0
2928.0, 0.310069, -0.3855, -0.006908, -1.98911, 0.282343, 0.0
2929.0, 0.310069, -0.3855, -0.006908, -1.98911, 0.282343, 0.0
2945.0, 0.319971, -0.389802, -0.006384, -1.98911, 0.282343, 0.0
2945.0, 0.319971, -0.389802, -0.006384, -1.98911, 0.282343, 0.0
2962.0, 0.329575, -0.394205, -0.005856, -1.98911, 0.282343, 0.0
2979.0, 0.338846, -0.39872, -0.005341, -1.98911, 0.282343, 0.0
2979.0, 0.338846, -0.39872, -0.005341, -1.98911, 0.282343, 0.0
2995.0, 0.347758, -0.403354, -0.004853, -1.98911, 0.282343, 0.0
2995.0, 0.347758, -0.403354, -0.004853, -1.98911, 0.282343, 0.0
3012.0, 0.356289, -0.408115, -0.0044, -1.98911, 0.282343, 0.0
3029.0, 0.364423, -0.413007, -0.003989, -1.98911, 0.282343, 0.0
3029.0, 0.364423, -0.413007, -0.003989, -1.98911, 0.282343, 0.0
3046.0, 0.372147, -0.418036, -0.003621, -1.98911, 0.282343, 0.0
3046.0, 0.372147, -0.418036, -0.003621, -1.98911, 0.282343, 0.0
3061.0, 0.379448, -0.423204, -0.003296, -1.98911, 0.282343, 0.0
3078.0, 0.386319, -0.428515, -0.003012, -1.98911, 0.282343, 0.0
3078.0, 0.386319, -0.428515, -0.003012, -1.98911, 0.282343, 0.0
3094.0, 0.392754, -0.433969, -0.002764, -1.98911, 0.282343, 0.0
3094.0, 0.392754, -0.433969, -0.002764, -1.98911, 0.282343, 0.0
3112.0, 0.398747, -0.439572, -0.002548, -1.98911, 0.282343, 0.0
3128.0, 0.404292, -0.445319, -0.002358, -2.223817, 0.368442, 0.0
3128.0, 0.404292, -0.445319, -0.002358, -2.223817, 0.368442, 0.0
3145.0, 0.409388, -0.451211, -0.002188, -2.223817, 0.368442, 0.0
3145.0, 0.409388, -0.451211, -0.002188, -2.223817, 0.368442, 0.0
3162.0, 0.41403, -0.457248, -0.002035, -2.223817, 0.368442, 0.0
3178.0, 0.418215, -0.463428, -0.001894, -2.223817, 0.368442, 0.0
3178.0, 0.418215, -0.463428, -0.001894, -2.223817, 0.368442, 0.0
3195.0, 0.421942, -0.46975, -0.001763, -2.223817, 0.368442, 0.0
3195.0, 0.421942, -0.46975, -0.001763, -2.223817, 0.368442, 0.0
3213.0, 0.425209, -0.476214, -0.001639, -2.223817, 0.368442, 0.0
3228.0, 0.428109, -0.482798, -0.001561, -2.223817, 0.368442, 0.0
3228.0, 0.428109, -0.482798, -0.001561, -2.223817, 0.368442, 0.0
3246.0, 0.430759, -0.489474, -0.001564, -2.223817, 0.368442, 0.0
3246.0, 0.430759, -0.489474, -0.001564, -2.223817, 0.368442, 0.0
3262.0, 0.433274, -0.496213, -0.001666, -2.223817, 0.368442, 0.0
3279.0, 0.435756, -0.502989, -0.001871, -2.223817, 0.368442, 0.0
3279.0, 0.435756, -0.502989, -0.001871, -2.223817, 0.368442, 0.0
3295.0, 0.438298, -0.509781, -0.002171, -2.223817, 0.368442, 0.0
3295.0, 0.438298, -0.509781, -0.002171, -2.223817, 0.368442, 0.0
3312.0, 0.440976, -0.51657, -0.002551, -2.223817, 0.368442, 0.0
3328.0, 0.443855, -0.523341, -0.002996, -2.223817, 0.368442, 0.0
3328.0, 0.443855, -0.523341, -0.002996, -2.223817, 0.368442, 0.0
3345.0, 0.446989, -0.530088, -0.003485, -2.223817, 0.368442, 0.0
3345.0, 0.446989, -0.530088, -0.003485, -2.223817, 0.368442, 0.0
3362.0, 0.450424, -0.536802, -0.004002, -2.223817, 0.368442, 0.0
3378.0, 0.454198, -0.543479, -0.004532, -2.458526, 0.454541, 0.0
3378.0, 0.454198, -0.543479, -0.004532, -2.458526, 0.454541, 0.0
3395.0, 0.458341, -0.550113, -0.005062, -2.458526, 0.454541, 0.0
3395.0, 0.458341, -0.550113, -0.005062, -2.458526, 0.454541, 0.0
3412.0, 0.462878, -0.556702, -0.005581, -2.458526, 0.454541, 0.0
3428.0, 0.467829, -0.563242, -0.00608, -2.458526, 0.454541, 0.0
3428.0, 0.467829, -0.563242, -0.00608, -2.458526, 0.454541, 0.0
3445.0, 0.473213, -0.56973, -0.006553, -2.458526, 0.454541, 0.0
3445.0, 0.473213, -0.56973, -0.006553, -2.458526, 0.454541, 0.0
3461.0, 0.479041, -0.576163, -0.006995, -2.458526, 0.454541, 0.0
3478.0, 0.485325, -0.582541, -0.007403, -2.458526, 0.454541, 0.0
3478.0, 0.485325, -0.582541, -0.007403, -2.458526, 0.454541, 0.0
3495.0, 0.492073, -0.58886, -0.007776, -2.458526, 0.454541, 0.0
3495.0, 0.492073, -0.58886, -0.007776, -2.458526, 0.454541, 0.0
3512.0, 0.499293, -0.595119, -0.008111, -2.458526, 0.454541, 0.0
3529.0, 0.50699, -0.601313, -0.008411, -2.458526, 0.454541, 0.0
3529.0, 0.50699, -0.601313, -0.008411, -2.458526, 0.454541, 0.0
3546.0, 0.515167, -0.607438, -0.008674, -2.458526, 0.454541, 0.0
3546.0, 0.515167, -0.607438, -0.008674, -2.458526, 0.454541, 0.0
3562.0, 0.523826, -0.613488, -0.008901, -2.458526, 0.454541, 0.0
3579.0, 0.53297, -0.619458, -0.009095, -2.458526, 0.454541, 0.0
3579.0, 0.53297, -0.619458, -0.009095, -2.458526, 0.454541, 0.0
3596.0, 0.5426, -0.625345, -0.009257, -2.458526, 0.454541, 0.0
3596.0, 0.5426, -0.625345, -0.009257, -2.458526, 0.454541, 0.0
3613.0, 0.552717, -0.631146, -0.00939, -2.458526, 0.454541, 0.0
3628.0, 0.563228, -0.636884, -0.009457, -2.693234, 0.54064, 0.0
3628.0, 0.563228, -0.636884, -0.009457, -2.693234, 0.54064, 0.0
3644.0, 0.574006, -0.642589, -0.009428, -2.693234, 0.54064, 0.0
3644.0, 0.574006, -0.642589, -0.009428, -2.693234, 0.54064, 0.0
3661.0, 0.584929, -0.64829, -0.009286, -2.693234, 0.54064, 0.0
3678.0, 0.595889, -0.654013, -0.009034, -2.693234, 0.54064, 0.0
3678.0, 0.595889, -0.654013, -0.009034, -2.693234, 0.54064, 0.0
3695.0, 0.606791, -0.659783, -0.008684, -2.693234, 0.54064, 0.0
3695.0, 0.606791, -0.659783, -0.008684, -2.693234, 0.54064, 0.0
3712.0, 0.617556, -0.665619, -0.008257, -2.693234, 0.54064, 0.0
3728.0, 0.628119, -0.67154, -0.007776, -2.693234, 0.54064, 0.0
3728.0, 0.628119, -0.67154, -0.007776, -2.693234, 0.54064, 0.0
3745.0, 0.63843, -0.677565, -0.007266, -2.693234, 0.54064, 0.0
3745.0, 0.63843, -0.677565, -0.007266, -2.693234, 0.54064, 0.0
3762.0, 0.648449, -0.683708, -0.006749, -2.693234, 0.54064, 0.0
3779.0, 0.658143, -0.689983, -0.006242, -2.693234, 0.54064, 0.0
3779.0, 0.658143, -0.689983, -0.006242, -2.693234, 0.54064, 0.0
3795.0, 0.667486, -0.696399, -0.005758, -2.693234, 0.54064, 0.0
3795.0, 0.667486, -0.696399, -0.005758, -2.693234, 0.54064, 0.0
3813.0, 0.676456, -0.702965, -0.005307, -2.693234, 0.54064, 0.0
3829.0, 0.685037, -0.709686, -0.004896, -2.693234, 0.54064, 0.0
3829.0, 0.685037, -0.709686, -0.004896, -2.693234, 0.54064, 0.0
3846.0, 0.693216, -0.716569, -0.004527, -2.693234, 0.54064, 0.0
3846.0, 0.693216, -0.716569, -0.004527, -2.693234, 0.54064, 0.0
3861.0, 0.700983, -0.723617, -0.0042, -2.693234, 0.54064, 0.0
3878.0, 0.708328, -0.730835, -0.003914, -2.927942, 0.626739, 0.0
3878.0, 0.708328, -0.730835, -0.003914, -2.927942, 0.626739, 0.0
3895.0, 0.715247, -0.738225, -0.003666, -2.927942, 0.626739, 0.0
3895.0, 0.715247, -0.738225, -0.003666, -2.927942, 0.626739, 0.0
3912.0, 0.721733, -0.74579, -0.003451, -2.927942, 0.626739, 0.0
3928.0, 0.727781, -0.75353, -0.003267, -2.927942, 0.626739, 0.0
3928.0, 0.727781, -0.75353, -0.003267, -2.927942, 0.626739, 0.0
3945.0, 0.733387, -0.761443, -0.003107, -2.927942, 0.626739, 0.0
3945.0, 0.733387, -0.761443, -0.003107, -2.927942, 0.626739, 0.0
3961.0, 0.738547, -0.769529, -0.002969, -2.927942, 0.626739, 0.0
3978.0, 0.743257, -0.777785, -0.002849, -2.927942, 0.626739, 0.0
3978.0, 0.743257, -0.777785, -0.002849, -2.927942, 0.626739, 0.0
3995.0, 0.747514, -0.786211, -0.002744, -2.927942, 0.626739, 0.0
3995.0, 0.747514, -0.786211, -0.002744, -2.927942, 0.626739, 0.0
4012.0, 0.751316, -0.794806, -0.002653, -2.927942, 0.626739, 0.0
4029.0, 0.754659, -0.803565, -0.002574, -2.927942, 0.626739, 0.0
4029.0, 0.754659, -0.803565, -0.002574, -2.927942, 0.626739, 0.0
4046.0, 0.75754, -0.812484, -0.002507, -2.927942, 0.626739, 0.0
4046.0, 0.75754, -0.812484, -0.002507, -2.927942, 0.626739, 0.0
4062.0, 0.759954, -0.821555, -0.002451, -2.927942, 0.626739, 0.0
4077.0, 0.7619, -0.830776, -0.002406, -2.927942, 0.626739, 0.0
4077.0, 0.7619, -0.830776, -0.002406, -2.927942, 0.626739, 0.0
4094.0, 0.763374, -0.84014, -0.002373, -2.927942, 0.626739, 0.0
4094.0, 0.763374, -0.84014, -0.002373, -2.927942, 0.626739, 0.0
4112.0, 0.764374, -0.849646, -0.002353, -2.927942, 0.626739, 0.0
4128.0, 0.764995, -0.859271, -0.002385, -3.162651, 0.712838, 0.0
4128.0, 0.764995, -0.859271, -0.002385, -3.162651, 0.712838, 0.0
4145.0, 0.765357, -0.868988, -0.0025, -3.162651, 0.712838, 0.0
4145.0, 0.765357, -0.868988, -0.0025, -3.162651, 0.712838, 0.0
4161.0, 0.765577, -0.87877, -0.002714, -3.162651, 0.712838, 0.0
4178.0, 0.765764, -0.888594, -0.003026, -3.162651, 0.712838, 0.0
4178.0, 0.765764, -0.888594, -0.003026, -3.162651, 0.712838, 0.0
4195.0, 0.76601, -0.89844, -0.003425, -3.162651, 0.712838, 0.0
4195.0, 0.76601, -0.89844, -0.003425, -3.162651, 0.712838, 0.0
4213.0, 0.766395, -0.90829, -0.003891, -3.162651, 0.712838, 0.0
4228.0, 0.766985, -0.918139, -0.004405, -3.162651, 0.712838, 0.0
4228.0, 0.766985, -0.918139, -0.004405, -3.162651, 0.712838, 0.0
4245.0, 0.767836, -0.927979, -0.004946, -3.162651, 0.712838, 0.0
4245.0, 0.767836, -0.927979, -0.004946, -3.162651, 0.712838, 0.0
4262.0, 0.768991, -0.937807, -0.005494, -3.162651, 0.712838, 0.0
4278.0, 0.770488, -0.947621, -0.006035, -3.162651, 0.712838, 0.0
4278.0, 0.770488, -0.947621, -0.006035, -3.162651, 0.712838, 0.0
4295.0, 0.772357, -0.957418, -0.006556, -3.162651, 0.712838, 0.0
4295.0, 0.772357, -0.957418, -0.006556, -3.162651, 0.712838, 0.0
4313.0, 0.774622, -0.967198, -0.007048, -3.162651, 0.712838, 0.0
4329.0, 0.777302, -0.97696, -0.007507, -3.162651, 0.712838, 0.0
4329.0, 0.777302, -0.97696, -0.007507, -3.162651, 0.712838, 0.0
4345.0, 0.780413, -0.986704, -0.007929, -3.162651, 0.712838, 0.0
4345.0, 0.780413, -0.986704, -0.007929, -3.162651, 0.712838, 0.0
4361.0, 0.783969, -0.996432, -0.008315, -3.162651, 0.712838, 0.0
4379.0, 0.787981, -1.006144, -0.008665, -3.397359, 0.798937, 0.0
4379.0, 0.787981, -1.006144, -0.008665, -3.397359, 0.798937, 0.0
4395.0, 0.792457, -1.01584, -0.008982, -3.397359, 0.798937, 0.0
4395.0, 0.792457, -1.01584, -0.008982, -3.397359, 0.798937, 0.0
4413.0, 0.797404, -1.025522, -0.009268, -3.397359, 0.798937, 0.0
4429.0, 0.802828, -1.035185, -0.009527, -3.397359, 0.798937, 0.0
4429.0, 0.802828, -1.035185, -0.009527, -3.397359, 0.798937, 0.0
4446.0, 0.808734, -1.044827, -0.00976, -3.397359, 0.798937, 0.0
4446.0, 0.808734, -1.044827, -0.00976, -3.397359, 0.798937, 0.0
4462.0, 0.815124, -1.054442, -0.009972, -3.397359, 0.798937, 0.0
4478.0, 0.822003, -1.064028, -0.010163, -3.397359, 0.798937, 0.0
4478.0, 0.822003, -1.064028, -0.010163, -3.397359, 0.798937, 0.0
4495.0, 0.829371, -1.073582, -0.010338, -3.397359, 0.798937, 0.0
4495.0, 0.829371, -1.073582, -0.010338, -3.397359, 0.798937, 0.0
4512.0, 0.837232, -1.0831, -0.010496, -3.397359, 0.798937, 0.0
4528.0, 0.845586, -1.092577, -0.010641, -3.397359, 0.798937, 0.0
4528.0, 0.845586, -1.092577, -0.010641, -3.397359, 0.798937, 0.0
4545.0, 0.854432, -1.102003, -0.010771, -3.397359, 0.798937, 0.0
4545.0, 0.854432, -1.102003, -0.010771, -3.397359, 0.798937, 0.0
4562.0, 0.863773, -1.11137, -0.010889, -3.397359, 0.798937, 0.0
4578.0, 0.873606, -1.120672, -0.010994, -3.397359, 0.798937, 0.0
4578.0, 0.873606, -1.120672, -0.010994, -3.397359, 0.798937, 0.0
4595.0, 0.883932, -1.129902, -0.011087, -3.397359, 0.798937, 0.0
4595.0, 0.883932, -1.129902, -0.011087, -3.397359, 0.798937, 0.0
4613.0, 0.894751, -1.139056, -0.011168, -3.397359, 0.798937, 0.0
4629.0, 0.905965, -1.148156, -0.011199, -3.632067, 0.885036, 0.0
4629.0, 0.905965, -1.148156, -0.011199, -3.632067, 0.885036, 0.0
4646.0, 0.917452, -1.157232, -0.011146, -3.632067, 0.885036, 0.0
4646.0, 0.917452, -1.157232, -0.011146, -3.632067, 0.885036, 0.0
4661.0, 0.929089, -1.166312, -0.010991, -3.632067, 0.885036, 0.0
4679.0, 0.940768, -1.175424, -0.010733, -3.632067, 0.885036, 0.0
4679.0, 0.940768, -1.175424, -0.010733, -3.632067, 0.885036, 0.0
4695.0, 0.952393, -1.184591, -0.010381, -3.632067, 0.885036, 0.0
4695.0, 0.952393, -1.184591, -0.010381, -3.632067, 0.885036, 0.0
4713.0, 0.963885, -1.193834, -0.009955, -3.632067, 0.885036, 0.0
4729.0, 0.975184, -1.203173, -0.009477, -3.632067, 0.885036, 0.0
4729.0, 0.975184, -1.203173, -0.009477, -3.632067, 0.885036, 0.0
4745.0, 0.986236, -1.212626, -0.008969, -3.632067, 0.885036, 0.0
4745.0, 0.986236, -1.212626, -0.008969, -3.632067, 0.885036, 0.0
4761.0, 0.997, -1.222207, -0.008451, -3.632067, 0.885036, 0.0
4778.0, 1.007441, -1.231928, -0.007942, -3.632067, 0.885036, 0.0
4778.0, 1.007441, -1.231928, -0.007942, -3.632067, 0.885036, 0.0
4794.0, 1.017533, -1.2418, -0.007454, -3.632067, 0.885036, 0.0
4794.0, 1.017533, -1.2418, -0.007454, -3.632067, 0.885036, 0.0
4812.0, 1.027255, -1.25183, -0.006999, -3.632067, 0.885036, 0.0
4828.0, 1.036588, -1.262024, -0.006582, -3.632067, 0.885036, 0.0
4828.0, 1.036588, -1.262024, -0.006582, -3.632067, 0.885036, 0.0
4846.0, 1.045522, -1.272387, -0.006208, -3.632067, 0.885036, 0.0
4846.0, 1.045522, -1.272387, -0.006208, -3.632067, 0.885036, 0.0
4862.0, 1.054045, -1.282926, -0.005879, -3.632067, 0.885036, 0.0
4879.0, 1.062149, -1.293644, -0.005593, -3.866776, 0.971135, 0.0
4879.0, 1.062149, -1.293644, -0.005593, -3.866776, 0.971135, 0.0
4895.0, 1.069829, -1.304544, -0.00535, -3.866776, 0.971135, 0.0
4895.0, 1.069829, -1.304544, -0.00535, -3.866776, 0.971135, 0.0
4912.0, 1.077078, -1.315629, -0.005146, -3.866776, 0.971135, 0.0
4929.0, 1.083892, -1.326898, -0.004976, -3.866776, 0.971135, 0.0
4929.0, 1.083892, -1.326898, -0.004976, -3.866776, 0.971135, 0.0
4945.0, 1.090266, -1.33835, -0.004838, -3.866776, 0.971135, 0.0
4945.0, 1.090266, -1.33835, -0.004838, -3.866776, 0.971135, 0.0
4962.0, 1.0962, -1.349995, -0.004726, -3.866776, 0.971135, 0.0
4979.0, 1.10168, -1.361809, -0.004637, -3.866776, 0.971135, 0.0
4979.0, 1.10168, -1.361809, -0.004637, -3.866776, 0.971135, 0.0
4996.0, 1.106708, -1.373801, -0.004569, -3.866776, 0.971135, 0.0
4996.0, 1.106708, -1.373801, -0.004569, -3.866776, 0.971135, 0.0
5015.0, 1.111283, -1.385971, -0.004519, -3.866776, 0.971135, 0.0
5028.0, 1.115399, -1.398312, -0.004484, -3.866776, 0.971135, 0.0
5028.0, 1.115399, -1.398312, -0.004484, -3.866776, 0.971135, 0.0
5045.0, 1.119054, -1.410819, -0.004461, -3.866776, 0.971135, 0.0
5045.0, 1.119054, -1.410819, -0.004461, -3.866776, 0.971135, 0.0
5061.0, 1.122244, -1.423488, -0.004451, -3.866776, 0.971135, 0.0
5078.0, 1.124968, -1.436314, -0.004451, -3.866776, 0.971135, 0.0
5078.0, 1.124968, -1.436314, -0.004451, -3.866776, 0.971135, 0.0
5095.0, 1.127221, -1.449293, -0.00446, -3.866776, 0.971135, 0.0
5095.0, 1.127221, -1.449293, -0.00446, -3.866776, 0.971135, 0.0
5112.0, 1.129003, -1.462422, -0.004478, -3.866776, 0.971135, 0.0
5129.0, 1.130409, -1.475682, -0.004544, -4.101499, 1.05724, 0.0
5129.0, 1.130409, -1.475682, -0.004544, -4.101499, 1.05724, 0.0
5146.0, 1.13156, -1.489037, -0.00469, -4.101499, 1.05724, 0.0
5146.0, 1.13156, -1.489037, -0.00469, -4.101499, 1.05724, 0.0
5162.0, 1.132573, -1.502456, -0.00493, -4.101499, 1.05724, 0.0
5179.0, 1.133559, -1.515912, -0.005265, -4.101499, 1.05724, 0.0
5179.0, 1.133559, -1.515912, -0.005265, -4.101499, 1.05724, 0.0
5196.0, 1.134609, -1.529383, -0.005684, -4.101499, 1.05724, 0.0
5196.0, 1.134609, -1.529383, -0.005684, -4.101499, 1.05724, 0.0
5213.0, 1.135805, -1.54285, -0.006168, -4.101499, 1.05724, 0.0
5229.0, 1.137313, -1.557284, -0.006731, -4.101499, 1.05724, 0.0
5229.0, 1.137313, -1.557284, -0.006731, -4.101499, 1.05724, 0.0
5246.0, 1.139, -1.570703, -0.007291, -4.101499, 1.05724, 0.0
5246.0, 1.139, -1.570703, -0.007291, -4.101499, 1.05724, 0.0
5263.0, 1.141006, -1.584102, -0.007852, -4.101499, 1.05724, 0.0
5279.0, 1.143362, -1.597472, -0.0084, -4.101499, 1.05724, 0.0
5279.0, 1.143362, -1.597472, -0.0084, -4.101499, 1.05724, 0.0
5296.0, 1.146096, -1.61081, -0.008922, -4.101499, 1.05724, 0.0
5296.0, 1.146096, -1.61081, -0.008922, -4.101499, 1.05724, 0.0
5313.0, 1.149229, -1.624114, -0.009409, -4.101499, 1.05724, 0.0
5331.0, 1.15275, -1.637276, -0.009845, -4.101499, 1.05724, 0.0
5331.0, 1.15275, -1.637276, -0.009845, -4.101499, 1.05724, 0.0
5346.0, 1.156692, -1.650372, -0.010239, -4.101499, 1.05724, 0.0
5346.0, 1.156692, -1.650372, -0.010239, -4.101499, 1.05724, 0.0
5363.0, 1.161075, -1.663435, -0.010596, -4.101499, 1.05724, 0.0
5381.0, 1.165913, -1.676474, -0.010918, -4.337376, 1.143768, 0.0
5381.0, 1.165913, -1.676474, -0.010918, -4.337376, 1.143768, 0.0
5397.0, 1.171214, -1.689494, -0.011207, -4.337376, 1.143768, 0.0
5397.0, 1.171214, -1.689494, -0.011207, -4.337376, 1.143768, 0.0
5414.0, 1.176985, -1.702493, -0.011465, -4.337376, 1.143768, 0.0
5429.0, 1.183284, -1.71557, -0.011713, -4.337376, 1.143768, 0.0
5429.0, 1.183284, -1.71557, -0.011713, -4.337376, 1.143768, 0.0
5446.0, 1.19008, -1.728643, -0.011932, -4.337376, 1.143768, 0.0
5446.0, 1.19008, -1.728643, -0.011932, -4.337376, 1.143768, 0.0
5462.0, 1.197362, -1.741675, -0.012118, -4.337376, 1.143768, 0.0
5479.0, 1.205126, -1.754649, -0.012275, -4.337376, 1.143768, 0.0
5479.0, 1.205126, -1.754649, -0.012275, -4.337376, 1.143768, 0.0
5496.0, 1.213372, -1.767558, -0.012405, -4.337376, 1.143768, 0.0
5496.0, 1.213372, -1.767558, -0.012405, -4.337376, 1.143768, 0.0
5514.0, 1.222102, -1.780398, -0.012515, -4.337376, 1.143768, 0.0
5529.0, 1.231219, -1.79319, -0.012568, -4.337376, 1.143768, 0.0
5529.0, 1.231219, -1.79319, -0.012568, -4.337376, 1.143768, 0.0
5547.0, 1.240601, -1.805958, -0.012532, -4.337376, 1.143768, 0.0
5547.0, 1.240601, -1.805958, -0.012532, -4.337376, 1.143768, 0.0
5563.0, 1.250124, -1.818723, -0.012388, -4.337376, 1.143768, 0.0
5580.0, 1.259679, -1.831507, -0.012136, -4.337376, 1.143768, 0.0
5580.0, 1.259679, -1.831507, -0.012136, -4.337376, 1.143768, 0.0
5597.0, 1.269171, -1.844328, -0.011786, -4.337376, 1.143768, 0.0
5597.0, 1.269171, -1.844328, -0.011786, -4.337376, 1.143768, 0.0
5614.0, 1.27852, -1.857202, -0.011357, -4.337376, 1.143768, 0.0
5630.0, 1.287661, -1.870143, -0.01087, -4.572084, 1.229867, 0.0
5630.0, 1.287661, -1.870143, -0.01087, -4.572084, 1.229867, 0.0
5647.0, 1.296542, -1.883167, -0.010349, -4.572084, 1.229867, 0.0
5647.0, 1.296542, -1.883167, -0.010349, -4.572084, 1.229867, 0.0
5663.0, 1.305121, -1.896286, -0.009816, -4.572084, 1.229867, 0.0
5679.0, 1.313364, -1.909512, -0.009288, -4.572084, 1.229867, 0.0
5679.0, 1.313364, -1.909512, -0.009288, -4.572084, 1.229867, 0.0
5696.0, 1.321244, -1.922853, -0.008781, -4.572084, 1.229867, 0.0
5696.0, 1.321244, -1.922853, -0.008781, -4.572084, 1.229867, 0.0
5714.0, 1.32874, -1.936314, -0.008305, -4.572084, 1.229867, 0.0
5729.0, 1.335835, -1.949902, -0.007868, -4.572084, 1.229867, 0.0
5729.0, 1.335835, -1.949902, -0.007868, -4.572084, 1.229867, 0.0
5747.0, 1.342513, -1.963619, -0.007476, -4.572084, 1.229867, 0.0
5747.0, 1.342513, -1.963619, -0.007476, -4.572084, 1.229867, 0.0
5763.0, 1.348765, -1.97747, -0.007129, -4.572084, 1.229867, 0.0
5780.0, 1.354582, -1.991456, -0.006829, -4.572084, 1.229867, 0.0
5780.0, 1.354582, -1.991456, -0.006829, -4.572084, 1.229867, 0.0
5798.0, 1.359956, -2.00558, -0.006574, -4.572084, 1.229867, 0.0
5798.0, 1.359956, -2.00558, -0.006574, -4.572084, 1.229867, 0.0
5814.0, 1.364883, -2.019844, -0.006361, -4.572084, 1.229867, 0.0
5831.0, 1.369356, -2.034246, -0.006189, -4.572084, 1.229867, 0.0
5831.0, 1.369356, -2.034246, -0.006189, -4.572084, 1.229867, 0.0
5847.0, 1.373372, -2.048784, -0.006051, -4.572084, 1.229867, 0.0
5847.0, 1.373372, -2.048784, -0.006051, -4.572084, 1.229867, 0.0
5862.0, 1.376925, -2.063456, -0.005945, -4.572084, 1.229867, 0.0
5879.0, 1.380013, -2.07826, -0.005868, -4.806792, 1.315966, 0.0
5879.0, 1.380013, -2.07826, -0.005868, -4.806792, 1.315966, 0.0
5896.0, 1.382632, -2.093194, -0.005815, -4.806792, 1.315966, 0.0
5896.0, 1.382632, -2.093194, -0.005815, -4.806792, 1.315966, 0.0
5918.0, 1.384781, -2.108255, -0.005784, -4.806792, 1.315966, 0.0
5930.0, 1.386554, -2.123424, -0.005811, -4.806792, 1.315966, 0.0
5930.0, 1.386554, -2.123424, -0.005811, -4.806792, 1.315966, 0.0
5947.0, 1.388073, -2.138671, -0.005927, -4.806792, 1.315966, 0.0
5947.0, 1.388073, -2.138671, -0.005927, -4.806792, 1.315966, 0.0
5963.0, 1.389459, -2.153971, -0.006145, -4.806792, 1.315966, 0.0
5980.0, 1.390819, -2.169299, -0.006465, -4.806792, 1.315966, 0.0
5980.0, 1.390819, -2.169299, -0.006465, -4.806792, 1.315966, 0.0
5997.0, 1.392249, -2.184637, -0.006873, -4.806792, 1.315966, 0.0
5997.0, 1.392249, -2.184637, -0.006873, -4.806792, 1.315966, 0.0
6016.0, 1.393827, -2.199967, -0.007352, -4.806792, 1.315966, 0.0
6031.0, 1.39562, -2.21528, -0.007877, -4.806792, 1.315966, 0.0
6031.0, 1.39562, -2.21528, -0.007877, -4.806792, 1.315966, 0.0
6047.0, 1.397681, -2.230569, -0.008429, -4.806792, 1.315966, 0.0
6047.0, 1.397681, -2.230569, -0.008429, -4.806792, 1.315966, 0.0
6062.0, 1.400055, -2.24583, -0.008987, -4.806792, 1.315966, 0.0
6079.0, 1.402778, -2.261059, -0.009533, -4.806792, 1.315966, 0.0
6079.0, 1.402778, -2.261059, -0.009533, -4.806792, 1.315966, 0.0
6096.0, 1.405878, -2.276254, -0.010056, -4.806792, 1.315966, 0.0
6096.0, 1.405878, -2.276254, -0.010056, -4.806792, 1.315966, 0.0
6114.0, 1.409379, -2.291414, -0.010544, -4.806792, 1.315966, 0.0
6130.0, 1.4133, -2.30654, -0.010994, -5.041501, 1.402065, 0.0
6130.0, 1.4133, -2.30654, -0.010994, -5.041501, 1.402065, 0.0
6146.0, 1.417655, -2.32163, -0.0114, -5.041501, 1.402065, 0.0
6146.0, 1.417655, -2.32163, -0.0114, -5.041501, 1.402065, 0.0
6162.0, 1.422456, -2.336682, -0.011763, -5.041501, 1.402065, 0.0
6179.0, 1.427711, -2.351696, -0.012083, -5.041501, 1.402065, 0.0
6179.0, 1.427711, -2.351696, -0.012083, -5.041501, 1.402065, 0.0
6195.0, 1.43343, -2.366671, -0.012362, -5.041501, 1.402065, 0.0
6195.0, 1.43343, -2.366671, -0.012362, -5.041501, 1.402065, 0.0
6214.0, 1.439617, -2.381608, -0.012605, -5.041501, 1.402065, 0.0
6229.0, 1.446277, -2.396501, -0.012814, -5.041501, 1.402065, 0.0
6229.0, 1.446277, -2.396501, -0.012814, -5.041501, 1.402065, 0.0
6246.0, 1.453414, -2.411347, -0.012995, -5.041501, 1.402065, 0.0
6246.0, 1.453414, -2.411347, -0.012995, -5.041501, 1.402065, 0.0
6262.0, 1.461031, -2.426146, -0.01315, -5.041501, 1.402065, 0.0
6280.0, 1.469131, -2.440892, -0.013283, -5.041501, 1.402065, 0.0
6280.0, 1.469131, -2.440892, -0.013283, -5.041501, 1.402065, 0.0
6295.0, 1.477717, -2.455585, -0.013398, -5.041501, 1.402065, 0.0
6295.0, 1.477717, -2.455585, -0.013398, -5.041501, 1.402065, 0.0
6314.0, 1.486789, -2.47022, -0.013499, -5.041501, 1.402065, 0.0
6329.0, 1.496251, -2.484817, -0.013547, -5.041501, 1.402065, 0.0
6329.0, 1.496251, -2.484817, -0.013547, -5.041501, 1.402065, 0.0
6347.0, 1.505979, -2.499397, -0.013507, -5.041501, 1.402065, 0.0
6347.0, 1.505979, -2.499397, -0.013507, -5.041501, 1.402065, 0.0
6362.0, 1.515851, -2.513982, -0.013363, -5.041501, 1.402065, 0.0
6379.0, 1.525756, -2.528592, -0.013112, -5.276209, 1.488164, 0.0
6379.0, 1.525756, -2.528592, -0.013112, -5.276209, 1.488164, 0.0
6397.0, 1.535599, -2.543245, -0.012764, -5.276209, 1.488164, 0.0
6397.0, 1.535599, -2.543245, -0.012764, -5.276209, 1.488164, 0.0
6413.0, 1.545301, -2.557954, -0.012338, -5.276209, 1.488164, 0.0
6430.0, 1.554795, -2.572736, -0.011854, -5.276209, 1.488164, 0.0
6430.0, 1.554795, -2.572736, -0.011854, -5.276209, 1.488164, 0.0
6446.0, 1.564029, -2.587602, -0.011336, -5.276209, 1.488164, 0.0
6446.0, 1.564029, -2.587602, -0.011336, -5.276209, 1.488164, 0.0
6463.0, 1.57296, -2.602565, -0.010806, -5.276209, 1.488164, 0.0
6481.0, 1.581553, -2.617633, -0.010281, -5.276209, 1.488164, 0.0
6481.0, 1.581553, -2.617633, -0.010281, -5.276209, 1.488164, 0.0
6497.0, 1.589782, -2.632813, -0.009778, -5.276209, 1.488164, 0.0
6497.0, 1.589782, -2.632813, -0.009778, -5.276209, 1.488164, 0.0
6517.0, 1.597645, -2.648151, -0.009304, -5.276209, 1.488164, 0.0
6530.0, 1.605082, -2.663569, -0.008871, -5.276209, 1.488164, 0.0
6530.0, 1.605082, -2.663569, -0.008871, -5.276209, 1.488164, 0.0
6547.0, 1.6121, -2.679113, -0.008483, -5.276209, 1.488164, 0.0
6547.0, 1.6121, -2.679113, -0.008483, -5.276209, 1.488164, 0.0
6563.0, 1.618689, -2.694787, -0.008143, -5.276209, 1.488164, 0.0
6580.0, 1.624842, -2.710591, -0.007849, -5.276209, 1.488164, 0.0
6580.0, 1.624842, -2.710591, -0.007849, -5.276209, 1.488164, 0.0
6596.0, 1.630551, -2.726529, -0.007601, -5.276209, 1.488164, 0.0
6596.0, 1.630551, -2.726529, -0.007601, -5.276209, 1.488164, 0.0
6614.0, 1.63581, -2.742602, -0.007397, -5.276209, 1.488164, 0.0
6630.0, 1.640615, -2.758812, -0.007233, -5.510958, 1.574278, 0.0
6630.0, 1.640615, -2.758812, -0.007233, -5.510958, 1.574278, 0.0
6646.0, 1.644961, -2.775154, -0.007104, -5.510958, 1.574278, 0.0
6646.0, 1.644961, -2.775154, -0.007104, -5.510958, 1.574278, 0.0
6662.0, 1.648844, -2.791625, -0.007006, -5.510958, 1.574278, 0.0
6681.0, 1.65226, -2.808223, -0.006936, -5.510958, 1.574278, 0.0
6681.0, 1.65226, -2.808223, -0.006936, -5.510958, 1.574278, 0.0
6697.0, 1.655206, -2.824944, -0.00689, -5.510958, 1.574278, 0.0
6697.0, 1.655206, -2.824944, -0.00689, -5.510958, 1.574278, 0.0
6714.0, 1.65768, -2.841789, -0.006864, -5.510958, 1.574278, 0.0
6730.0, 1.659778, -2.858735, -0.006896, -5.510958, 1.574278, 0.0
6730.0, 1.659778, -2.858735, -0.006896, -5.510958, 1.574278, 0.0
6746.0, 1.661621, -2.875756, -0.007015, -5.510958, 1.574278, 0.0
6746.0, 1.661621, -2.875756, -0.007015, -5.510958, 1.574278, 0.0
6763.0, 1.663331, -2.892826, -0.007237, -5.510958, 1.574278, 0.0
6779.0, 1.665017, -2.909922, -0.00756, -5.510958, 1.574278, 0.0
6779.0, 1.665017, -2.909922, -0.00756, -5.510958, 1.574278, 0.0
6797.0, 1.666774, -2.927024, -0.007972, -5.510958, 1.574278, 0.0
6797.0, 1.666774, -2.927024, -0.007972, -5.510958, 1.574278, 0.0
6814.0, 1.66868, -2.944117, -0.008454, -5.510958, 1.574278, 0.0
6830.0, 1.670803, -2.961191, -0.008983, -5.510958, 1.574278, 0.0
6830.0, 1.670803, -2.961191, -0.008983, -5.510958, 1.574278, 0.0
6846.0, 1.673195, -2.978239, -0.009537, -5.510958, 1.574278, 0.0
6846.0, 1.673195, -2.978239, -0.009537, -5.510958, 1.574278, 0.0
6862.0, 1.675902, -2.995256, -0.010097, -5.510958, 1.574278, 0.0
6880.0, 1.678959, -3.012239, -0.010645, -5.745666, 1.660377, 0.0
6880.0, 1.678959, -3.012239, -0.010645, -5.745666, 1.660377, 0.0
6897.0, 1.682395, -3.029186, -0.011168, -5.745666, 1.660377, 0.0
6897.0, 1.682395, -3.029186, -0.011168, -5.745666, 1.660377, 0.0
6914.0, 1.686231, -3.046095, -0.011656, -5.745666, 1.660377, 0.0
6930.0, 1.690489, -3.062968, -0.012104, -5.745666, 1.660377, 0.0
6930.0, 1.690489, -3.062968, -0.012104, -5.745666, 1.660377, 0.0
6947.0, 1.695181, -3.079802, -0.012507, -5.745666, 1.660377, 0.0
6947.0, 1.695181, -3.079802, -0.012507, -5.745666, 1.660377, 0.0
6962.0, 1.700318, -3.096594, -0.012865, -5.745666, 1.660377, 0.0
6981.0, 1.705911, -3.113346, -0.013179, -5.745666, 1.660377, 0.0
6981.0, 1.705911, -3.113346, -0.013179, -5.745666, 1.660377, 0.0
6995.0, 1.711966, -3.130055, -0.013451, -5.745666, 1.660377, 0.0
6996.0, 1.711966, -3.130055, -0.013451, -5.745666, 1.660377, 0.0
7013.0, 1.718489, -3.146723, -0.013686, -5.745666, 1.660377, 0.0
7028.0, 1.725484, -3.163343, -0.013886, -5.745666, 1.660377, 0.0
7028.0, 1.725484, -3.163343, -0.013886, -5.745666, 1.660377, 0.0
7046.0, 1.732955, -3.179915, -0.014056, -5.745666, 1.660377, 0.0
7046.0, 1.732955, -3.179915, -0.014056, -5.745666, 1.660377, 0.0
7062.0, 1.740906, -3.196435, -0.014201, -5.745666, 1.660377, 0.0
7079.0, 1.749339, -3.212902, -0.014323, -5.745666, 1.660377, 0.0
7079.0, 1.749339, -3.212902, -0.014323, -5.745666, 1.660377, 0.0
7097.0, 1.758257, -3.229312, -0.014427, -5.745666, 1.660377, 0.0
7097.0, 1.758257, -3.229312, -0.014427, -5.745666, 1.660377, 0.0
7113.0, 1.76766, -3.245664, -0.014517, -5.745666, 1.660377, 0.0
7130.0, 1.777452, -3.261976, -0.014553, -5.980374, 1.746476, 0.0
7130.0, 1.777452, -3.261976, -0.014553, -5.980374, 1.746476, 0.0
7146.0, 1.787769, -3.278688, -0.014501, -5.980374, 1.746476, 0.0
7146.0, 1.787769, -3.278688, -0.014501, -5.980374, 1.746476, 0.0
7163.0, 1.797967, -3.294984, -0.014348, -5.980374, 1.746476, 0.0
7181.0, 1.808197, -3.311307, -0.014088, -5.980374, 1.746476, 0.0
7181.0, 1.808197, -3.311307, -0.014088, -5.980374, 1.746476, 0.0
7198.0, 1.818362, -3.327672, -0.013732, -5.980374, 1.746476, 0.0
7198.0, 1.818362, -3.327672, -0.013732, -5.980374, 1.746476, 0.0
7214.0, 1.828383, -3.344092, -0.013297, -5.980374, 1.746476, 0.0
7231.0, 1.838167, -3.360538, -0.012797, -5.980374, 1.746476, 0.0
7231.0, 1.838167, -3.360538, -0.012797, -5.980374, 1.746476, 0.0
7246.0, 1.847681, -3.377055, -0.012266, -5.980374, 1.746476, 0.0
7246.0, 1.847681, -3.377055, -0.012266, -5.980374, 1.746476, 0.0
7262.0, 1.856891, -3.393666, -0.011729, -5.980374, 1.746476, 0.0
7280.0, 1.865765, -3.410385, -0.011203, -5.980374, 1.746476, 0.0
7280.0, 1.865765, -3.410385, -0.011203, -5.980374, 1.746476, 0.0
7297.0, 1.874277, -3.42722, -0.010704, -5.980374, 1.746476, 0.0
7297.0, 1.874277, -3.42722, -0.010704, -5.980374, 1.746476, 0.0
7314.0, 1.882405, -3.444175, -0.01024, -5.980374, 1.746476, 0.0
7330.0, 1.890152, -3.461302, -0.009827, -5.980374, 1.746476, 0.0
7330.0, 1.890152, -3.461302, -0.009827, -5.980374, 1.746476, 0.0
7347.0, 1.897487, -3.478569, -0.009457, -5.980374, 1.746476, 0.0
7347.0, 1.897487, -3.478569, -0.009457, -5.980374, 1.746476, 0.0
7363.0, 1.904393, -3.495963, -0.009131, -5.980374, 1.746476, 0.0
7381.0, 1.910859, -3.51348, -0.008848, -6.215491, 1.832725, 0.0
7381.0, 1.910859, -3.51348, -0.008848, -6.215491, 1.832725, 0.0
7397.0, 1.916876, -3.53112, -0.008606, -6.215491, 1.832725, 0.0
7397.0, 1.916876, -3.53112, -0.008606, -6.215491, 1.832725, 0.0
7414.0, 1.922439, -3.548885, -0.008405, -6.215491, 1.832725, 0.0
7431.0, 1.927543, -3.566773, -0.008242, -6.215491, 1.832725, 0.0
7431.0, 1.927543, -3.566773, -0.008242, -6.215491, 1.832725, 0.0
7446.0, 1.932184, -3.584783, -0.008113, -6.215491, 1.832725, 0.0
7447.0, 1.932184, -3.584783, -0.008113, -6.215491, 1.832725, 0.0
7463.0, 1.936359, -3.602913, -0.008014, -6.215491, 1.832725, 0.0
7480.0, 1.940063, -3.621161, -0.007943, -6.215491, 1.832725, 0.0
7481.0, 1.940063, -3.621161, -0.007943, -6.215491, 1.832725, 0.0
7497.0, 1.943296, -3.639527, -0.007896, -6.215491, 1.832725, 0.0
7497.0, 1.943296, -3.639527, -0.007896, -6.215491, 1.832725, 0.0
7514.0, 1.946054, -3.65801, -0.007869, -6.215491, 1.832725, 0.0
7530.0, 1.948435, -3.676588, -0.0079, -6.215491, 1.832725, 0.0
7530.0, 1.948435, -3.676588, -0.0079, -6.215491, 1.832725, 0.0
7546.0, 1.95056, -3.695236, -0.008018, -6.215491, 1.832725, 0.0
7546.0, 1.95056, -3.695236, -0.008018, -6.215491, 1.832725, 0.0
7563.0, 1.952552, -3.713929, -0.00824, -6.215491, 1.832725, 0.0
7581.0, 1.95452, -3.732645, -0.008564, -6.215491, 1.832725, 0.0
7581.0, 1.95452, -3.732645, -0.008564, -6.215491, 1.832725, 0.0
7597.0, 1.956559, -3.751365, -0.008977, -6.215491, 1.832725, 0.0
7597.0, 1.956559, -3.751365, -0.008977, -6.215491, 1.832725, 0.0
7614.0, 1.958749, -3.770072, -0.00946, -6.215491, 1.832725, 0.0
7630.0, 1.961157, -3.788762, -0.009991, -6.4502, 1.918824, 0.0
7630.0, 1.961157, -3.788762, -0.009991, -6.4502, 1.918824, 0.0
7648.0, 1.963836, -3.807424, -0.010547, -6.4502, 1.918824, 0.0
7648.0, 1.963836, -3.807424, -0.010547, -6.4502, 1.918824, 0.0
7663.0, 1.96683, -3.826052, -0.011108, -6.4502, 1.918824, 0.0
7681.0, 1.970176, -3.844643, -0.011657, -6.4502, 1.918824, 0.0
7681.0, 1.970176, -3.844643, -0.011657, -6.4502, 1.918824, 0.0
7698.0, 1.9739, -3.863194, -0.01218, -6.4502, 1.918824, 0.0
7698.0, 1.9739, -3.863194, -0.01218, -6.4502, 1.918824, 0.0
7714.0, 1.978027, -3.881702, -0.012667, -6.4502, 1.918824, 0.0
7730.0, 1.982572, -3.900163, -0.013112, -6.4502, 1.918824, 0.0
7730.0, 1.982572, -3.900163, -0.013112, -6.4502, 1.918824, 0.0
7746.0, 1.987551, -3.918579, -0.013511, -6.4502, 1.918824, 0.0
7747.0, 1.987551, -3.918579, -0.013511, -6.4502, 1.918824, 0.0
7763.0, 1.992976, -3.936949, -0.013864, -6.4502, 1.918824, 0.0
7779.0, 1.998855, -3.955274, -0.014173, -6.4502, 1.918824, 0.0
7779.0, 1.998855, -3.955274, -0.014173, -6.4502, 1.918824, 0.0
7798.0, 2.005196, -3.973555, -0.01444, -6.4502, 1.918824, 0.0
7798.0, 2.005196, -3.973555, -0.01444, -6.4502, 1.918824, 0.0
7814.0, 2.012006, -3.99179, -0.014667, -6.4502, 1.918824, 0.0
7830.0, 2.019288, -4.009978, -0.014861, -6.4502, 1.918824, 0.0
7830.0, 2.019288, -4.009978, -0.014861, -6.4502, 1.918824, 0.0
7847.0, 2.027045, -4.028114, -0.015023, -6.4502, 1.918824, 0.0
7847.0, 2.027045, -4.028114, -0.015023, -6.4502, 1.918824, 0.0
7863.0, 2.035282, -4.046197, -0.01516, -6.4502, 1.918824, 0.0
7881.0, 2.044, -4.064223, -0.015274, -6.684907, 2.004923, 0.0
7881.0, 2.044, -4.064223, -0.015274, -6.684907, 2.004923, 0.0
7897.0, 2.053202, -4.08219, -0.015369, -6.684907, 2.004923, 0.0
7897.0, 2.053202, -4.08219, -0.015369, -6.684907, 2.004923, 0.0
7915.0, 2.062889, -4.100097, -0.015449, -6.684907, 2.004923, 0.0
7930.0, 2.072963, -4.11796, -0.015476, -6.684907, 2.004923, 0.0
7930.0, 2.072963, -4.11796, -0.015476, -6.684907, 2.004923, 0.0
7946.0, 2.083302, -4.135803, -0.015417, -6.684907, 2.004923, 0.0
7946.0, 2.083302, -4.135803, -0.015417, -6.684907, 2.004923, 0.0
7963.0, 2.093782, -4.153648, -0.015254, -6.684907, 2.004923, 0.0
7980.0, 2.104293, -4.171515, -0.014985, -6.684907, 2.004923, 0.0
7980.0, 2.104293, -4.171515, -0.014985, -6.684907, 2.004923, 0.0
7996.0, 2.114738, -4.189422, -0.014622, -6.684907, 2.004923, 0.0
7996.0, 2.114738, -4.189422, -0.014622, -6.684907, 2.004923, 0.0
8014.0, 2.125038, -4.207381, -0.014181, -6.684907, 2.004923, 0.0
8030.0, 2.135128, -4.225409, -0.013686, -6.684907, 2.004923, 0.0
8030.0, 2.135128, -4.225409, -0.013686, -6.684907, 2.004923, 0.0
8046.0, 2.144953, -4.243517, -0.013158, -6.684907, 2.004923, 0.0
8046.0, 2.144953, -4.243517, -0.013158, -6.684907, 2.004923, 0.0
8063.0, 2.154472, -4.261714, -0.012621, -6.684907, 2.004923, 0.0
8081.0, 2.163649, -4.280011, -0.012092, -6.684907, 2.004923, 0.0
8081.0, 2.163649, -4.280011, -0.012092, -6.684907, 2.004923, 0.0
8097.0, 2.172457, -4.298412, -0.011586, -6.684907, 2.004923, 0.0
8097.0, 2.172457, -4.298412, -0.011586, -6.684907, 2.004923, 0.0
8115.0, 2.180875, -4.316923, -0.011114, -6.684907, 2.004923, 0.0
8130.0, 2.188884, -4.335547, -0.010684, -6.919616, 2.091022, 0.0
8130.0, 2.188884, -4.335547, -0.010684, -6.919616, 2.091022, 0.0
8147.0, 2.196473, -4.354288, -0.010301, -6.919616, 2.091022, 0.0
8147.0, 2.196473, -4.354288, -0.010301, -6.919616, 2.091022, 0.0
8163.0, 2.203629, -4.373148, -0.009966, -6.919616, 2.091022, 0.0
8181.0, 2.210356, -4.392159, -0.009678, -6.919616, 2.091022, 0.0
8181.0, 2.210356, -4.392159, -0.009678, -6.919616, 2.091022, 0.0
8197.0, 2.216623, -4.411261, -0.009437, -6.919616, 2.091022, 0.0
8197.0, 2.216623, -4.411261, -0.009437, -6.919616, 2.091022, 0.0
8214.0, 2.222437, -4.430487, -0.00924, -6.919616, 2.091022, 0.0
8231.0, 2.227793, -4.449834, -0.009083, -6.919616, 2.091022, 0.0
8231.0, 2.227793, -4.449834, -0.009083, -6.919616, 2.091022, 0.0
8247.0, 2.232687, -4.469302, -0.008961, -6.919616, 2.091022, 0.0
8247.0, 2.232687, -4.469302, -0.008961, -6.919616, 2.091022, 0.0
8263.0, 2.237115, -4.488887, -0.008871, -6.919616, 2.091022, 0.0
8281.0, 2.241073, -4.508588, -0.008807, -6.919616, 2.091022, 0.0
8281.0, 2.241073, -4.508588, -0.008807, -6.919616, 2.091022, 0.0
8297.0, 2.24456, -4.528404, -0.008767, -6.919616, 2.091022, 0.0
8297.0, 2.24456, -4.528404, -0.008767, -6.919616, 2.091022, 0.0
8315.0, 2.247572, -4.548332, -0.008746, -6.919616, 2.091022, 0.0
8331.0, 2.250207, -4.568353, -0.008781, -6.919616, 2.091022, 0.0
8331.0, 2.250207, -4.568353, -0.008781, -6.919616, 2.091022, 0.0
8348.0, 2.252587, -4.588442, -0.008904, -6.919616, 2.091022, 0.0
8348.0, 2.252587, -4.588442, -0.008904, -6.919616, 2.091022, 0.0
8362.0, 2.254834, -4.608572, -0.00913, -6.919616, 2.091022, 0.0
8379.0, 2.257059, -4.628725, -0.009456, -7.154349, 2.177131, 0.0
8379.0, 2.257059, -4.628725, -0.009456, -7.154349, 2.177131, 0.0
8396.0, 2.259355, -4.648879, -0.009872, -7.154349, 2.177131, 0.0
8396.0, 2.259355, -4.648879, -0.009872, -7.154349, 2.177131, 0.0
8414.0, 2.261803, -4.66902, -0.010358, -7.154349, 2.177131, 0.0
8430.0, 2.26447, -4.689137, -0.010891, -7.154349, 2.177131, 0.0
8430.0, 2.26447, -4.689137, -0.010891, -7.154349, 2.177131, 0.0
8447.0, 2.267409, -4.709226, -0.011448, -7.154349, 2.177131, 0.0
8447.0, 2.267409, -4.709226, -0.011448, -7.154349, 2.177131, 0.0
8463.0, 2.270665, -4.729278, -0.01201, -7.154349, 2.177131, 0.0
8480.0, 2.274272, -4.749291, -0.012559, -7.154349, 2.177131, 0.0
8480.0, 2.274272, -4.749291, -0.012559, -7.154349, 2.177131, 0.0
8497.0, 2.278259, -4.769262, -0.013081, -7.154349, 2.177131, 0.0
8497.0, 2.278259, -4.769262, -0.013081, -7.154349, 2.177131, 0.0
8514.0, 2.282649, -4.789189, -0.013567, -7.154349, 2.177131, 0.0
8530.0, 2.287458, -4.809069, -0.014011, -7.154349, 2.177131, 0.0
8530.0, 2.287458, -4.809069, -0.014011, -7.154349, 2.177131, 0.0
8547.0, 2.292701, -4.828901, -0.014408, -7.154349, 2.177131, 0.0
8548.0, 2.292701, -4.828901, -0.014408, -7.154349, 2.177131, 0.0
8564.0, 2.29839, -4.848686, -0.014758, -7.154349, 2.177131, 0.0
8580.0, 2.304534, -4.868421, -0.015063, -7.154349, 2.177131, 0.0
8580.0, 2.304534, -4.868421, -0.015063, -7.154349, 2.177131, 0.0
8597.0, 2.311138, -4.888107, -0.015325, -7.154349, 2.177131, 0.0
8597.0, 2.311138, -4.888107, -0.015325, -7.154349, 2.177131, 0.0
8614.0, 2.318211, -4.907744, -0.015547, -7.154349, 2.177131, 0.0
8630.0, 2.325754, -4.92733, -0.015734, -7.389058, 2.26323, 0.0
8630.0, 2.325754, -4.92733, -0.015734, -7.389058, 2.26323, 0.0
8646.0, 2.333773, -4.94686, -0.01589, -7.389058, 2.26323, 0.0
8646.0, 2.333773, -4.94686, -0.01589, -7.389058, 2.26323, 0.0
8663.0, 2.342271, -4.966334, -0.016019, -7.389058, 2.26323, 0.0
8681.0, 2.351249, -4.98575, -0.016126, -7.389058, 2.26323, 0.0
8681.0, 2.351249, -4.98575, -0.016126, -7.389058, 2.26323, 0.0
8698.0, 2.36071, -5.005104, -0.016213, -7.389058, 2.26323, 0.0
8698.0, 2.36071, -5.005104, -0.016213, -7.389058, 2.26323, 0.0
8715.0, 2.370656, -5.024395, -0.016286, -7.389058, 2.26323, 0.0
8732.0, 2.38099, -5.043646, -0.016307, -7.389058, 2.26323, 0.0
8732.0, 2.38099, -5.043646, -0.016307, -7.389058, 2.26323, 0.0
8747.0, 2.391589, -5.062876, -0.016241, -7.389058, 2.26323, 0.0
8747.0, 2.391589, -5.062876, -0.016241, -7.389058, 2.26323, 0.0
8763.0, 2.402328, -5.082106, -0.016071, -7.389058, 2.26323, 0.0
8781.0, 2.413095, -5.101355, -0.015796, -7.389058, 2.26323, 0.0
8781.0, 2.413095, -5.101355, -0.015796, -7.389058, 2.26323, 0.0
8798.0, 2.423797, -5.120642, -0.015426, -7.389058, 2.26323, 0.0
8798.0, 2.423797, -5.120642, -0.015426, -7.389058, 2.26323, 0.0
8815.0, 2.43435, -5.13998, -0.014979, -7.389058, 2.26323, 0.0
8829.0, 2.44469, -5.159379, -0.014478, -7.389058, 2.26323, 0.0
8829.0, 2.44469, -5.159379, -0.014478, -7.389058, 2.26323, 0.0
8846.0, 2.454763, -5.178853, -0.013946, -7.389058, 2.26323, 0.0
8846.0, 2.454763, -5.178853, -0.013946, -7.389058, 2.26323, 0.0
8863.0, 2.464526, -5.198413, -0.013404, -7.389058, 2.26323, 0.0
8880.0, 2.473947, -5.218069, -0.012872, -7.623767, 2.349329, 0.0
8880.0, 2.473947, -5.218069, -0.012872, -7.623767, 2.349329, 0.0
8897.0, 2.482997, -5.237825, -0.012365, -7.623767, 2.349329, 0.0
8897.0, 2.482997, -5.237825, -0.012365, -7.623767, 2.349329, 0.0
8914.0, 2.491655, -5.257687, -0.011892, -7.623767, 2.349329, 0.0
8930.0, 2.499904, -5.277657, -0.011462, -7.623767, 2.349329, 0.0
8930.0, 2.499904, -5.277657, -0.011462, -7.623767, 2.349329, 0.0
8947.0, 2.50773, -5.29774, -0.011079, -7.623767, 2.349329, 0.0
8947.0, 2.50773, -5.29774, -0.011079, -7.623767, 2.349329, 0.0
8964.0, 2.515121, -5.317935, -0.010745, -7.623767, 2.349329, 0.0
8980.0, 2.522071, -5.338245, -0.01046, -7.623767, 2.349329, 0.0
8980.0, 2.522071, -5.338245, -0.01046, -7.623767, 2.349329, 0.0
8998.0, 2.528571, -5.358672, -0.010221, -7.623767, 2.349329, 0.0
8998.0, 2.528571, -5.358672, -0.010221, -7.623767, 2.349329, 0.0
9015.0, 2.534641, -5.379295, -0.010024, -7.623767, 2.349329, 0.0
9030.0, 2.540224, -5.399947, -0.009868, -7.623767, 2.349329, 0.0
9030.0, 2.540224, -5.399947, -0.009868, -7.623767, 2.349329, 0.0
9047.0, 2.545343, -5.42071, -0.009746, -7.623767, 2.349329, 0.0
9047.0, 2.545343, -5.42071, -0.009746, -7.623767, 2.349329, 0.0
9064.0, 2.549999, -5.441609, -0.009656, -7.623767, 2.349329, 0.0
9080.0, 2.55418, -5.462596, -0.009593, -7.623767, 2.349329, 0.0
9080.0, 2.55418, -5.462596, -0.009593, -7.623767, 2.349329, 0.0
9097.0, 2.557889, -5.483693, -0.009553, -7.623767, 2.349329, 0.0
9097.0, 2.557889, -5.483693, -0.009553, -7.623767, 2.349329, 0.0
9114.0, 2.561122, -5.504899, -0.009533, -7.623767, 2.349329, 0.0
9131.0, 2.563879, -5.526213, -0.00953, -7.858555, 2.435458, 0.0
9131.0, 2.563879, -5.526213, -0.00953, -7.858555, 2.435458, 0.0
9147.0, 2.566156, -5.547628, -0.009539, -7.858555, 2.435458, 0.0
9147.0, 2.566156, -5.547628, -0.009539, -7.858555, 2.435458, 0.0
9163.0, 2.56795, -5.569139, -0.009558, -7.858555, 2.435458, 0.0
9181.0, 2.56926, -5.59074, -0.009584, -7.858555, 2.435458, 0.0
9181.0, 2.56926, -5.59074, -0.009584, -7.858555, 2.435458, 0.0
9198.0, 2.570085, -5.612429, -0.009617, -7.858555, 2.435458, 0.0
9198.0, 2.570085, -5.612429, -0.009617, -7.858555, 2.435458, 0.0
9215.0, 2.570422, -5.634202, -0.009655, -7.858555, 2.435458, 0.0
9231.0, 2.57037, -5.656054, -0.009737, -7.858555, 2.435458, 0.0
9231.0, 2.57037, -5.656054, -0.009737, -7.858555, 2.435458, 0.0
9248.0, 2.570054, -5.677958, -0.009897, -7.858555, 2.435458, 0.0
9248.0, 2.570054, -5.677958, -0.009897, -7.858555, 2.435458, 0.0
9263.0, 2.569598, -5.699896, -0.010151, -7.858555, 2.435458, 0.0
9280.0, 2.569114, -5.721852, -0.010501, -7.858555, 2.435458, 0.0
9280.0, 2.569114, -5.721852, -0.010501, -7.858555, 2.435458, 0.0
9297.0, 2.5687, -5.743812, -0.010935, -7.858555, 2.435458, 0.0
9297.0, 2.5687, -5.743812, -0.010935, -7.858555, 2.435458, 0.0
9315.0, 2.568436, -5.765765, -0.011436, -7.858555, 2.435458, 0.0
9330.0, 2.568389, -5.787703, -0.011981, -7.858555, 2.435458, 0.0
9330.0, 2.568389, -5.787703, -0.011981, -7.858555, 2.435458, 0.0
9346.0, 2.568615, -5.809622, -0.012548, -7.858555, 2.435458, 0.0
9346.0, 2.568615, -5.809622, -0.012548, -7.858555, 2.435458, 0.0
9364.0, 2.569157, -5.831522, -0.013117, -7.858555, 2.435458, 0.0
9381.0, 2.570052, -5.8534, -0.013671, -8.093264, 2.521557, 0.0
9381.0, 2.570052, -5.8534, -0.013671, -8.093264, 2.521557, 0.0
9398.0, 2.571328, -5.875256, -0.014197, -8.093264, 2.521557, 0.0
9398.0, 2.571328, -5.875256, -0.014197, -8.093264, 2.521557, 0.0
9414.0, 2.573007, -5.897087, -0.014684, -8.093264, 2.521557, 0.0
9431.0, 2.575107, -5.918893, -0.015126, -8.093264, 2.521557, 0.0
9431.0, 2.575107, -5.918893, -0.015126, -8.093264, 2.521557, 0.0
9447.0, 2.577642, -5.940675, -0.015521, -8.093264, 2.521557, 0.0
9447.0, 2.577642, -5.940675, -0.015521, -8.093264, 2.521557, 0.0
9463.0, 2.580624, -5.962431, -0.015866, -8.093264, 2.521557, 0.0
9481.0, 2.584061, -5.984163, -0.016165, -8.093264, 2.521557, 0.0
9481.0, 2.584061, -5.984163, -0.016165, -8.093264, 2.521557, 0.0
9498.0, 2.58796, -6.005871, -0.016419, -8.093264, 2.521557, 0.0
9498.0, 2.58796, -6.005871, -0.016419, -8.093264, 2.521557, 0.0
9514.0, 2.592328, -6.027555, -0.016633, -8.093264, 2.521557, 0.0
9529.0, 2.597169, -6.049213, -0.016812, -8.093264, 2.521557, 0.0
9529.0, 2.597169, -6.049213, -0.016812, -8.093264, 2.521557, 0.0
9546.0, 2.602487, -6.070847, -0.016959, -8.093264, 2.521557, 0.0
9546.0, 2.602487, -6.070847, -0.016959, -8.093264, 2.521557, 0.0
9563.0, 2.608284, -6.092454, -0.01708, -8.093264, 2.521557, 0.0
9580.0, 2.614565, -6.114034, -0.017179, -8.093264, 2.521557, 0.0
9580.0, 2.614565, -6.114034, -0.017179, -8.093264, 2.521557, 0.0
9597.0, 2.621331, -6.135586, -0.01726, -8.093264, 2.521557, 0.0
9597.0, 2.621331, -6.135586, -0.01726, -8.093264, 2.521557, 0.0
9615.0, 2.628584, -6.15711, -0.017327, -8.093264, 2.521557, 0.0
9631.0, 2.636325, -6.178603, -0.017384, -8.327971, 2.607656, 0.0
9631.0, 2.636325, -6.178603, -0.017384, -8.327971, 2.607656, 0.0
9649.0, 2.644557, -6.200063, -0.017432, -8.327971, 2.607656, 0.0
9649.0, 2.644557, -6.200063, -0.017432, -8.327971, 2.607656, 0.0
9664.0, 2.653281, -6.221487, -0.017473, -8.327971, 2.607656, 0.0
9681.0, 2.662496, -6.242871, -0.01751, -8.327971, 2.607656, 0.0
9681.0, 2.662496, -6.242871, -0.01751, -8.327971, 2.607656, 0.0
9698.0, 2.672205, -6.264215, -0.017544, -8.327971, 2.607656, 0.0
9698.0, 2.672205, -6.264215, -0.017544, -8.327971, 2.607656, 0.0
9718.0, 2.682408, -6.285517, -0.017576, -8.327971, 2.607656, 0.0
9731.0, 2.693005, -6.30679, -0.017566, -8.327971, 2.607656, 0.0
9731.0, 2.693005, -6.30679, -0.017566, -8.327971, 2.607656, 0.0
9748.0, 2.703872, -6.328051, -0.017477, -8.327971, 2.607656, 0.0
9748.0, 2.703872, -6.328051, -0.017477, -8.327971, 2.607656, 0.0
9764.0, 2.714882, -6.349316, -0.017291, -8.327971, 2.607656, 0.0
9781.0, 2.725924, -6.370602, -0.017003, -8.327971, 2.607656, 0.0
9781.0, 2.725924, -6.370602, -0.017003, -8.327971, 2.607656, 0.0
9798.0, 2.737571, -6.393222, -0.016596, -8.327971, 2.607656, 0.0
9798.0, 2.737571, -6.393222, -0.016596, -8.327971, 2.607656, 0.0
9815.0, 2.748386, -6.414582, -0.016142, -8.327971, 2.607656, 0.0
9831.0, 2.758919, -6.435866, -0.01561, -8.327971, 2.607656, 0.0
9831.0, 2.758919, -6.435866, -0.01561, -8.327971, 2.607656, 0.0
9848.0, 2.769165, -6.457179, -0.015052, -8.327971, 2.607656, 0.0
9848.0, 2.769165, -6.457179, -0.015052, -8.327971, 2.607656, 0.0
9864.0, 2.779099, -6.478565, -0.014498, -8.327971, 2.607656, 0.0
9882.0, 2.788697, -6.500046, -0.013967, -8.563645, 2.694109, 0.0
9882.0, 2.788697, -6.500046, -0.013967, -8.563645, 2.694109, 0.0
9898.0, 2.797931, -6.521628, -0.013468, -8.563645, 2.694109, 0.0
9898.0, 2.797931, -6.521628, -0.013468, -8.563645, 2.694109, 0.0
9915.0, 2.806781, -6.543315, -0.01301, -8.563645, 2.694109, 0.0
9932.0, 2.815278, -6.565247, -0.012619, -8.563645, 2.694109, 0.0
9932.0, 2.815278, -6.565247, -0.012619, -8.563645, 2.694109, 0.0
9949.0, 2.823369, -6.58732, -0.01227, -8.563645, 2.694109, 0.0
9949.0, 2.823369, -6.58732, -0.01227, -8.563645, 2.694109, 0.0
9964.0, 2.831024, -6.609492, -0.011958, -8.563645, 2.694109, 0.0
9982.0, 2.838228, -6.631746, -0.011681, -8.563645, 2.694109, 0.0
9982.0, 2.838228, -6.631746, -0.011681, -8.563645, 2.694109, 0.0
