0.0, 0.0, 0.0, 0.002231, 3.695057, -1.531846, 0.0
0.0, 0.0, 0.0, 0.002231, 3.695057, -1.531846, 0.0
15.0, -0.000119, -0.000254, -0.004065, 3.695057, -1.531846, 0.0
15.0, -0.000119, -0.000254, -0.004065, 3.695057, -1.531846, 0.0
33.0, -0.000392, -0.000368, -0.009458, 3.695057, -1.531846, 0.0
49.0, -0.000831, -0.000262, -0.012064, 3.695057, -1.531846, 0.0
49.0, -0.000831, -0.000262, -0.012064, 3.695057, -1.531846, 0.0
65.0, -0.001468, -0.00001, -0.013006, 3.695057, -1.531846, 0.0
65.0, -0.001468, -0.00001, -0.013006, 3.695057, -1.531846, 0.0
81.0, -0.002344, 0.000278, -0.012731, 3.695057, -1.531846, 0.0
99.0, -0.003498, 0.000487, -0.011611, 3.635908, -1.473145, 0.0
99.0, -0.003498, 0.000487, -0.011611, 3.635908, -1.473145, 0.0
116.0, -0.004966, 0.00051, -0.009945, 3.635908, -1.473145, 0.0
116.0, -0.004966, 0.00051, -0.009945, 3.635908, -1.473145, 0.0
133.0, -0.006579, 0.000283, -0.007417, 3.635908, -1.473145, 0.0
149.0, -0.008586, 0.000089, -0.004776, 3.635908, -1.473145, 0.0
149.0, -0.008586, 0.000089, -0.004776, 3.635908, -1.473145, 0.0
166.0, -0.011057, -0.000137, -0.001847, 3.635908, -1.473145, 0.0
166.0, -0.011057, -0.000137, -0.001847, 3.635908, -1.473145, 0.0
181.0, -0.014071, -0.000278, 0.001188, 3.635908, -1.473145, 0.0
198.0, -0.017587, -0.000321, 0.00419, 3.635908, -1.473145, 0.0
198.0, -0.017587, -0.000321, 0.00419, 3.635908, -1.473145, 0.0
215.0, -0.020967, -0.000229, 0.003533, 3.635908, -1.473145, 0.0
215.0, -0.020967, -0.000229, 0.003533, 3.635908, -1.473145, 0.0
232.0, -0.025294, 0.00024, 0.003723, 3.635908, -1.473145, 0.0
249.0, -0.030197, 0.000855, 0.003979, 3.635908, -1.473145, 0.0
249.0, -0.030197, 0.000855, 0.003979, 3.635908, -1.473145, 0.0
265.0, -0.035601, 0.001569, 0.004264, 3.635908, -1.473145, 0.0
265.0, -0.035601, 0.001569, 0.004264, 3.635908, -1.473145, 0.0
282.0, -0.041503, 0.002352, 0.004571, 3.635908, -1.473145, 0.0
299.0, -0.047902, 0.003194, 0.004883, 3.635908, -1.473145, 0.0
299.0, -0.047902, 0.003194, 0.004883, 3.635908, -1.473145, 0.0
315.0, -0.054798, 0.004092, 0.005184, 3.635908, -1.473145, 0.0
315.0, -0.054798, 0.004092, 0.005184, 3.635908, -1.473145, 0.0
332.0, -0.06219, 0.005047, 0.005465, 3.635908, -1.473145, 0.0
349.0, -0.070078, 0.00606, 0.005722, 3.458458, -1.297041, 0.0
349.0, -0.070078, 0.00606, 0.005722, 3.458458, -1.297041, 0.0
366.0, -0.078462, 0.007132, 0.005952, 3.458458, -1.297041, 0.0
366.0, -0.078462, 0.007132, 0.005952, 3.458458, -1.297041, 0.0
381.0, -0.087344, 0.008263, 0.006154, 3.458458, -1.297041, 0.0
399.0, -0.096721, 0.009452, 0.00633, 3.458458, -1.297041, 0.0
399.0, -0.096721, 0.009452, 0.00633, 3.458458, -1.297041, 0.0
416.0, -0.106595, 0.010701, 0.006482, 3.458458, -1.297041, 0.0
416.0, -0.106595, 0.010701, 0.006482, 3.458458, -1.297041, 0.0
432.0, -0.116966, 0.012009, 0.006612, 3.458458, -1.297041, 0.0
448.0, -0.127833, 0.013374, 0.006722, 3.458458, -1.297041, 0.0
448.0, -0.127833, 0.013374, 0.006722, 3.458458, -1.297041, 0.0
465.0, -0.139196, 0.014792, 0.006815, 3.458458, -1.297041, 0.0
465.0, -0.139196, 0.014792, 0.006815, 3.458458, -1.297041, 0.0
481.0, -0.151057, 0.01626, 0.006894, 3.458458, -1.297041, 0.0
499.0, -0.163415, 0.017773, 0.006961, 3.458458, -1.297041, 0.0
499.0, -0.163415, 0.017773, 0.006961, 3.458458, -1.297041, 0.0
514.0, -0.176271, 0.01933, 0.007017, 3.458458, -1.297041, 0.0
514.0, -0.176271, 0.01933, 0.007017, 3.458458, -1.297041, 0.0
532.0, -0.189624, 0.020928, 0.007065, 3.458458, -1.297041, 0.0
549.0, -0.203475, 0.022562, 0.007105, 3.458458, -1.297041, 0.0
549.0, -0.203475, 0.022562, 0.007105, 3.458458, -1.297041, 0.0
565.0, -0.217824, 0.024227, 0.007139, 3.458458, -1.297041, 0.0
565.0, -0.217824, 0.024227, 0.007139, 3.458458, -1.297041, 0.0
582.0, -0.232671, 0.025917, 0.007169, 3.458458, -1.297041, 0.0
599.0, -0.248017, 0.027627, 0.007193, 3.281009, -1.120937, 0.0
599.0, -0.248017, 0.027627, 0.007193, 3.281009, -1.120937, 0.0
616.0, -0.263863, 0.029355, 0.007213, 3.281009, -1.120937, 0.0
616.0, -0.263863, 0.029355, 0.007213, 3.281009, -1.120937, 0.0
632.0, -0.280207, 0.031096, 0.00723, 3.281009, -1.120937, 0.0
648.0, -0.297053, 0.032846, 0.007243, 3.281009, -1.120937, 0.0
648.0, -0.297053, 0.032846, 0.007243, 3.281009, -1.120937, 0.0
665.0, -0.314397, 0.034596, 0.007253, 3.281009, -1.120937, 0.0
665.0, -0.314397, 0.034596, 0.007253, 3.281009, -1.120937, 0.0
682.0, -0.332242, 0.036343, 0.007259, 3.281009, -1.120937, 0.0
698.0, -0.350585, 0.038081, 0.007261, 3.281009, -1.120937, 0.0
698.0, -0.350585, 0.038081, 0.007261, 3.281009, -1.120937, 0.0
715.0, -0.369427, 0.039805, 0.00726, 3.281009, -1.120937, 0.0
715.0, -0.369427, 0.039805, 0.00726, 3.281009, -1.120937, 0.0
733.0, -0.388769, 0.041512, 0.007255, 3.281009, -1.120937, 0.0
749.0, -0.408509, 0.043209, 0.007207, 3.281009, -1.120937, 0.0
749.0, -0.408509, 0.043209, 0.007207, 3.281009, -1.120937, 0.0
766.0, -0.428517, 0.044904, 0.007079, 3.281009, -1.120937, 0.0
766.0, -0.428517, 0.044904, 0.007079, 3.281009, -1.120937, 0.0
782.0, -0.448666, 0.046606, 0.006854, 3.281009, -1.120937, 0.0
799.0, -0.468845, 0.048323, 0.006531, 3.281009, -1.120937, 0.0
799.0, -0.468845, 0.048323, 0.006531, 3.281009, -1.120937, 0.0
815.0, -0.488956, 0.050062, 0.006123, 3.281009, -1.120937, 0.0
815.0, -0.488956, 0.050062, 0.006123, 3.281009, -1.120937, 0.0
832.0, -0.508918, 0.051828, 0.005647, 3.281009, -1.120937, 0.0
849.0, -0.528665, 0.053628, 0.005127, 3.103559, -0.944833, 0.0
849.0, -0.528665, 0.053628, 0.005127, 3.103559, -0.944833, 0.0
866.0, -0.548143, 0.055472, 0.004586, 3.103559, -0.944833, 0.0
866.0, -0.548143, 0.055472, 0.004586, 3.103559, -0.944833, 0.0
881.0, -0.567308, 0.057366, 0.004045, 3.103559, -0.944833, 0.0
899.0, -0.586127, 0.059319, 0.003521, 3.103559, -0.944833, 0.0
899.0, -0.586127, 0.059319, 0.003521, 3.103559, -0.944833, 0.0
916.0, -0.60457, 0.061336, 0.003028, 3.103559, -0.944833, 0.0
916.0, -0.60457, 0.061336, 0.003028, 3.103559, -0.944833, 0.0
933.0, -0.622614, 0.063425, 0.002577, 3.103559, -0.944833, 0.0
947.0, -0.640243, 0.065589, 0.002174, 3.103559, -0.944833, 0.0
947.0, -0.640243, 0.065589, 0.002174, 3.103559, -0.944833, 0.0
964.0, -0.65744, 0.067832, 0.001822, 3.103559, -0.944833, 0.0
964.0, -0.65744, 0.067832, 0.001822, 3.103559, -0.944833, 0.0
981.0, -0.674195, 0.07016, 0.001522, 3.103559, -0.944833, 0.0
998.0, -0.690497, 0.072573, 0.001273, 3.103559, -0.944833, 0.0
998.0, -0.690497, 0.072573, 0.001273, 3.103559, -0.944833, 0.0
1014.0, -0.70634, 0.075075, 0.001072, 3.103559, -0.944833, 0.0
1014.0, -0.70634, 0.075075, 0.001072, 3.103559, -0.944833, 0.0
1032.0, -0.721716, 0.077668, 0.000915, 3.103559, -0.944833, 0.0
1049.0, -0.736622, 0.08035, 0.000798, 3.103559, -0.944833, 0.0
1049.0, -0.736622, 0.08035, 0.000798, 3.103559, -0.944833, 0.0
1065.0, -0.751053, 0.083122, 0.000716, 3.103559, -0.944833, 0.0
1065.0, -0.751053, 0.083122, 0.000716, 3.103559, -0.944833, 0.0
1081.0, -0.765006, 0.085981, 0.000663, 3.103559, -0.944833, 0.0
1099.0, -0.778478, 0.088927, 0.000637, 2.92611, -0.768729, 0.0
1099.0, -0.778478, 0.088927, 0.000637, 2.92611, -0.768729, 0.0
1115.0, -0.791466, 0.091958, 0.00063, 2.92611, -0.768729, 0.0
1115.0, -0.791466, 0.091958, 0.00063, 2.92611, -0.768729, 0.0
1133.0, -0.80397, 0.095073, 0.000641, 2.92611, -0.768729, 0.0
1149.0, -0.815987, 0.098269, 0.000665, 2.92611, -0.768729, 0.0
1149.0, -0.815987, 0.098269, 0.000665, 2.92611, -0.768729, 0.0
1166.0, -0.827516, 0.101541, 0.000699, 2.92611, -0.768729, 0.0
1166.0, -0.827516, 0.101541, 0.000699, 2.92611, -0.768729, 0.0
1181.0, -0.838555, 0.104888, 0.00074, 2.92611, -0.768729, 0.0
1198.0, -0.849104, 0.108304, 0.000785, 2.92611, -0.768729, 0.0
1198.0, -0.849104, 0.108304, 0.000785, 2.92611, -0.768729, 0.0
1214.0, -0.859163, 0.111789, 0.000833, 2.92611, -0.768729, 0.0
1214.0, -0.859163, 0.111789, 0.000833, 2.92611, -0.768729, 0.0
1232.0, -0.86873, 0.115339, 0.000881, 2.92611, -0.768729, 0.0
1248.0, -0.877806, 0.11895, 0.000928, 2.92611, -0.768729, 0.0
1248.0, -0.877806, 0.11895, 0.000928, 2.92611, -0.768729, 0.0
1264.0, -0.886389, 0.122618, 0.000973, 2.92611, -0.768729, 0.0
1264.0, -0.886389, 0.122618, 0.000973, 2.92611, -0.768729, 0.0
1281.0, -0.89448, 0.126338, 0.001013, 2.92611, -0.768729, 0.0
1299.0, -0.902077, 0.130108, 0.001048, 2.92611, -0.768729, 0.0
1299.0, -0.902077, 0.130108, 0.001048, 2.92611, -0.768729, 0.0
1315.0, -0.909181, 0.133923, 0.001076, 2.92611, -0.768729, 0.0
1315.0, -0.909181, 0.133923, 0.001076, 2.92611, -0.768729, 0.0
1333.0, -0.915793, 0.137782, 0.001095, 2.92611, -0.768729, 0.0
1349.0, -0.921911, 0.141679, 0.001104, 2.74866, -0.592624, 0.0
1349.0, -0.921911, 0.141679, 0.001104, 2.74866, -0.592624, 0.0
1366.0, -0.927538, 0.145611, 0.001102, 2.74866, -0.592624, 0.0
1366.0, -0.927538, 0.145611, 0.001102, 2.74866, -0.592624, 0.0
1381.0, -0.932673, 0.149573, 0.001086, 2.74866, -0.592624, 0.0
1397.0, -0.937318, 0.153562, 0.001055, 2.74866, -0.592624, 0.0
1397.0, -0.937318, 0.153562, 0.001055, 2.74866, -0.592624, 0.0
1415.0, -0.941474, 0.157575, 0.001005, 2.74866, -0.592624, 0.0
1415.0, -0.941474, 0.157575, 0.001005, 2.74866, -0.592624, 0.0
1432.0, -0.945143, 0.16161, 0.000936, 2.74866, -0.592624, 0.0
1448.0, -0.948326, 0.165664, 0.000844, 2.74866, -0.592624, 0.0
1448.0, -0.948326, 0.165664, 0.000844, 2.74866, -0.592624, 0.0
1465.0, -0.951025, 0.169733, 0.000731, 2.74866, -0.592624, 0.0
1465.0, -0.951025, 0.169733, 0.000731, 2.74866, -0.592624, 0.0
1481.0, -0.953243, 0.173816, 0.000596, 2.74866, -0.592624, 0.0
1498.0, -0.954982, 0.177912, 0.000443, 2.74866, -0.592624, 0.0
1498.0, -0.954982, 0.177912, 0.000443, 2.74866, -0.592624, 0.0
1515.0, -0.956243, 0.182022, 0.000277, 2.74866, -0.592624, 0.0
1515.0, -0.956243, 0.182022, 0.000277, 2.74866, -0.592624, 0.0
1532.0, -0.957026, 0.186148, 0.000107, 2.74866, -0.592624, 0.0
1549.0, -0.957331, 0.190291, -0.000057, 2.74866, -0.592624, 0.0
1549.0, -0.957331, 0.190291, -0.000057, 2.74866, -0.592624, 0.0
1565.0, -0.957154, 0.194453, -0.000205, 2.74866, -0.592624, 0.0
1565.0, -0.957154, 0.194453, -0.000205, 2.74866, -0.592624, 0.0
1581.0, -0.956492, 0.198636, -0.000331, 2.74866, -0.592624, 0.0
1599.0, -0.955339, 0.202839, -0.000432, 2.571211, -0.41652, 0.0
1599.0, -0.955339, 0.202839, -0.000432, 2.571211, -0.41652, 0.0
1615.0, -0.953688, 0.20706, -0.000509, 2.571211, -0.41652, 0.0
1615.0, -0.953688, 0.20706, -0.000509, 2.571211, -0.41652, 0.0
1632.0, -0.951535, 0.211299, -0.000565, 2.571211, -0.41652, 0.0
1649.0, -0.948875, 0.215551, -0.000608, 2.571211, -0.41652, 0.0
1649.0, -0.948875, 0.215551, -0.000608, 2.571211, -0.41652, 0.0
1665.0, -0.945702, 0.219811, -0.000642, 2.571211, -0.41652, 0.0
1665.0, -0.945702, 0.219811, -0.000642, 2.571211, -0.41652, 0.0
1682.0, -0.942017, 0.224072, -0.000676, 2.571211, -0.41652, 0.0
1697.0, -0.937815, 0.228331, -0.000712, 2.571211, -0.41652, 0.0
1698.0, -0.937815, 0.228331, -0.000712, 2.571211, -0.41652, 0.0
1714.0, -0.933098, 0.232582, -0.000756, 2.571211, -0.41652, 0.0
1714.0, -0.933098, 0.232582, -0.000756, 2.571211, -0.41652, 0.0
1732.0, -0.927864, 0.236822, -0.000809, 2.571211, -0.41652, 0.0
1747.0, -0.922115, 0.241045, -0.000873, 2.571211, -0.41652, 0.0
1747.0, -0.922115, 0.241045, -0.000873, 2.571211, -0.41652, 0.0
1764.0, -0.915851, 0.245249, -0.000947, 2.571211, -0.41652, 0.0
1764.0, -0.915851, 0.245249, -0.000947, 2.571211, -0.41652, 0.0
1780.0, -0.909073, 0.249431, -0.00103, 2.571211, -0.41652, 0.0
1798.0, -0.901783, 0.253587, -0.001122, 2.571211, -0.41652, 0.0
1798.0, -0.901783, 0.253587, -0.001122, 2.571211, -0.41652, 0.0
1815.0, -0.893982, 0.257715, -0.001221, 2.571211, -0.41652, 0.0
1815.0, -0.893982, 0.257715, -0.001221, 2.571211, -0.41652, 0.0
1832.0, -0.885671, 0.261814, -0.001325, 2.571211, -0.41652, 0.0
1848.0, -0.876851, 0.265882, -0.001432, 2.393761, -0.240416, 0.0
1848.0, -0.876851, 0.265882, -0.001432, 2.393761, -0.240416, 0.0
1865.0, -0.867523, 0.269917, -0.001542, 2.393761, -0.240416, 0.0
1865.0, -0.867523, 0.269917, -0.001542, 2.393761, -0.240416, 0.0
1881.0, -0.857689, 0.273917, -0.001652, 2.393761, -0.240416, 0.0
1899.0, -0.847348, 0.277883, -0.001761, 2.393761, -0.240416, 0.0
1899.0, -0.847348, 0.277883, -0.001761, 2.393761, -0.240416, 0.0
1915.0, -0.836503, 0.281811, -0.001869, 2.393761, -0.240416, 0.0
1915.0, -0.836503, 0.281811, -0.001869, 2.393761, -0.240416, 0.0
1933.0, -0.825153, 0.285702, -0.001975, 2.393761, -0.240416, 0.0
1947.0, -0.8133, 0.289555, -0.002078, 2.393761, -0.240416, 0.0
1947.0, -0.8133, 0.289555, -0.002078, 2.393761, -0.240416, 0.0
1964.0, -0.800943, 0.293369, -0.002178, 2.393761, -0.240416, 0.0
1964.0, -0.800943, 0.293369, -0.002178, 2.393761, -0.240416, 0.0
1980.0, -0.788084, 0.297142, -0.002274, 2.393761, -0.240416, 0.0
1997.0, -0.774723, 0.300873, -0.002366, 2.393761, -0.240416, 0.0
1997.0, -0.774723, 0.300873, -0.002366, 2.393761, -0.240416, 0.0
2014.0, -0.760861, 0.304562, -0.002455, 2.393761, -0.240416, 0.0
2014.0, -0.760861, 0.304562, -0.002455, 2.393761, -0.240416, 0.0
2032.0, -0.746498, 0.308209, -0.00254, 2.393761, -0.240416, 0.0
2048.0, -0.731736, 0.311821, -0.002579, 2.393761, -0.240416, 0.0
2048.0, -0.731736, 0.311821, -0.002579, 2.393761, -0.240416, 0.0
2065.0, -0.716704, 0.315407, -0.002535, 2.393761, -0.240416, 0.0
2065.0, -0.716704, 0.315407, -0.002535, 2.393761, -0.240416, 0.0
2081.0, -0.701529, 0.318977, -0.002388, 2.393761, -0.240416, 0.0
2099.0, -0.686325, 0.322539, -0.002133, 2.216311, -0.064312, 0.0
2099.0, -0.686325, 0.322539, -0.002133, 2.216311, -0.064312, 0.0
2115.0, -0.671187, 0.3261, -0.00178, 2.216311, -0.064312, 0.0
2115.0, -0.671187, 0.3261, -0.00178, 2.216311, -0.064312, 0.0
2132.0, -0.656198, 0.329667, -0.001347, 2.216311, -0.064312, 0.0
2149.0, -0.641423, 0.333244, -0.000855, 2.216311, -0.064312, 0.0
2149.0, -0.641423, 0.333244, -0.000855, 2.216311, -0.064312, 0.0
2165.0, -0.626918, 0.336837, -0.000325, 2.216311, -0.064312, 0.0
2166.0, -0.626918, 0.336837, -0.000325, 2.216311, -0.064312, 0.0
2181.0, -0.612726, 0.340451, 0.000223, 2.216311, -0.064312, 0.0
2197.0, -0.598884, 0.34409, 0.00077, 2.216311, -0.064312, 0.0
2197.0, -0.598884, 0.34409, 0.00077, 2.216311, -0.064312, 0.0
2214.0, -0.585419, 0.347759, 0.001303, 2.216311, -0.064312, 0.0
2214.0, -0.585419, 0.347759, 0.001303, 2.216311, -0.064312, 0.0
2232.0, -0.572357, 0.35146, 0.001811, 2.216311, -0.064312, 0.0
2248.0, -0.559714, 0.355196, 0.002287, 2.216311, -0.064312, 0.0
2248.0, -0.559714, 0.355196, 0.002287, 2.216311, -0.064312, 0.0
2265.0, -0.547506, 0.358972, 0.002726, 2.216311, -0.064312, 0.0
2265.0, -0.547506, 0.358972, 0.002726, 2.216311, -0.064312, 0.0
2280.0, -0.535746, 0.362787, 0.003127, 2.216311, -0.064312, 0.0
2299.0, -0.524443, 0.366645, 0.003489, 2.216311, -0.064312, 0.0
2299.0, -0.524443, 0.366645, 0.003489, 2.216311, -0.064312, 0.0
2315.0, -0.513605, 0.370546, 0.003814, 2.216311, -0.064312, 0.0
2315.0, -0.513605, 0.370546, 0.003814, 2.216311, -0.064312, 0.0
2333.0, -0.503237, 0.374491, 0.004105, 2.216311, -0.064312, 0.0
2349.0, -0.493243, 0.378473, 0.004323, 2.038862, 0.111792, 0.0
2349.0, -0.493243, 0.378473, 0.004323, 2.038862, 0.111792, 0.0
2365.0, -0.483501, 0.382481, 0.004434, 2.038862, 0.111792, 0.0
2365.0, -0.483501, 0.382481, 0.004434, 2.038862, 0.111792, 0.0
2381.0, -0.473886, 0.386506, 0.004419, 2.038862, 0.111792, 0.0
2399.0, -0.46429, 0.390541, 0.004278, 2.038862, 0.111792, 0.0
2399.0, -0.46429, 0.390541, 0.004278, 2.038862, 0.111792, 0.0
2415.0, -0.454619, 0.394576, 0.004021, 2.038862, 0.111792, 0.0
2415.0, -0.454619, 0.394576, 0.004021, 2.038862, 0.111792, 0.0
2432.0, -0.444794, 0.398607, 0.003667, 2.038862, 0.111792, 0.0
2448.0, -0.434751, 0.402625, 0.003238, 2.038862, 0.111792, 0.0
2448.0, -0.434751, 0.402625, 0.003238, 2.038862, 0.111792, 0.0
2464.0, -0.424435, 0.406626, 0.002757, 2.038862, 0.111792, 0.0
2464.0, -0.424435, 0.406626, 0.002757, 2.038862, 0.111792, 0.0
2481.0, -0.413804, 0.410604, 0.002246, 2.038862, 0.111792, 0.0
2498.0, -0.402821, 0.414555, 0.001723, 2.038862, 0.111792, 0.0
2498.0, -0.402821, 0.414555, 0.001723, 2.038862, 0.111792, 0.0
2514.0, -0.391459, 0.418475, 0.001203, 2.038862, 0.111792, 0.0
2514.0, -0.391459, 0.418475, 0.001203, 2.038862, 0.111792, 0.0
2532.0, -0.379692, 0.422361, 0.0007, 2.038862, 0.111792, 0.0
2549.0, -0.367503, 0.426209, 0.000223, 2.038862, 0.111792, 0.0
2549.0, -0.367503, 0.426209, 0.000223, 2.038862, 0.111792, 0.0
2565.0, -0.354876, 0.430016, -0.000223, 2.038862, 0.111792, 0.0
2565.0, -0.354876, 0.430016, -0.000223, 2.038862, 0.111792, 0.0
2581.0, -0.3418, 0.43378, -0.000633, 2.038862, 0.111792, 0.0
2599.0, -0.328265, 0.437496, -0.001005, 1.861412, 0.287897, 0.0
2599.0, -0.328265, 0.437496, -0.001005, 1.861412, 0.287897, 0.0
2615.0, -0.314263, 0.441164, -0.00134, 1.861412, 0.287897, 0.0
2615.0, -0.314263, 0.441164, -0.00134, 1.861412, 0.287897, 0.0
2632.0, -0.299789, 0.444782, -0.001639, 1.861412, 0.287897, 0.0
2648.0, -0.284837, 0.448347, -0.001904, 1.861412, 0.287897, 0.0
2648.0, -0.284837, 0.448347, -0.001904, 1.861412, 0.287897, 0.0
2665.0, -0.269403, 0.451859, -0.002138, 1.861412, 0.287897, 0.0
2665.0, -0.269403, 0.451859, -0.002138, 1.861412, 0.287897, 0.0
2681.0, -0.253485, 0.455316, -0.002344, 1.861412, 0.287897, 0.0
2698.0, -0.23708, 0.458716, -0.002524, 1.861412, 0.287897, 0.0
2698.0, -0.23708, 0.458716, -0.002524, 1.861412, 0.287897, 0.0
2715.0, -0.220186, 0.46206, -0.002684, 1.861412, 0.287897, 0.0
2715.0, -0.220186, 0.46206, -0.002684, 1.861412, 0.287897, 0.0
2732.0, -0.202801, 0.465346, -0.002824, 1.861412, 0.287897, 0.0
2749.0, -0.185027, 0.468585, -0.002906, 1.861412, 0.287897, 0.0
2749.0, -0.185027, 0.468585, -0.002906, 1.861412, 0.287897, 0.0
2766.0, -0.16699, 0.471789, -0.002894, 1.861412, 0.287897, 0.0
2766.0, -0.16699, 0.471789, -0.002894, 1.861412, 0.287897, 0.0
2781.0, -0.148816, 0.474971, -0.002771, 1.861412, 0.287897, 0.0
2799.0, -0.130617, 0.478142, -0.002534, 1.861412, 0.287897, 0.0
2799.0, -0.130617, 0.478142, -0.002534, 1.861412, 0.287897, 0.0
2815.0, -0.112489, 0.481311, -0.002195, 1.861412, 0.287897, 0.0
2815.0, -0.112489, 0.481311, -0.002195, 1.861412, 0.287897, 0.0
2833.0, -0.094511, 0.484485, -0.001771, 1.861412, 0.287897, 0.0
2849.0, -0.07675, 0.487673, -0.001286, 1.683963, 0.464001, 0.0
2849.0, -0.07675, 0.487673, -0.001286, 1.683963, 0.464001, 0.0
2865.0, -0.059259, 0.49088, -0.000762, 1.683963, 0.464001, 0.0
2866.0, -0.059259, 0.49088, -0.000762, 1.683963, 0.464001, 0.0
2881.0, -0.042084, 0.494111, -0.000219, 1.683963, 0.464001, 0.0
2899.0, -0.025259, 0.49737, 0.000326, 1.683963, 0.464001, 0.0
2899.0, -0.025259, 0.49737, 0.000326, 1.683963, 0.464001, 0.0
2915.0, -0.008814, 0.500664, 0.000855, 1.683963, 0.464001, 0.0
2915.0, -0.008814, 0.500664, 0.000855, 1.683963, 0.464001, 0.0
2932.0, 0.007228, 0.503994, 0.00136, 1.683963, 0.464001, 0.0
2947.0, 0.022849, 0.507366, 0.001832, 1.683963, 0.464001, 0.0
2947.0, 0.022849, 0.507366, 0.001832, 1.683963, 0.464001, 0.0
2964.0, 0.038034, 0.510781, 0.002267, 1.683963, 0.464001, 0.0
2964.0, 0.038034, 0.510781, 0.002267, 1.683963, 0.464001, 0.0
2981.0, 0.052771, 0.514242, 0.002662, 1.683963, 0.464001, 0.0
2998.0, 0.06705, 0.517752, 0.003017, 1.683963, 0.464001, 0.0
2998.0, 0.06705, 0.517752, 0.003017, 1.683963, 0.464001, 0.0
3015.0, 0.080864, 0.521311, 0.003334, 1.683963, 0.464001, 0.0
3015.0, 0.080864, 0.521311, 0.003334, 1.683963, 0.464001, 0.0
3032.0, 0.094207, 0.524922, 0.003615, 1.683963, 0.464001, 0.0
3048.0, 0.107074, 0.528585, 0.003864, 1.683963, 0.464001, 0.0
3048.0, 0.107074, 0.528585, 0.003864, 1.683963, 0.464001, 0.0
3065.0, 0.119462, 0.532301, 0.004084, 1.683963, 0.464001, 0.0
3065.0, 0.119462, 0.532301, 0.004084, 1.683963, 0.464001, 0.0
3081.0, 0.131366, 0.536071, 0.004279, 1.683963, 0.464001, 0.0
3099.0, 0.142786, 0.539897, 0.004454, 1.506513, 0.640105, 0.0
3099.0, 0.142786, 0.539897, 0.004454, 1.506513, 0.640105, 0.0
3115.0, 0.153719, 0.543777, 0.004611, 1.506513, 0.640105, 0.0
3115.0, 0.153719, 0.543777, 0.004611, 1.506513, 0.640105, 0.0
3133.0, 0.164164, 0.547713, 0.004756, 1.506513, 0.640105, 0.0
3148.0, 0.17422, 0.551693, 0.004847, 1.506513, 0.640105, 0.0
3148.0, 0.17422, 0.551693, 0.004847, 1.506513, 0.640105, 0.0
3165.0, 0.184015, 0.555703, 0.004851, 1.506513, 0.640105, 0.0
3165.0, 0.184015, 0.555703, 0.004851, 1.506513, 0.640105, 0.0
3181.0, 0.193671, 0.559731, 0.004746, 1.506513, 0.640105, 0.0
3197.0, 0.2033, 0.563766, 0.004531, 1.506513, 0.640105, 0.0
3197.0, 0.2033, 0.563766, 0.004531, 1.506513, 0.640105, 0.0
3214.0, 0.212998, 0.567797, 0.004214, 1.506513, 0.640105, 0.0
3214.0, 0.212998, 0.567797, 0.004214, 1.506513, 0.640105, 0.0
3232.0, 0.222843, 0.571816, 0.003811, 1.506513, 0.640105, 0.0
3249.0, 0.232902, 0.575815, 0.003343, 1.506513, 0.640105, 0.0
3249.0, 0.232902, 0.575815, 0.003343, 1.506513, 0.640105, 0.0
3265.0, 0.243229, 0.579785, 0.00283, 1.506513, 0.640105, 0.0
3265.0, 0.243229, 0.579785, 0.00283, 1.506513, 0.640105, 0.0
3281.0, 0.253868, 0.58372, 0.002292, 1.506513, 0.640105, 0.0
3298.0, 0.264854, 0.587615, 0.001748, 1.506513, 0.640105, 0.0
3298.0, 0.264854, 0.587615, 0.001748, 1.506513, 0.640105, 0.0
3315.0, 0.276216, 0.591464, 0.00121, 1.506513, 0.640105, 0.0
3315.0, 0.276216, 0.591464, 0.00121, 1.506513, 0.640105, 0.0
3333.0, 0.287979, 0.595264, 0.000692, 1.506513, 0.640105, 0.0
3349.0, 0.30016, 0.599009, 0.000201, 1.329063, 0.816209, 0.0
3349.0, 0.30016, 0.599009, 0.000201, 1.329063, 0.816209, 0.0
3366.0, 0.312776, 0.602696, -0.000257, 1.329063, 0.816209, 0.0
3366.0, 0.312776, 0.602696, -0.000257, 1.329063, 0.816209, 0.0
3381.0, 0.325837, 0.606323, -0.000679, 1.329063, 0.816209, 0.0
3398.0, 0.339355, 0.609885, -0.001064, 1.329063, 0.816209, 0.0
3398.0, 0.339355, 0.609885, -0.001064, 1.329063, 0.816209, 0.0
3414.0, 0.353337, 0.61338, -0.001411, 1.329063, 0.816209, 0.0
3414.0, 0.353337, 0.61338, -0.001411, 1.329063, 0.816209, 0.0
3432.0, 0.367789, 0.616807, -0.001722, 1.329063, 0.816209, 0.0
3447.0, 0.382715, 0.620164, -0.001999, 1.329063, 0.816209, 0.0
3447.0, 0.382715, 0.620164, -0.001999, 1.329063, 0.816209, 0.0
3465.0, 0.398119, 0.623449, -0.002245, 1.329063, 0.816209, 0.0
3465.0, 0.398119, 0.623449, -0.002245, 1.329063, 0.816209, 0.0
3481.0, 0.414006, 0.626661, -0.002464, 1.329063, 0.816209, 0.0
3499.0, 0.430378, 0.6298, -0.002657, 1.329063, 0.816209, 0.0
3499.0, 0.430378, 0.6298, -0.002657, 1.329063, 0.816209, 0.0
3515.0, 0.447236, 0.632865, -0.00283, 1.329063, 0.816209, 0.0
3515.0, 0.447236, 0.632865, -0.00283, 1.329063, 0.816209, 0.0
3532.0, 0.464583, 0.635856, -0.002983, 1.329063, 0.816209, 0.0
3550.0, 0.482319, 0.638785, -0.003079, 1.329063, 0.816209, 0.0
3550.0, 0.482319, 0.638785, -0.003079, 1.329063, 0.816209, 0.0
3565.0, 0.500317, 0.64167, -0.003081, 1.329063, 0.816209, 0.0
3565.0, 0.500317, 0.64167, -0.003081, 1.329063, 0.816209, 0.0
3581.0, 0.518451, 0.644525, -0.002971, 1.329063, 0.816209, 0.0
3599.0, 0.53661, 0.647366, -0.002746, 1.151613, 0.992314, 0.0
3599.0, 0.53661, 0.647366, -0.002746, 1.151613, 0.992314, 0.0
3616.0, 0.554697, 0.650203, -0.002418, 1.151613, 0.992314, 0.0
3616.0, 0.554697, 0.650203, -0.002418, 1.151613, 0.992314, 0.0
3633.0, 0.572632, 0.653046, -0.002004, 1.151613, 0.992314, 0.0
3649.0, 0.590351, 0.655905, -0.001526, 1.151613, 0.992314, 0.0
3649.0, 0.590351, 0.655905, -0.001526, 1.151613, 0.992314, 0.0
3666.0, 0.607799, 0.658786, -0.001008, 1.151613, 0.992314, 0.0
3666.0, 0.607799, 0.658786, -0.001008, 1.151613, 0.992314, 0.0
3682.0, 0.624932, 0.661695, -0.00047, 1.151613, 0.992314, 0.0
3697.0, 0.641714, 0.664637, 0.00007, 1.151613, 0.992314, 0.0
3697.0, 0.641714, 0.664637, 0.00007, 1.151613, 0.992314, 0.0
3714.0, 0.658117, 0.667617, 0.000597, 1.151613, 0.992314, 0.0
3714.0, 0.658117, 0.667617, 0.000597, 1.151613, 0.992314, 0.0
3732.0, 0.674118, 0.670639, 0.001099, 1.151613, 0.992314, 0.0
3748.0, 0.689697, 0.673706, 0.00157, 1.151613, 0.992314, 0.0
3748.0, 0.689697, 0.673706, 0.00157, 1.151613, 0.992314, 0.0
3765.0, 0.704841, 0.676823, 0.002004, 1.151613, 0.992314, 0.0
3765.0, 0.704841, 0.676823, 0.002004, 1.151613, 0.992314, 0.0
3780.0, 0.719537, 0.679991, 0.0024, 1.151613, 0.992314, 0.0
3798.0, 0.733776, 0.683213, 0.002756, 1.151613, 0.992314, 0.0
3798.0, 0.733776, 0.683213, 0.002756, 1.151613, 0.992314, 0.0
3815.0, 0.747551, 0.68649, 0.003074, 1.151613, 0.992314, 0.0
3815.0, 0.747551, 0.68649, 0.003074, 1.151613, 0.992314, 0.0
3832.0, 0.760856, 0.689825, 0.003356, 1.151613, 0.992314, 0.0
3848.0, 0.773686, 0.693218, 0.003607, 0.974163, 1.168418, 0.0
3848.0, 0.773686, 0.693218, 0.003607, 0.974163, 1.168418, 0.0
3865.0, 0.786038, 0.696671, 0.003829, 0.974163, 1.168418, 0.0
3865.0, 0.786038, 0.696671, 0.003829, 0.974163, 1.168418, 0.0
3881.0, 0.797908, 0.700186, 0.004027, 0.974163, 1.168418, 0.0
3899.0, 0.809294, 0.703764, 0.004204, 0.974163, 1.168418, 0.0
3899.0, 0.809294, 0.703764, 0.004204, 0.974163, 1.168418, 0.0
3916.0, 0.820195, 0.707406, 0.004365, 0.974163, 1.168418, 0.0
3916.0, 0.820195, 0.707406, 0.004365, 0.974163, 1.168418, 0.0
3933.0, 0.830609, 0.711112, 0.004513, 0.974163, 1.168418, 0.0
3948.0, 0.840635, 0.714868, 0.004609, 0.974163, 1.168418, 0.0
3948.0, 0.840635, 0.714868, 0.004609, 0.974163, 1.168418, 0.0
3964.0, 0.850399, 0.718658, 0.004617, 0.974163, 1.168418, 0.0
3964.0, 0.850399, 0.718658, 0.004617, 0.974163, 1.168418, 0.0
3980.0, 0.860025, 0.722466, 0.004517, 0.974163, 1.168418, 0.0
3997.0, 0.869624, 0.726277, 0.004306, 0.974163, 1.168418, 0.0
3997.0, 0.869624, 0.726277, 0.004306, 0.974163, 1.168418, 0.0
4015.0, 0.87929, 0.730079, 0.003993, 0.974163, 1.168418, 0.0
4015.0, 0.87929, 0.730079, 0.003993, 0.974163, 1.168418, 0.0
4032.0, 0.889102, 0.73386, 0.003593, 0.974163, 1.168418, 0.0
4048.0, 0.899126, 0.73761, 0.003127, 0.974163, 1.168418, 0.0
4048.0, 0.899126, 0.73761, 0.003127, 0.974163, 1.168418, 0.0
4065.0, 0.909416, 0.741319, 0.002616, 0.974163, 1.168418, 0.0
4065.0, 0.909416, 0.741319, 0.002616, 0.974163, 1.168418, 0.0
4081.0, 0.920014, 0.744979, 0.002078, 0.974163, 1.168418, 0.0
4099.0, 0.930957, 0.748581, 0.001531, 0.796714, 1.344522, 0.0
4099.0, 0.930957, 0.748581, 0.001531, 0.796714, 1.344522, 0.0
4115.0, 0.942274, 0.75212, 0.00099, 0.796714, 1.344522, 0.0
4115.0, 0.942274, 0.75212, 0.00099, 0.796714, 1.344522, 0.0
4132.0, 0.953988, 0.755589, 0.000466, 0.796714, 1.344522, 0.0
4149.0, 0.966118, 0.758985, -0.000033, 0.796714, 1.344522, 0.0
4149.0, 0.966118, 0.758985, -0.000033, 0.796714, 1.344522, 0.0
4165.0, 0.978679, 0.762301, -0.0005, 0.796714, 1.344522, 0.0
4165.0, 0.978679, 0.762301, -0.0005, 0.796714, 1.344522, 0.0
4181.0, 0.991683, 0.765535, -0.000932, 0.796714, 1.344522, 0.0
4198.0, 1.005139, 0.768681, -0.001328, 0.796714, 1.344522, 0.0
4198.0, 1.005139, 0.768681, -0.001328, 0.796714, 1.344522, 0.0
4214.0, 1.019055, 0.771738, -0.001687, 0.796714, 1.344522, 0.0
4214.0, 1.019055, 0.771738, -0.001687, 0.796714, 1.344522, 0.0
4232.0, 1.033436, 0.774703, -0.002011, 0.796714, 1.344522, 0.0
4248.0, 1.048289, 0.777574, -0.002303, 0.796714, 1.344522, 0.0
4248.0, 1.048289, 0.777574, -0.002303, 0.796714, 1.344522, 0.0
4265.0, 1.063617, 0.78035, -0.002564, 0.796714, 1.344522, 0.0
4265.0, 1.063617, 0.78035, -0.002564, 0.796714, 1.344522, 0.0
4281.0, 1.079423, 0.783031, -0.002797, 0.796714, 1.344522, 0.0
4298.0, 1.095709, 0.785616, -0.003006, 0.796714, 1.344522, 0.0
4298.0, 1.095709, 0.785616, -0.003006, 0.796714, 1.344522, 0.0
4315.0, 1.112479, 0.788105, -0.003194, 0.796714, 1.344522, 0.0
4315.0, 1.112479, 0.788105, -0.003194, 0.796714, 1.344522, 0.0
4332.0, 1.129733, 0.790497, -0.003363, 0.796714, 1.344522, 0.0
4349.0, 1.147472, 0.792795, -0.003516, 0.619264, 1.520626, 0.0
4349.0, 1.147472, 0.792795, -0.003516, 0.619264, 1.520626, 0.0
4365.0, 1.165698, 0.794998, -0.003655, 0.619264, 1.520626, 0.0
4365.0, 1.165698, 0.794998, -0.003655, 0.619264, 1.520626, 0.0
4381.0, 1.184412, 0.797111, -0.003783, 0.619264, 1.520626, 0.0
4399.0, 1.203617, 0.799133, -0.003901, 0.619264, 1.520626, 0.0
4399.0, 1.203617, 0.799133, -0.003901, 0.619264, 1.520626, 0.0
4415.0, 1.223311, 0.801067, -0.004011, 0.619264, 1.520626, 0.0
4415.0, 1.223311, 0.801067, -0.004011, 0.619264, 1.520626, 0.0
4432.0, 1.243497, 0.802913, -0.004114, 0.619264, 1.520626, 0.0
4448.0, 1.264074, 0.804687, -0.004169, 0.619264, 1.520626, 0.0
4448.0, 1.264074, 0.804687, -0.004169, 0.619264, 1.520626, 0.0
4464.0, 1.284913, 0.806405, -0.00414, 0.619264, 1.520626, 0.0
4464.0, 1.284913, 0.806405, -0.00414, 0.619264, 1.520626, 0.0
4481.0, 1.30589, 0.808083, -0.004005, 0.619264, 1.520626, 0.0
4498.0, 1.32689, 0.809736, -0.003762, 0.619264, 1.520626, 0.0
4498.0, 1.32689, 0.809736, -0.003762, 0.619264, 1.520626, 0.0
4515.0, 1.347819, 0.811375, -0.00342, 0.619264, 1.520626, 0.0
4515.0, 1.347819, 0.811375, -0.00342, 0.619264, 1.520626, 0.0
4532.0, 1.368595, 0.813011, -0.002998, 0.619264, 1.520626, 0.0
4548.0, 1.389153, 0.81465, -0.002516, 0.619264, 1.520626, 0.0
4548.0, 1.389153, 0.81465, -0.002516, 0.619264, 1.520626, 0.0
4565.0, 1.409439, 0.816298, -0.001998, 0.619264, 1.520626, 0.0
4565.0, 1.409439, 0.816298, -0.001998, 0.619264, 1.520626, 0.0
4582.0, 1.429407, 0.81796, -0.001462, 0.619264, 1.520626, 0.0
4599.0, 1.449024, 0.819639, -0.000929, 0.441814, 1.696731, 0.0
4599.0, 1.449024, 0.819639, -0.000929, 0.441814, 1.696731, 0.0
4615.0, 1.468258, 0.821338, -0.000411, 0.441814, 1.696731, 0.0
4615.0, 1.468258, 0.821338, -0.000411, 0.441814, 1.696731, 0.0
4632.0, 1.487089, 0.823062, 0.00008, 0.441814, 1.696731, 0.0
4648.0, 1.505495, 0.824813, 0.000536, 0.441814, 1.696731, 0.0
4648.0, 1.505495, 0.824813, 0.000536, 0.441814, 1.696731, 0.0
4665.0, 1.523463, 0.826593, 0.000953, 0.441814, 1.696731, 0.0
4665.0, 1.523463, 0.826593, 0.000953, 0.441814, 1.696731, 0.0
4681.0, 1.54098, 0.828404, 0.001328, 0.441814, 1.696731, 0.0
4698.0, 1.558039, 0.830246, 0.001661, 0.441814, 1.696731, 0.0
4698.0, 1.558039, 0.830246, 0.001661, 0.441814, 1.696731, 0.0
4714.0, 1.57463, 0.832122, 0.001954, 0.441814, 1.696731, 0.0
4714.0, 1.57463, 0.832122, 0.001954, 0.441814, 1.696731, 0.0
4732.0, 1.590749, 0.834031, 0.002209, 0.441814, 1.696731, 0.0
4749.0, 1.60639, 0.835977, 0.002429, 0.441814, 1.696731, 0.0
4749.0, 1.60639, 0.835977, 0.002429, 0.441814, 1.696731, 0.0
4765.0, 1.62155, 0.83796, 0.002618, 0.441814, 1.696731, 0.0
4765.0, 1.62155, 0.83796, 0.002618, 0.441814, 1.696731, 0.0
4781.0, 1.636225, 0.839982, 0.002781, 0.441814, 1.696731, 0.0
4799.0, 1.650414, 0.842044, 0.002921, 0.441814, 1.696731, 0.0
4799.0, 1.650414, 0.842044, 0.002921, 0.441814, 1.696731, 0.0
4815.0, 1.664113, 0.844148, 0.003043, 0.441814, 1.696731, 0.0
4815.0, 1.664113, 0.844148, 0.003043, 0.441814, 1.696731, 0.0
4833.0, 1.677321, 0.846294, 0.003149, 0.441814, 1.696731, 0.0
4849.0, 1.690038, 0.848484, 0.003242, 0.264364, 1.872835, 0.0
4849.0, 1.690038, 0.848484, 0.003242, 0.264364, 1.872835, 0.0
4865.0, 1.702263, 0.850723, 0.003327, 0.264364, 1.872835, 0.0
4865.0, 1.702263, 0.850723, 0.003327, 0.264364, 1.872835, 0.0
4881.0, 1.713995, 0.853012, 0.003405, 0.264364, 1.872835, 0.0
4899.0, 1.725235, 0.855355, 0.003479, 0.264364, 1.872835, 0.0
4899.0, 1.725235, 0.855355, 0.003479, 0.264364, 1.872835, 0.0
4915.0, 1.735981, 0.857754, 0.003551, 0.264364, 1.872835, 0.0
4915.0, 1.735981, 0.857754, 0.003551, 0.264364, 1.872835, 0.0
4933.0, 1.746235, 0.860209, 0.003623, 0.264364, 1.872835, 0.0
4948.0, 1.756094, 0.862708, 0.003654, 0.264364, 1.872835, 0.0
4948.0, 1.756094, 0.862708, 0.003654, 0.264364, 1.872835, 0.0
4964.0, 1.765688, 0.86523, 0.003607, 0.264364, 1.872835, 0.0
4964.0, 1.765688, 0.86523, 0.003607, 0.264364, 1.872835, 0.0
4981.0, 1.775141, 0.86776, 0.003462, 0.264364, 1.872835, 0.0
4998.0, 1.784563, 0.870282, 0.003212, 0.264364, 1.872835, 0.0
4998.0, 1.784563, 0.870282, 0.003212, 0.264364, 1.872835, 0.0
5015.0, 1.794051, 0.872782, 0.002867, 0.264364, 1.872835, 0.0
5015.0, 1.794051, 0.872782, 0.002867, 0.264364, 1.872835, 0.0
5032.0, 1.803683, 0.875249, 0.002441, 0.264364, 1.872835, 0.0
5048.0, 1.813526, 0.87767, 0.001953, 0.264364, 1.872835, 0.0
5048.0, 1.813526, 0.87767, 0.001953, 0.264364, 1.872835, 0.0
5065.0, 1.823632, 0.880034, 0.001423, 0.264364, 1.872835, 0.0
5065.0, 1.823632, 0.880034, 0.001423, 0.264364, 1.872835, 0.0
5082.0, 1.834077, 0.882337, 0.000869, 0.264364, 1.872835, 0.0
5099.0, 1.844832, 0.884557, 0.00031, 0.086877, 2.048977, 0.0
5099.0, 1.844832, 0.884557, 0.00031, 0.086877, 2.048977, 0.0
5115.0, 1.855958, 0.886693, -0.000241, 0.086877, 2.048977, 0.0
5115.0, 1.855958, 0.886693, -0.000241, 0.086877, 2.048977, 0.0
5133.0, 1.867478, 0.88874, -0.000772, 0.086877, 2.048977, 0.0
5149.0, 1.879405, 0.890689, -0.001275, 0.086877, 2.048977, 0.0
5149.0, 1.879405, 0.890689, -0.001275, 0.086877, 2.048977, 0.0
5166.0, 1.891756, 0.892538, -0.001746, 0.086877, 2.048977, 0.0
5166.0, 1.891756, 0.892538, -0.001746, 0.086877, 2.048977, 0.0
5180.0, 1.904546, 0.89428, -0.002182, 0.086877, 2.048977, 0.0
5198.0, 1.917783, 0.895913, -0.002581, 0.086877, 2.048977, 0.0
5198.0, 1.917783, 0.895913, -0.002581, 0.086877, 2.048977, 0.0
5215.0, 1.931476, 0.897432, -0.002945, 0.086877, 2.048977, 0.0
5215.0, 1.931476, 0.897432, -0.002945, 0.086877, 2.048977, 0.0
5232.0, 1.945629, 0.898836, -0.003273, 0.086877, 2.048977, 0.0
5248.0, 1.960254, 0.900124, -0.003571, 0.086877, 2.048977, 0.0
5248.0, 1.960254, 0.900124, -0.003571, 0.086877, 2.048977, 0.0
5265.0, 1.975351, 0.901295, -0.003839, 0.086877, 2.048977, 0.0
5265.0, 1.975351, 0.901295, -0.003839, 0.086877, 2.048977, 0.0
5281.0, 1.990921, 0.902348, -0.004079, 0.086877, 2.048977, 0.0
5299.0, 2.006966, 0.903284, -0.004293, 0.086877, 2.048977, 0.0
5299.0, 2.006966, 0.903284, -0.004293, 0.086877, 2.048977, 0.0
5315.0, 2.023489, 0.904103, -0.004486, 0.086877, 2.048977, 0.0
5315.0, 2.023489, 0.904103, -0.004486, 0.086877, 2.048977, 0.0
5333.0, 2.040491, 0.904804, -0.00466, 0.086877, 2.048977, 0.0
5349.0, 2.057972, 0.905392, -0.004817, -0.090573, 2.225081, 0.0
5349.0, 2.057972, 0.905392, -0.004817, -0.090573, 2.225081, 0.0
5366.0, 2.075937, 0.905868, -0.004961, -0.090573, 2.225081, 0.0
5366.0, 2.075937, 0.905868, -0.004961, -0.090573, 2.225081, 0.0
5381.0, 2.094387, 0.906237, -0.005093, -0.090573, 2.225081, 0.0
5398.0, 2.113322, 0.906502, -0.005216, -0.090573, 2.225081, 0.0
5398.0, 2.113322, 0.906502, -0.005216, -0.090573, 2.225081, 0.0
5415.0, 2.132744, 0.906664, -0.005331, -0.090573, 2.225081, 0.0
5415.0, 2.132744, 0.906664, -0.005331, -0.090573, 2.225081, 0.0
5432.0, 2.152654, 0.906727, -0.005439, -0.090573, 2.225081, 0.0
5448.0, 2.172953, 0.906705, -0.005498, -0.090573, 2.225081, 0.0
5448.0, 2.172953, 0.906705, -0.005498, -0.090573, 2.225081, 0.0
5464.0, 2.193512, 0.906618, -0.005473, -0.090573, 2.225081, 0.0
5464.0, 2.193512, 0.906618, -0.005473, -0.090573, 2.225081, 0.0
5481.0, 2.214206, 0.906482, -0.005343, -0.090573, 2.225081, 0.0
5499.0, 2.234921, 0.906313, -0.005105, -0.090573, 2.225081, 0.0
5499.0, 2.234921, 0.906313, -0.005105, -0.090573, 2.225081, 0.0
5515.0, 2.255562, 0.906123, -0.004768, -0.090573, 2.225081, 0.0
5515.0, 2.255562, 0.906123, -0.004768, -0.090573, 2.225081, 0.0
5532.0, 2.276049, 0.905922, -0.004351, -0.090573, 2.225081, 0.0
5549.0, 2.296315, 0.905718, -0.003876, -0.090573, 2.225081, 0.0
5549.0, 2.296315, 0.905718, -0.003876, -0.090573, 2.225081, 0.0
5565.0, 2.316307, 0.905515, -0.003364, -0.090573, 2.225081, 0.0
5565.0, 2.316307, 0.905515, -0.003364, -0.090573, 2.225081, 0.0
5582.0, 2.33598, 0.905316, -0.002836, -0.090573, 2.225081, 0.0
5599.0, 2.355298, 0.905126, -0.002311, -0.268022, 2.401185, 0.0
5599.0, 2.355298, 0.905126, -0.002311, -0.268022, 2.401185, 0.0
5615.0, 2.374233, 0.904947, -0.001803, -0.268022, 2.401185, 0.0
5615.0, 2.374233, 0.904947, -0.001803, -0.268022, 2.401185, 0.0
5632.0, 2.392763, 0.904782, -0.001322, -0.268022, 2.401185, 0.0
5649.0, 2.410866, 0.904634, -0.000877, -0.268022, 2.401185, 0.0
5649.0, 2.410866, 0.904634, -0.000877, -0.268022, 2.401185, 0.0
5666.0, 2.42853, 0.904503, -0.000473, -0.268022, 2.401185, 0.0
5666.0, 2.42853, 0.904503, -0.000473, -0.268022, 2.401185, 0.0
5682.0, 2.445744, 0.904392, -0.000112, -0.268022, 2.401185, 0.0
5698.0, 2.462497, 0.904301, 0.000206, -0.268022, 2.401185, 0.0
5698.0, 2.462497, 0.904301, 0.000206, -0.268022, 2.401185, 0.0
5714.0, 2.478781, 0.904232, 0.000483, -0.268022, 2.401185, 0.0
5714.0, 2.478781, 0.904232, 0.000483, -0.268022, 2.401185, 0.0
5732.0, 2.494592, 0.904185, 0.000721, -0.268022, 2.401185, 0.0
5748.0, 2.509925, 0.904161, 0.000923, -0.268022, 2.401185, 0.0
5748.0, 2.509925, 0.904161, 0.000923, -0.268022, 2.401185, 0.0
5764.0, 2.524776, 0.904164, 0.001093, -0.268022, 2.401185, 0.0
5764.0, 2.524776, 0.904164, 0.001093, -0.268022, 2.401185, 0.0
5781.0, 2.539142, 0.904195, 0.001236, -0.268022, 2.401185, 0.0
5798.0, 2.55302, 0.904257, 0.001355, -0.268022, 2.401185, 0.0
5798.0, 2.55302, 0.904257, 0.001355, -0.268022, 2.401185, 0.0
5815.0, 2.566407, 0.904349, 0.001454, -0.268022, 2.401185, 0.0
5815.0, 2.566407, 0.904349, 0.001454, -0.268022, 2.401185, 0.0
5832.0, 2.579304, 0.904474, 0.001537, -0.268022, 2.401185, 0.0
5849.0, 2.591809, 0.904622, 0.001565, -0.445472, 2.577289, 0.0
5849.0, 2.591809, 0.904622, 0.001565, -0.445472, 2.577289, 0.0
5865.0, 2.604051, 0.904781, 0.001504, -0.445472, 2.577289, 0.0
5865.0, 2.604051, 0.904781, 0.001504, -0.445472, 2.577289, 0.0
5882.0, 2.616156, 0.90494, 0.001335, -0.445472, 2.577289, 0.0
5899.0, 2.628236, 0.905088, 0.001058, -0.445472, 2.577289, 0.0
5899.0, 2.628236, 0.905088, 0.001058, -0.445472, 2.577289, 0.0
5915.0, 2.640386, 0.905216, 0.000685, -0.445472, 2.577289, 0.0
5915.0, 2.640386, 0.905216, 0.000685, -0.445472, 2.577289, 0.0
5933.0, 2.652688, 0.905319, 0.000232, -0.445472, 2.577289, 0.0
5948.0, 2.665207, 0.905386, -0.000278, -0.445472, 2.577289, 0.0
5948.0, 2.665207, 0.905386, -0.000278, -0.445472, 2.577289, 0.0
5964.0, 2.677996, 0.90541, -0.000824, -0.445472, 2.577289, 0.0
5964.0, 2.677996, 0.90541, -0.000824, -0.445472, 2.577289, 0.0
5981.0, 2.6911, 0.905384, -0.001384, -0.445472, 2.577289, 0.0
5997.0, 2.704553, 0.9053, -0.001943, -0.445472, 2.577289, 0.0
5997.0, 2.704553, 0.9053, -0.001943, -0.445472, 2.577289, 0.0
6015.0, 2.718383, 0.905154, -0.002486, -0.445472, 2.577289, 0.0
6015.0, 2.718383, 0.905154, -0.002486, -0.445472, 2.577289, 0.0
6032.0, 2.732614, 0.90494, -0.003002, -0.445472, 2.577289, 0.0
6048.0, 2.747264, 0.904655, -0.003484, -0.445472, 2.577289, 0.0
6048.0, 2.747264, 0.904655, -0.003484, -0.445472, 2.577289, 0.0
6065.0, 2.762348, 0.904295, -0.003927, -0.445472, 2.577289, 0.0
6065.0, 2.762348, 0.904295, -0.003927, -0.445472, 2.577289, 0.0
6081.0, 2.777876, 0.903857, -0.004328, -0.445472, 2.577289, 0.0
6099.0, 2.793858, 0.903338, -0.004688, -0.622922, 2.753394, 0.0
6099.0, 2.793858, 0.903338, -0.004688, -0.622922, 2.753394, 0.0
6115.0, 2.810302, 0.902737, -0.005008, -0.622922, 2.753394, 0.0
6115.0, 2.810302, 0.902737, -0.005008, -0.622922, 2.753394, 0.0
6133.0, 2.827212, 0.902051, -0.005291, -0.622922, 2.753394, 0.0
6149.0, 2.844494, 0.901295, -0.005496, -0.622922, 2.753394, 0.0
6149.0, 2.844494, 0.901295, -0.005496, -0.622922, 2.753394, 0.0
6166.0, 2.862022, 0.900485, -0.005591, -0.622922, 2.753394, 0.0
6166.0, 2.862022, 0.900485, -0.005591, -0.622922, 2.753394, 0.0
6182.0, 2.879673, 0.899639, -0.005558, -0.622922, 2.753394, 0.0
6197.0, 2.897338, 0.898771, -0.005398, -0.622922, 2.753394, 0.0
6197.0, 2.897338, 0.898771, -0.005398, -0.622922, 2.753394, 0.0
6214.0, 2.914922, 0.897894, -0.005123, -0.622922, 2.753394, 0.0
6214.0, 2.914922, 0.897894, -0.005123, -0.622922, 2.753394, 0.0
6232.0, 2.932345, 0.897019, -0.004753, -0.622922, 2.753394, 0.0
6248.0, 2.949544, 0.896154, -0.004313, -0.622922, 2.753394, 0.0
6248.0, 2.949544, 0.896154, -0.004313, -0.622922, 2.753394, 0.0
6265.0, 2.966464, 0.895302, -0.003826, -0.622922, 2.753394, 0.0
6265.0, 2.966464, 0.895302, -0.003826, -0.622922, 2.753394, 0.0
6281.0, 2.983062, 0.894471, -0.003316, -0.622922, 2.753394, 0.0
6298.0, 2.999304, 0.893662, -0.002802, -0.622922, 2.753394, 0.0
6298.0, 2.999304, 0.893662, -0.002802, -0.622922, 2.753394, 0.0
6315.0, 3.015161, 0.89288, -0.002301, -0.622922, 2.753394, 0.0
6315.0, 3.015161, 0.89288, -0.002301, -0.622922, 2.753394, 0.0
6333.0, 3.030612, 0.892129, -0.001823, -0.622922, 2.753394, 0.0
6349.0, 3.045638, 0.891411, -0.001378, -0.800372, 2.929498, 0.0
6349.0, 3.045638, 0.891411, -0.001378, -0.800372, 2.929498, 0.0
6365.0, 3.060225, 0.890729, -0.000971, -0.800372, 2.929498, 0.0
6365.0, 3.060225, 0.890729, -0.000971, -0.800372, 2.929498, 0.0
6381.0, 3.074362, 0.890086, -0.000604, -0.800372, 2.929498, 0.0
6399.0, 3.088037, 0.889484, -0.000279, -0.800372, 2.929498, 0.0
6399.0, 3.088037, 0.889484, -0.000279, -0.800372, 2.929498, 0.0
6415.0, 3.101246, 0.888925, 0.000007, -0.800372, 2.929498, 0.0
6415.0, 3.101246, 0.888925, 0.000007, -0.800372, 2.929498, 0.0
6432.0, 3.113981, 0.888409, 0.000255, -0.800372, 2.929498, 0.0
6448.0, 3.12634, 0.887927, 0.000426, -0.800372, 2.929498, 0.0
6448.0, 3.12634, 0.887927, 0.000426, -0.800372, 2.929498, 0.0
6464.0, 3.138448, 0.887465, 0.000488, -0.800372, 2.929498, 0.0
6464.0, 3.138448, 0.887465, 0.000488, -0.800372, 2.929498, 0.0
6481.0, 3.150428, 0.887009, 0.000425, -0.800372, 2.929498, 0.0
6498.0, 3.16239, 0.886547, 0.000236, -0.800372, 2.929498, 0.0
6498.0, 3.16239, 0.886547, 0.000236, -0.800372, 2.929498, 0.0
6515.0, 3.17443, 0.886069, -0.000066, -0.800372, 2.929498, 0.0
6515.0, 3.17443, 0.886069, -0.000066, -0.800372, 2.929498, 0.0
6532.0, 3.186627, 0.885566, -0.000459, -0.800372, 2.929498, 0.0
6548.0, 3.199045, 0.88503, -0.000921, -0.800372, 2.929498, 0.0
6548.0, 3.199045, 0.88503, -0.000921, -0.800372, 2.929498, 0.0
6565.0, 3.211737, 0.884451, -0.001428, -0.800372, 2.929498, 0.0
6565.0, 3.211737, 0.884451, -0.001428, -0.800372, 2.929498, 0.0
6581.0, 3.224746, 0.883822, -0.001958, -0.800372, 2.929498, 0.0
6599.0, 3.238107, 0.883135, -0.002492, -0.977821, 3.105602, 0.0
6599.0, 3.238107, 0.883135, -0.002492, -0.977821, 3.105602, 0.0
6615.0, 3.251848, 0.882385, -0.003016, -0.977821, 3.105602, 0.0
6615.0, 3.251848, 0.882385, -0.003016, -0.977821, 3.105602, 0.0
6632.0, 3.26599, 0.881566, -0.003517, -0.977821, 3.105602, 0.0
6648.0, 3.280553, 0.880674, -0.003987, -0.977821, 3.105602, 0.0
6648.0, 3.280553, 0.880674, -0.003987, -0.977821, 3.105602, 0.0
6665.0, 3.29555, 0.879707, -0.00442, -0.977821, 3.105602, 0.0
6665.0, 3.29555, 0.879707, -0.00442, -0.977821, 3.105602, 0.0
6681.0, 3.310993, 0.878661, -0.004815, -0.977821, 3.105602, 0.0
6698.0, 3.32689, 0.877534, -0.005169, -0.977821, 3.105602, 0.0
6698.0, 3.32689, 0.877534, -0.005169, -0.977821, 3.105602, 0.0
6715.0, 3.343249, 0.876324, -0.005484, -0.977821, 3.105602, 0.0
6715.0, 3.343249, 0.876324, -0.005484, -0.977821, 3.105602, 0.0
6732.0, 3.360075, 0.87503, -0.005763, -0.977821, 3.105602, 0.0
6748.0, 3.377273, 0.873664, -0.005965, -0.977821, 3.105602, 0.0
6748.0, 3.377273, 0.873664, -0.005965, -0.977821, 3.105602, 0.0
6765.0, 3.394718, 0.872244, -0.006056, -0.977821, 3.105602, 0.0
6765.0, 3.394718, 0.872244, -0.006056, -0.977821, 3.105602, 0.0
6781.0, 3.412286, 0.870787, -0.006021, -0.977821, 3.105602, 0.0
6799.0, 3.429866, 0.869305, -0.005859, -0.977821, 3.105602, 0.0
6799.0, 3.429866, 0.869305, -0.005859, -0.977821, 3.105602, 0.0
6815.0, 3.447366, 0.867813, -0.005582, -0.977821, 3.105602, 0.0
6815.0, 3.447366, 0.867813, -0.005582, -0.977821, 3.105602, 0.0
6833.0, 3.464705, 0.866319, -0.005211, -0.977821, 3.105602, 0.0
6849.0, 3.481817, 0.864832, -0.004771, -1.155271, 3.281707, 0.0
6849.0, 3.481817, 0.864832, -0.004771, -1.155271, 3.281707, 0.0
6866.0, 3.498651, 0.863356, -0.004284, -1.155271, 3.281707, 0.0
6866.0, 3.498651, 0.863356, -0.004284, -1.155271, 3.281707, 0.0
6881.0, 3.515162, 0.861895, -0.003775, -1.155271, 3.281707, 0.0
6899.0, 3.531317, 0.860452, -0.003263, -1.155271, 3.281707, 0.0
6899.0, 3.531317, 0.860452, -0.003263, -1.155271, 3.281707, 0.0
6915.0, 3.547086, 0.859031, -0.002763, -1.155271, 3.281707, 0.0
6915.0, 3.547086, 0.859031, -0.002763, -1.155271, 3.281707, 0.0
6933.0, 3.562447, 0.857635, -0.002288, -1.155271, 3.281707, 0.0
6947.0, 3.577384, 0.856268, -0.001847, -1.155271, 3.281707, 0.0
6947.0, 3.577384, 0.856268, -0.001847, -1.155271, 3.281707, 0.0
6964.0, 3.59188, 0.85493, -0.001444, -1.155271, 3.281707, 0.0
6964.0, 3.59188, 0.85493, -0.001444, -1.155271, 3.281707, 0.0
6981.0, 3.605926, 0.853626, -0.001083, -1.155271, 3.281707, 0.0
6998.0, 3.61951, 0.852357, -0.000763, -1.155271, 3.281707, 0.0
6998.0, 3.61951, 0.852357, -0.000763, -1.155271, 3.281707, 0.0
7015.0, 3.632627, 0.851124, -0.000484, -1.155271, 3.281707, 0.0
7015.0, 3.632627, 0.851124, -0.000484, -1.155271, 3.281707, 0.0
7032.0, 3.64527, 0.849929, -0.000243, -1.155271, 3.281707, 0.0
7049.0, 3.657536, 0.848762, -0.000078, -1.155271, 3.281707, 0.0
7049.0, 3.657536, 0.848762, -0.000078, -1.155271, 3.281707, 0.0
7065.0, 3.66955, 0.847611, -0.000024, -1.155271, 3.281707, 0.0
7065.0, 3.66955, 0.847611, -0.000024, -1.155271, 3.281707, 0.0
7082.0, 3.681437, 0.846464, -0.000095, -1.155271, 3.281707, 0.0
7099.0, 3.693308, 0.84531, -0.000291, -1.332721, 3.457811, 0.0
7099.0, 3.693308, 0.84531, -0.000291, -1.332721, 3.457811, 0.0
7115.0, 3.705256, 0.84414, -0.000599, -1.332721, 3.457811, 0.0
7115.0, 3.705256, 0.84414, -0.000599, -1.332721, 3.457811, 0.0
7132.0, 3.717361, 0.842945, -0.000998, -1.332721, 3.457811, 0.0
7149.0, 3.729689, 0.841719, -0.001465, -1.332721, 3.457811, 0.0
7149.0, 3.729689, 0.841719, -0.001465, -1.332721, 3.457811, 0.0
7166.0, 3.742291, 0.840451, -0.001975, -1.332721, 3.457811, 0.0
7166.0, 3.742291, 0.840451, -0.001975, -1.332721, 3.457811, 0.0
7181.0, 3.755213, 0.839136, -0.002507, -1.332721, 3.457811, 0.0
7197.0, 3.768486, 0.837765, -0.003042, -1.332721, 3.457811, 0.0
7197.0, 3.768486, 0.837765, -0.003042, -1.332721, 3.457811, 0.0
7214.0, 3.78214, 0.836335, -0.003565, -1.332721, 3.457811, 0.0
7214.0, 3.78214, 0.836335, -0.003565, -1.332721, 3.457811, 0.0
7232.0, 3.796197, 0.834839, -0.004064, -1.332721, 3.457811, 0.0
7248.0, 3.810673, 0.833274, -0.004531, -1.332721, 3.457811, 0.0
7248.0, 3.810673, 0.833274, -0.004531, -1.332721, 3.457811, 0.0
7265.0, 3.825585, 0.831638, -0.00496, -1.332721, 3.457811, 0.0
7265.0, 3.825585, 0.831638, -0.00496, -1.332721, 3.457811, 0.0
7281.0, 3.840943, 0.829927, -0.005349, -1.332721, 3.457811, 0.0
7299.0, 3.856761, 0.828139, -0.005699, -1.332721, 3.457811, 0.0
7299.0, 3.856761, 0.828139, -0.005699, -1.332721, 3.457811, 0.0
7315.0, 3.873038, 0.826274, -0.006008, -1.332721, 3.457811, 0.0
7315.0, 3.873038, 0.826274, -0.006008, -1.332721, 3.457811, 0.0
7332.0, 3.889782, 0.824329, -0.006281, -1.332721, 3.457811, 0.0
7349.0, 3.906899, 0.822317, -0.006477, -1.510174, 3.633919, 0.0
7349.0, 3.906899, 0.822317, -0.006477, -1.510174, 3.633919, 0.0
7365.0, 3.924263, 0.820253, -0.006563, -1.510174, 3.633919, 0.0
7365.0, 3.924263, 0.820253, -0.006563, -1.510174, 3.633919, 0.0
7381.0, 3.94175, 0.818151, -0.006521, -1.510174, 3.633919, 0.0
7398.0, 3.95925, 0.816025, -0.006353, -1.510174, 3.633919, 0.0
7398.0, 3.95925, 0.816025, -0.006353, -1.510174, 3.633919, 0.0
7414.0, 3.976669, 0.813886, -0.006072, -1.510174, 3.633919, 0.0
7414.0, 3.976669, 0.813886, -0.006072, -1.510174, 3.633919, 0.0
7433.0, 3.993926, 0.811742, -0.005697, -1.510174, 3.633919, 0.0
7448.0, 4.010959, 0.809601, -0.005253, -1.510174, 3.633919, 0.0
7448.0, 4.010959, 0.809601, -0.005253, -1.510174, 3.633919, 0.0
7465.0, 4.027712, 0.807465, -0.004765, -1.510174, 3.633919, 0.0
7465.0, 4.027712, 0.807465, -0.004765, -1.510174, 3.633919, 0.0
7481.0, 4.044142, 0.805338, -0.004255, -1.510174, 3.633919, 0.0
7498.0, 4.060214, 0.803223, -0.003742, -1.510174, 3.633919, 0.0
7498.0, 4.060214, 0.803223, -0.003742, -1.510174, 3.633919, 0.0
7515.0, 4.0759, 0.801123, -0.003243, -1.510174, 3.633919, 0.0
7515.0, 4.0759, 0.801123, -0.003243, -1.510174, 3.633919, 0.0
7532.0, 4.091177, 0.79904, -0.00277, -1.510174, 3.633919, 0.0
7549.0, 4.106028, 0.796977, -0.002332, -1.510174, 3.633919, 0.0
7549.0, 4.106028, 0.796977, -0.002332, -1.510174, 3.633919, 0.0
7565.0, 4.120438, 0.794936, -0.001933, -1.510174, 3.633919, 0.0
7565.0, 4.120438, 0.794936, -0.001933, -1.510174, 3.633919, 0.0
7581.0, 4.134396, 0.792919, -0.001576, -1.510174, 3.633919, 0.0
7599.0, 4.147892, 0.790927, -0.001262, -1.687624, 3.810023, 0.0
7599.0, 4.147892, 0.790927, -0.001262, -1.687624, 3.810023, 0.0
7616.0, 4.16092, 0.788964, -0.000989, -1.687624, 3.810023, 0.0
7616.0, 4.16092, 0.788964, -0.000989, -1.687624, 3.810023, 0.0
7633.0, 4.173474, 0.787028, -0.000755, -1.687624, 3.810023, 0.0
7649.0, 4.185649, 0.785114, -0.000599, -1.687624, 3.810023, 0.0
7649.0, 4.185649, 0.785114, -0.000599, -1.687624, 3.810023, 0.0
7665.0, 4.197574, 0.78321, -0.000553, -1.687624, 3.810023, 0.0
7665.0, 4.197574, 0.78321, -0.000553, -1.687624, 3.810023, 0.0
7681.0, 4.209371, 0.781306, -0.000632, -1.687624, 3.810023, 0.0
7697.0, 4.22115, 0.779394, -0.000836, -1.687624, 3.810023, 0.0
7697.0, 4.22115, 0.779394, -0.000836, -1.687624, 3.810023, 0.0
7714.0, 4.23301, 0.777466, -0.001151, -1.687624, 3.810023, 0.0
7714.0, 4.23301, 0.777466, -0.001151, -1.687624, 3.810023, 0.0
7732.0, 4.245027, 0.775516, -0.001556, -1.687624, 3.810023, 0.0
7748.0, 4.257268, 0.773537, -0.002028, -1.687624, 3.810023, 0.0
7748.0, 4.257268, 0.773537, -0.002028, -1.687624, 3.810023, 0.0
7765.0, 4.269785, 0.771522, -0.002542, -1.687624, 3.810023, 0.0
7765.0, 4.269785, 0.771522, -0.002542, -1.687624, 3.810023, 0.0
7781.0, 4.282622, 0.769463, -0.003077, -1.687624, 3.810023, 0.0
7798.0, 4.295813, 0.767355, -0.003613, -1.687624, 3.810023, 0.0
7798.0, 4.295813, 0.767355, -0.003613, -1.687624, 3.810023, 0.0
7815.0, 4.309386, 0.765193, -0.004135, -1.687624, 3.810023, 0.0
7815.0, 4.309386, 0.765193, -0.004135, -1.687624, 3.810023, 0.0
7832.0, 4.323363, 0.762973, -0.004633, -1.687624, 3.810023, 0.0
7848.0, 4.337761, 0.760691, -0.005096, -1.865073, 3.986127, 0.0
7848.0, 4.337761, 0.760691, -0.005096, -1.865073, 3.986127, 0.0
7865.0, 4.352597, 0.758346, -0.005522, -1.865073, 3.986127, 0.0
7865.0, 4.352597, 0.758346, -0.005522, -1.865073, 3.986127, 0.0
7882.0, 4.367879, 0.755935, -0.005906, -1.865073, 3.986127, 0.0
7899.0, 4.383619, 0.753457, -0.006249, -1.865073, 3.986127, 0.0
7899.0, 4.383619, 0.753457, -0.006249, -1.865073, 3.986127, 0.0
7916.0, 4.399823, 0.750909, -0.006552, -1.865073, 3.986127, 0.0
7916.0, 4.399823, 0.750909, -0.006552, -1.865073, 3.986127, 0.0
7933.0, 4.416496, 0.748291, -0.006816, -1.865073, 3.986127, 0.0
7947.0, 4.433542, 0.745613, -0.007004, -1.865073, 3.986127, 0.0
7947.0, 4.433542, 0.745613, -0.007004, -1.865073, 3.986127, 0.0
7964.0, 4.450835, 0.742887, -0.007081, -1.865073, 3.986127, 0.0
7965.0, 4.450835, 0.742887, -0.007081, -1.865073, 3.986127, 0.0
7981.0, 4.468252, 0.740126, -0.007032, -1.865073, 3.986127, 0.0
7998.0, 4.485682, 0.73734, -0.006856, -1.865073, 3.986127, 0.0
7998.0, 4.485682, 0.73734, -0.006856, -1.865073, 3.986127, 0.0
8015.0, 4.503031, 0.734538, -0.006568, -1.865073, 3.986127, 0.0
8015.0, 4.503031, 0.734538, -0.006568, -1.865073, 3.986127, 0.0
8032.0, 4.520218, 0.731728, -0.006187, -1.865073, 3.986127, 0.0
8048.0, 4.537179, 0.728913, -0.005739, -1.865073, 3.986127, 0.0
8048.0, 4.537179, 0.728913, -0.005739, -1.865073, 3.986127, 0.0
8065.0, 4.553861, 0.726097, -0.005248, -1.865073, 3.986127, 0.0
8065.0, 4.553861, 0.726097, -0.005248, -1.865073, 3.986127, 0.0
8081.0, 4.570219, 0.723281, -0.004735, -1.865073, 3.986127, 0.0
8098.0, 4.586218, 0.720468, -0.004222, -2.042523, 4.162231, 0.0
8098.0, 4.586218, 0.720468, -0.004222, -2.042523, 4.162231, 0.0
8115.0, 4.60183, 0.717658, -0.003725, -2.042523, 4.162231, 0.0
8115.0, 4.60183, 0.717658, -0.003725, -2.042523, 4.162231, 0.0
8132.0, 4.617034, 0.714855, -0.003254, -2.042523, 4.162231, 0.0
8149.0, 4.63181, 0.71206, -0.002819, -2.042523, 4.162231, 0.0
8149.0, 4.63181, 0.71206, -0.002819, -2.042523, 4.162231, 0.0
8166.0, 4.646145, 0.709274, -0.002424, -2.042523, 4.162231, 0.0
8166.0, 4.646145, 0.709274, -0.002424, -2.042523, 4.162231, 0.0
8182.0, 4.660028, 0.7065, -0.002073, -2.042523, 4.162231, 0.0
8197.0, 4.673449, 0.703739, -0.001766, -2.042523, 4.162231, 0.0
8197.0, 4.673449, 0.703739, -0.001766, -2.042523, 4.162231, 0.0
8214.0, 4.6864, 0.700992, -0.001501, -2.042523, 4.162231, 0.0
8214.0, 4.6864, 0.700992, -0.001501, -2.042523, 4.162231, 0.0
8232.0, 4.698878, 0.698261, -0.001275, -2.042523, 4.162231, 0.0
8248.0, 4.710876, 0.695547, -0.001085, -2.042523, 4.162231, 0.0
8248.0, 4.710876, 0.695547, -0.001085, -2.042523, 4.162231, 0.0
8264.0, 4.722391, 0.692857, -0.000927, -2.042523, 4.162231, 0.0
8264.0, 4.722391, 0.692857, -0.000927, -2.042523, 4.162231, 0.0
8281.0, 4.733421, 0.690194, -0.000798, -2.042523, 4.162231, 0.0
8299.0, 4.743964, 0.687561, -0.000692, -2.042523, 4.162231, 0.0
8299.0, 4.743964, 0.687561, -0.000692, -2.042523, 4.162231, 0.0
8315.0, 4.754018, 0.68496, -0.000606, -2.042523, 4.162231, 0.0
8315.0, 4.754018, 0.68496, -0.000606, -2.042523, 4.162231, 0.0
8333.0, 4.763582, 0.682396, -0.000537, -2.042523, 4.162231, 0.0
8349.0, 4.772756, 0.679854, -0.000522, -2.219972, 4.338335, 0.0
8349.0, 4.772756, 0.679854, -0.000522, -2.219972, 4.338335, 0.0
8365.0, 4.781667, 0.67732, -0.000595, -2.219972, 4.338335, 0.0
8365.0, 4.781667, 0.67732, -0.000595, -2.219972, 4.338335, 0.0
8381.0, 4.790439, 0.674776, -0.000772, -2.219972, 4.338335, 0.0
8399.0, 4.799185, 0.67221, -0.001056, -2.219972, 4.338335, 0.0
8399.0, 4.799185, 0.67221, -0.001056, -2.219972, 4.338335, 0.0
8416.0, 4.808001, 0.669607, -0.001434, -2.219972, 4.338335, 0.0
8416.0, 4.808001, 0.669607, -0.001434, -2.219972, 4.338335, 0.0
8432.0, 4.816967, 0.66696, -0.00189, -2.219972, 4.338335, 0.0
8447.0, 4.826147, 0.664255, -0.002401, -2.219972, 4.338335, 0.0
8447.0, 4.826147, 0.664255, -0.002401, -2.219972, 4.338335, 0.0
8464.0, 4.835595, 0.661484, -0.002946, -2.219972, 4.338335, 0.0
8464.0, 4.835595, 0.661484, -0.002946, -2.219972, 4.338335, 0.0
8481.0, 4.845353, 0.658635, -0.003507, -2.219972, 4.338335, 0.0
8498.0, 4.855456, 0.6557, -0.004064, -2.219972, 4.338335, 0.0
8498.0, 4.855456, 0.6557, -0.004064, -2.219972, 4.338335, 0.0
8514.0, 4.865932, 0.652673, -0.004606, -2.219972, 4.338335, 0.0
8514.0, 4.865932, 0.652673, -0.004606, -2.219972, 4.338335, 0.0
8533.0, 4.876803, 0.649549, -0.005121, -2.219972, 4.338335, 0.0
8549.0, 4.888086, 0.646321, -0.005603, -2.219972, 4.338335, 0.0
8549.0, 4.888086, 0.646321, -0.005603, -2.219972, 4.338335, 0.0
8565.0, 4.899796, 0.642985, -0.006046, -2.219972, 4.338335, 0.0
8565.0, 4.899796, 0.642985, -0.006046, -2.219972, 4.338335, 0.0
8582.0, 4.911944, 0.639539, -0.00645, -2.219972, 4.338335, 0.0
8599.0, 4.924539, 0.635978, -0.006813, -2.397422, 4.51444, 0.0
8599.0, 4.924539, 0.635978, -0.006813, -2.397422, 4.51444, 0.0
8615.0, 4.937587, 0.6323, -0.007136, -2.397422, 4.51444, 0.0
8615.0, 4.937587, 0.6323, -0.007136, -2.397422, 4.51444, 0.0
8632.0, 4.951094, 0.628504, -0.007424, -2.397422, 4.51444, 0.0
8648.0, 4.965065, 0.62459, -0.007678, -2.397422, 4.51444, 0.0
8648.0, 4.965065, 0.62459, -0.007678, -2.397422, 4.51444, 0.0
8665.0, 4.979506, 0.620559, -0.007901, -2.397422, 4.51444, 0.0
8665.0, 4.979506, 0.620559, -0.007901, -2.397422, 4.51444, 0.0
8681.0, 4.994418, 0.616414, -0.008099, -2.397422, 4.51444, 0.0
8698.0, 5.009805, 0.612158, -0.008273, -2.397422, 4.51444, 0.0
8698.0, 5.009805, 0.612158, -0.008273, -2.397422, 4.51444, 0.0
8715.0, 5.025671, 0.607791, -0.008428, -2.397422, 4.51444, 0.0
8715.0, 5.025671, 0.607791, -0.008428, -2.397422, 4.51444, 0.0
8732.0, 5.042016, 0.603315, -0.008566, -2.397422, 4.51444, 0.0
8749.0, 5.058845, 0.598737, -0.008691, -2.397422, 4.51444, 0.0
8749.0, 5.058845, 0.598737, -0.008691, -2.397422, 4.51444, 0.0
8765.0, 5.076158, 0.594063, -0.008803, -2.397422, 4.51444, 0.0
8765.0, 5.076158, 0.594063, -0.008803, -2.397422, 4.51444, 0.0
8781.0, 5.093957, 0.5893, -0.008905, -2.397422, 4.51444, 0.0
8799.0, 5.112245, 0.584454, -0.008998, -2.397422, 4.51444, 0.0
8799.0, 5.112245, 0.584454, -0.008998, -2.397422, 4.51444, 0.0
8815.0, 5.131022, 0.57953, -0.009084, -2.397422, 4.51444, 0.0
8815.0, 5.131022, 0.57953, -0.009084, -2.397422, 4.51444, 0.0
8833.0, 5.15029, 0.574532, -0.009163, -2.397422, 4.51444, 0.0
8849.0, 5.169949, 0.569469, -0.009195, -2.574872, 4.690544, 0.0
8849.0, 5.169949, 0.569469, -0.009195, -2.574872, 4.690544, 0.0
8865.0, 5.189869, 0.564348, -0.009143, -2.574872, 4.690544, 0.0
8865.0, 5.189869, 0.564348, -0.009143, -2.574872, 4.690544, 0.0
8882.0, 5.209924, 0.559177, -0.008987, -2.574872, 4.690544, 0.0
8899.0, 5.230001, 0.553962, -0.008727, -2.574872, 4.690544, 0.0
8899.0, 5.230001, 0.553962, -0.008727, -2.574872, 4.690544, 0.0
8915.0, 5.250003, 0.548707, -0.008371, -2.574872, 4.690544, 0.0
8915.0, 5.250003, 0.548707, -0.008371, -2.574872, 4.690544, 0.0
8932.0, 5.26985, 0.543416, -0.00794, -2.574872, 4.690544, 0.0
8947.0, 5.289473, 0.538089, -0.007453, -2.574872, 4.690544, 0.0
8947.0, 5.289473, 0.538089, -0.007453, -2.574872, 4.690544, 0.0
8964.0, 5.308819, 0.532723, -0.006936, -2.574872, 4.690544, 0.0
8964.0, 5.308819, 0.532723, -0.006936, -2.574872, 4.690544, 0.0
8981.0, 5.327846, 0.527315, -0.006409, -2.574872, 4.690544, 0.0
8998.0, 5.346518, 0.521865, -0.005891, -2.574872, 4.690544, 0.0
8998.0, 5.346518, 0.521865, -0.005891, -2.574872, 4.690544, 0.0
9015.0, 5.364807, 0.516371, -0.005395, -2.574872, 4.690544, 0.0
9015.0, 5.364807, 0.516371, -0.005395, -2.574872, 4.690544, 0.0
9032.0, 5.382689, 0.510832, -0.004933, -2.574872, 4.690544, 0.0
9048.0, 5.40015, 0.505248, -0.004513, -2.574872, 4.690544, 0.0
9049.0, 5.40015, 0.505248, -0.004513, -2.574872, 4.690544, 0.0
9065.0, 5.417174, 0.499616, -0.004138, -2.574872, 4.690544, 0.0
9065.0, 5.417174, 0.499616, -0.004138, -2.574872, 4.690544, 0.0
9082.0, 5.433749, 0.493937, -0.003809, -2.574872, 4.690544, 0.0
9099.0, 5.449867, 0.48821, -0.003527, -2.752321, 4.866648, 0.0
9099.0, 5.449867, 0.48821, -0.003527, -2.752321, 4.866648, 0.0
9115.0, 5.465519, 0.482433, -0.003289, -2.752321, 4.866648, 0.0
9115.0, 5.465519, 0.482433, -0.003289, -2.752321, 4.866648, 0.0
9133.0, 5.480702, 0.476607, -0.003093, -2.752321, 4.866648, 0.0
9149.0, 5.49541, 0.470733, -0.002932, -2.752321, 4.866648, 0.0
9149.0, 5.49541, 0.470733, -0.002932, -2.752321, 4.866648, 0.0
9165.0, 5.509639, 0.464813, -0.002805, -2.752321, 4.866648, 0.0
9166.0, 5.509639, 0.464813, -0.002805, -2.752321, 4.866648, 0.0
9180.0, 5.523386, 0.458852, -0.002704, -2.752321, 4.866648, 0.0
9197.0, 5.536649, 0.452849, -0.002627, -2.752321, 4.866648, 0.0
9197.0, 5.536649, 0.452849, -0.002627, -2.752321, 4.866648, 0.0
9214.0, 5.549426, 0.446809, -0.002568, -2.752321, 4.866648, 0.0
9214.0, 5.549426, 0.446809, -0.002568, -2.752321, 4.866648, 0.0
9232.0, 5.561714, 0.440731, -0.002524, -2.752321, 4.866648, 0.0
9248.0, 5.573512, 0.434623, -0.00249, -2.752321, 4.866648, 0.0
9248.0, 5.573512, 0.434623, -0.00249, -2.752321, 4.866648, 0.0
9265.0, 5.584819, 0.428489, -0.002464, -2.752321, 4.866648, 0.0
9265.0, 5.584819, 0.428489, -0.002464, -2.752321, 4.866648, 0.0
9281.0, 5.595634, 0.422337, -0.002442, -2.752321, 4.866648, 0.0
9299.0, 5.605955, 0.41617, -0.002421, -2.752321, 4.866648, 0.0
9299.0, 5.605955, 0.41617, -0.002421, -2.752321, 4.866648, 0.0
9315.0, 5.615783, 0.409995, -0.002401, -2.752321, 4.866648, 0.0
9315.0, 5.615783, 0.409995, -0.002401, -2.752321, 4.866648, 0.0
9332.0, 5.625117, 0.403814, -0.002377, -2.752321, 4.866648, 0.0
9349.0, 5.634058, 0.397623, -0.002392, -2.929771, 5.042751, 0.0
9349.0, 5.634058, 0.397623, -0.002392, -2.929771, 5.042751, 0.0
9366.0, 5.642732, 0.391413, -0.002481, -2.929771, 5.042751, 0.0
9366.0, 5.642732, 0.391413, -0.002481, -2.929771, 5.042751, 0.0
9381.0, 5.651265, 0.385177, -0.002666, -2.929771, 5.042751, 0.0
9398.0, 5.659768, 0.378906, -0.00295, -2.929771, 5.042751, 0.0
9398.0, 5.659768, 0.378906, -0.00295, -2.929771, 5.042751, 0.0
9415.0, 5.668337, 0.372595, -0.003327, -2.929771, 5.042751, 0.0
9415.0, 5.668337, 0.372595, -0.003327, -2.929771, 5.042751, 0.0
9432.0, 5.677054, 0.36624, -0.003781, -2.929771, 5.042751, 0.0
9447.0, 5.685984, 0.359833, -0.004291, -2.929771, 5.042751, 0.0
9447.0, 5.685984, 0.359833, -0.004291, -2.929771, 5.042751, 0.0
9465.0, 5.695181, 0.353368, -0.004839, -2.929771, 5.042751, 0.0
9465.0, 5.695181, 0.353368, -0.004839, -2.929771, 5.042751, 0.0
9482.0, 5.70469, 0.346838, -0.005406, -2.929771, 5.042751, 0.0
9498.0, 5.714546, 0.340238, -0.005972, -2.929771, 5.042751, 0.0
9498.0, 5.714546, 0.340238, -0.005972, -2.929771, 5.042751, 0.0
9515.0, 5.724777, 0.333562, -0.006525, -2.929771, 5.042751, 0.0
9515.0, 5.724777, 0.333562, -0.006525, -2.929771, 5.042751, 0.0
9533.0, 5.735407, 0.326808, -0.007054, -2.929771, 5.042751, 0.0
9549.0, 5.746452, 0.319971, -0.00755, -2.929771, 5.042751, 0.0
9549.0, 5.746452, 0.319971, -0.00755, -2.929771, 5.042751, 0.0
9565.0, 5.757929, 0.313049, -0.008008, -2.929771, 5.042751, 0.0
9565.0, 5.757929, 0.313049, -0.008008, -2.929771, 5.042751, 0.0
9582.0, 5.769848, 0.306039, -0.008427, -2.929771, 5.042751, 0.0
9599.0, 5.782219, 0.298938, -0.008804, -3.10722, 5.218856, 0.0
9599.0, 5.782219, 0.298938, -0.008804, -3.10722, 5.218856, 0.0
9615.0, 5.795049, 0.291745, -0.009142, -3.10722, 5.218856, 0.0
9615.0, 5.795049, 0.291745, -0.009142, -3.10722, 5.218856, 0.0
9632.0, 5.808344, 0.284458, -0.009441, -3.10722, 5.218856, 0.0
9649.0, 5.82211, 0.277078, -0.009706, -3.10722, 5.218856, 0.0
9649.0, 5.82211, 0.277078, -0.009706, -3.10722, 5.218856, 0.0
9666.0, 5.836349, 0.269608, -0.009939, -3.10722, 5.218856, 0.0
9666.0, 5.836349, 0.269608, -0.009939, -3.10722, 5.218856, 0.0
9682.0, 5.851067, 0.26205, -0.010143, -3.10722, 5.218856, 0.0
9697.0, 5.866265, 0.254408, -0.010322, -3.10722, 5.218856, 0.0
9697.0, 5.866265, 0.254408, -0.010322, -3.10722, 5.218856, 0.0
9714.0, 5.881947, 0.246682, -0.010479, -3.10722, 5.218856, 0.0
9714.0, 5.881947, 0.246682, -0.010479, -3.10722, 5.218856, 0.0
9732.0, 5.898112, 0.238875, -0.010618, -3.10722, 5.218856, 0.0
9748.0, 5.914663, 0.230998, -0.010698, -3.10722, 5.218856, 0.0
9748.0, 5.914663, 0.230998, -0.010698, -3.10722, 5.218856, 0.0
9764.0, 5.931471, 0.223064, -0.010686, -3.10722, 5.218856, 0.0
9764.0, 5.931471, 0.223064, -0.010686, -3.10722, 5.218856, 0.0
9781.0, 5.948412, 0.215086, -0.010563, -3.10722, 5.218856, 0.0
9799.0, 5.965372, 0.207073, -0.010327, -3.10722, 5.218856, 0.0
9799.0, 5.965372, 0.207073, -0.010327, -3.10722, 5.218856, 0.0
9815.0, 5.982255, 0.199035, -0.009989, -3.10722, 5.218856, 0.0
9815.0, 5.982255, 0.199035, -0.009989, -3.10722, 5.218856, 0.0
9832.0, 5.99898, 0.19098, -0.009568, -3.10722, 5.218856, 0.0
9849.0, 6.015481, 0.18291, -0.009087, -3.28467, 5.39496, 0.0
9849.0, 6.015481, 0.18291, -0.009087, -3.28467, 5.39496, 0.0
9865.0, 6.031703, 0.174827, -0.008569, -3.28467, 5.39496, 0.0
9865.0, 6.031703, 0.174827, -0.008569, -3.28467, 5.39496, 0.0
9882.0, 6.047604, 0.166731, -0.008035, -3.28467, 5.39496, 0.0
9899.0, 6.063147, 0.158624, -0.007504, -3.28467, 5.39496, 0.0
9899.0, 6.063147, 0.158624, -0.007504, -3.28467, 5.39496, 0.0
9915.0, 6.078305, 0.150506, -0.006991, -3.28467, 5.39496, 0.0
9915.0, 6.078305, 0.150506, -0.006991, -3.28467, 5.39496, 0.0
9932.0, 6.093056, 0.142379, -0.006506, -3.28467, 5.39496, 0.0
9947.0, 6.10738, 0.134244, -0.006057, -3.28467, 5.39496, 0.0
9947.0, 6.10738, 0.134244, -0.006057, -3.28467, 5.39496, 0.0
9964.0, 6.121264, 0.126102, -0.00565, -3.28467, 5.39496, 0.0
9964.0, 6.121264, 0.126102, -0.00565, -3.28467, 5.39496, 0.0
9981.0, 6.134698, 0.117953, -0.005285, -3.28467, 5.39496, 0.0
9998.0, 6.147672, 0.109798, -0.004963, -3.28467, 5.39496, 0.0
9998.0, 6.147672, 0.109798, -0.004963, -3.28467, 5.39496, 0.0
