1.0, 0.0, 0.0, 0.002231, 4.244329, -4.240951, 0.0
16.0, -0.000051, -0.000256, -0.004076, 4.244329, -4.240951, 0.0
17.0, -0.000051, -0.000256, -0.004076, 4.244329, -4.240951, 0.0
34.0, -0.0, -0.000384, -0.009542, 4.244329, -4.240951, 0.0
34.0, -0.0, -0.000384, -0.009542, 4.244329, -4.240951, 0.0
48.0, 0.00018, -0.000259, -0.01233, 4.244329, -4.240951, 0.0
66.0, 0.000475, 0.0001, -0.013505, 4.244329, -4.240951, 0.0
66.0, 0.000475, 0.0001, -0.013505, 4.244329, -4.240951, 0.0
83.0, 0.000853, 0.000634, -0.013487, 4.244329, -4.240951, 0.0
83.0, 0.000853, 0.000634, -0.013487, 4.244329, -4.240951, 0.0
99.0, 0.001276, 0.001277, -0.012621, 4.244329, -4.240951, 0.0
116.0, 0.001708, 0.001956, -0.011189, 4.244329, -4.240951, 0.0
116.0, 0.001708, 0.001956, -0.011189, 4.244329, -4.240951, 0.0
135.0, 0.001943, 0.00252, -0.011402, 4.244329, -4.240951, 0.0
135.0, 0.001943, 0.00252, -0.011402, 4.244329, -4.240951, 0.0
149.0, 0.002161, 0.00334, -0.011541, 4.244329, -4.240951, 0.0
166.0, 0.002273, 0.004537, -0.010713, 4.244329, -4.240951, 0.0
166.0, 0.002273, 0.004537, -0.010713, 4.244329, -4.240951, 0.0
182.0, 0.002185, 0.006041, -0.009018, 4.244329, -4.240951, 0.0
182.0, 0.002185, 0.006041, -0.009018, 4.244329, -4.240951, 0.0
199.0, 0.001878, 0.007944, -0.007063, 4.244329, -4.240951, 0.0
216.0, 0.001495, 0.009737, -0.006209, 4.244329, -4.240951, 0.0
216.0, 0.001495, 0.009737, -0.006209, 4.244329, -4.240951, 0.0
234.0, 0.000751, 0.01243, -0.004694, 4.244329, -4.240951, 0.0
234.0, 0.000751, 0.01243, -0.004694, 4.244329, -4.240951, 0.0
249.0, -0.000332, 0.015612, -0.002981, 4.244329, -4.240951, 0.0
266.0, -0.001706, 0.019179, -0.001452, 4.244329, -4.240951, 0.0
266.0, -0.001706, 0.019179, -0.001452, 4.244329, -4.240951, 0.0
282.0, -0.003407, 0.02311, -0.000089, 4.244329, -4.240951, 0.0
282.0, -0.003407, 0.02311, -0.000089, 4.244329, -4.240951, 0.0
299.0, -0.005446, 0.027368, 0.001106, 4.244329, -4.240951, 0.0
316.0, -0.007844, 0.031943, 0.002166, 4.244329, -4.240951, 0.0
316.0, -0.007844, 0.031943, 0.002166, 4.244329, -4.240951, 0.0
334.0, -0.010615, 0.03683, 0.003107, 4.244329, -4.240951, 0.0
334.0, -0.010615, 0.03683, 0.003107, 4.244329, -4.240951, 0.0
349.0, -0.013765, 0.042027, 0.003943, 4.244329, -4.240951, 0.0
366.0, -0.017302, 0.047528, 0.004684, 4.244329, -4.240951, 0.0
366.0, -0.017302, 0.047528, 0.004684, 4.244329, -4.240951, 0.0
384.0, -0.021232, 0.053331, 0.005342, 4.244329, -4.240951, 0.0
384.0, -0.021232, 0.053331, 0.005342, 4.244329, -4.240951, 0.0
398.0, -0.025557, 0.059434, 0.005928, 4.244329, -4.240951, 0.0
415.0, -0.030282, 0.065833, 0.006451, 4.244329, -4.240951, 0.0
415.0, -0.030282, 0.065833, 0.006451, 4.244329, -4.240951, 0.0
433.0, -0.035408, 0.072528, 0.006918, 4.244329, -4.240951, 0.0
433.0, -0.035408, 0.072528, 0.006918, 4.244329, -4.240951, 0.0
448.0, -0.040939, 0.079516, 0.00734, 4.244329, -4.240951, 0.0
466.0, -0.046876, 0.086796, 0.007721, 4.244329, -4.240951, 0.0
466.0, -0.046876, 0.086796, 0.007721, 4.244329, -4.240951, 0.0
483.0, -0.053221, 0.094364, 0.008068, 4.244329, -4.240951, 0.0
483.0, -0.053221, 0.094364, 0.008068, 4.244329, -4.240951, 0.0
498.0, -0.059975, 0.102219, 0.008386, 4.244329, -4.240951, 0.0
516.0, -0.067139, 0.11036, 0.008681, 4.244329, -4.240951, 0.0
516.0, -0.067139, 0.11036, 0.008681, 4.244329, -4.240951, 0.0
534.0, -0.074714, 0.118784, 0.008956, 4.244329, -4.240951, 0.0
534.0, -0.074714, 0.118784, 0.008956, 4.244329, -4.240951, 0.0
549.0, -0.082699, 0.12749, 0.009215, 4.244329, -4.240951, 0.0
566.0, -0.091097, 0.136476, 0.00946, 4.244329, -4.240951, 0.0
566.0, -0.091097, 0.136476, 0.00946, 4.244329, -4.240951, 0.0
583.0, -0.09991, 0.145741, 0.009696, 4.244329, -4.240951, 0.0
583.0, -0.09991, 0.145741, 0.009696, 4.244329, -4.240951, 0.0
599.0, -0.109138, 0.155285, 0.009924, 4.244329, -4.240951, 0.0
615.0, -0.118783, 0.165105, 0.010144, 4.244329, -4.240951, 0.0
615.0, -0.118783, 0.165105, 0.010144, 4.244329, -4.240951, 0.0
633.0, -0.128845, 0.175202, 0.010359, 4.244329, -4.240951, 0.0
633.0, -0.128845, 0.175202, 0.010359, 4.244329, -4.240951, 0.0
649.0, -0.139325, 0.185573, 0.01057, 4.244329, -4.240951, 0.0
665.0, -0.150225, 0.196217, 0.010777, 4.244329, -4.240951, 0.0
665.0, -0.150225, 0.196217, 0.010777, 4.244329, -4.240951, 0.0
682.0, -0.161545, 0.207133, 0.010981, 4.244329, -4.240951, 0.0
682.0, -0.161545, 0.207133, 0.010981, 4.244329, -4.240951, 0.0
698.0, -0.173286, 0.218318, 0.011181, 4.244329, -4.240951, 0.0
716.0, -0.185449, 0.229771, 0.01138, 4.244329, -4.240951, 0.0
716.0, -0.185449, 0.229771, 0.01138, 4.244329, -4.240951, 0.0
734.0, -0.198035, 0.241492, 0.011576, 4.244329, -4.240951, 0.0
734.0, -0.198035, 0.241492, 0.011576, 4.244329, -4.240951, 0.0
749.0, -0.211045, 0.253479, 0.01177, 4.244329, -4.240951, 0.0
766.0, -0.22448, 0.265729, 0.011962, 4.244329, -4.240951, 0.0
766.0, -0.22448, 0.265729, 0.011962, 4.244329, -4.240951, 0.0
783.0, -0.238341, 0.278242, 0.012152, 4.244329, -4.240951, 0.0
783.0, -0.238341, 0.278242, 0.012152, 4.244329, -4.240951, 0.0
799.0, -0.252629, 0.291015, 0.012341, 4.244329, -4.240951, 0.0
816.0, -0.267345, 0.304047, 0.012528, 4.244329, -4.240951, 0.0
816.0, -0.267345, 0.304047, 0.012528, 4.244329, -4.240951, 0.0
832.0, -0.282489, 0.317337, 0.012713, 4.244329, -4.240951, 0.0
832.0, -0.282489, 0.317337, 0.012713, 4.244329, -4.240951, 0.0
848.0, -0.298063, 0.330883, 0.012896, 4.244329, -4.240951, 0.0
865.0, -0.314068, 0.344683, 0.013078, 4.244329, -4.240951, 0.0
865.0, -0.314068, 0.344683, 0.013078, 4.244329, -4.240951, 0.0
882.0, -0.330506, 0.358735, 0.013259, 4.244329, -4.240951, 0.0
882.0, -0.330506, 0.358735, 0.013259, 4.244329, -4.240951, 0.0
898.0, -0.347376, 0.373037, 0.013438, 4.244329, -4.240951, 0.0
916.0, -0.36468, 0.387588, 0.013615, 4.244329, -4.240951, 0.0
916.0, -0.36468, 0.387588, 0.013615, 4.244329, -4.240951, 0.0
933.0, -0.382419, 0.402386, 0.013791, 4.244329, -4.240951, 0.0
933.0, -0.382419, 0.402386, 0.013791, 4.244329, -4.240951, 0.0
948.0, -0.400593, 0.41743, 0.013965, 4.244329, -4.240951, 0.0
966.0, -0.419204, 0.432717, 0.014138, 4.244329, -4.240951, 0.0
966.0, -0.419204, 0.432717, 0.014138, 4.244329, -4.240951, 0.0
982.0, -0.438254, 0.448245, 0.014309, 4.244329, -4.240951, 0.0
982.0, -0.438254, 0.448245, 0.014309, 4.244329, -4.240951, 0.0
999.0, -0.457743, 0.464013, 0.014479, 4.244329, -4.240951, 0.0
1016.0, -0.477673, 0.480017, 0.014647, 4.244329, -4.240951, 0.0
1016.0, -0.477673, 0.480017, 0.014647, 4.244329, -4.240951, 0.0
1034.0, -0.498043, 0.496258, 0.014814, 4.244329, -4.240951, 0.0
1034.0, -0.498043, 0.496258, 0.014814, 4.244329, -4.240951, 0.0
1048.0, -0.518859, 0.512736, 0.01498, 4.244329, -4.240951, 0.0
1065.0, -0.54012, 0.529446, 0.015145, 4.244329, -4.240951, 0.0
1065.0, -0.54012, 0.529446, 0.015145, 4.244329, -4.240951, 0.0
1082.0, -0.561825, 0.546386, 0.015308, 4.244329, -4.240951, 0.0
1082.0, -0.561825, 0.546386, 0.015308, 4.244329, -4.240951, 0.0
1098.0, -0.583976, 0.563551, 0.015469, 4.244329, -4.240951, 0.0
1116.0, -0.606573, 0.580942, 0.015627, 4.244329, -4.240951, 0.0
1116.0, -0.606573, 0.580942, 0.015627, 4.244329, -4.240951, 0.0
1133.0, -0.629616, 0.598555, 0.015784, 4.244329, -4.240951, 0.0
1133.0, -0.629616, 0.598555, 0.015784, 4.244329, -4.240951, 0.0
1148.0, -0.653103, 0.616386, 0.015937, 4.244329, -4.240951, 0.0
1166.0, -0.677038, 0.634435, 0.016089, 4.244329, -4.240951, 0.0
1166.0, -0.677038, 0.634435, 0.016089, 4.244329, -4.240951, 0.0
1182.0, -0.701424, 0.652698, 0.01624, 4.244329, -4.240951, 0.0
1182.0, -0.701424, 0.652698, 0.01624, 4.244329, -4.240951, 0.0
1199.0, -0.726262, 0.671176, 0.01639, 4.244329, -4.240951, 0.0
1216.0, -0.751554, 0.689867, 0.01654, 4.244329, -4.240951, 0.0
1216.0, -0.751554, 0.689867, 0.01654, 4.244329, -4.240951, 0.0
1233.0, -0.7773, 0.708768, 0.016688, 4.244329, -4.240951, 0.0
1233.0, -0.7773, 0.708768, 0.016688, 4.244329, -4.240951, 0.0
1248.0, -0.8035, 0.727877, 0.016835, 4.244329, -4.240951, 0.0
1266.0, -0.830158, 0.747192, 0.016981, 4.244329, -4.240951, 0.0
1266.0, -0.830158, 0.747192, 0.016981, 4.244329, -4.240951, 0.0
1283.0, -0.857273, 0.766709, 0.017125, 4.244329, -4.240951, 0.0
1283.0, -0.857273, 0.766709, 0.017125, 4.244329, -4.240951, 0.0
1298.0, -0.884846, 0.786426, 0.017268, 4.244329, -4.240951, 0.0
1315.0, -0.912879, 0.806343, 0.017408, 4.244329, -4.240951, 0.0
1315.0, -0.912879, 0.806343, 0.017408, 4.244329, -4.240951, 0.0
1333.0, -0.941372, 0.826456, 0.017547, 4.244329, -4.240951, 0.0
1333.0, -0.941372, 0.826456, 0.017547, 4.244329, -4.240951, 0.0
1348.0, -0.970326, 0.846764, 0.017684, 4.244329, -4.240951, 0.0
1365.0, -0.999743, 0.867263, 0.017819, 4.244329, -4.240951, 0.0
1365.0, -0.999743, 0.867263, 0.017819, 4.244329, -4.240951, 0.0
1382.0, -1.029622, 0.88795, 0.017953, 4.244329, -4.240951, 0.0
1382.0, -1.029622, 0.88795, 0.017953, 4.244329, -4.240951, 0.0
1399.0, -1.059966, 0.908825, 0.018085, 4.244329, -4.240951, 0.0
1416.0, -1.090775, 0.929884, 0.018215, 4.244329, -4.240951, 0.0
1416.0, -1.090775, 0.929884, 0.018215, 4.244329, -4.240951, 0.0
1433.0, -1.122049, 0.951127, 0.018343, 4.244329, -4.240951, 0.0
1433.0, -1.122049, 0.951127, 0.018343, 4.244329, -4.240951, 0.0
1449.0, -1.153789, 0.97255, 0.018469, 4.244329, -4.240951, 0.0
1466.0, -1.185997, 0.994151, 0.018593, 4.244329, -4.240951, 0.0
1466.0, -1.185997, 0.994151, 0.018593, 4.244329, -4.240951, 0.0
1482.0, -1.218673, 1.015929, 0.018716, 4.244329, -4.240951, 0.0
1482.0, -1.218673, 1.015929, 0.018716, 4.244329, -4.240951, 0.0
1499.0, -1.251818, 1.037881, 0.018838, 4.244329, -4.240951, 0.0
1516.0, -1.285433, 1.060005, 0.018957, 4.244329, -4.240951, 0.0
1516.0, -1.285433, 1.060005, 0.018957, 4.244329, -4.240951, 0.0
1533.0, -1.319517, 1.082301, 0.019075, 4.244329, -4.240951, 0.0
1533.0, -1.319517, 1.082301, 0.019075, 4.244329, -4.240951, 0.0
1548.0, -1.354072, 1.104766, 0.019191, 4.244329, -4.240951, 0.0
1565.0, -1.389098, 1.127399, 0.019305, 4.244329, -4.240951, 0.0
1565.0, -1.389098, 1.127399, 0.019305, 4.244329, -4.240951, 0.0
1582.0, -1.424597, 1.150198, 0.019418, 4.244329, -4.240951, 0.0
1582.0, -1.424597, 1.150198, 0.019418, 4.244329, -4.240951, 0.0
1598.0, -1.460567, 1.173163, 0.019529, 4.244329, -4.240951, 0.0
1616.0, -1.49701, 1.196292, 0.019639, 4.244329, -4.240951, 0.0
1616.0, -1.49701, 1.196292, 0.019639, 4.244329, -4.240951, 0.0
1633.0, -1.533925, 1.219584, 0.019747, 4.244329, -4.240951, 0.0
1633.0, -1.533925, 1.219584, 0.019747, 4.244329, -4.240951, 0.0
1648.0, -1.571321, 1.243045, 0.019857, 4.244329, -4.240951, 0.0
1665.0, -1.609191, 1.26667, 0.019965, 4.244329, -4.240951, 0.0
1665.0, -1.609191, 1.26667, 0.019965, 4.244329, -4.240951, 0.0
1682.0, -1.647534, 1.290459, 0.02007, 4.244329, -4.240951, 0.0
1682.0, -1.647534, 1.290459, 0.02007, 4.244329, -4.240951, 0.0
1698.0, -1.686348, 1.314411, 0.020173, 4.244329, -4.240951, 0.0
1715.0, -1.725634, 1.338526, 0.020273, 4.244329, -4.240951, 0.0
1716.0, -1.725634, 1.338526, 0.020273, 4.244329, -4.240951, 0.0
1734.0, -1.765391, 1.362805, 0.020373, 4.244329, -4.240951, 0.0
1734.0, -1.765391, 1.362805, 0.020373, 4.244329, -4.240951, 0.0
1749.0, -1.805612, 1.387244, 0.020468, 4.244329, -4.240951, 0.0
1766.0, -1.846301, 1.411847, 0.020563, 4.244329, -4.240951, 0.0
1766.0, -1.846301, 1.411847, 0.020563, 4.244329, -4.240951, 0.0
1783.0, -1.887462, 1.436617, 0.020659, 4.244329, -4.240951, 0.0
1783.0, -1.887462, 1.436617, 0.020659, 4.244329, -4.240951, 0.0
1799.0, -1.929094, 1.461555, 0.020755, 4.244329, -4.240951, 0.0
1816.0, -1.971197, 1.486663, 0.020853, 4.244329, -4.240951, 0.0
1816.0, -1.971197, 1.486663, 0.020853, 4.244329, -4.240951, 0.0
1834.0, -2.013771, 1.51194, 0.020952, 4.244329, -4.240951, 0.0
1834.0, -2.013771, 1.51194, 0.020952, 4.244329, -4.240951, 0.0
1848.0, -2.056819, 1.537364, 0.021051, 4.244329, -4.240951, 0.0
1865.0, -2.100345, 1.562906, 0.02115, 4.244329, -4.240951, 0.0
1865.0, -2.100345, 1.562906, 0.02115, 4.244329, -4.240951, 0.0
1882.0, -2.144352, 1.588536, 0.021247, 4.244329, -4.240951, 0.0
1882.0, -2.144352, 1.588536, 0.021247, 4.244329, -4.240951, 0.0
1899.0, -2.188844, 1.61423, 0.021339, 4.244329, -4.240951, 0.0
1915.0, -2.233824, 1.639964, 0.021426, 4.244329, -4.240951, 0.0
1915.0, -2.233824, 1.639964, 0.021426, 4.244329, -4.240951, 0.0
1933.0, -2.279293, 1.66572, 0.021505, 4.244329, -4.240951, 0.0
1933.0, -2.279293, 1.66572, 0.021505, 4.244329, -4.240951, 0.0
1948.0, -2.325155, 1.691507, 0.021537, 4.244329, -4.240951, 0.0
1965.0, -2.37129, 1.717343, 0.021487, 4.244329, -4.240951, 0.0
1965.0, -2.37129, 1.717343, 0.021487, 4.244329, -4.240951, 0.0
1982.0, -2.417578, 1.743245, 0.021339, 4.244329, -4.240951, 0.0
1982.0, -2.417578, 1.743245, 0.021339, 4.244329, -4.240951, 0.0
1999.0, -2.463911, 1.769228, 0.021093, 4.244329, -4.240951, 0.0
2016.0, -2.510199, 1.795308, 0.02076, 4.244329, -4.240951, 0.0
2016.0, -2.510199, 1.795308, 0.02076, 4.244329, -4.240951, 0.0
2034.0, -2.556368, 1.821496, 0.020361, 4.244329, -4.240951, 0.0
2034.0, -2.556368, 1.821496, 0.020361, 4.244329, -4.240951, 0.0
2049.0, -2.602351, 1.847796, 0.019916, 4.244329, -4.240951, 0.0
2067.0, -2.648093, 1.874207, 0.019445, 4.244329, -4.240951, 0.0
2067.0, -2.648093, 1.874207, 0.019445, 4.244329, -4.240951, 0.0
2081.0, -2.693549, 1.900728, 0.018968, 4.244329, -4.240951, 0.0
2081.0, -2.693549, 1.900728, 0.018968, 4.244329, -4.240951, 0.0
2098.0, -2.73868, 1.927361, 0.0185, 4.244329, -4.240951, 0.0
2115.0, -2.783455, 1.954105, 0.018055, 4.244329, -4.240951, 0.0
2115.0, -2.783455, 1.954105, 0.018055, 4.244329, -4.240951, 0.0
2133.0, -2.827849, 1.980963, 0.017642, 4.244329, -4.240951, 0.0
2133.0, -2.827849, 1.980963, 0.017642, 4.244329, -4.240951, 0.0
2149.0, -2.871847, 2.007932, 0.017271, 4.244329, -4.240951, 0.0
2166.0, -2.915425, 2.034999, 0.016941, 4.244329, -4.240951, 0.0
2166.0, -2.915425, 2.034999, 0.016941, 4.244329, -4.240951, 0.0
2182.0, -2.958564, 2.06215, 0.016651, 4.244329, -4.240951, 0.0
2182.0, -2.958564, 2.06215, 0.016651, 4.244329, -4.240951, 0.0
2199.0, -3.001251, 2.089378, 0.016401, 4.244329, -4.240951, 0.0
2215.0, -3.043476, 2.116674, 0.016187, 4.244329, -4.240951, 0.0
2215.0, -3.043476, 2.116674, 0.016187, 4.244329, -4.240951, 0.0
2234.0, -3.08523, 2.144032, 0.016008, 4.244329, -4.240951, 0.0
2234.0, -3.08523, 2.144032, 0.016008, 4.244329, -4.240951, 0.0
2248.0, -3.126499, 2.171433, 0.015858, 4.244329, -4.240951, 0.0
2266.0, -3.167286, 2.198867, 0.015736, 4.244329, -4.240951, 0.0
2266.0, -3.167286, 2.198867, 0.015736, 4.244329, -4.240951, 0.0
2283.0, -3.207587, 2.22632, 0.015638, 4.244329, -4.240951, 0.0
2283.0, -3.207587, 2.22632, 0.015638, 4.244329, -4.240951, 0.0
2298.0, -3.247402, 2.253781, 0.015561, 4.244329, -4.240951, 0.0
2315.0, -3.286728, 2.281239, 0.0155, 4.244329, -4.240951, 0.0
2315.0, -3.286728, 2.281239, 0.0155, 4.244329, -4.240951, 0.0
2333.0, -3.325564, 2.308686, 0.015452, 4.244329, -4.240951, 0.0
2333.0, -3.325564, 2.308686, 0.015452, 4.244329, -4.240951, 0.0
2348.0, -3.36391, 2.336108, 0.015413, 4.244329, -4.240951, 0.0
2365.0, -3.401765, 2.363491, 0.01538, 4.244329, -4.240951, 0.0
2365.0, -3.401765, 2.363491, 0.01538, 4.244329, -4.240951, 0.0
2382.0, -3.439131, 2.39082, 0.015351, 4.244329, -4.240951, 0.0
2382.0, -3.439131, 2.39082, 0.015351, 4.244329, -4.240951, 0.0
2398.0, -3.476008, 2.418086, 0.015324, 4.244329, -4.240951, 0.0
2416.0, -3.512397, 2.445278, 0.015295, 4.244329, -4.240951, 0.0
2416.0, -3.512397, 2.445278, 0.015295, 4.244329, -4.240951, 0.0
2434.0, -3.548298, 2.472388, 0.015265, 4.244329, -4.240951, 0.0
2434.0, -3.548298, 2.472388, 0.015265, 4.244329, -4.240951, 0.0
2449.0, -3.583714, 2.499405, 0.015232, 4.244329, -4.240951, 0.0
2466.0, -3.618645, 2.526317, 0.015196, 4.244329, -4.240951, 0.0
2466.0, -3.618645, 2.526317, 0.015196, 4.244329, -4.240951, 0.0
2483.0, -3.653095, 2.553116, 0.015156, 4.244329, -4.240951, 0.0
2483.0, -3.653095, 2.553116, 0.015156, 4.244329, -4.240951, 0.0
2498.0, -3.687064, 2.579792, 0.015111, 4.244329, -4.240951, 0.0
2515.0, -3.720566, 2.606346, 0.015061, 4.244329, -4.240951, 0.0
2515.0, -3.720566, 2.606346, 0.015061, 4.244329, -4.240951, 0.0
2533.0, -3.75358, 2.632755, 0.015006, 4.244329, -4.240951, 0.0
2533.0, -3.75358, 2.632755, 0.015006, 4.244329, -4.240951, 0.0
2548.0, -3.786119, 2.65902, 0.014946, 4.244329, -4.240951, 0.0
2565.0, -3.818184, 2.685133, 0.014881, 4.244329, -4.240951, 0.0
2565.0, -3.818184, 2.685133, 0.014881, 4.244329, -4.240951, 0.0
2582.0, -3.849779, 2.711087, 0.014811, 4.244329, -4.240951, 0.0
2582.0, -3.849779, 2.711087, 0.014811, 4.244329, -4.240951, 0.0
2599.0, -3.880906, 2.736875, 0.014736, 4.244329, -4.240951, 0.0
2615.0, -3.911565, 2.762492, 0.014657, 4.244329, -4.240951, 0.0
2615.0, -3.911565, 2.762492, 0.014657, 4.244329, -4.240951, 0.0
2633.0, -3.941758, 2.787934, 0.014573, 4.244329, -4.240951, 0.0
2633.0, -3.941758, 2.787934, 0.014573, 4.244329, -4.240951, 0.0
2649.0, -3.971488, 2.813196, 0.014484, 4.244329, -4.240951, 0.0
2666.0, -4.000755, 2.838272, 0.014392, 4.244329, -4.240951, 0.0
2666.0, -4.000755, 2.838272, 0.014392, 4.244329, -4.240951, 0.0
2683.0, -4.029563, 2.863156, 0.014295, 4.244329, -4.240951, 0.0
2683.0, -4.029563, 2.863156, 0.014295, 4.244329, -4.240951, 0.0
2699.0, -4.057913, 2.887845, 0.014195, 4.244329, -4.240951, 0.0
2716.0, -4.085805, 2.912335, 0.014092, 4.244329, -4.240951, 0.0
2716.0, -4.085805, 2.912335, 0.014092, 4.244329, -4.240951, 0.0
2732.0, -4.113242, 2.936623, 0.013984, 4.244329, -4.240951, 0.0
2732.0, -4.113242, 2.936623, 0.013984, 4.244329, -4.240951, 0.0
2748.0, -4.140225, 2.960705, 0.013873, 4.244329, -4.240951, 0.0
2764.0, -4.166756, 2.984577, 0.013759, 4.244329, -4.240951, 0.0
2764.0, -4.166756, 2.984577, 0.013759, 4.244329, -4.240951, 0.0
2782.0, -4.192835, 3.008235, 0.013643, 4.244329, -4.240951, 0.0
2782.0, -4.192835, 3.008235, 0.013643, 4.244329, -4.240951, 0.0
2798.0, -4.218465, 3.031676, 0.013523, 4.244329, -4.240951, 0.0
2816.0, -4.243647, 3.054899, 0.013401, 4.244329, -4.240951, 0.0
2816.0, -4.243647, 3.054899, 0.013401, 4.244329, -4.240951, 0.0
2833.0, -4.268382, 3.077899, 0.013276, 4.244329, -4.240951, 0.0
2833.0, -4.268382, 3.077899, 0.013276, 4.244329, -4.240951, 0.0
2848.0, -4.292675, 3.10068, 0.01315, 4.244329, -4.240951, 0.0
2867.0, -4.316525, 3.123235, 0.013021, 4.244329, -4.240951, 0.0
2867.0, -4.316525, 3.123235, 0.013021, 4.244329, -4.240951, 0.0
2883.0, -4.339931, 3.145561, 0.012889, 4.244329, -4.240951, 0.0
2883.0, -4.339931, 3.145561, 0.012889, 4.244329, -4.240951, 0.0
2899.0, -4.362895, 3.167653, 0.012754, 4.244329, -4.240951, 0.0
2916.0, -4.385417, 3.189511, 0.012617, 4.244329, -4.240951, 0.0
2916.0, -4.385417, 3.189511, 0.012617, 4.244329, -4.240951, 0.0
2934.0, -4.407496, 3.211133, 0.012476, 4.244329, -4.240951, 0.0
2934.0, -4.407496, 3.211133, 0.012476, 4.244329, -4.240951, 0.0
2948.0, -4.429132, 3.232513, 0.012332, 4.244329, -4.240951, 0.0
2966.0, -4.450329, 3.253651, 0.012186, 4.244329, -4.240951, 0.0
2966.0, -4.450329, 3.253651, 0.012186, 4.244329, -4.240951, 0.0
2981.0, -4.471088, 3.274548, 0.012039, 4.244329, -4.240951, 0.0
2981.0, -4.471088, 3.274548, 0.012039, 4.244329, -4.240951, 0.0
2998.0, -4.491411, 3.295201, 0.01189, 4.244329, -4.240951, 0.0
3015.0, -4.511299, 3.315611, 0.011741, 4.244329, -4.240951, 0.0
3015.0, -4.511299, 3.315611, 0.011741, 4.244329, -4.240951, 0.0
3033.0, -4.530752, 3.335775, 0.011591, 4.244329, -4.240951, 0.0
3033.0, -4.530752, 3.335775, 0.011591, 4.244329, -4.240951, 0.0
3048.0, -4.549771, 3.355693, 0.011439, 4.244329, -4.240951, 0.0
3065.0, -4.568358, 3.375362, 0.011285, 4.244329, -4.240951, 0.0
3065.0, -4.568358, 3.375362, 0.011285, 4.244329, -4.240951, 0.0
3082.0, -4.586512, 3.394782, 0.01113, 4.244329, -4.240951, 0.0
3082.0, -4.586512, 3.394782, 0.01113, 4.244329, -4.240951, 0.0
3098.0, -4.604235, 3.413951, 0.010973, 4.244329, -4.240951, 0.0
3116.0, -4.621526, 3.432868, 0.010814, 4.244329, -4.240951, 0.0
3116.0, -4.621526, 3.432868, 0.010814, 4.244329, -4.240951, 0.0
3133.0, -4.638402, 3.451548, 0.010654, 4.244329, -4.240951, 0.0
3133.0, -4.638402, 3.451548, 0.010654, 4.244329, -4.240951, 0.0
3148.0, -4.654832, 3.469959, 0.010492, 4.244329, -4.240951, 0.0
3166.0, -4.670833, 3.488114, 0.010328, 4.244329, -4.240951, 0.0
3166.0, -4.670833, 3.488114, 0.010328, 4.244329, -4.240951, 0.0
3182.0, -4.686405, 3.506014, 0.010162, 4.244329, -4.240951, 0.0
3182.0, -4.686405, 3.506014, 0.010162, 4.244329, -4.240951, 0.0
3199.0, -4.701548, 3.523657, 0.009995, 4.244329, -4.240951, 0.0
3216.0, -4.716262, 3.541043, 0.009826, 4.244329, -4.240951, 0.0
3216.0, -4.716262, 3.541043, 0.009826, 4.244329, -4.240951, 0.0
3234.0, -4.730549, 3.558171, 0.009655, 4.244329, -4.240951, 0.0
3234.0, -4.730549, 3.558171, 0.009655, 4.244329, -4.240951, 0.0
3248.0, -4.744409, 3.575041, 0.009483, 4.244329, -4.240951, 0.0
3265.0, -4.757841, 3.591652, 0.009309, 4.244329, -4.240951, 0.0
3265.0, -4.757841, 3.591652, 0.009309, 4.244329, -4.240951, 0.0
3281.0, -4.770847, 3.608004, 0.009133, 4.244329, -4.240951, 0.0
3281.0, -4.770847, 3.608004, 0.009133, 4.244329, -4.240951, 0.0
3298.0, -4.783426, 3.624095, 0.008956, 4.244329, -4.240951, 0.0
3315.0, -4.795578, 3.639926, 0.008777, 4.244329, -4.240951, 0.0
3315.0, -4.795578, 3.639926, 0.008777, 4.244329, -4.240951, 0.0
3333.0, -4.807305, 3.655497, 0.008597, 4.244329, -4.240951, 0.0
3333.0, -4.807305, 3.655497, 0.008597, 4.244329, -4.240951, 0.0
3348.0, -4.818606, 3.670806, 0.008414, 4.244329, -4.240951, 0.0
3366.0, -4.829482, 3.685854, 0.008231, 4.244329, -4.240951, 0.0
3366.0, -4.829482, 3.685854, 0.008231, 4.244329, -4.240951, 0.0
3382.0, -4.839932, 3.70064, 0.008045, 4.244329, -4.240951, 0.0
3382.0, -4.839932, 3.70064, 0.008045, 4.244329, -4.240951, 0.0
3398.0, -4.849957, 3.715164, 0.007857, 4.244329, -4.240951, 0.0
3416.0, -4.859558, 3.729427, 0.007668, 4.244329, -4.240951, 0.0
3416.0, -4.859558, 3.729427, 0.007668, 4.244329, -4.240951, 0.0
3434.0, -4.868733, 3.743427, 0.007477, 4.244329, -4.240951, 0.0
3434.0, -4.868733, 3.743427, 0.007477, 4.244329, -4.240951, 0.0
3448.0, -4.877483, 3.757166, 0.007284, 4.244329, -4.240951, 0.0
3466.0, -4.885809, 3.770642, 0.007089, 4.244329, -4.240951, 0.0
3466.0, -4.885809, 3.770642, 0.007089, 4.244329, -4.240951, 0.0
3482.0, -4.893711, 3.783856, 0.006892, 4.244329, -4.240951, 0.0
3482.0, -4.893711, 3.783856, 0.006892, 4.244329, -4.240951, 0.0
3498.0, -4.901188, 3.796808, 0.006694, 4.244329, -4.240951, 0.0
3516.0, -4.90824, 3.809498, 0.006493, 4.244329, -4.240951, 0.0
3516.0, -4.90824, 3.809498, 0.006493, 4.244329, -4.240951, 0.0
3533.0, -4.914869, 3.821926, 0.00629, 4.244329, -4.240951, 0.0
3533.0, -4.914869, 3.821926, 0.00629, 4.244329, -4.240951, 0.0
3548.0, -4.921073, 3.834092, 0.006086, 4.244329, -4.240951, 0.0
3566.0, -4.926853, 3.845997, 0.00588, 4.244329, -4.240951, 0.0
3566.0, -4.926853, 3.845997, 0.00588, 4.244329, -4.240951, 0.0
3583.0, -4.932209, 3.857641, 0.005672, 4.244329, -4.240951, 0.0
3583.0, -4.932209, 3.857641, 0.005672, 4.244329, -4.240951, 0.0
3599.0, -4.937141, 3.869023, 0.005462, 4.244329, -4.240951, 0.0
3616.0, -4.94165, 3.880146, 0.005251, 4.244329, -4.240951, 0.0
3616.0, -4.94165, 3.880146, 0.005251, 4.244329, -4.240951, 0.0
3632.0, -4.945735, 3.891007, 0.005038, 4.244329, -4.240951, 0.0
3632.0, -4.945735, 3.891007, 0.005038, 4.244329, -4.240951, 0.0
3648.0, -4.949396, 3.90161, 0.004825, 4.244329, -4.240951, 0.0
3665.0, -4.952633, 3.911953, 0.004612, 4.244329, -4.240951, 0.0
3665.0, -4.952633, 3.911953, 0.004612, 4.244329, -4.240951, 0.0
3682.0, -4.955446, 3.922038, 0.004399, 4.244329, -4.240951, 0.0
3682.0, -4.955446, 3.922038, 0.004399, 4.244329, -4.240951, 0.0
3698.0, -4.957837, 3.931865, 0.004187, 4.244329, -4.240951, 0.0
3715.0, -4.959804, 3.941435, 0.003977, 4.244329, -4.240951, 0.0
3715.0, -4.959804, 3.941435, 0.003977, 4.244329, -4.240951, 0.0
3733.0, -4.961347, 3.950749, 0.00377, 4.244329, -4.240951, 0.0
3733.0, -4.961347, 3.950749, 0.00377, 4.244329, -4.240951, 0.0
3749.0, -4.962468, 3.95981, 0.003567, 4.244329, -4.240951, 0.0
3765.0, -4.963165, 3.968617, 0.003369, 4.244329, -4.240951, 0.0
3765.0, -4.963165, 3.968617, 0.003369, 4.244329, -4.240951, 0.0
3782.0, -4.963438, 3.977173, 0.003178, 4.244329, -4.240951, 0.0
3782.0, -4.963438, 3.977173, 0.003178, 4.244329, -4.240951, 0.0
3799.0, -4.963288, 3.985479, 0.002995, 4.244329, -4.240951, 0.0
3816.0, -4.962713, 3.993533, 0.002822, 4.244329, -4.240951, 0.0
3816.0, -4.962713, 3.993533, 0.002822, 4.244329, -4.240951, 0.0
3834.0, -4.961714, 4.001338, 0.002658, 4.244329, -4.240951, 0.0
3834.0, -4.961714, 4.001338, 0.002658, 4.244329, -4.240951, 0.0
3849.0, -4.960289, 4.008896, 0.002505, 4.244329, -4.240951, 0.0
3866.0, -4.958439, 4.016208, 0.002362, 4.244329, -4.240951, 0.0
3866.0, -4.958439, 4.016208, 0.002362, 4.244329, -4.240951, 0.0
3882.0, -4.956161, 4.023278, 0.002227, 4.244329, -4.240951, 0.0
3882.0, -4.956161, 4.023278, 0.002227, 4.244329, -4.240951, 0.0
3898.0, -4.953454, 4.030106, 0.002099, 4.244329, -4.240951, 0.0
3915.0, -4.950316, 4.036695, 0.001976, 4.244329, -4.240951, 0.0
3915.0, -4.950316, 4.036695, 0.001976, 4.244329, -4.240951, 0.0
3933.0, -4.946746, 4.043045, 0.001852, 4.244329, -4.240951, 0.0
3933.0, -4.946746, 4.043045, 0.001852, 4.244329, -4.240951, 0.0
3948.0, -4.942742, 4.049157, 0.001726, 4.244329, -4.240951, 0.0
3965.0, -4.938302, 4.055034, 0.001592, 4.244329, -4.240951, 0.0
3965.0, -4.938302, 4.055034, 0.001592, 4.244329, -4.240951, 0.0
3982.0, -4.933423, 4.060675, 0.001447, 4.244329, -4.240951, 0.0
3982.0, -4.933423, 4.060675, 0.001447, 4.244329, -4.240951, 0.0
3999.0, -4.928103, 4.066082, 0.001287, 4.244329, -4.240951, 0.0
4016.0, -4.92234, 4.071255, 0.001112, 4.244329, -4.240951, 0.0
4016.0, -4.92234, 4.071255, 0.001112, 4.244329, -4.240951, 0.0
4034.0, -4.916134, 4.076193, 0.000918, 4.244329, -4.240951, 0.0
4034.0, -4.916134, 4.076193, 0.000918, 4.244329, -4.240951, 0.0
4049.0, -4.909482, 4.080898, 0.000706, 4.244329, -4.240951, 0.0
4066.0, -4.902381, 4.085372, 0.000476, 4.244329, -4.240951, 0.0
4066.0, -4.902381, 4.085372, 0.000476, 4.244329, -4.240951, 0.0
4082.0, -4.894829, 4.089617, 0.000229, 4.244329, -4.240951, 0.0
4082.0, -4.894829, 4.089617, 0.000229, 4.244329, -4.240951, 0.0
4098.0, -4.886826, 4.093634, -0.000032, 4.244329, -4.240951, 0.0
4115.0, -4.87837, 4.097424, -0.000306, 4.244329, -4.240951, 0.0
4115.0, -4.87837, 4.097424, -0.000306, 4.244329, -4.240951, 0.0
4133.0, -4.869459, 4.100987, -0.000589, 4.244329, -4.240951, 0.0
4133.0, -4.869459, 4.100987, -0.000589, 4.244329, -4.240951, 0.0
4148.0, -4.860093, 4.10433, -0.000879, 4.244329, -4.240951, 0.0
4167.0, -4.850267, 4.107454, -0.001173, 4.244329, -4.240951, 0.0
4167.0, -4.850267, 4.107454, -0.001173, 4.244329, -4.240951, 0.0
4183.0, -4.839982, 4.110367, -0.001468, 4.244329, -4.240951, 0.0
4183.0, -4.839982, 4.110367, -0.001468, 4.244329, -4.240951, 0.0
4198.0, -4.829233, 4.113072, -0.001761, 4.244329, -4.240951, 0.0
4216.0, -4.818021, 4.115571, -0.00205, 4.244329, -4.240951, 0.0
4216.0, -4.818021, 4.115571, -0.00205, 4.244329, -4.240951, 0.0
4234.0, -4.806345, 4.11787, -0.002333, 4.244329, -4.240951, 0.0
4234.0, -4.806345, 4.11787, -0.002333, 4.244329, -4.240951, 0.0
4249.0, -4.7942, 4.119977, -0.002609, 4.244329, -4.240951, 0.0
4266.0, -4.781585, 4.121905, -0.002875, 4.244329, -4.240951, 0.0
4266.0, -4.781585, 4.121905, -0.002875, 4.244329, -4.240951, 0.0
4281.0, -4.768495, 4.123663, -0.003132, 4.244329, -4.240951, 0.0
4281.0, -4.768495, 4.123663, -0.003132, 4.244329, -4.240951, 0.0
4298.0, -4.754927, 4.125264, -0.003378, 4.244329, -4.240951, 0.0
4314.0, -4.74088, 4.126714, -0.003611, 4.244329, -4.240951, 0.0
4314.0, -4.74088, 4.126714, -0.003611, 4.244329, -4.240951, 0.0
4333.0, -4.726351, 4.12802, -0.003831, 4.244329, -4.240951, 0.0
4333.0, -4.726351, 4.12802, -0.003831, 4.244329, -4.240951, 0.0
4348.0, -4.711441, 4.129201, -0.003997, 4.244329, -4.240951, 0.0
4365.0, -4.696275, 4.130273, -0.00407, 4.244329, -4.240951, 0.0
4365.0, -4.696275, 4.130273, -0.00407, 4.244329, -4.240951, 0.0
4382.0, -4.680979, 4.131253, -0.004031, 4.244329, -4.240951, 0.0
4382.0, -4.680979, 4.131253, -0.004031, 4.244329, -4.240951, 0.0
4398.0, -4.665665, 4.132155, -0.003877, 4.244329, -4.240951, 0.0
4414.0, -4.650428, 4.132993, -0.003618, 4.244329, -4.240951, 0.0
4414.0, -4.650428, 4.132993, -0.003618, 4.244329, -4.240951, 0.0
4433.0, -4.635348, 4.133775, -0.003273, 4.244329, -4.240951, 0.0
4433.0, -4.635348, 4.133775, -0.003273, 4.244329, -4.240951, 0.0
4448.0, -4.620488, 4.13451, -0.002864, 4.244329, -4.240951, 0.0
4465.0, -4.605905, 4.135201, -0.002413, 4.244329, -4.240951, 0.0
4465.0, -4.605905, 4.135201, -0.002413, 4.244329, -4.240951, 0.0
4482.0, -4.591642, 4.135854, -0.001942, 4.244329, -4.240951, 0.0
4482.0, -4.591642, 4.135854, -0.001942, 4.244329, -4.240951, 0.0
4498.0, -4.577718, 4.136472, -0.001467, 4.244329, -4.240951, 0.0
4515.0, -4.564197, 4.137058, -0.001006, 4.244329, -4.240951, 0.0
4515.0, -4.564197, 4.137058, -0.001006, 4.244329, -4.240951, 0.0
4532.0, -4.551084, 4.137614, -0.00057, 4.244329, -4.240951, 0.0
4532.0, -4.551084, 4.137614, -0.00057, 4.244329, -4.240951, 0.0
4548.0, -4.538402, 4.138147, -0.000164, 4.244329, -4.240951, 0.0
4565.0, -4.526162, 4.13866, 0.000203, 4.244329, -4.240951, 0.0
4565.0, -4.526162, 4.13866, 0.000203, 4.244329, -4.240951, 0.0
4582.0, -4.514374, 4.139161, 0.00053, 4.244329, -4.240951, 0.0
4582.0, -4.514374, 4.139161, 0.00053, 4.244329, -4.240951, 0.0
4599.0, -4.503047, 4.139652, 0.000816, 4.244329, -4.240951, 0.0
4616.0, -4.492188, 4.140138, 0.001063, 4.244329, -4.240951, 0.0
4616.0, -4.492188, 4.140138, 0.001063, 4.244329, -4.240951, 0.0
4633.0, -4.481804, 4.140621, 0.001273, 4.244329, -4.240951, 0.0
4633.0, -4.481804, 4.140621, 0.001273, 4.244329, -4.240951, 0.0
4648.0, -4.471896, 4.141106, 0.001449, 4.244329, -4.240951, 0.0
