2.0, 0.0, 0.0, 0.002231, 1.847529, -0.765923, 0.0
2.0, 0.0, 0.0, 0.002231, 1.847529, -0.765923, 0.0
18.0, -0.000052, -0.000241, -0.004079, 1.847529, -0.765923, 0.0
18.0, -0.000052, -0.000241, -0.004079, 1.847529, -0.765923, 0.0
34.0, -0.000006, -0.000301, -0.009555, 1.847529, -0.765923, 0.0
52.0, 0.000237, -0.000084, -0.012367, 1.847529, -0.765923, 0.0
52.0, 0.000237, -0.000084, -0.012367, 1.847529, -0.765923, 0.0
67.0, 0.000648, 0.000321, -0.013579, 1.847529, -0.765923, 0.0
67.0, 0.000648, 0.000321, -0.013579, 1.847529, -0.765923, 0.0
83.0, 0.001153, 0.000782, -0.013591, 1.847529, -0.765923, 0.0
102.0, 0.001667, 0.001162, -0.012737, 1.847529, -0.765923, 0.0
102.0, 0.001667, 0.001162, -0.012737, 1.847529, -0.765923, 0.0
116.0, 0.002107, 0.001334, -0.011292, 1.847529, -0.765923, 0.0
116.0, 0.002107, 0.001334, -0.011292, 1.847529, -0.765923, 0.0
134.0, 0.002263, 0.001237, -0.010971, 1.847529, -0.765923, 0.0
152.0, 0.002256, 0.001003, -0.010693, 1.847529, -0.765923, 0.0
152.0, 0.002256, 0.001003, -0.010693, 1.847529, -0.765923, 0.0
167.0, 0.002108, 0.000751, -0.009524, 1.847529, -0.765923, 0.0
167.0, 0.002108, 0.000751, -0.009524, 1.847529, -0.765923, 0.0
183.0, 0.00182, 0.000466, -0.007803, 1.847529, -0.765923, 0.0
200.0, 0.001504, 0.000247, -0.006018, 1.847529, -0.765923, 0.0
200.0, 0.001504, 0.000247, -0.006018, 1.847529, -0.765923, 0.0
217.0, 0.001351, -0.000173, -0.005171, 1.847529, -0.765923, 0.0
217.0, 0.001351, -0.000173, -0.005171, 1.847529, -0.765923, 0.0
236.0, 0.001264, 0.000023, -0.004503, 1.847529, -0.765923, 0.0
252.0, 0.001249, 0.00028, -0.003467, 1.847529, -0.765923, 0.0
252.0, 0.001249, 0.00028, -0.003467, 1.847529, -0.765923, 0.0
267.0, 0.001418, 0.000581, -0.002755, 1.847927, -0.26592, 0.0
267.0, 0.001418, 0.000581, -0.002755, 1.847927, -0.26592, 0.0
284.0, 0.001851, 0.000957, -0.002326, 1.847927, -0.26592, 0.0
301.0, 0.002611, 0.001405, -0.002082, 1.847927, -0.26592, 0.0
301.0, 0.002611, 0.001405, -0.002082, 1.847927, -0.26592, 0.0
320.0, 0.003804, 0.00197, -0.002033, 1.847927, -0.26592, 0.0
320.0, 0.003804, 0.00197, -0.002033, 1.847927, -0.26592, 0.0
337.0, 0.005372, 0.00258, -0.002094, 1.847927, -0.26592, 0.0
337.0, 0.005372, 0.00258, -0.002094, 1.847927, -0.26592, 0.0
351.0, 0.007712, 0.003363, -0.002391, 1.847927, -0.26592, 0.0
368.0, 0.01065, 0.004232, -0.002699, 1.847927, -0.26592, 0.0
368.0, 0.01065, 0.004232, -0.002699, 1.847927, -0.26592, 0.0
384.0, 0.014121, 0.005159, -0.003039, 1.847927, -0.26592, 0.0
384.0, 0.014121, 0.005159, -0.003039, 1.847927, -0.26592, 0.0
401.0, 0.018087, 0.006122, -0.003313, 1.847927, -0.26592, 0.0
418.0, 0.022546, 0.007125, -0.003585, 1.847927, -0.26592, 0.0
418.0, 0.022546, 0.007125, -0.003585, 1.847927, -0.26592, 0.0
436.0, 0.027485, 0.008163, -0.003781, 1.847927, -0.26592, 0.0
436.0, 0.027485, 0.008163, -0.003781, 1.847927, -0.26592, 0.0
451.0, 0.03232, 0.009128, -0.00378, 1.847927, -0.26592, 0.0
468.0, 0.037427, 0.010098, -0.003751, 1.847927, -0.26592, 0.0
468.0, 0.037427, 0.010098, -0.003751, 1.847927, -0.26592, 0.0
485.0, 0.042981, 0.011113, -0.003824, 1.847927, -0.26592, 0.0
485.0, 0.042981, 0.011113, -0.003824, 1.847927, -0.26592, 0.0
501.0, 0.04904, 0.012185, -0.003927, 1.8483, 0.20277, 0.0
518.0, 0.05564, 0.013324, -0.004108, 1.8483, 0.20277, 0.0
518.0, 0.05564, 0.013324, -0.004108, 1.8483, 0.20277, 0.0
536.0, 0.062776, 0.014528, -0.004277, 1.8483, 0.20277, 0.0
536.0, 0.062776, 0.014528, -0.004277, 1.8483, 0.20277, 0.0
551.0, 0.070457, 0.015801, -0.004484, 1.8483, 0.20277, 0.0
567.0, 0.078666, 0.017139, -0.004644, 1.8483, 0.20277, 0.0
567.0, 0.078666, 0.017139, -0.004644, 1.8483, 0.20277, 0.0
584.0, 0.087638, 0.01858, -0.004822, 1.8483, 0.20277, 0.0
584.0, 0.087638, 0.01858, -0.004822, 1.8483, 0.20277, 0.0
601.0, 0.096908, 0.02005, -0.004943, 1.8483, 0.20277, 0.0
623.0, 0.106708, 0.021586, -0.005071, 1.8483, 0.20277, 0.0
623.0, 0.106708, 0.021586, -0.005071, 1.8483, 0.20277, 0.0
636.0, 0.11702, 0.023184, -0.005136, 1.8483, 0.20277, 0.0
636.0, 0.11702, 0.023184, -0.005136, 1.8483, 0.20277, 0.0
651.0, 0.127817, 0.024841, -0.005196, 1.8483, 0.20277, 0.0
668.0, 0.139106, 0.026556, -0.005201, 1.8483, 0.20277, 0.0
668.0, 0.139106, 0.026556, -0.005201, 1.8483, 0.20277, 0.0
686.0, 0.150905, 0.028333, -0.005224, 1.8483, 0.20277, 0.0
686.0, 0.150905, 0.028333, -0.005224, 1.8483, 0.20277, 0.0
701.0, 0.163205, 0.03017, -0.005203, 1.8483, 0.20277, 0.0
720.0, 0.176015, 0.032068, -0.005205, 1.8483, 0.20277, 0.0
720.0, 0.176015, 0.032068, -0.005205, 1.8483, 0.20277, 0.0
736.0, 0.189326, 0.034025, -0.005168, 1.8483, 0.20277, 0.0
736.0, 0.189326, 0.034025, -0.005168, 1.8483, 0.20277, 0.0
751.0, 0.203184, 0.036049, -0.005171, 1.848699, 0.703669, 0.0
770.0, 0.217552, 0.038133, -0.005135, 1.848699, 0.703669, 0.0
770.0, 0.217552, 0.038133, -0.005135, 1.848699, 0.703669, 0.0
786.0, 0.232427, 0.040277, -0.005121, 1.848699, 0.703669, 0.0
786.0, 0.232427, 0.040277, -0.005121, 1.848699, 0.703669, 0.0
802.0, 0.247794, 0.042478, -0.005066, 1.848699, 0.703669, 0.0
818.0, 0.26366, 0.044738, -0.005036, 1.848699, 0.703669, 0.0
818.0, 0.26366, 0.044738, -0.005036, 1.848699, 0.703669, 0.0
835.0, 0.280015, 0.047055, -0.004971, 1.848699, 0.703669, 0.0
835.0, 0.280015, 0.047055, -0.004971, 1.848699, 0.703669, 0.0
851.0, 0.296871, 0.04943, -0.004937, 1.848699, 0.703669, 0.0
868.0, 0.314216, 0.051861, -0.00487, 1.848699, 0.703669, 0.0
868.0, 0.314216, 0.051861, -0.00487, 1.848699, 0.703669, 0.0
884.0, 0.332062, 0.054351, -0.004837, 1.848699, 0.703669, 0.0
884.0, 0.332062, 0.054351, -0.004837, 1.848699, 0.703669, 0.0
900.0, 0.350397, 0.056897, -0.004773, 1.848699, 0.703669, 0.0
918.0, 0.369232, 0.059501, -0.004743, 1.848699, 0.703669, 0.0
918.0, 0.369232, 0.059501, -0.004743, 1.848699, 0.703669, 0.0
936.0, 0.388557, 0.062161, -0.004683, 1.848699, 0.703669, 0.0
936.0, 0.388557, 0.062161, -0.004683, 1.848699, 0.703669, 0.0
951.0, 0.408381, 0.064879, -0.004657, 1.848699, 0.703669, 0.0
969.0, 0.428694, 0.067653, -0.004601, 1.848699, 0.703669, 0.0
969.0, 0.428694, 0.067653, -0.004601, 1.848699, 0.703669, 0.0
985.0, 0.449509, 0.070486, -0.00458, 1.848699, 0.703669, 0.0
985.0, 0.449509, 0.070486, -0.00458, 1.848699, 0.703669, 0.0
1002.0, 0.470815, 0.073374, -0.004527, 1.849097, 1.203673, 0.0
1019.0, 0.492623, 0.07632, -0.004509, 1.849097, 1.203673, 0.0
1019.0, 0.492623, 0.07632, -0.004509, 1.849097, 1.203673, 0.0
1037.0, 0.514922, 0.079323, -0.00446, 1.849097, 1.203673, 0.0
1037.0, 0.514922, 0.079323, -0.00446, 1.849097, 1.203673, 0.0
1051.0, 0.537723, 0.082384, -0.004444, 1.849097, 1.203673, 0.0
1068.0, 0.561015, 0.0855, -0.004396, 1.849097, 1.203673, 0.0
1068.0, 0.561015, 0.0855, -0.004396, 1.849097, 1.203673, 0.0
1084.0, 0.584809, 0.088674, -0.004382, 1.849097, 1.203673, 0.0
1084.0, 0.584809, 0.088674, -0.004382, 1.849097, 1.203673, 0.0
1101.0, 0.609095, 0.091905, -0.004335, 1.849097, 1.203673, 0.0
1118.0, 0.633883, 0.095192, -0.00432, 1.849097, 1.203673, 0.0
1118.0, 0.633883, 0.095192, -0.00432, 1.849097, 1.203673, 0.0
1135.0, 0.659163, 0.098536, -0.004273, 1.849097, 1.203673, 0.0
1135.0, 0.659163, 0.098536, -0.004273, 1.849097, 1.203673, 0.0
1151.0, 0.684947, 0.101937, -0.004259, 1.849097, 1.203673, 0.0
1168.0, 0.711223, 0.105395, -0.004213, 1.849097, 1.203673, 0.0
1168.0, 0.711223, 0.105395, -0.004213, 1.849097, 1.203673, 0.0
1185.0, 0.738002, 0.108909, -0.004199, 1.849097, 1.203673, 0.0
1185.0, 0.738002, 0.108909, -0.004199, 1.849097, 1.203673, 0.0
1200.0, 0.765272, 0.112479, -0.004151, 1.849097, 1.203673, 0.0
1219.0, 0.793046, 0.116107, -0.004136, 1.849097, 1.203673, 0.0
1219.0, 0.793046, 0.116107, -0.004136, 1.849097, 1.203673, 0.0
1236.0, 0.821309, 0.11979, -0.004088, 1.849097, 1.203673, 0.0
1236.0, 0.821309, 0.11979, -0.004088, 1.849097, 1.203673, 0.0
1250.0, 0.850071, 0.123529, -0.004071, 1.849495, 1.703681, 0.0
1269.0, 0.879323, 0.127324, -0.004022, 1.849495, 1.703681, 0.0
1269.0, 0.879323, 0.127324, -0.004022, 1.849495, 1.703681, 0.0
1285.0, 0.909077, 0.131175, -0.004005, 1.849495, 1.703681, 0.0
1285.0, 0.909077, 0.131175, -0.004005, 1.849495, 1.703681, 0.0
1300.0, 0.939323, 0.135082, -0.003956, 1.849495, 1.703681, 0.0
1319.0, 0.970071, 0.139046, -0.003941, 1.849495, 1.703681, 0.0
1319.0, 0.970071, 0.139046, -0.003941, 1.849495, 1.703681, 0.0
1337.0, 1.001311, 0.143066, -0.003893, 1.849495, 1.703681, 0.0
1337.0, 1.001311, 0.143066, -0.003893, 1.849495, 1.703681, 0.0
1351.0, 1.033054, 0.147142, -0.003877, 1.849495, 1.703681, 0.0
1369.0, 1.065318, 0.151278, -0.003829, 1.849495, 1.703681, 0.0
1369.0, 1.065318, 0.151278, -0.003829, 1.849495, 1.703681, 0.0
1385.0, 1.098055, 0.155466, -0.003814, 1.849495, 1.703681, 0.0
1385.0, 1.098055, 0.155466, -0.003814, 1.849495, 1.703681, 0.0
1401.0, 1.131284, 0.15971, -0.003767, 1.849495, 1.703681, 0.0
1418.0, 1.165015, 0.16401, -0.003751, 1.849495, 1.703681, 0.0
1418.0, 1.165015, 0.16401, -0.003751, 1.849495, 1.703681, 0.0
1438.0, 1.199238, 0.168366, -0.003703, 1.849495, 1.703681, 0.0
1438.0, 1.199238, 0.168366, -0.003703, 1.849495, 1.703681, 0.0
1454.0, 1.23396, 0.172777, -0.003686, 1.849495, 1.703681, 0.0
1468.0, 1.269172, 0.177244, -0.003637, 1.849495, 1.703681, 0.0
1468.0, 1.269172, 0.177244, -0.003637, 1.849495, 1.703681, 0.0
1483.0, 1.304887, 0.181766, -0.00362, 1.849495, 1.703681, 0.0
1483.0, 1.304887, 0.181766, -0.00362, 1.849495, 1.703681, 0.0
1502.0, 1.342102, 0.18647, -0.00357, 1.849893, 2.203716, 0.0
1520.0, 1.37882, 0.191104, -0.003562, 1.849893, 2.203716, 0.0
1520.0, 1.37882, 0.191104, -0.003562, 1.849893, 2.203716, 0.0
1537.0, 1.416037, 0.195793, -0.003522, 1.849893, 2.203716, 0.0
1537.0, 1.416037, 0.195793, -0.003522, 1.849893, 2.203716, 0.0
1551.0, 1.453653, 0.200525, -0.00347, 1.849893, 2.203716, 0.0
1568.0, 1.491733, 0.205307, -0.003389, 1.849893, 2.203716, 0.0
1568.0, 1.491733, 0.205307, -0.003389, 1.849893, 2.203716, 0.0
1586.0, 1.530316, 0.210143, -0.003356, 1.849893, 2.203716, 0.0
1586.0, 1.530316, 0.210143, -0.003356, 1.849893, 2.203716, 0.0
1603.0, 1.569403, 0.215034, -0.003307, 1.849893, 2.203716, 0.0
1619.0, 1.609007, 0.219981, -0.003301, 1.849893, 2.203716, 0.0
1619.0, 1.609007, 0.219981, -0.003301, 1.849893, 2.203716, 0.0
1640.0, 1.649118, 0.224985, -0.003271, 1.849893, 2.203716, 0.0
1640.0, 1.649118, 0.224985, -0.003271, 1.849893, 2.203716, 0.0
1651.0, 1.689866, 0.23006, -0.003325, 1.849893, 2.203716, 0.0
1669.0, 1.731151, 0.235197, -0.00334, 1.849893, 2.203716, 0.0
1669.0, 1.731151, 0.235197, -0.00334, 1.849893, 2.203716, 0.0
1685.0, 1.772946, 0.24039, -0.003365, 1.849893, 2.203716, 0.0
1685.0, 1.772946, 0.24039, -0.003365, 1.849893, 2.203716, 0.0
1701.0, 1.815228, 0.245637, -0.003336, 1.849893, 2.203716, 0.0
1718.0, 1.858199, 0.250961, -0.003319, 1.849893, 2.203716, 0.0
1718.0, 1.858199, 0.250961, -0.003319, 1.849893, 2.203716, 0.0
1736.0, 1.901452, 0.256311, -0.00326, 1.849893, 2.203716, 0.0
1736.0, 1.901452, 0.256311, -0.00326, 1.849893, 2.203716, 0.0
1752.0, 1.945071, 0.261697, -0.003174, 1.850293, 2.704811, 0.0
1768.0, 1.988936, 0.267106, -0.002977, 1.850293, 2.704811, 0.0
1768.0, 1.988936, 0.267106, -0.002977, 1.850293, 2.704811, 0.0
1785.0, 2.032938, 0.272521, -0.002721, 1.850293, 2.704811, 0.0
1785.0, 2.032938, 0.272521, -0.002721, 1.850293, 2.704811, 0.0
1803.0, 2.077076, 0.277943, -0.00234, 1.850293, 2.704811, 0.0
1819.0, 2.121032, 0.283331, -0.001912, 1.850293, 2.704811, 0.0
1819.0, 2.121032, 0.283331, -0.001912, 1.850293, 2.704811, 0.0
1837.0, 2.164832, 0.288687, -0.00139, 1.850293, 2.704811, 0.0
1837.0, 2.164832, 0.288687, -0.00139, 1.850293, 2.704811, 0.0
1852.0, 2.20843, 0.294006, -0.000862, 1.850293, 2.704811, 0.0
1869.0, 2.251755, 0.299282, -0.000282, 1.850293, 2.704811, 0.0
1869.0, 2.251755, 0.299282, -0.000282, 1.850293, 2.704811, 0.0
1886.0, 2.29477, 0.304511, 0.000267, 1.850293, 2.704811, 0.0
1886.0, 2.29477, 0.304511, 0.000267, 1.850293, 2.704811, 0.0
1903.0, 2.337428, 0.309691, 0.000834, 1.850293, 2.704811, 0.0
1918.0, 2.379711, 0.314822, 0.00134, 1.850293, 2.704811, 0.0
1918.0, 2.379711, 0.314822, 0.00134, 1.850293, 2.704811, 0.0
1937.0, 2.421585, 0.319904, 0.00184, 1.850293, 2.704811, 0.0
1937.0, 2.421585, 0.319904, 0.00184, 1.850293, 2.704811, 0.0
1951.0, 2.463057, 0.324941, 0.002256, 1.850293, 2.704811, 0.0
1970.0, 2.50409, 0.329932, 0.002658, 1.850293, 2.704811, 0.0
1970.0, 2.50409, 0.329932, 0.002658, 1.850293, 2.704811, 0.0
1985.0, 2.544678, 0.334878, 0.00298, 1.850293, 2.704811, 0.0
1985.0, 2.544678, 0.334878, 0.00298, 1.850293, 2.704811, 0.0
2001.0, 2.5848, 0.33978, 0.003289, 1.850691, 3.204903, 0.0
2019.0, 2.624457, 0.344639, 0.003522, 1.850691, 3.204903, 0.0
2019.0, 2.624457, 0.344639, 0.003522, 1.850691, 3.204903, 0.0
2036.0, 2.663634, 0.349454, 0.003745, 1.850691, 3.204903, 0.0
2036.0, 2.663634, 0.349454, 0.003745, 1.850691, 3.204903, 0.0
2051.0, 2.702332, 0.354228, 0.0039, 1.850691, 3.204903, 0.0
2069.0, 2.740541, 0.358958, 0.004052, 1.850691, 3.204903, 0.0
2069.0, 2.740541, 0.358958, 0.004052, 1.850691, 3.204903, 0.0
2087.0, 2.77827, 0.363646, 0.004142, 1.850691, 3.204903, 0.0
2087.0, 2.77827, 0.363646, 0.004142, 1.850691, 3.204903, 0.0
2101.0, 2.815505, 0.368292, 0.004236, 1.850691, 3.204903, 0.0
2120.0, 2.852256, 0.372895, 0.004276, 1.850691, 3.204903, 0.0
2120.0, 2.852256, 0.372895, 0.004276, 1.850691, 3.204903, 0.0
2137.0, 2.88851, 0.377454, 0.004328, 1.850691, 3.204903, 0.0
2137.0, 2.88851, 0.377454, 0.004328, 1.850691, 3.204903, 0.0
2153.0, 2.924279, 0.381969, 0.004333, 1.850691, 3.204903, 0.0
2169.0, 2.959566, 0.386441, 0.004358, 1.850691, 3.204903, 0.0
2169.0, 2.959566, 0.386441, 0.004358, 1.850691, 3.204903, 0.0
2187.0, 2.994347, 0.390866, 0.00434, 1.850691, 3.204903, 0.0
2188.0, 2.994347, 0.390866, 0.00434, 1.850691, 3.204903, 0.0
2202.0, 3.028629, 0.395244, 0.004347, 1.850691, 3.204903, 0.0
2218.0, 3.062421, 0.399575, 0.004315, 1.850691, 3.204903, 0.0
2218.0, 3.062421, 0.399575, 0.004315, 1.850691, 3.204903, 0.0
2237.0, 3.095712, 0.403858, 0.004311, 1.850691, 3.204903, 0.0
2237.0, 3.095712, 0.403858, 0.004311, 1.850691, 3.204903, 0.0
2254.0, 3.128615, 0.408104, 0.00423, 1.851089, 3.704925, 0.0
2269.0, 3.161246, 0.412326, 0.004103, 1.851089, 3.704925, 0.0
2269.0, 3.161246, 0.412326, 0.004103, 1.851089, 3.704925, 0.0
2286.0, 3.193744, 0.416538, 0.003845, 1.851089, 3.704925, 0.0
2286.0, 3.193744, 0.416538, 0.003845, 1.851089, 3.704925, 0.0
2303.0, 3.22621, 0.420754, 0.003522, 1.851089, 3.704925, 0.0
2320.0, 3.258751, 0.424987, 0.003079, 1.851089, 3.704925, 0.0
2320.0, 3.258751, 0.424987, 0.003079, 1.851089, 3.704925, 0.0
2337.0, 3.291437, 0.429245, 0.002602, 1.851089, 3.704925, 0.0
2337.0, 3.291437, 0.429245, 0.002602, 1.851089, 3.704925, 0.0
2352.0, 3.324345, 0.433537, 0.002046, 1.851089, 3.704925, 0.0
2369.0, 3.357519, 0.43787, 0.001501, 1.851089, 3.704925, 0.0
2369.0, 3.357519, 0.43787, 0.001501, 1.851089, 3.704925, 0.0
2387.0, 3.391013, 0.442247, 0.00092, 1.851089, 3.704925, 0.0
2387.0, 3.391013, 0.442247, 0.00092, 1.851089, 3.704925, 0.0
2401.0, 3.424852, 0.446671, 0.000387, 1.851089, 3.704925, 0.0
2418.0, 3.459077, 0.451144, -0.000151, 1.851089, 3.704925, 0.0
2418.0, 3.459077, 0.451144, -0.000151, 1.851089, 3.704925, 0.0
2436.0, 3.493699, 0.455667, -0.000617, 1.851089, 3.704925, 0.0
2436.0, 3.493699, 0.455667, -0.000617, 1.851089, 3.704925, 0.0
2455.0, 3.52875, 0.46024, -0.001073, 1.851089, 3.704925, 0.0
2468.0, 3.564235, 0.464862, -0.001448, 1.851089, 3.704925, 0.0
2468.0, 3.564235, 0.464862, -0.001448, 1.851089, 3.704925, 0.0
2486.0, 3.600182, 0.469536, -0.001805, 1.851089, 3.704925, 0.0
2486.0, 3.600182, 0.469536, -0.001805, 1.851089, 3.704925, 0.0
2502.0, 3.636572, 0.474255, -0.002081, 1.851487, 4.204937, 0.0
2519.0, 3.673434, 0.479023, -0.002343, 1.851487, 4.204937, 0.0
2519.0, 3.673434, 0.479023, -0.002343, 1.851487, 4.204937, 0.0
2538.0, 3.710828, 0.483846, -0.002531, 1.851487, 4.204937, 0.0
2538.0, 3.710828, 0.483846, -0.002531, 1.851487, 4.204937, 0.0
2552.0, 3.748627, 0.488706, -0.002707, 1.851487, 4.204937, 0.0
2569.0, 3.786898, 0.493611, -0.002818, 1.851487, 4.204937, 0.0
2569.0, 3.786898, 0.493611, -0.002818, 1.851487, 4.204937, 0.0
2589.0, 3.825659, 0.498563, -0.002932, 1.851487, 4.204937, 0.0
2589.0, 3.825659, 0.498563, -0.002932, 1.851487, 4.204937, 0.0
2602.0, 3.864902, 0.503561, -0.002991, 1.851487, 4.204937, 0.0
2619.0, 3.904639, 0.508605, -0.003061, 1.851487, 4.204937, 0.0
2619.0, 3.904639, 0.508605, -0.003061, 1.851487, 4.204937, 0.0
2635.0, 3.944864, 0.513696, -0.003083, 1.851487, 4.204937, 0.0
2635.0, 3.944864, 0.513696, -0.003083, 1.851487, 4.204937, 0.0
2651.0, 3.985492, 0.518824, -0.003084, 1.851487, 4.204937, 0.0
2668.0, 4.026381, 0.523972, -0.002963, 1.851487, 4.204937, 0.0
2668.0, 4.026381, 0.523972, -0.002963, 1.851487, 4.204937, 0.0
2684.0, 4.067413, 0.529125, -0.002768, 1.851487, 4.204937, 0.0
2684.0, 4.067413, 0.529125, -0.002768, 1.851487, 4.204937, 0.0
2701.0, 4.108465, 0.534267, -0.002435, 1.851487, 4.204937, 0.0
2718.0, 4.149449, 0.539386, -0.002041, 1.851487, 4.204937, 0.0
2718.0, 4.149449, 0.539386, -0.002041, 1.851487, 4.204937, 0.0
2736.0, 4.190277, 0.544471, -0.001542, 1.851487, 4.204937, 0.0
2736.0, 4.190277, 0.544471, -0.001542, 1.851487, 4.204937, 0.0
2751.0, 4.230896, 0.549516, -0.001028, 1.851885, 4.705, 0.0
2769.0, 4.271238, 0.554514, -0.000456, 1.851885, 4.705, 0.0
2769.0, 4.271238, 0.554514, -0.000456, 1.851885, 4.705, 0.0
2786.0, 4.31127, 0.559462, 0.000089, 1.851885, 4.705, 0.0
2786.0, 4.31127, 0.559462, 0.000089, 1.851885, 4.705, 0.0
2802.0, 4.350945, 0.564359, 0.000653, 1.851885, 4.705, 0.0
2819.0, 4.390243, 0.569204, 0.001158, 1.851885, 4.705, 0.0
2819.0, 4.390243, 0.569204, 0.001158, 1.851885, 4.705, 0.0
2837.0, 4.429131, 0.573998, 0.001658, 1.851885, 4.705, 0.0
2837.0, 4.429131, 0.573998, 0.001658, 1.851885, 4.705, 0.0
2852.0, 4.467599, 0.578741, 0.002082, 1.851885, 4.705, 0.0
2869.0, 4.505622, 0.583436, 0.002491, 1.851885, 4.705, 0.0
2869.0, 4.505622, 0.583436, 0.002491, 1.851885, 4.705, 0.0
2885.0, 4.543202, 0.588083, 0.002817, 1.851885, 4.705, 0.0
2885.0, 4.543202, 0.588083, 0.002817, 1.851885, 4.705, 0.0
2901.0, 4.580317, 0.592684, 0.003126, 1.851885, 4.705, 0.0
2918.0, 4.616972, 0.597241, 0.003356, 1.851885, 4.705, 0.0
2918.0, 4.616972, 0.597241, 0.003356, 1.851885, 4.705, 0.0
2935.0, 4.65315, 0.601752, 0.003575, 1.851885, 4.705, 0.0
2935.0, 4.65315, 0.601752, 0.003575, 1.851885, 4.705, 0.0
2951.0, 4.688855, 0.60622, 0.003723, 1.851885, 4.705, 0.0
2968.0, 4.724074, 0.610644, 0.003869, 1.851885, 4.705, 0.0
2968.0, 4.724074, 0.610644, 0.003869, 1.851885, 4.705, 0.0
2985.0, 4.758815, 0.615024, 0.003953, 1.851885, 4.705, 0.0
2985.0, 4.758815, 0.615024, 0.003953, 1.851885, 4.705, 0.0
3002.0, 4.793065, 0.619359, 0.004043, 1.852283, 5.205003, 0.0
3018.0, 4.82683, 0.623651, 0.004079, 1.852283, 5.205003, 0.0
3019.0, 4.82683, 0.623651, 0.004079, 1.852283, 5.205003, 0.0
3037.0, 4.8601, 0.627896, 0.00413, 1.852283, 5.205003, 0.0
3037.0, 4.8601, 0.627896, 0.00413, 1.852283, 5.205003, 0.0
3052.0, 4.892888, 0.632097, 0.004132, 1.852283, 5.205003, 0.0
3069.0, 4.925179, 0.636251, 0.004155, 1.852283, 5.205003, 0.0
3069.0, 4.925179, 0.636251, 0.004155, 1.852283, 5.205003, 0.0
3086.0, 4.956981, 0.640359, 0.004135, 1.852283, 5.205003, 0.0
3086.0, 4.956981, 0.640359, 0.004135, 1.852283, 5.205003, 0.0
3102.0, 4.988283, 0.644418, 0.004142, 1.852283, 5.205003, 0.0
3119.0, 5.019095, 0.648429, 0.004111, 1.852283, 5.205003, 0.0
3119.0, 5.019095, 0.648429, 0.004111, 1.852283, 5.205003, 0.0
3137.0, 5.049407, 0.652391, 0.004108, 1.852283, 5.205003, 0.0
3137.0, 5.049407, 0.652391, 0.004108, 1.852283, 5.205003, 0.0
3150.0, 5.079327, 0.656314, 0.004029, 1.852283, 5.205003, 0.0
3168.0, 5.108974, 0.660211, 0.003903, 1.852283, 5.205003, 0.0
3168.0, 5.108974, 0.660211, 0.003903, 1.852283, 5.205003, 0.0
3185.0, 5.138488, 0.664099, 0.003647, 1.852283, 5.205003, 0.0
3185.0, 5.138488, 0.664099, 0.003647, 1.852283, 5.205003, 0.0
3201.0, 5.167971, 0.667989, 0.003325, 1.852283, 5.205003, 0.0
3218.0, 5.197529, 0.671895, 0.002883, 1.852283, 5.205003, 0.0
3218.0, 5.197529, 0.671895, 0.002883, 1.852283, 5.205003, 0.0
3236.0, 5.227232, 0.675826, 0.002406, 1.852283, 5.205003, 0.0
3236.0, 5.227232, 0.675826, 0.002406, 1.852283, 5.205003, 0.0
3251.0, 5.257158, 0.679791, 0.001851, 1.852682, 5.705008, 0.0
3269.0, 5.287349, 0.683794, 0.001306, 1.852682, 5.705008, 0.0
3269.0, 5.287349, 0.683794, 0.001306, 1.852682, 5.705008, 0.0
3285.0, 5.317862, 0.687842, 0.000725, 1.852682, 5.705008, 0.0
3285.0, 5.317862, 0.687842, 0.000725, 1.852682, 5.705008, 0.0
3302.0, 5.348719, 0.691936, 0.000192, 1.852682, 5.705008, 0.0
3319.0, 5.379962, 0.69608, -0.000345, 1.852682, 5.705008, 0.0
3319.0, 5.379962, 0.69608, -0.000345, 1.852682, 5.705008, 0.0
3337.0, 5.411603, 0.700272, -0.000812, 1.852682, 5.705008, 0.0
3337.0, 5.411603, 0.700272, -0.000812, 1.852682, 5.705008, 0.0
3352.0, 5.443674, 0.704515, -0.001267, 1.852682, 5.705008, 0.0
3369.0, 5.476176, 0.708808, -0.001641, 1.852682, 5.705008, 0.0
3369.0, 5.476176, 0.708808, -0.001641, 1.852682, 5.705008, 0.0
3386.0, 5.509133, 0.71315, -0.001998, 1.852682, 5.705008, 0.0
3386.0, 5.509133, 0.71315, -0.001998, 1.852682, 5.705008, 0.0
3401.0, 5.542542, 0.717541, -0.002274, 1.852682, 5.705008, 0.0
3418.0, 5.576422, 0.721981, -0.002535, 1.852682, 5.705008, 0.0
3418.0, 5.576422, 0.721981, -0.002535, 1.852682, 5.705008, 0.0
3436.0, 5.610767, 0.726469, -0.002721, 1.852682, 5.705008, 0.0
3436.0, 5.610767, 0.726469, -0.002721, 1.852682, 5.705008, 0.0
3451.0, 5.645591, 0.731004, -0.0029, 1.852682, 5.705008, 0.0
3468.0, 5.68089, 0.735585, -0.003012, 1.852682, 5.705008, 0.0
3468.0, 5.68089, 0.735585, -0.003012, 1.852682, 5.705008, 0.0
3485.0, 5.716677, 0.740215, -0.003127, 1.852682, 5.705008, 0.0
3485.0, 5.716677, 0.740215, -0.003127, 1.852682, 5.705008, 0.0
3502.0, 5.752945, 0.744891, -0.003185, 1.85308, 6.205012, 0.0
3519.0, 5.789708, 0.749615, -0.003254, 1.85308, 6.205012, 0.0
3519.0, 5.789708, 0.749615, -0.003254, 1.85308, 6.205012, 0.0
3537.0, 5.826956, 0.754387, -0.003273, 1.85308, 6.205012, 0.0
3537.0, 5.826956, 0.754387, -0.003273, 1.85308, 6.205012, 0.0
3552.0, 5.864599, 0.759195, -0.003269, 1.85308, 6.205012, 0.0
3569.0, 5.9025, 0.764024, -0.003144, 1.85308, 6.205012, 0.0
3569.0, 5.9025, 0.764024, -0.003144, 1.85308, 6.205012, 0.0
3586.0, 5.940543, 0.768858, -0.002945, 1.85308, 6.205012, 0.0
3586.0, 5.940543, 0.768858, -0.002945, 1.85308, 6.205012, 0.0
3602.0, 5.978604, 0.773682, -0.002611, 1.85308, 6.205012, 0.0
3619.0, 6.016601, 0.778485, -0.002216, 1.85308, 6.205012, 0.0
3619.0, 6.016601, 0.778485, -0.002216, 1.85308, 6.205012, 0.0
3636.0, 6.05444, 0.783254, -0.001718, 1.85308, 6.205012, 0.0
3636.0, 6.05444, 0.783254, -0.001718, 1.85308, 6.205012, 0.0
3652.0, 6.092072, 0.787984, -0.001205, 1.85308, 6.205012, 0.0
3669.0, 6.129427, 0.792667, -0.000635, 1.85308, 6.205012, 0.0
3669.0, 6.129427, 0.792667, -0.000635, 1.85308, 6.205012, 0.0
3685.0, 6.166472, 0.797303, -0.000092, 1.85308, 6.205012, 0.0
3685.0, 6.166472, 0.797303, -0.000092, 1.85308, 6.205012, 0.0
3702.0, 6.20316, 0.801887, 0.000471, 1.85308, 6.205012, 0.0
3719.0, 6.239473, 0.80642, 0.000974, 1.85308, 6.205012, 0.0
3719.0, 6.239473, 0.80642, 0.000974, 1.85308, 6.205012, 0.0
3737.0, 6.275377, 0.810902, 0.001472, 1.85308, 6.205012, 0.0
3737.0, 6.275377, 0.810902, 0.001472, 1.85308, 6.205012, 0.0
3752.0, 6.31086, 0.815333, 0.001895, 1.853478, 6.705017, 0.0
3770.0, 6.345899, 0.819716, 0.002302, 1.853478, 6.705017, 0.0
3770.0, 6.345899, 0.819716, 0.002302, 1.853478, 6.705017, 0.0
3785.0, 6.380495, 0.82405, 0.002626, 1.853478, 6.705017, 0.0
3785.0, 6.380495, 0.82405, 0.002626, 1.853478, 6.705017, 0.0
3801.0, 6.414627, 0.828338, 0.002934, 1.853478, 6.705017, 0.0
3818.0, 6.448298, 0.83258, 0.003163, 1.853478, 6.705017, 0.0
3818.0, 6.448298, 0.83258, 0.003163, 1.853478, 6.705017, 0.0
3836.0, 6.481491, 0.836777, 0.003382, 1.853478, 6.705017, 0.0
3836.0, 6.481491, 0.836777, 0.003382, 1.853478, 6.705017, 0.0
3851.0, 6.514315, 0.84094, 0.003489, 1.853478, 6.705017, 0.0
3868.0, 6.546883, 0.845083, 0.003516, 1.853478, 6.705017, 0.0
3868.0, 6.546883, 0.845083, 0.003516, 1.853478, 6.705017, 0.0
3885.0, 6.579329, 0.849222, 0.003386, 1.853478, 6.705017, 0.0
3885.0, 6.579329, 0.849222, 0.003386, 1.853478, 6.705017, 0.0
3902.0, 6.611754, 0.853371, 0.003166, 1.853478, 6.705017, 0.0
3919.0, 6.644268, 0.857544, 0.002805, 1.853478, 6.705017, 0.0
3919.0, 6.644268, 0.857544, 0.002805, 1.853478, 6.705017, 0.0
3936.0, 6.676927, 0.861747, 0.002393, 1.853478, 6.705017, 0.0
3936.0, 6.676927, 0.861747, 0.002393, 1.853478, 6.705017, 0.0
3952.0, 6.709813, 0.86599, 0.001888, 1.853478, 6.705017, 0.0
3969.0, 6.74297, 0.870277, 0.001382, 1.853478, 6.705017, 0.0
3969.0, 6.74297, 0.870277, 0.001382, 1.853478, 6.705017, 0.0
3986.0, 6.77645, 0.874615, 0.00083, 1.853478, 6.705017, 0.0
3986.0, 6.77645, 0.874615, 0.00083, 1.853478, 6.705017, 0.0
4002.0, 6.810278, 0.879004, 0.000319, 1.853876, 7.205028, 0.0
4020.0, 6.844494, 0.883446, -0.000202, 1.853876, 7.205028, 0.0
4020.0, 6.844494, 0.883446, -0.000202, 1.853876, 7.205028, 0.0
4036.0, 6.879108, 0.887941, -0.000657, 1.853876, 7.205028, 0.0
4036.0, 6.879108, 0.887941, -0.000657, 1.853876, 7.205028, 0.0
4051.0, 6.914155, 0.89249, -0.001104, 1.853876, 7.205028, 0.0
4069.0, 6.949636, 0.897091, -0.001473, 1.853876, 7.205028, 0.0
4069.0, 6.949636, 0.897091, -0.001473, 1.853876, 7.205028, 0.0
4085.0, 6.985571, 0.901744, -0.001826, 1.853876, 7.205028, 0.0
4085.0, 6.985571, 0.901744, -0.001826, 1.853876, 7.205028, 0.0
4101.0, 7.021959, 0.906448, -0.002099, 1.853876, 7.205028, 0.0
4118.0, 7.058819, 0.911202, -0.002359, 1.853876, 7.205028, 0.0
4118.0, 7.058819, 0.911202, -0.002359, 1.853876, 7.205028, 0.0
4136.0, 7.096146, 0.916004, -0.002544, 1.853876, 7.205028, 0.0
4136.0, 7.096146, 0.916004, -0.002544, 1.853876, 7.205028, 0.0
4151.0, 7.133849, 0.920843, -0.00268, 1.853876, 7.205028, 0.0
4169.0, 7.171797, 0.925702, -0.002674, 1.853876, 7.205028, 0.0
4169.0, 7.171797, 0.925702, -0.002674, 1.853876, 7.205028, 0.0
4186.0, 7.209878, 0.930566, -0.002575, 1.853876, 7.205028, 0.0
4186.0, 7.209878, 0.930566, -0.002575, 1.853876, 7.205028, 0.0
4202.0, 7.247971, 0.935417, -0.002323, 1.853876, 7.205028, 0.0
4219.0, 7.285993, 0.940243, -0.001995, 1.853876, 7.205028, 0.0
4219.0, 7.285993, 0.940243, -0.001995, 1.853876, 7.205028, 0.0
4236.0, 7.323853, 0.945034, -0.001551, 1.853876, 7.205028, 0.0
4236.0, 7.323853, 0.945034, -0.001551, 1.853876, 7.205028, 0.0
4251.0, 7.361498, 0.949782, -0.00108, 1.854274, 7.705033, 0.0
4270.0, 7.398864, 0.95448, -0.000542, 1.854274, 7.705033, 0.0
4270.0, 7.398864, 0.95448, -0.000542, 1.854274, 7.705033, 0.0
4286.0, 7.435917, 0.959126, -0.000024, 1.854274, 7.705033, 0.0
4286.0, 7.435917, 0.959126, -0.000024, 1.854274, 7.705033, 0.0
4301.0, 7.472612, 0.963717, 0.000519, 1.854274, 7.705033, 0.0
4319.0, 7.50893, 0.968255, 0.001006, 1.854274, 7.705033, 0.0
4319.0, 7.50893, 0.968255, 0.001006, 1.854274, 7.705033, 0.0
4337.0, 7.544839, 0.972738, 0.001493, 1.854274, 7.705033, 0.0
4337.0, 7.544839, 0.972738, 0.001493, 1.854274, 7.705033, 0.0
4351.0, 7.580333, 0.97717, 0.001904, 1.854274, 7.705033, 0.0
4369.0, 7.615385, 0.981549, 0.002302, 1.854274, 7.705033, 0.0
4369.0, 7.615385, 0.981549, 0.002302, 1.854274, 7.705033, 0.0
4386.0, 7.649992, 0.985879, 0.00262, 1.854274, 7.705033, 0.0
4386.0, 7.649992, 0.985879, 0.00262, 1.854274, 7.705033, 0.0
4402.0, 7.684134, 0.990159, 0.002925, 1.854274, 7.705033, 0.0
4419.0, 7.717816, 0.994391, 0.003152, 1.854274, 7.705033, 0.0
4419.0, 7.717816, 0.994391, 0.003152, 1.854274, 7.705033, 0.0
4436.0, 7.751018, 0.998576, 0.00337, 1.854274, 7.705033, 0.0
4436.0, 7.751018, 0.998576, 0.00337, 1.854274, 7.705033, 0.0
4451.0, 7.783744, 1.002714, 0.003519, 1.854274, 7.705033, 0.0
4468.0, 7.815983, 1.006804, 0.003666, 1.854274, 7.705033, 0.0
4468.0, 7.815983, 1.006804, 0.003666, 1.854274, 7.705033, 0.0
4485.0, 7.847743, 1.010848, 0.00375, 1.854274, 7.705033, 0.0
4485.0, 7.847743, 1.010848, 0.00375, 1.854274, 7.705033, 0.0
4501.0, 7.879011, 1.014845, 0.00384, 1.854672, 8.205038, 0.0
4518.0, 7.909795, 1.018796, 0.003875, 1.854672, 8.205038, 0.0
4518.0, 7.909795, 1.018796, 0.003875, 1.854672, 8.205038, 0.0
4536.0, 7.940084, 1.022699, 0.003925, 1.854672, 8.205038, 0.0
4536.0, 7.940084, 1.022699, 0.003925, 1.854672, 8.205038, 0.0
4552.0, 7.969989, 1.026566, 0.003886, 1.854672, 8.205038, 0.0
4568.0, 7.999627, 1.03041, 0.00379, 1.854672, 8.205038, 0.0
4568.0, 7.999627, 1.03041, 0.00379, 1.854672, 8.205038, 0.0
4585.0, 8.029134, 1.034245, 0.003557, 1.854672, 8.205038, 0.0
4585.0, 8.029134, 1.034245, 0.003557, 1.854672, 8.205038, 0.0
4602.0, 8.058612, 1.038087, 0.003253, 1.854672, 8.205038, 0.0
4618.0, 8.088166, 1.041946, 0.002824, 1.854672, 8.205038, 0.0
4618.0, 8.088166, 1.041946, 0.002824, 1.854672, 8.205038, 0.0
4637.0, 8.117867, 1.045831, 0.002357, 1.854672, 8.205038, 0.0
4637.0, 8.117867, 1.045831, 0.002357, 1.854672, 8.205038, 0.0
4652.0, 8.147796, 1.049753, 0.001807, 1.854672, 8.205038, 0.0
4668.0, 8.177991, 1.053716, 0.001266, 1.854672, 8.205038, 0.0
4668.0, 8.177991, 1.053716, 0.001266, 1.854672, 8.205038, 0.0
4684.0, 8.208508, 1.057724, 0.000689, 1.854672, 8.205038, 0.0
4684.0, 8.208508, 1.057724, 0.000689, 1.854672, 8.205038, 0.0
4701.0, 8.239369, 1.06178, 0.000158, 1.854672, 8.205038, 0.0
4718.0, 8.270617, 1.065886, -0.000378, 1.854672, 8.205038, 0.0
4718.0, 8.270617, 1.065886, -0.000378, 1.854672, 8.205038, 0.0
4736.0, 8.302262, 1.070042, -0.000842, 1.854672, 8.205038, 0.0
4736.0, 8.302262, 1.070042, -0.000842, 1.854672, 8.205038, 0.0
4751.0, 8.334331, 1.074249, -0.001294, 1.855071, 8.705043, 0.0
4768.0, 8.36683, 1.078506, -0.001664, 1.855071, 8.705043, 0.0
4768.0, 8.36683, 1.078506, -0.001664, 1.855071, 8.705043, 0.0
4786.0, 8.399782, 1.082813, -0.002019, 1.855071, 8.705043, 0.0
4786.0, 8.399782, 1.082813, -0.002019, 1.855071, 8.705043, 0.0
4801.0, 8.433188, 1.08717, -0.002294, 1.855071, 8.705043, 0.0
4819.0, 8.467066, 1.091576, -0.002555, 1.855071, 8.705043, 0.0
4819.0, 8.467066, 1.091576, -0.002555, 1.855071, 8.705043, 0.0
4837.0, 8.50141, 1.09603, -0.002742, 1.855071, 8.705043, 0.0
4837.0, 8.50141, 1.09603, -0.002742, 1.855071, 8.705043, 0.0
4852.0, 8.536238, 1.100534, -0.002923, 1.855071, 8.705043, 0.0
4869.0, 8.571541, 1.105085, -0.003037, 1.855071, 8.705043, 0.0
4869.0, 8.571541, 1.105085, -0.003037, 1.855071, 8.705043, 0.0
4886.0, 8.607332, 1.109685, -0.003153, 1.855071, 8.705043, 0.0
4886.0, 8.607332, 1.109685, -0.003153, 1.855071, 8.705043, 0.0
4901.0, 8.643606, 1.114332, -0.003212, 1.855071, 8.705043, 0.0
4918.0, 8.680373, 1.119028, -0.003281, 1.855071, 8.705043, 0.0
4918.0, 8.680373, 1.119028, -0.003281, 1.855071, 8.705043, 0.0
4936.0, 8.717625, 1.123772, -0.003299, 1.855071, 8.705043, 0.0
4936.0, 8.717625, 1.123772, -0.003299, 1.855071, 8.705043, 0.0
4951.0, 8.755276, 1.128554, -0.003296, 1.855071, 8.705043, 0.0
4968.0, 8.793185, 1.133356, -0.003171, 1.855071, 8.705043, 0.0
4968.0, 8.793185, 1.133356, -0.003171, 1.855071, 8.705043, 0.0
4985.0, 8.831236, 1.138164, -0.002972, 1.855071, 8.705043, 0.0
4985.0, 8.831236, 1.138164, -0.002972, 1.855071, 8.705043, 0.0
5001.0, 8.869306, 1.142962, -0.002636, 1.855469, 9.205047, 0.0
5019.0, 8.907309, 1.147736, -0.002241, 1.855469, 9.205047, 0.0
5019.0, 8.907309, 1.147736, -0.002241, 1.855469, 9.205047, 0.0
5036.0, 8.945155, 1.152477, -0.001742, 1.855469, 9.205047, 0.0
5036.0, 8.945155, 1.152477, -0.001742, 1.855469, 9.205047, 0.0
5051.0, 8.982785, 1.157176, -0.001225, 1.855469, 9.205047, 0.0
5069.0, 9.020137, 1.161827, -0.000651, 1.855469, 9.205047, 0.0
5069.0, 9.020137, 1.161827, -0.000651, 1.855469, 9.205047, 0.0
5086.0, 9.057178, 1.166429, -0.000106, 1.855469, 9.205047, 0.0
5086.0, 9.057178, 1.166429, -0.000106, 1.855469, 9.205047, 0.0
5102.0, 9.093864, 1.170977, 0.000457, 1.855469, 9.205047, 0.0
5119.0, 9.130176, 1.175473, 0.000959, 1.855469, 9.205047, 0.0
5119.0, 9.130176, 1.175473, 0.000959, 1.855469, 9.205047, 0.0
5136.0, 9.166079, 1.179916, 0.001455, 1.855469, 9.205047, 0.0
5136.0, 9.166079, 1.179916, 0.001455, 1.855469, 9.205047, 0.0
5151.0, 9.201569, 1.184309, 0.001873, 1.855469, 9.205047, 0.0
5169.0, 9.236618, 1.18865, 0.002275, 1.855469, 9.205047, 0.0
5169.0, 9.236618, 1.18865, 0.002275, 1.855469, 9.205047, 0.0
5185.0, 9.271223, 1.192943, 0.002596, 1.855469, 9.205047, 0.0
5185.0, 9.271223, 1.192943, 0.002596, 1.855469, 9.205047, 0.0
5202.0, 9.305366, 1.197186, 0.002901, 1.855469, 9.205047, 0.0
5219.0, 9.339046, 1.201383, 0.003129, 1.855469, 9.205047, 0.0
5219.0, 9.339046, 1.201383, 0.003129, 1.855469, 9.205047, 0.0
5237.0, 9.37225, 1.205531, 0.003347, 1.855469, 9.205047, 0.0
5237.0, 9.37225, 1.205531, 0.003347, 1.855469, 9.205047, 0.0
5252.0, 9.405079, 1.209644, 0.003454, 1.855867, 9.70505, 0.0
5269.0, 9.437651, 1.213735, 0.003482, 1.855867, 9.70505, 0.0
5269.0, 9.437651, 1.213735, 0.003482, 1.855867, 9.70505, 0.0
5286.0, 9.4701, 1.217822, 0.003352, 1.855867, 9.70505, 0.0
5286.0, 9.4701, 1.217822, 0.003352, 1.855867, 9.70505, 0.0
5302.0, 9.502529, 1.221919, 0.003132, 1.855867, 9.70505, 0.0
5319.0, 9.535041, 1.226037, 0.002772, 1.855867, 9.70505, 0.0
5319.0, 9.535041, 1.226037, 0.002772, 1.855867, 9.70505, 0.0
5337.0, 9.567704, 1.230188, 0.002359, 1.855867, 9.70505, 0.0
5337.0, 9.567704, 1.230188, 0.002359, 1.855867, 9.70505, 0.0
5352.0, 9.600595, 1.234379, 0.001853, 1.855867, 9.70505, 0.0
5367.0, 9.633756, 1.238615, 0.001346, 1.855867, 9.70505, 0.0
5368.0, 9.633756, 1.238615, 0.001346, 1.855867, 9.70505, 0.0
5385.0, 9.66724, 1.242903, 0.000794, 1.855867, 9.70505, 0.0
5385.0, 9.66724, 1.242903, 0.000794, 1.855867, 9.70505, 0.0
5401.0, 9.701074, 1.247242, 0.000283, 1.855867, 9.70505, 0.0
5418.0, 9.735293, 1.251636, -0.000239, 1.855867, 9.70505, 0.0
5418.0, 9.735293, 1.251636, -0.000239, 1.855867, 9.70505, 0.0
5436.0, 9.769914, 1.256083, -0.000693, 1.855867, 9.70505, 0.0
5436.0, 9.769914, 1.256083, -0.000693, 1.855867, 9.70505, 0.0
5451.0, 9.804965, 1.260586, -0.00114, 1.855867, 9.70505, 0.0
5469.0, 9.84045, 1.265142, -0.001508, 1.855867, 9.70505, 0.0
5469.0, 9.84045, 1.265142, -0.001508, 1.855867, 9.70505, 0.0
5485.0, 9.87639, 1.269751, -0.001861, 1.855867, 9.70505, 0.0
5485.0, 9.87639, 1.269751, -0.001861, 1.855867, 9.70505, 0.0
5501.0, 9.912783, 1.274412, -0.002133, 1.856265, 10.205053, 0.0
5519.0, 9.949647, 1.279125, -0.002392, 1.856265, 10.205053, 0.0
5519.0, 9.949647, 1.279125, -0.002392, 1.856265, 10.205053, 0.0
5537.0, 9.986978, 1.283888, -0.002576, 1.856265, 10.205053, 0.0
5537.0, 9.986978, 1.283888, -0.002576, 1.856265, 10.205053, 0.0
5552.0, 10.024686, 1.288688, -0.002712, 1.856265, 10.205053, 0.0
5570.0, 10.062637, 1.293509, -0.002705, 1.856265, 10.205053, 0.0
5570.0, 10.062637, 1.293509, -0.002705, 1.856265, 10.205053, 0.0
5586.0, 10.100722, 1.298334, -0.002606, 1.856265, 10.205053, 0.0
5586.0, 10.100722, 1.298334, -0.002606, 1.856265, 10.205053, 0.0
5602.0, 10.13882, 1.303148, -0.002352, 1.856265, 10.205053, 0.0
5618.0, 10.176846, 1.307936, -0.002024, 1.856265, 10.205053, 0.0
5618.0, 10.176846, 1.307936, -0.002024, 1.856265, 10.205053, 0.0
5635.0, 10.21471, 1.312687, -0.00158, 1.856265, 10.205053, 0.0
5635.0, 10.21471, 1.312687, -0.00158, 1.856265, 10.205053, 0.0
5651.0, 10.252359, 1.317394, -0.001109, 1.856265, 10.205053, 0.0
5669.0, 10.28973, 1.32205, -0.00057, 1.856265, 10.205053, 0.0
5669.0, 10.28973, 1.32205, -0.00057, 1.856265, 10.205053, 0.0
5685.0, 10.326788, 1.326653, -0.000053, 1.856265, 10.205053, 0.0
5685.0, 10.326788, 1.326653, -0.000053, 1.856265, 10.205053, 0.0
5702.0, 10.363487, 1.3312, 0.000489, 1.856265, 10.205053, 0.0
5719.0, 10.399811, 1.335692, 0.000976, 1.856265, 10.205053, 0.0
5719.0, 10.399811, 1.335692, 0.000976, 1.856265, 10.205053, 0.0
5737.0, 10.435724, 1.340127, 0.001462, 1.856265, 10.205053, 0.0
5737.0, 10.435724, 1.340127, 0.001462, 1.856265, 10.205053, 0.0
5752.0, 10.471224, 1.344509, 0.001872, 1.856663, 10.705057, 0.0
5769.0, 10.506282, 1.348837, 0.002269, 1.856663, 10.705057, 0.0
5769.0, 10.506282, 1.348837, 0.002269, 1.856663, 10.705057, 0.0
5786.0, 10.540895, 1.353114, 0.002586, 1.856663, 10.705057, 0.0
5786.0, 10.540895, 1.353114, 0.002586, 1.856663, 10.705057, 0.0
5801.0, 10.575044, 1.357339, 0.00289, 1.856663, 10.705057, 0.0
5819.0, 10.60873, 1.361514, 0.003116, 1.856663, 10.705057, 0.0
5819.0, 10.60873, 1.361514, 0.003116, 1.856663, 10.705057, 0.0
5836.0, 10.641939, 1.36564, 0.003332, 1.856663, 10.705057, 0.0
5836.0, 10.641939, 1.36564, 0.003332, 1.856663, 10.705057, 0.0
5851.0, 10.674672, 1.369716, 0.00348, 1.856663, 10.705057, 0.0
5869.0, 10.706918, 1.373744, 0.003625, 1.856663, 10.705057, 0.0
5869.0, 10.706918, 1.373744, 0.003625, 1.856663, 10.705057, 0.0
5885.0, 10.738685, 1.377724, 0.003708, 1.856663, 10.705057, 0.0
5885.0, 10.738685, 1.377724, 0.003708, 1.856663, 10.705057, 0.0
5902.0, 10.769959, 1.381654, 0.003797, 1.856663, 10.705057, 0.0
5918.0, 10.800752, 1.385536, 0.003831, 1.856663, 10.705057, 0.0
5918.0, 10.800752, 1.385536, 0.003831, 1.856663, 10.705057, 0.0
5936.0, 10.831048, 1.389369, 0.003879, 1.856663, 10.705057, 0.0
5936.0, 10.831048, 1.389369, 0.003879, 1.856663, 10.705057, 0.0
5952.0, 10.860962, 1.393163, 0.003838, 1.856663, 10.705057, 0.0
5969.0, 10.890607, 1.396933, 0.003741, 1.856663, 10.705057, 0.0
5969.0, 10.890607, 1.396933, 0.003741, 1.856663, 10.705057, 0.0
5986.0, 10.920123, 1.400695, 0.003506, 1.856663, 10.705057, 0.0
5986.0, 10.920123, 1.400695, 0.003506, 1.856663, 10.705057, 0.0
6002.0, 10.949609, 1.404461, 0.003201, 1.857062, 11.205062, 0.0
6019.0, 10.979172, 1.408245, 0.002771, 1.857062, 11.205062, 0.0
6019.0, 10.979172, 1.408245, 0.002771, 1.857062, 11.205062, 0.0
6036.0, 11.008882, 1.412056, 0.002303, 1.857062, 11.205062, 0.0
6036.0, 11.008882, 1.412056, 0.002303, 1.857062, 11.205062, 0.0
6052.0, 11.038817, 1.415903, 0.001753, 1.857062, 11.205062, 0.0
6068.0, 11.069021, 1.419791, 0.001211, 1.857062, 11.205062, 0.0
6068.0, 11.069021, 1.419791, 0.001211, 1.857062, 11.205062, 0.0
6084.0, 11.099545, 1.423726, 0.000634, 1.857062, 11.205062, 0.0
6084.0, 11.099545, 1.423726, 0.000634, 1.857062, 11.205062, 0.0
6101.0, 11.130417, 1.427708, 0.000103, 1.857062, 11.205062, 0.0
6118.0, 11.161673, 1.431741, -0.000433, 1.857062, 11.205062, 0.0
6118.0, 11.161673, 1.431741, -0.000433, 1.857062, 11.205062, 0.0
6136.0, 11.193326, 1.435825, -0.000897, 1.857062, 11.205062, 0.0
6136.0, 11.193326, 1.435825, -0.000897, 1.857062, 11.205062, 0.0
6151.0, 11.225403, 1.43996, -0.001348, 1.857062, 11.205062, 0.0
6169.0, 11.25791, 1.444146, -0.001719, 1.857062, 11.205062, 0.0
6169.0, 11.25791, 1.444146, -0.001719, 1.857062, 11.205062, 0.0
6186.0, 11.290871, 1.448383, -0.002073, 1.857062, 11.205062, 0.0
6186.0, 11.290871, 1.448383, -0.002073, 1.857062, 11.205062, 0.0
6201.0, 11.324285, 1.45267, -0.002347, 1.857062, 11.205062, 0.0
6219.0, 11.358171, 1.457008, -0.002608, 1.857062, 11.205062, 0.0
6219.0, 11.358171, 1.457008, -0.002608, 1.857062, 11.205062, 0.0
6237.0, 11.392523, 1.461395, -0.002794, 1.857062, 11.205062, 0.0
6237.0, 11.392523, 1.461395, -0.002794, 1.857062, 11.205062, 0.0
6251.0, 11.427358, 1.465831, -0.002974, 1.85746, 11.705067, 0.0
6269.0, 11.462667, 1.470316, -0.003087, 1.85746, 11.705067, 0.0
6269.0, 11.462667, 1.470316, -0.003087, 1.85746, 11.705067, 0.0
6286.0, 11.498467, 1.474851, -0.003203, 1.85746, 11.705067, 0.0
6286.0, 11.498467, 1.474851, -0.003203, 1.85746, 11.705067, 0.0
6301.0, 11.534748, 1.479435, -0.003261, 1.85746, 11.705067, 0.0
6318.0, 11.571522, 1.484069, -0.003329, 1.85746, 11.705067, 0.0
6318.0, 11.571522, 1.484069, -0.003329, 1.85746, 11.705067, 0.0
6336.0, 11.608781, 1.488752, -0.003347, 1.85746, 11.705067, 0.0
6336.0, 11.608781, 1.488752, -0.003347, 1.85746, 11.705067, 0.0
6351.0, 11.646439, 1.493474, -0.003342, 1.85746, 11.705067, 0.0
6368.0, 11.684355, 1.498218, -0.003216, 1.85746, 11.705067, 0.0
6368.0, 11.684355, 1.498218, -0.003216, 1.85746, 11.705067, 0.0
6385.0, 11.722412, 1.502967, -0.003017, 1.85746, 11.705067, 0.0
6385.0, 11.722412, 1.502967, -0.003017, 1.85746, 11.705067, 0.0
6402.0, 11.760489, 1.507705, -0.002681, 1.85746, 11.705067, 0.0
6418.0, 11.798498, 1.51242, -0.002284, 1.85746, 11.705067, 0.0
6418.0, 11.798498, 1.51242, -0.002284, 1.85746, 11.705067, 0.0
6436.0, 11.836351, 1.5171, -0.001785, 1.85746, 11.705067, 0.0
6436.0, 11.836351, 1.5171, -0.001785, 1.85746, 11.705067, 0.0
6452.0, 11.873988, 1.521737, -0.001268, 1.85746, 11.705067, 0.0
6469.0, 11.911347, 1.526326, -0.000695, 1.85746, 11.705067, 0.0
6469.0, 11.911347, 1.526326, -0.000695, 1.85746, 11.705067, 0.0
6485.0, 11.948396, 1.530862, -0.00015, 1.85746, 11.705067, 0.0
6485.0, 11.948396, 1.530862, -0.00015, 1.85746, 11.705067, 0.0
6502.0, 11.985088, 1.535345, 0.000412, 1.857858, 12.20507, 0.0
6519.0, 12.021407, 1.539773, 0.000914, 1.857858, 12.20507, 0.0
6519.0, 12.021407, 1.539773, 0.000914, 1.857858, 12.20507, 0.0
6538.0, 12.057318, 1.544147, 0.001409, 1.857858, 12.20507, 0.0
6538.0, 12.057318, 1.544147, 0.001409, 1.857858, 12.20507, 0.0
6552.0, 12.092813, 1.548468, 0.001827, 1.857858, 12.20507, 0.0
6568.0, 12.127866, 1.552736, 0.002229, 1.857858, 12.20507, 0.0
6568.0, 12.127866, 1.552736, 0.002229, 1.857858, 12.20507, 0.0
6585.0, 12.162476, 1.556953, 0.00255, 1.857858, 12.20507, 0.0
6585.0, 12.162476, 1.556953, 0.00255, 1.857858, 12.20507, 0.0
6602.0, 12.196622, 1.56112, 0.002854, 1.857858, 12.20507, 0.0
6618.0, 12.230309, 1.565237, 0.00308, 1.857858, 12.20507, 0.0
6618.0, 12.230309, 1.565237, 0.00308, 1.857858, 12.20507, 0.0
6636.0, 12.263518, 1.569304, 0.003296, 1.857858, 12.20507, 0.0
6636.0, 12.263518, 1.569304, 0.003296, 1.857858, 12.20507, 0.0
6651.0, 12.296259, 1.573323, 0.003439, 1.857858, 12.20507, 0.0
6669.0, 12.328515, 1.577294, 0.003581, 1.857858, 12.20507, 0.0
6669.0, 12.328515, 1.577294, 0.003581, 1.857858, 12.20507, 0.0
6686.0, 12.360293, 1.581216, 0.003661, 1.857858, 12.20507, 0.0
6686.0, 12.360293, 1.581216, 0.003661, 1.857858, 12.20507, 0.0
6701.0, 12.39158, 1.585089, 0.003748, 1.857858, 12.20507, 0.0
6719.0, 12.422382, 1.588912, 0.003782, 1.857858, 12.20507, 0.0
6719.0, 12.422382, 1.588912, 0.003782, 1.857858, 12.20507, 0.0
6737.0, 12.452689, 1.592685, 0.00383, 1.857858, 12.20507, 0.0
6737.0, 12.452689, 1.592685, 0.00383, 1.857858, 12.20507, 0.0
6751.0, 12.482617, 1.596421, 0.003791, 1.858256, 12.705073, 0.0
6769.0, 12.512269, 1.60013, 0.003695, 1.858256, 12.705073, 0.0
6769.0, 12.512269, 1.60013, 0.003695, 1.858256, 12.705073, 0.0
6786.0, 12.541788, 1.60383, 0.003462, 1.858256, 12.705073, 0.0
6786.0, 12.541788, 1.60383, 0.003462, 1.858256, 12.705073, 0.0
6801.0, 12.57128, 1.607535, 0.003157, 1.858256, 12.705073, 0.0
6818.0, 12.600848, 1.611258, 0.002727, 1.858256, 12.705073, 0.0
6818.0, 12.600848, 1.611258, 0.002727, 1.858256, 12.705073, 0.0
6836.0, 12.630564, 1.615008, 0.002259, 1.858256, 12.705073, 0.0
6836.0, 12.630564, 1.615008, 0.002259, 1.858256, 12.705073, 0.0
6851.0, 12.660502, 1.618794, 0.001711, 1.858256, 12.705073, 0.0
6868.0, 12.690709, 1.622621, 0.00117, 1.858256, 12.705073, 0.0
6868.0, 12.690709, 1.622621, 0.00117, 1.858256, 12.705073, 0.0
6885.0, 12.721236, 1.626495, 0.000592, 1.858256, 12.705073, 0.0
6885.0, 12.721236, 1.626495, 0.000592, 1.858256, 12.705073, 0.0
6902.0, 12.75211, 1.630417, 0.000061, 1.858256, 12.705073, 0.0
6919.0, 12.78337, 1.634391, -0.000474, 1.858256, 12.705073, 0.0
6919.0, 12.78337, 1.634391, -0.000474, 1.858256, 12.705073, 0.0
6936.0, 12.815027, 1.638415, -0.000939, 1.858256, 12.705073, 0.0
6936.0, 12.815027, 1.638415, -0.000939, 1.858256, 12.705073, 0.0
6951.0, 12.847112, 1.642492, -0.001392, 1.858256, 12.705073, 0.0
6969.0, 12.879628, 1.64662, -0.001764, 1.858256, 12.705073, 0.0
6970.0, 12.879628, 1.64662, -0.001764, 1.858256, 12.705073, 0.0
6986.0, 12.912598, 1.6508, -0.00212, 1.858256, 12.705073, 0.0
6986.0, 12.912598, 1.6508, -0.00212, 1.858256, 12.705073, 0.0
7001.0, 12.946021, 1.65503, -0.002394, 1.858654, 13.205089, 0.0
7018.0, 12.979915, 1.659312, -0.002654, 1.858654, 13.205089, 0.0
7018.0, 12.979915, 1.659312, -0.002654, 1.858654, 13.205089, 0.0
7036.0, 13.014276, 1.663643, -0.00284, 1.858654, 13.205089, 0.0
7036.0, 13.014276, 1.663643, -0.00284, 1.858654, 13.205089, 0.0
7051.0, 13.049121, 1.668024, -0.00302, 1.858654, 13.205089, 0.0
7069.0, 13.084443, 1.672455, -0.003134, 1.858654, 13.205089, 0.0
7069.0, 13.084443, 1.672455, -0.003134, 1.858654, 13.205089, 0.0
7085.0, 13.120255, 1.676936, -0.003249, 1.858654, 13.205089, 0.0
7085.0, 13.120255, 1.676936, -0.003249, 1.858654, 13.205089, 0.0
7102.0, 13.156546, 1.681467, -0.003306, 1.858654, 13.205089, 0.0
7119.0, 13.193331, 1.686048, -0.003373, 1.858654, 13.205089, 0.0
7119.0, 13.193331, 1.686048, -0.003373, 1.858654, 13.205089, 0.0
7137.0, 13.230598, 1.690679, -0.003389, 1.858654, 13.205089, 0.0
7137.0, 13.230598, 1.690679, -0.003389, 1.858654, 13.205089, 0.0
7152.0, 13.268258, 1.695349, -0.00338, 1.858654, 13.205089, 0.0
7169.0, 13.306173, 1.70004, -0.00325, 1.858654, 13.205089, 0.0
7169.0, 13.306173, 1.70004, -0.00325, 1.858654, 13.205089, 0.0
7185.0, 13.34423, 1.704737, -0.003048, 1.858654, 13.205089, 0.0
7185.0, 13.34423, 1.704737, -0.003048, 1.858654, 13.205089, 0.0
7202.0, 13.382306, 1.709422, -0.002711, 1.858654, 13.205089, 0.0
7220.0, 13.420317, 1.714085, -0.002315, 1.858654, 13.205089, 0.0
7220.0, 13.420317, 1.714085, -0.002315, 1.858654, 13.205089, 0.0
7235.0, 13.458171, 1.718712, -0.001816, 1.858654, 13.205089, 0.0
7235.0, 13.458171, 1.718712, -0.001816, 1.858654, 13.205089, 0.0
7251.0, 13.495813, 1.723296, -0.001302, 1.859052, 13.705092, 0.0
7268.0, 13.53318, 1.727831, -0.000731, 1.859052, 13.705092, 0.0
7268.0, 13.53318, 1.727831, -0.000731, 1.859052, 13.705092, 0.0
7285.0, 13.570237, 1.732314, -0.000189, 1.859052, 13.705092, 0.0
7285.0, 13.570237, 1.732314, -0.000189, 1.859052, 13.705092, 0.0
7302.0, 13.606938, 1.736743, 0.000372, 1.859052, 13.705092, 0.0
7318.0, 13.643265, 1.741116, 0.000873, 1.859052, 13.705092, 0.0
7318.0, 13.643265, 1.741116, 0.000873, 1.859052, 13.705092, 0.0
7336.0, 13.679183, 1.745434, 0.001367, 1.859052, 13.705092, 0.0
7336.0, 13.679183, 1.745434, 0.001367, 1.859052, 13.705092, 0.0
