0.0, 0.0, 0.0, 0.002231, 4.618822, -1.914807, 0.0
0.0, 0.0, 0.0, 0.002231, 4.618822, -1.914807, 0.0
17.0, -0.000059, -0.000275, -0.004069, 4.618822, -1.914807, 0.0
17.0, -0.000059, -0.000275, -0.004069, 4.618822, -1.914807, 0.0
32.0, -0.000116, -0.00041, -0.009483, 4.618822, -1.914807, 0.0
49.0, -0.000169, -0.000269, -0.012188, 4.618822, -1.914807, 0.0
49.0, -0.000169, -0.000269, -0.012188, 4.618822, -1.914807, 0.0
66.0, -0.000239, 0.00013, -0.013258, 4.618822, -1.914807, 0.0
66.0, -0.000239, 0.00013, -0.013258, 4.618822, -1.914807, 0.0
82.0, -0.000355, 0.00072, -0.013126, 4.618822, -1.914807, 0.0
99.0, -0.000549, 0.001425, -0.012148, 4.618822, -1.914807, 0.0
99.0, -0.000549, 0.001425, -0.012148, 4.618822, -1.914807, 0.0
117.0, -0.000849, 0.002167, -0.010611, 4.618822, -1.914807, 0.0
117.0, -0.000849, 0.002167, -0.010611, 4.618822, -1.914807, 0.0
132.0, -0.001325, 0.002759, -0.009941, 4.618822, -1.914807, 0.0
150.0, -0.001931, 0.003643, -0.00912, 4.618822, -1.914807, 0.0
150.0, -0.001931, 0.003643, -0.00912, 4.618822, -1.914807, 0.0
167.0, -0.002764, 0.004912, -0.007615, 4.618822, -1.914807, 0.0
167.0, -0.002764, 0.004912, -0.007615, 4.618822, -1.914807, 0.0
183.0, -0.003857, 0.006501, -0.005448, 4.618822, -1.914807, 0.0
200.0, -0.005221, 0.008515, -0.003169, 4.618822, -1.914807, 0.0
200.0, -0.005221, 0.008515, -0.003169, 4.618822, -1.914807, 0.0
218.0, -0.006509, 0.010511, -0.002846, 4.618822, -1.914807, 0.0
218.0, -0.006509, 0.010511, -0.002846, 4.618822, -1.914807, 0.0
233.0, -0.008287, 0.013429, -0.001671, 4.618822, -1.914807, 0.0
251.0, -0.010416, 0.016857, -0.000328, 4.618822, -1.914807, 0.0
251.0, -0.010416, 0.016857, -0.000328, 4.618822, -1.914807, 0.0
267.0, -0.012838, 0.020707, 0.000864, 4.618822, -1.914807, 0.0
267.0, -0.012838, 0.020707, 0.000864, 4.618822, -1.914807, 0.0
283.0, -0.015577, 0.024961, 0.001939, 4.618822, -1.914807, 0.0
301.0, -0.018632, 0.029582, 0.002877, 4.618822, -1.914807, 0.0
301.0, -0.018632, 0.029582, 0.002877, 4.618822, -1.914807, 0.0
316.0, -0.022015, 0.034563, 0.003701, 4.618822, -1.914807, 0.0
316.0, -0.022015, 0.034563, 0.003701, 4.618822, -1.914807, 0.0
333.0, -0.025734, 0.039902, 0.004429, 4.618822, -1.914807, 0.0
350.0, -0.029795, 0.045596, 0.005072, 4.618822, -1.914807, 0.0
350.0, -0.029795, 0.045596, 0.005072, 4.618822, -1.914807, 0.0
366.0, -0.034201, 0.051642, 0.005642, 4.618822, -1.914807, 0.0
366.0, -0.034201, 0.051642, 0.005642, 4.618822, -1.914807, 0.0
383.0, -0.038955, 0.058039, 0.00615, 4.618822, -1.914807, 0.0
400.0, -0.044061, 0.064786, 0.006604, 4.618822, -1.914807, 0.0
400.0, -0.044061, 0.064786, 0.006604, 4.618822, -1.914807, 0.0
417.0, -0.04952, 0.071881, 0.007014, 4.618822, -1.914807, 0.0
417.0, -0.04952, 0.071881, 0.007014, 4.618822, -1.914807, 0.0
433.0, -0.055335, 0.079324, 0.007386, 4.618822, -1.914807, 0.0
451.0, -0.061507, 0.087112, 0.007728, 4.618822, -1.914807, 0.0
451.0, -0.061507, 0.087112, 0.007728, 4.618822, -1.914807, 0.0
466.0, -0.068038, 0.095245, 0.008045, 4.618822, -1.914807, 0.0
466.0, -0.068038, 0.095245, 0.008045, 4.618822, -1.914807, 0.0
483.0, -0.07493, 0.10372, 0.008342, 4.618822, -1.914807, 0.0
501.0, -0.082185, 0.112538, 0.008622, 4.618822, -1.914807, 0.0
501.0, -0.082185, 0.112538, 0.008622, 4.618822, -1.914807, 0.0
517.0, -0.089802, 0.121697, 0.00889, 4.618822, -1.914807, 0.0
517.0, -0.089802, 0.121697, 0.00889, 4.618822, -1.914807, 0.0
533.0, -0.097783, 0.131197, 0.009148, 4.618822, -1.914807, 0.0
550.0, -0.10613, 0.141035, 0.009399, 4.618822, -1.914807, 0.0
550.0, -0.10613, 0.141035, 0.009399, 4.618822, -1.914807, 0.0
566.0, -0.114844, 0.151212, 0.009644, 4.618822, -1.914807, 0.0
566.0, -0.114844, 0.151212, 0.009644, 4.618822, -1.914807, 0.0
583.0, -0.123926, 0.161727, 0.009883, 4.618822, -1.914807, 0.0
599.0, -0.133377, 0.172578, 0.01012, 4.618822, -1.914807, 0.0
599.0, -0.133377, 0.172578, 0.01012, 4.618822, -1.914807, 0.0
617.0, -0.143197, 0.183766, 0.010353, 4.618822, -1.914807, 0.0
617.0, -0.143197, 0.183766, 0.010353, 4.618822, -1.914807, 0.0
633.0, -0.153387, 0.195289, 0.010585, 4.618822, -1.914807, 0.0
650.0, -0.163949, 0.207146, 0.010814, 4.618822, -1.914807, 0.0
650.0, -0.163949, 0.207146, 0.010814, 4.618822, -1.914807, 0.0
667.0, -0.174883, 0.219338, 0.011042, 4.618822, -1.914807, 0.0
667.0, -0.174883, 0.219338, 0.011042, 4.618822, -1.914807, 0.0
683.0, -0.18619, 0.231861, 0.011268, 4.618822, -1.914807, 0.0
701.0, -0.197871, 0.244717, 0.011493, 4.618822, -1.914807, 0.0
701.0, -0.197871, 0.244717, 0.011493, 4.618822, -1.914807, 0.0
717.0, -0.209925, 0.257905, 0.011717, 4.618822, -1.914807, 0.0
717.0, -0.209925, 0.257905, 0.011717, 4.618822, -1.914807, 0.0
733.0, -0.222354, 0.271423, 0.01194, 4.618822, -1.914807, 0.0
750.0, -0.235159, 0.285271, 0.012162, 4.618822, -1.914807, 0.0
750.0, -0.235159, 0.285271, 0.012162, 4.618822, -1.914807, 0.0
766.0, -0.248339, 0.299449, 0.012382, 4.618822, -1.914807, 0.0
766.0, -0.248339, 0.299449, 0.012382, 4.618822, -1.914807, 0.0
783.0, -0.261896, 0.313955, 0.012602, 4.618822, -1.914807, 0.0
800.0, -0.27583, 0.32879, 0.012821, 4.618822, -1.914807, 0.0
800.0, -0.27583, 0.32879, 0.012821, 4.618822, -1.914807, 0.0
817.0, -0.290141, 0.343954, 0.013039, 4.618822, -1.914807, 0.0
817.0, -0.290141, 0.343954, 0.013039, 4.618822, -1.914807, 0.0
832.0, -0.30483, 0.359445, 0.013256, 4.618822, -1.914807, 0.0
850.0, -0.319897, 0.375263, 0.013471, 4.618822, -1.914807, 0.0
850.0, -0.319897, 0.375263, 0.013471, 4.618822, -1.914807, 0.0
867.0, -0.335342, 0.391409, 0.013686, 4.618822, -1.914807, 0.0
867.0, -0.335342, 0.391409, 0.013686, 4.618822, -1.914807, 0.0
883.0, -0.351166, 0.407882, 0.013899, 4.618822, -1.914807, 0.0
900.0, -0.367368, 0.424682, 0.014111, 4.618822, -1.914807, 0.0
900.0, -0.367368, 0.424682, 0.014111, 4.618822, -1.914807, 0.0
917.0, -0.383948, 0.441808, 0.014323, 4.618822, -1.914807, 0.0
917.0, -0.383948, 0.441808, 0.014323, 4.618822, -1.914807, 0.0
933.0, -0.400907, 0.459263, 0.014533, 4.618822, -1.914807, 0.0
950.0, -0.418244, 0.477044, 0.014743, 4.618822, -1.914807, 0.0
950.0, -0.418244, 0.477044, 0.014743, 4.618822, -1.914807, 0.0
966.0, -0.435958, 0.495154, 0.014951, 4.618822, -1.914807, 0.0
966.0, -0.435958, 0.495154, 0.014951, 4.618822, -1.914807, 0.0
983.0, -0.45405, 0.513592, 0.015158, 4.618822, -1.914807, 0.0
1000.0, -0.472518, 0.532359, 0.015364, 4.618822, -1.914807, 0.0
1000.0, -0.472518, 0.532359, 0.015364, 4.618822, -1.914807, 0.0
1017.0, -0.491363, 0.551455, 0.015569, 4.618822, -1.914807, 0.0
1017.0, -0.491363, 0.551455, 0.015569, 4.618822, -1.914807, 0.0
1033.0, -0.510583, 0.57088, 0.015773, 4.618822, -1.914807, 0.0
1051.0, -0.530177, 0.590637, 0.015977, 4.618822, -1.914807, 0.0
1051.0, -0.530177, 0.590637, 0.015977, 4.618822, -1.914807, 0.0
1066.0, -0.550143, 0.610726, 0.016179, 4.618822, -1.914807, 0.0
1066.0, -0.550143, 0.610726, 0.016179, 4.618822, -1.914807, 0.0
1083.0, -0.570482, 0.631149, 0.01638, 4.618822, -1.914807, 0.0
1100.0, -0.591192, 0.651908, 0.016581, 4.618822, -1.914807, 0.0
1100.0, -0.591192, 0.651908, 0.016581, 4.618822, -1.914807, 0.0
1117.0, -0.612272, 0.673002, 0.016781, 4.618822, -1.914807, 0.0
1117.0, -0.612272, 0.673002, 0.016781, 4.618822, -1.914807, 0.0
1133.0, -0.633721, 0.694435, 0.016981, 4.618822, -1.914807, 0.0
1148.0, -0.655535, 0.716208, 0.01718, 4.618822, -1.914807, 0.0
1148.0, -0.655535, 0.716208, 0.01718, 4.618822, -1.914807, 0.0
1165.0, -0.677713, 0.738324, 0.017378, 4.618822, -1.914807, 0.0
1165.0, -0.677713, 0.738324, 0.017378, 4.618822, -1.914807, 0.0
1182.0, -0.700253, 0.760785, 0.017576, 4.618822, -1.914807, 0.0
1199.0, -0.723152, 0.783592, 0.017773, 4.618822, -1.914807, 0.0
1199.0, -0.723152, 0.783592, 0.017773, 4.618822, -1.914807, 0.0
1217.0, -0.746411, 0.806747, 0.01797, 4.618822, -1.914807, 0.0
1217.0, -0.746411, 0.806747, 0.01797, 4.618822, -1.914807, 0.0
1232.0, -0.77003, 0.830249, 0.018169, 4.618822, -1.914807, 0.0
1250.0, -0.794011, 0.854096, 0.01837, 4.618822, -1.914807, 0.0
1250.0, -0.794011, 0.854096, 0.01837, 4.618822, -1.914807, 0.0
1266.0, -0.818358, 0.878284, 0.018573, 4.618822, -1.914807, 0.0
1266.0, -0.818358, 0.878284, 0.018573, 4.618822, -1.914807, 0.0
1282.0, -0.843071, 0.902812, 0.01878, 4.618822, -1.914807, 0.0
1299.0, -0.868152, 0.927676, 0.018989, 4.618822, -1.914807, 0.0
1299.0, -0.868152, 0.927676, 0.018989, 4.618822, -1.914807, 0.0
1317.0, -0.893604, 0.952876, 0.0192, 4.618822, -1.914807, 0.0
1317.0, -0.893604, 0.952876, 0.0192, 4.618822, -1.914807, 0.0
1332.0, -0.91944, 0.978376, 0.019416, 4.618822, -1.914807, 0.0
1350.0, -0.945677, 1.004131, 0.019639, 4.618822, -1.914807, 0.0
1350.0, -0.945677, 1.004131, 0.019639, 4.618822, -1.914807, 0.0
1367.0, -0.972333, 1.030098, 0.019866, 4.618822, -1.914807, 0.0
1367.0, -0.972333, 1.030098, 0.019866, 4.618822, -1.914807, 0.0
1382.0, -0.999422, 1.056237, 0.020096, 4.618822, -1.914807, 0.0
1399.0, -1.026957, 1.082518, 0.020326, 4.618822, -1.914807, 0.0
1399.0, -1.026957, 1.082518, 0.020326, 4.618822, -1.914807, 0.0
1417.0, -1.054949, 1.108911, 0.020551, 4.618822, -1.914807, 0.0
1417.0, -1.054949, 1.108911, 0.020551, 4.618822, -1.914807, 0.0
1432.0, -1.083319, 1.13543, 0.020733, 4.618822, -1.914807, 0.0
1449.0, -1.111965, 1.162102, 0.020842, 4.618822, -1.914807, 0.0
1449.0, -1.111965, 1.162102, 0.020842, 4.618822, -1.914807, 0.0
1466.0, -1.140787, 1.188953, 0.020859, 4.618822, -1.914807, 0.0
1466.0, -1.140787, 1.188953, 0.020859, 4.618822, -1.914807, 0.0
1482.0, -1.169693, 1.21601, 0.020785, 4.618822, -1.914807, 0.0
1499.0, -1.198608, 1.243294, 0.020629, 4.618822, -1.914807, 0.0
1499.0, -1.198608, 1.243294, 0.020629, 4.618822, -1.914807, 0.0
1517.0, -1.227465, 1.270827, 0.020408, 4.618822, -1.914807, 0.0
1517.0, -1.227465, 1.270827, 0.020408, 4.618822, -1.914807, 0.0
1533.0, -1.256215, 1.298626, 0.020143, 4.618822, -1.914807, 0.0
1549.0, -1.284815, 1.32671, 0.019854, 4.618822, -1.914807, 0.0
1549.0, -1.284815, 1.32671, 0.019854, 4.618822, -1.914807, 0.0
1567.0, -1.313231, 1.355092, 0.019559, 4.618822, -1.914807, 0.0
1567.0, -1.313231, 1.355092, 0.019559, 4.618822, -1.914807, 0.0
1582.0, -1.341435, 1.383787, 0.019273, 4.618822, -1.914807, 0.0
1599.0, -1.369404, 1.412806, 0.01901, 4.618822, -1.914807, 0.0
1599.0, -1.369404, 1.412806, 0.01901, 4.618822, -1.914807, 0.0
1617.0, -1.39712, 1.442158, 0.018778, 4.618822, -1.914807, 0.0
1617.0, -1.39712, 1.442158, 0.018778, 4.618822, -1.914807, 0.0
1632.0, -1.42456, 1.471846, 0.01858, 4.618822, -1.914807, 0.0
1649.0, -1.451704, 1.501867, 0.018415, 4.618822, -1.914807, 0.0
1649.0, -1.451704, 1.501867, 0.018415, 4.618822, -1.914807, 0.0
1666.0, -1.478531, 1.532217, 0.018284, 4.618822, -1.914807, 0.0
1666.0, -1.478531, 1.532217, 0.018284, 4.618822, -1.914807, 0.0
1683.0, -1.505028, 1.562893, 0.018183, 4.618822, -1.914807, 0.0
1699.0, -1.53118, 1.593893, 0.018113, 4.618822, -1.914807, 0.0
1699.0, -1.53118, 1.593893, 0.018113, 4.618822, -1.914807, 0.0
1718.0, -1.556977, 1.625213, 0.018071, 4.618822, -1.914807, 0.0
1718.0, -1.556977, 1.625213, 0.018071, 4.618822, -1.914807, 0.0
1733.0, -1.582404, 1.65684, 0.018051, 4.618822, -1.914807, 0.0
1749.0, -1.607445, 1.688757, 0.018049, 4.618822, -1.914807, 0.0
1749.0, -1.607445, 1.688757, 0.018049, 4.618822, -1.914807, 0.0
1767.0, -1.632087, 1.720946, 0.018059, 4.618822, -1.914807, 0.0
1767.0, -1.632087, 1.720946, 0.018059, 4.618822, -1.914807, 0.0
1783.0, -1.656317, 1.753392, 0.018078, 4.618822, -1.914807, 0.0
1799.0, -1.680126, 1.786084, 0.018104, 4.618822, -1.914807, 0.0
1799.0, -1.680126, 1.786084, 0.018104, 4.618822, -1.914807, 0.0
1816.0, -1.703506, 1.819009, 0.018136, 4.618822, -1.914807, 0.0
1816.0, -1.703506, 1.819009, 0.018136, 4.618822, -1.914807, 0.0
1832.0, -1.726446, 1.852146, 0.01817, 4.618822, -1.914807, 0.0
1849.0, -1.748938, 1.885469, 0.018203, 4.618822, -1.914807, 0.0
1849.0, -1.748938, 1.885469, 0.018203, 4.618822, -1.914807, 0.0
1866.0, -1.770974, 1.918954, 0.018234, 4.618822, -1.914807, 0.0
1866.0, -1.770974, 1.918954, 0.018234, 4.618822, -1.914807, 0.0
1883.0, -1.792545, 1.952582, 0.018261, 4.618822, -1.914807, 0.0
1899.0, -1.813647, 1.986336, 0.018283, 4.618822, -1.914807, 0.0
1899.0, -1.813647, 1.986336, 0.018283, 4.618822, -1.914807, 0.0
1917.0, -1.834275, 2.020201, 0.018301, 4.618822, -1.914807, 0.0
1917.0, -1.834275, 2.020201, 0.018301, 4.618822, -1.914807, 0.0
1933.0, -1.854425, 2.054152, 0.018314, 4.618822, -1.914807, 0.0
1949.0, -1.874095, 2.088163, 0.018321, 4.618822, -1.914807, 0.0
1949.0, -1.874095, 2.088163, 0.018321, 4.618822, -1.914807, 0.0
1966.0, -1.893282, 2.122211, 0.018322, 4.618822, -1.914807, 0.0
1966.0, -1.893282, 2.122211, 0.018322, 4.618822, -1.914807, 0.0
1983.0, -1.911985, 2.156273, 0.018317, 4.618822, -1.914807, 0.0
1999.0, -1.930203, 2.190334, 0.018305, 4.618822, -1.914807, 0.0
1999.0, -1.930203, 2.190334, 0.018305, 4.618822, -1.914807, 0.0
2017.0, -1.947934, 2.224379, 0.018287, 4.618822, -1.914807, 0.0
2017.0, -1.947934, 2.224379, 0.018287, 4.618822, -1.914807, 0.0
2032.0, -1.965181, 2.258386, 0.018263, 4.618822, -1.914807, 0.0
2049.0, -1.981947, 2.292332, 0.018233, 4.618822, -1.914807, 0.0
2049.0, -1.981947, 2.292332, 0.018233, 4.618822, -1.914807, 0.0
2066.0, -1.998234, 2.326197, 0.018197, 4.618822, -1.914807, 0.0
2066.0, -1.998234, 2.326197, 0.018197, 4.618822, -1.914807, 0.0
2082.0, -2.014044, 2.359962, 0.018156, 4.618822, -1.914807, 0.0
2099.0, -2.029381, 2.393613, 0.018108, 4.618822, -1.914807, 0.0
2099.0, -2.029381, 2.393613, 0.018108, 4.618822, -1.914807, 0.0
2117.0, -2.044245, 2.427137, 0.018054, 4.618822, -1.914807, 0.0
2117.0, -2.044245, 2.427137, 0.018054, 4.618822, -1.914807, 0.0
2132.0, -2.058641, 2.460516, 0.017994, 4.618822, -1.914807, 0.0
2149.0, -2.072577, 2.493733, 0.017928, 4.618822, -1.914807, 0.0
2149.0, -2.072577, 2.493733, 0.017928, 4.618822, -1.914807, 0.0
2166.0, -2.086056, 2.526772, 0.017858, 4.618822, -1.914807, 0.0
2166.0, -2.086056, 2.526772, 0.017858, 4.618822, -1.914807, 0.0
2183.0, -2.099084, 2.55962, 0.017782, 4.618822, -1.914807, 0.0
2200.0, -2.111666, 2.592267, 0.0177, 4.618822, -1.914807, 0.0
2200.0, -2.111666, 2.592267, 0.0177, 4.618822, -1.914807, 0.0
2217.0, -2.123803, 2.624701, 0.017612, 4.618822, -1.914807, 0.0
2217.0, -2.123803, 2.624701, 0.017612, 4.618822, -1.914807, 0.0
2233.0, -2.135504, 2.656911, 0.017518, 4.618822, -1.914807, 0.0
2250.0, -2.146772, 2.688884, 0.017419, 4.618822, -1.914807, 0.0
2250.0, -2.146772, 2.688884, 0.017419, 4.618822, -1.914807, 0.0
2266.0, -2.157615, 2.720609, 0.017315, 4.618822, -1.914807, 0.0
2266.0, -2.157615, 2.720609, 0.017315, 4.618822, -1.914807, 0.0
2283.0, -2.168038, 2.752076, 0.017206, 4.618822, -1.914807, 0.0
2300.0, -2.178045, 2.783278, 0.01709, 4.618822, -1.914807, 0.0
2300.0, -2.178045, 2.783278, 0.01709, 4.618822, -1.914807, 0.0
2316.0, -2.187639, 2.814206, 0.016969, 4.618822, -1.914807, 0.0
2316.0, -2.187639, 2.814206, 0.016969, 4.618822, -1.914807, 0.0
2332.0, -2.196827, 2.844855, 0.016842, 4.618822, -1.914807, 0.0
2348.0, -2.205613, 2.875215, 0.01671, 4.618822, -1.914807, 0.0
2348.0, -2.205613, 2.875215, 0.01671, 4.618822, -1.914807, 0.0
2366.0, -2.214003, 2.905278, 0.016574, 4.618822, -1.914807, 0.0
2366.0, -2.214003, 2.905278, 0.016574, 4.618822, -1.914807, 0.0
2382.0, -2.222, 2.935038, 0.016432, 4.618822, -1.914807, 0.0
2399.0, -2.22961, 2.964489, 0.016285, 4.618822, -1.914807, 0.0
2399.0, -2.22961, 2.964489, 0.016285, 4.618822, -1.914807, 0.0
2418.0, -2.236835, 2.993626, 0.016133, 4.618822, -1.914807, 0.0
2418.0, -2.236835, 2.993626, 0.016133, 4.618822, -1.914807, 0.0
2433.0, -2.243678, 3.022445, 0.015976, 4.618822, -1.914807, 0.0
2450.0, -2.250145, 3.050939, 0.015815, 4.618822, -1.914807, 0.0
2450.0, -2.250145, 3.050939, 0.015815, 4.618822, -1.914807, 0.0
2467.0, -2.25624, 3.079104, 0.01565, 4.618822, -1.914807, 0.0
2467.0, -2.25624, 3.079104, 0.01565, 4.618822, -1.914807, 0.0
2483.0, -2.261966, 3.106936, 0.015481, 4.618822, -1.914807, 0.0
2500.0, -2.267326, 3.134431, 0.015308, 4.618822, -1.914807, 0.0
2500.0, -2.267326, 3.134431, 0.015308, 4.618822, -1.914807, 0.0
2517.0, -2.272323, 3.161587, 0.01513, 4.618822, -1.914807, 0.0
2517.0, -2.272323, 3.161587, 0.01513, 4.618822, -1.914807, 0.0
2533.0, -2.276959, 3.1884, 0.01495, 4.618822, -1.914807, 0.0
2550.0, -2.281238, 3.214865, 0.014766, 4.618822, -1.914807, 0.0
2550.0, -2.281238, 3.214865, 0.014766, 4.618822, -1.914807, 0.0
2566.0, -2.285162, 3.240982, 0.014579, 4.618822, -1.914807, 0.0
2566.0, -2.285162, 3.240982, 0.014579, 4.618822, -1.914807, 0.0
2582.0, -2.288734, 3.266747, 0.014389, 4.618822, -1.914807, 0.0
2599.0, -2.291956, 3.292157, 0.014197, 4.618822, -1.914807, 0.0
2599.0, -2.291956, 3.292157, 0.014197, 4.618822, -1.914807, 0.0
2617.0, -2.29483, 3.317212, 0.014002, 4.618822, -1.914807, 0.0
2617.0, -2.29483, 3.317212, 0.014002, 4.618822, -1.914807, 0.0
2633.0, -2.297357, 3.341908, 0.013804, 4.618822, -1.914807, 0.0
2650.0, -2.29954, 3.366246, 0.013604, 4.618822, -1.914807, 0.0
2650.0, -2.29954, 3.366246, 0.013604, 4.618822, -1.914807, 0.0
2666.0, -2.301379, 3.390222, 0.013402, 4.618822, -1.914807, 0.0
2666.0, -2.301379, 3.390222, 0.013402, 4.618822, -1.914807, 0.0
2683.0, -2.302876, 3.413835, 0.013199, 4.618822, -1.914807, 0.0
2700.0, -2.304033, 3.437084, 0.012993, 4.618822, -1.914807, 0.0
2700.0, -2.304033, 3.437084, 0.012993, 4.618822, -1.914807, 0.0
2717.0, -2.30485, 3.459968, 0.012786, 4.618822, -1.914807, 0.0
2717.0, -2.30485, 3.459968, 0.012786, 4.618822, -1.914807, 0.0
2733.0, -2.305328, 3.482486, 0.012578, 4.618822, -1.914807, 0.0
2748.0, -2.305467, 3.504639, 0.012369, 4.618822, -1.914807, 0.0
2750.0, -2.305467, 3.504639, 0.012369, 4.618822, -1.914807, 0.0
2766.0, -2.305267, 3.526425, 0.012159, 4.618822, -1.914807, 0.0
2766.0, -2.305267, 3.526425, 0.012159, 4.618822, -1.914807, 0.0
2782.0, -2.304729, 3.547846, 0.011947, 4.618822, -1.914807, 0.0
2800.0, -2.303852, 3.568901, 0.011735, 4.618822, -1.914807, 0.0
2800.0, -2.303852, 3.568901, 0.011735, 4.618822, -1.914807, 0.0
2817.0, -2.302636, 3.58959, 0.011523, 4.618822, -1.914807, 0.0
2817.0, -2.302636, 3.58959, 0.011523, 4.618822, -1.914807, 0.0
2832.0, -2.301081, 3.609915, 0.01131, 4.618822, -1.914807, 0.0
2850.0, -2.299185, 3.629878, 0.011097, 4.618822, -1.914807, 0.0
2850.0, -2.299185, 3.629878, 0.011097, 4.618822, -1.914807, 0.0
2867.0, -2.296945, 3.649479, 0.010883, 4.618822, -1.914807, 0.0
2867.0, -2.296945, 3.649479, 0.010883, 4.618822, -1.914807, 0.0
2883.0, -2.29436, 3.66872, 0.010669, 4.618822, -1.914807, 0.0
2899.0, -2.29143, 3.687603, 0.010456, 4.618822, -1.914807, 0.0
2899.0, -2.29143, 3.687603, 0.010456, 4.618822, -1.914807, 0.0
2917.0, -2.288153, 3.706128, 0.010242, 4.618822, -1.914807, 0.0
2917.0, -2.288153, 3.706128, 0.010242, 4.618822, -1.914807, 0.0
2932.0, -2.284526, 3.7243, 0.010029, 4.618822, -1.914807, 0.0
2950.0, -2.280543, 3.742122, 0.009816, 4.618822, -1.914807, 0.0
2950.0, -2.280543, 3.742122, 0.009816, 4.618822, -1.914807, 0.0
2965.0, -2.276202, 3.7596, 0.009602, 4.618822, -1.914807, 0.0
2965.0, -2.276202, 3.7596, 0.009602, 4.618822, -1.914807, 0.0
2982.0, -2.271498, 3.776737, 0.009388, 4.618822, -1.914807, 0.0
3000.0, -2.266429, 3.793537, 0.009175, 4.618822, -1.914807, 0.0
3000.0, -2.266429, 3.793537, 0.009175, 4.618822, -1.914807, 0.0
3017.0, -2.260992, 3.810002, 0.008962, 4.618822, -1.914807, 0.0
3017.0, -2.260992, 3.810002, 0.008962, 4.618822, -1.914807, 0.0
3032.0, -2.25518, 3.826141, 0.008749, 4.618822, -1.914807, 0.0
3050.0, -2.248986, 3.841964, 0.008535, 4.618822, -1.914807, 0.0
3050.0, -2.248986, 3.841964, 0.008535, 4.618822, -1.914807, 0.0
3067.0, -2.242402, 3.857481, 0.00832, 4.618822, -1.914807, 0.0
3067.0, -2.242402, 3.857481, 0.00832, 4.618822, -1.914807, 0.0
3082.0, -2.235422, 3.872698, 0.008103, 4.618822, -1.914807, 0.0
3100.0, -2.22804, 3.887625, 0.007886, 4.618822, -1.914807, 0.0
3100.0, -2.22804, 3.887625, 0.007886, 4.618822, -1.914807, 0.0
3118.0, -2.220252, 3.902265, 0.007669, 4.618822, -1.914807, 0.0
3118.0, -2.220252, 3.902265, 0.007669, 4.618822, -1.914807, 0.0
3133.0, -2.212048, 3.916639, 0.007451, 4.618822, -1.914807, 0.0
3148.0, -2.203417, 3.930768, 0.007231, 4.618822, -1.914807, 0.0
3148.0, -2.203417, 3.930768, 0.007231, 4.618822, -1.914807, 0.0
3166.0, -2.194347, 3.944676, 0.00701, 4.618822, -1.914807, 0.0
3166.0, -2.194347, 3.944676, 0.00701, 4.618822, -1.914807, 0.0
3182.0, -2.184831, 3.958378, 0.006789, 4.618822, -1.914807, 0.0
3199.0, -2.17486, 3.971892, 0.006568, 4.618822, -1.914807, 0.0
3199.0, -2.17486, 3.971892, 0.006568, 4.618822, -1.914807, 0.0
3216.0, -2.164428, 3.985229, 0.00635, 4.618822, -1.914807, 0.0
3216.0, -2.164428, 3.985229, 0.00635, 4.618822, -1.914807, 0.0
3232.0, -2.153629, 3.998403, 0.006177, 4.618822, -1.914807, 0.0
3249.0, -2.142581, 4.011422, 0.006086, 4.618822, -1.914807, 0.0
3249.0, -2.142581, 4.011422, 0.006086, 4.618822, -1.914807, 0.0
3266.0, -2.131405, 4.024295, 0.006096, 4.618822, -1.914807, 0.0
3266.0, -2.131405, 4.024295, 0.006096, 4.618822, -1.914807, 0.0
3282.0, -2.120205, 4.037029, 0.006212, 4.618822, -1.914807, 0.0
3300.0, -2.109073, 4.049628, 0.006425, 4.618822, -1.914807, 0.0
3300.0, -2.109073, 4.049628, 0.006425, 4.618822, -1.914807, 0.0
3317.0, -2.098087, 4.062097, 0.006718, 4.618822, -1.914807, 0.0
3317.0, -2.098087, 4.062097, 0.006718, 4.618822, -1.914807, 0.0
3333.0, -2.087305, 4.074425, 0.007068, 4.618822, -1.914807, 0.0
3350.0, -2.076772, 4.086599, 0.007453, 4.618822, -1.914807, 0.0
3350.0, -2.076772, 4.086599, 0.007453, 4.618822, -1.914807, 0.0
3367.0, -2.066527, 4.098603, 0.007848, 4.618822, -1.914807, 0.0
3367.0, -2.066527, 4.098603, 0.007848, 4.618822, -1.914807, 0.0
3383.0, -2.056598, 4.110425, 0.008237, 4.618822, -1.914807, 0.0
3399.0, -2.04701, 4.122055, 0.008605, 4.618822, -1.914807, 0.0
3399.0, -2.04701, 4.122055, 0.008605, 4.618822, -1.914807, 0.0
3417.0, -2.037782, 4.133482, 0.00894, 4.618822, -1.914807, 0.0
3417.0, -2.037782, 4.133482, 0.00894, 4.618822, -1.914807, 0.0
3432.0, -2.02893, 4.144701, 0.009236, 4.618822, -1.914807, 0.0
3449.0, -2.020465, 4.155704, 0.009488, 4.618822, -1.914807, 0.0
3449.0, -2.020465, 4.155704, 0.009488, 4.618822, -1.914807, 0.0
3466.0, -2.012398, 4.166486, 0.009695, 4.618822, -1.914807, 0.0
3466.0, -2.012398, 4.166486, 0.009695, 4.618822, -1.914807, 0.0
3482.0, -2.004735, 4.177042, 0.009856, 4.618822, -1.914807, 0.0
3499.0, -1.997483, 4.187369, 0.009975, 4.618822, -1.914807, 0.0
3499.0, -1.997483, 4.187369, 0.009975, 4.618822, -1.914807, 0.0
3518.0, -1.990647, 4.197463, 0.010054, 4.618822, -1.914807, 0.0
3518.0, -1.990647, 4.197463, 0.010054, 4.618822, -1.914807, 0.0
3533.0, -1.984231, 4.207325, 0.010096, 4.618822, -1.914807, 0.0
3550.0, -1.978241, 4.216957, 0.010108, 4.618822, -1.914807, 0.0
3550.0, -1.978241, 4.216957, 0.010108, 4.618822, -1.914807, 0.0
3567.0, -1.972679, 4.226359, 0.010091, 4.618822, -1.914807, 0.0
3567.0, -1.972679, 4.226359, 0.010091, 4.618822, -1.914807, 0.0
3582.0, -1.967548, 4.235534, 0.010052, 4.618822, -1.914807, 0.0
3599.0, -1.962851, 4.244482, 0.009993, 4.618822, -1.914807, 0.0
3599.0, -1.962851, 4.244482, 0.009993, 4.618822, -1.914807, 0.0
3617.0, -1.95859, 4.253205, 0.009917, 4.618822, -1.914807, 0.0
3617.0, -1.95859, 4.253205, 0.009917, 4.618822, -1.914807, 0.0
3632.0, -1.954767, 4.261709, 0.009827, 4.618822, -1.914807, 0.0
3650.0, -1.951386, 4.269997, 0.009726, 4.618822, -1.914807, 0.0
3650.0, -1.951386, 4.269997, 0.009726, 4.618822, -1.914807, 0.0
3666.0, -1.948447, 4.278075, 0.009616, 4.618822, -1.914807, 0.0
3666.0, -1.948447, 4.278075, 0.009616, 4.618822, -1.914807, 0.0
3682.0, -1.945955, 4.285948, 0.009499, 4.618822, -1.914807, 0.0
3700.0, -1.943909, 4.293621, 0.009375, 4.618822, -1.914807, 0.0
3700.0, -1.943909, 4.293621, 0.009375, 4.618822, -1.914807, 0.0
3717.0, -1.942311, 4.301097, 0.009245, 4.618822, -1.914807, 0.0
3717.0, -1.942311, 4.301097, 0.009245, 4.618822, -1.914807, 0.0
3732.0, -1.941163, 4.308386, 0.00911, 4.618822, -1.914807, 0.0
3750.0, -1.94047, 4.315499, 0.008973, 4.618822, -1.914807, 0.0
3750.0, -1.94047, 4.315499, 0.008973, 4.618822, -1.914807, 0.0
3767.0, -1.940234, 4.32245, 0.008835, 4.618822, -1.914807, 0.0
3767.0, -1.940234, 4.32245, 0.008835, 4.618822, -1.914807, 0.0
3782.0, -1.940458, 4.329247, 0.0087, 4.618822, -1.914807, 0.0
3799.0, -1.941146, 4.335899, 0.008571, 4.618822, -1.914807, 0.0
3799.0, -1.941146, 4.335899, 0.008571, 4.618822, -1.914807, 0.0
3817.0, -1.9423, 4.342415, 0.008451, 4.618822, -1.914807, 0.0
3817.0, -1.9423, 4.342415, 0.008451, 4.618822, -1.914807, 0.0
3832.0, -1.943925, 4.348814, 0.008347, 4.618822, -1.914807, 0.0
3849.0, -1.946026, 4.355116, 0.008265, 4.618822, -1.914807, 0.0
3849.0, -1.946026, 4.355116, 0.008265, 4.618822, -1.914807, 0.0
3866.0, -1.948609, 4.36134, 0.00821, 4.618822, -1.914807, 0.0
3866.0, -1.948609, 4.36134, 0.00821, 4.618822, -1.914807, 0.0
3882.0, -1.951679, 4.367502, 0.008185, 4.618822, -1.914807, 0.0
