0.0, 0.0, 0.0, 0.002231, 2.829553, -2.827301, 0.0
14.0, -0.000066, -0.000222, -0.004082, 2.829553, -2.827301, 0.0
14.0, -0.000066, -0.000222, -0.004082, 2.829553, -2.827301, 0.0
32.0, -0.000083, -0.000191, -0.009556, 2.829553, -2.827301, 0.0
32.0, -0.000083, -0.000191, -0.009556, 2.829553, -2.827301, 0.0
47.0, 0.000028, 0.00022, -0.012323, 2.829553, -2.827301, 0.0
65.0, 0.000315, 0.000971, -0.013496, 2.829553, -2.827301, 0.0
65.0, 0.000315, 0.000971, -0.013496, 2.829553, -2.827301, 0.0
80.0, 0.000734, 0.001932, -0.013482, 2.829659, -2.693966, 0.0
80.0, 0.000734, 0.001932, -0.013482, 2.829659, -2.693966, 0.0
97.0, 0.001206, 0.002952, -0.012611, 2.829659, -2.693966, 0.0
115.0, 0.001649, 0.003879, -0.011153, 2.829659, -2.693966, 0.0
115.0, 0.001649, 0.003879, -0.011153, 2.829659, -2.693966, 0.0
131.0, 0.001824, 0.004492, -0.011245, 2.829659, -2.693966, 0.0
131.0, 0.001824, 0.004492, -0.011245, 2.829659, -2.693966, 0.0
147.0, 0.001882, 0.005133, -0.011153, 2.829659, -2.693966, 0.0
164.0, 0.001717, 0.005887, -0.010078, 2.829659, -2.693966, 0.0
165.0, 0.001717, 0.005887, -0.010078, 2.829659, -2.693966, 0.0
180.0, 0.001234, 0.006654, -0.008136, 2.829659, -2.693966, 0.0
180.0, 0.001234, 0.006654, -0.008136, 2.829659, -2.693966, 0.0
196.0, 0.000404, 0.007512, -0.00597, 2.829659, -2.693966, 0.0
213.0, -0.000367, 0.008062, -0.005886, 2.829659, -2.693966, 0.0
213.0, -0.000367, 0.008062, -0.005886, 2.829659, -2.693966, 0.0
230.0, -0.001775, 0.009174, -0.004635, 2.829659, -2.693966, 0.0
230.0, -0.001775, 0.009174, -0.004635, 2.829659, -2.693966, 0.0
247.0, -0.003645, 0.010403, -0.003171, 2.829659, -2.693966, 0.0
265.0, -0.005941, 0.0117, -0.001784, 2.829659, -2.693966, 0.0
265.0, -0.005941, 0.0117, -0.001784, 2.829659, -2.693966, 0.0
281.0, -0.008695, 0.013024, -0.000478, 2.829659, -2.693966, 0.0
281.0, -0.008695, 0.013024, -0.000478, 2.829659, -2.693966, 0.0
296.0, -0.011926, 0.014346, 0.000733, 2.829659, -2.693966, 0.0
315.0, -0.015647, 0.015648, 0.001836, 2.829659, -2.693966, 0.0
315.0, -0.015647, 0.015648, 0.001836, 2.829659, -2.693966, 0.0
331.0, -0.019866, 0.016919, 0.002822, 2.830057, -2.193962, 0.0
331.0, -0.019866, 0.016919, 0.002822, 2.830057, -2.193962, 0.0
347.0, -0.024587, 0.018151, 0.003684, 2.830057, -2.193962, 0.0
365.0, -0.029812, 0.019339, 0.004424, 2.830057, -2.193962, 0.0
365.0, -0.029812, 0.019339, 0.004424, 2.830057, -2.193962, 0.0
381.0, -0.035542, 0.020479, 0.005044, 2.830057, -2.193962, 0.0
381.0, -0.035542, 0.020479, 0.005044, 2.830057, -2.193962, 0.0
397.0, -0.041778, 0.021569, 0.005552, 2.830057, -2.193962, 0.0
412.0, -0.048517, 0.022607, 0.005956, 2.830057, -2.193962, 0.0
412.0, -0.048517, 0.022607, 0.005956, 2.830057, -2.193962, 0.0
429.0, -0.05576, 0.023591, 0.006269, 2.830057, -2.193962, 0.0
429.0, -0.05576, 0.023591, 0.006269, 2.830057, -2.193962, 0.0
446.0, -0.063504, 0.02452, 0.006501, 2.830057, -2.193962, 0.0
464.0, -0.07175, 0.025394, 0.006664, 2.830057, -2.193962, 0.0
464.0, -0.07175, 0.025394, 0.006664, 2.830057, -2.193962, 0.0
480.0, -0.080497, 0.026211, 0.006771, 2.830057, -2.193962, 0.0
480.0, -0.080497, 0.026211, 0.006771, 2.830057, -2.193962, 0.0
496.0, -0.089742, 0.026971, 0.00683, 2.830057, -2.193962, 0.0
514.0, -0.099486, 0.027672, 0.006851, 2.830057, -2.193962, 0.0
514.0, -0.099486, 0.027672, 0.006851, 2.830057, -2.193962, 0.0
531.0, -0.109728, 0.028314, 0.006843, 2.830057, -2.193962, 0.0
531.0, -0.109728, 0.028314, 0.006843, 2.830057, -2.193962, 0.0
547.0, -0.120467, 0.028895, 0.006812, 2.830057, -2.193962, 0.0
565.0, -0.131703, 0.029415, 0.006765, 2.830057, -2.193962, 0.0
565.0, -0.131703, 0.029415, 0.006765, 2.830057, -2.193962, 0.0
581.0, -0.143334, 0.029887, 0.006666, 2.830456, -1.693959, 0.0
581.0, -0.143334, 0.029887, 0.006666, 2.830456, -1.693959, 0.0
596.0, -0.155232, 0.030326, 0.006484, 2.830456, -1.693959, 0.0
614.0, -0.16727, 0.030746, 0.006207, 2.830456, -1.693959, 0.0
614.0, -0.16727, 0.030746, 0.006207, 2.830456, -1.693959, 0.0
630.0, -0.179335, 0.03116, 0.005835, 2.830456, -1.693959, 0.0
630.0, -0.179335, 0.03116, 0.005835, 2.830456, -1.693959, 0.0
647.0, -0.19133, 0.031581, 0.005383, 2.830456, -1.693959, 0.0
664.0, -0.203175, 0.032018, 0.00487, 2.830456, -1.693959, 0.0
664.0, -0.203175, 0.032018, 0.00487, 2.830456, -1.693959, 0.0
680.0, -0.214805, 0.03248, 0.00432, 2.830456, -1.693959, 0.0
680.0, -0.214805, 0.03248, 0.00432, 2.830456, -1.693959, 0.0
696.0, -0.226166, 0.032976, 0.003753, 2.830456, -1.693959, 0.0
714.0, -0.237213, 0.033513, 0.003192, 2.830456, -1.693959, 0.0
714.0, -0.237213, 0.033513, 0.003192, 2.830456, -1.693959, 0.0
730.0, -0.24791, 0.034099, 0.002651, 2.830456, -1.693959, 0.0
730.0, -0.24791, 0.034099, 0.002651, 2.830456, -1.693959, 0.0
747.0, -0.258228, 0.034738, 0.002145, 2.830456, -1.693959, 0.0
765.0, -0.268145, 0.035436, 0.001683, 2.830456, -1.693959, 0.0
765.0, -0.268145, 0.035436, 0.001683, 2.830456, -1.693959, 0.0
781.0, -0.277642, 0.036197, 0.00127, 2.830456, -1.693959, 0.0
781.0, -0.277642, 0.036197, 0.00127, 2.830456, -1.693959, 0.0
797.0, -0.286704, 0.037025, 0.00091, 2.830456, -1.693959, 0.0
814.0, -0.295321, 0.037923, 0.000605, 2.830456, -1.693959, 0.0
814.0, -0.295321, 0.037923, 0.000605, 2.830456, -1.693959, 0.0
831.0, -0.303485, 0.038893, 0.000351, 2.830854, -1.193955, 0.0
831.0, -0.303485, 0.038893, 0.000351, 2.830854, -1.193955, 0.0
847.0, -0.311188, 0.039937, 0.000147, 2.830854, -1.193955, 0.0
865.0, -0.318424, 0.041057, -0.000011, 2.830854, -1.193955, 0.0
865.0, -0.318424, 0.041057, -0.000011, 2.830854, -1.193955, 0.0
881.0, -0.325189, 0.042254, -0.000129, 2.830854, -1.193955, 0.0
881.0, -0.325189, 0.042254, -0.000129, 2.830854, -1.193955, 0.0
896.0, -0.331479, 0.043527, -0.000211, 2.830854, -1.193955, 0.0
913.0, -0.337292, 0.044877, -0.000262, 2.830854, -1.193955, 0.0
913.0, -0.337292, 0.044877, -0.000262, 2.830854, -1.193955, 0.0
930.0, -0.342626, 0.046303, -0.000287, 2.830854, -1.193955, 0.0
930.0, -0.342626, 0.046303, -0.000287, 2.830854, -1.193955, 0.0
947.0, -0.347479, 0.047804, -0.000292, 2.830854, -1.193955, 0.0
964.0, -0.351852, 0.04938, -0.000281, 2.830854, -1.193955, 0.0
964.0, -0.351852, 0.04938, -0.000281, 2.830854, -1.193955, 0.0
980.0, -0.355745, 0.051028, -0.000261, 2.830854, -1.193955, 0.0
980.0, -0.355745, 0.051028, -0.000261, 2.830854, -1.193955, 0.0
996.0, -0.359159, 0.052747, -0.000239, 2.830854, -1.193955, 0.0
1014.0, -0.362097, 0.054534, -0.000222, 2.830854, -1.193955, 0.0
1014.0, -0.362097, 0.054534, -0.000222, 2.830854, -1.193955, 0.0
1030.0, -0.364563, 0.056387, -0.00022, 2.830854, -1.193955, 0.0
1030.0, -0.364563, 0.056387, -0.00022, 2.830854, -1.193955, 0.0
1047.0, -0.366564, 0.058304, -0.000244, 2.830854, -1.193955, 0.0
1065.0, -0.368107, 0.060287, -0.000303, 2.830854, -1.193955, 0.0
1065.0, -0.368107, 0.060287, -0.000303, 2.830854, -1.193955, 0.0
1081.0, -0.369202, 0.062339, -0.000403, 2.831252, -0.69395, 0.0
1081.0, -0.369202, 0.062339, -0.000403, 2.831252, -0.69395, 0.0
1097.0, -0.369854, 0.064469, -0.000538, 2.831252, -0.69395, 0.0
1114.0, -0.370066, 0.066691, -0.000692, 2.831252, -0.69395, 0.0
1114.0, -0.370066, 0.066691, -0.000692, 2.831252, -0.69395, 0.0
1131.0, -0.369831, 0.069018, -0.000847, 2.831252, -0.69395, 0.0
1131.0, -0.369831, 0.069018, -0.000847, 2.831252, -0.69395, 0.0
1147.0, -0.369133, 0.071463, -0.000987, 2.831252, -0.69395, 0.0
1164.0, -0.367954, 0.074031, -0.001108, 2.831252, -0.69395, 0.0
1164.0, -0.367954, 0.074031, -0.001108, 2.831252, -0.69395, 0.0
1179.0, -0.366279, 0.076718, -0.001211, 2.831252, -0.69395, 0.0
1179.0, -0.366279, 0.076718, -0.001211, 2.831252, -0.69395, 0.0
1196.0, -0.364094, 0.079521, -0.0013, 2.831252, -0.69395, 0.0
1213.0, -0.361392, 0.082431, -0.001381, 2.831252, -0.69395, 0.0
1213.0, -0.361392, 0.082431, -0.001381, 2.831252, -0.69395, 0.0
1230.0, -0.358168, 0.085442, -0.001457, 2.831252, -0.69395, 0.0
1230.0, -0.358168, 0.085442, -0.001457, 2.831252, -0.69395, 0.0
1246.0, -0.354421, 0.088545, -0.00153, 2.831252, -0.69395, 0.0
1265.0, -0.350152, 0.091736, -0.001602, 2.831252, -0.69395, 0.0
1265.0, -0.350152, 0.091736, -0.001602, 2.831252, -0.69395, 0.0
1280.0, -0.34536, 0.09501, -0.001672, 2.831252, -0.69395, 0.0
1280.0, -0.34536, 0.09501, -0.001672, 2.831252, -0.69395, 0.0
1296.0, -0.340048, 0.098364, -0.001739, 2.831252, -0.69395, 0.0
1314.0, -0.33422, 0.101795, -0.001802, 2.831252, -0.69395, 0.0
1314.0, -0.33422, 0.101795, -0.001802, 2.831252, -0.69395, 0.0
1331.0, -0.327878, 0.105301, -0.001862, 2.83165, -0.193946, 0.0
1331.0, -0.327878, 0.105301, -0.001862, 2.83165, -0.193946, 0.0
1347.0, -0.321025, 0.108881, -0.001916, 2.83165, -0.193946, 0.0
1365.0, -0.313662, 0.112533, -0.001965, 2.83165, -0.193946, 0.0
1365.0, -0.313662, 0.112533, -0.001965, 2.83165, -0.193946, 0.0
1380.0, -0.305794, 0.116257, -0.002007, 2.83165, -0.193946, 0.0
1380.0, -0.305794, 0.116257, -0.002007, 2.83165, -0.193946, 0.0
1397.0, -0.297421, 0.120052, -0.002044, 2.83165, -0.193946, 0.0
1414.0, -0.288544, 0.123918, -0.002075, 2.83165, -0.193946, 0.0
1414.0, -0.288544, 0.123918, -0.002075, 2.83165, -0.193946, 0.0
1430.0, -0.279164, 0.127855, -0.002101, 2.83165, -0.193946, 0.0
1430.0, -0.279164, 0.127855, -0.002101, 2.83165, -0.193946, 0.0
1446.0, -0.269283, 0.131864, -0.002121, 2.83165, -0.193946, 0.0
1464.0, -0.258902, 0.135943, -0.002136, 2.83165, -0.193946, 0.0
1464.0, -0.258902, 0.135943, -0.002136, 2.83165, -0.193946, 0.0
1480.0, -0.248021, 0.140094, -0.002146, 2.83165, -0.193946, 0.0
1480.0, -0.248021, 0.140094, -0.002146, 2.83165, -0.193946, 0.0
1497.0, -0.236641, 0.144315, -0.002152, 2.83165, -0.193946, 0.0
1514.0, -0.224762, 0.148606, -0.002153, 2.83165, -0.193946, 0.0
1514.0, -0.224762, 0.148606, -0.002153, 2.83165, -0.193946, 0.0
1531.0, -0.212386, 0.152968, -0.002151, 2.83165, -0.193946, 0.0
1531.0, -0.212386, 0.152968, -0.002151, 2.83165, -0.193946, 0.0
1547.0, -0.199513, 0.157401, -0.002146, 2.83165, -0.193946, 0.0
1565.0, -0.186142, 0.161903, -0.002137, 2.83165, -0.193946, 0.0
1565.0, -0.186142, 0.161903, -0.002137, 2.83165, -0.193946, 0.0
1580.0, -0.172275, 0.166476, -0.002126, 2.832048, 0.306058, 0.0
1580.0, -0.172275, 0.166476, -0.002126, 2.832048, 0.306058, 0.0
1597.0, -0.157911, 0.171119, -0.002112, 2.832048, 0.306058, 0.0
1614.0, -0.143051, 0.175831, -0.002096, 2.832048, 0.306058, 0.0
1614.0, -0.143051, 0.175831, -0.002096, 2.832048, 0.306058, 0.0
1631.0, -0.127695, 0.180613, -0.002079, 2.832048, 0.306058, 0.0
1631.0, -0.127695, 0.180613, -0.002079, 2.832048, 0.306058, 0.0
1646.0, -0.111842, 0.185464, -0.002059, 2.832048, 0.306058, 0.0
1664.0, -0.095494, 0.190385, -0.002039, 2.832048, 0.306058, 0.0
1664.0, -0.095494, 0.190385, -0.002039, 2.832048, 0.306058, 0.0
1680.0, -0.07865, 0.195374, -0.002017, 2.832048, 0.306058, 0.0
1680.0, -0.07865, 0.195374, -0.002017, 2.832048, 0.306058, 0.0
1697.0, -0.061311, 0.200433, -0.001994, 2.832048, 0.306058, 0.0
1714.0, -0.043476, 0.205559, -0.00197, 2.832048, 0.306058, 0.0
1714.0, -0.043476, 0.205559, -0.00197, 2.832048, 0.306058, 0.0
1730.0, -0.025145, 0.210754, -0.001945, 2.832048, 0.306058, 0.0
1730.0, -0.025145, 0.210754, -0.001945, 2.832048, 0.306058, 0.0
1747.0, -0.006318, 0.216017, -0.00192, 2.832048, 0.306058, 0.0
1765.0, 0.013004, 0.221348, -0.001893, 2.832048, 0.306058, 0.0
1765.0, 0.013004, 0.221348, -0.001893, 2.832048, 0.306058, 0.0
1780.0, 0.032822, 0.226747, -0.001866, 2.832048, 0.306058, 0.0
1780.0, 0.032822, 0.226747, -0.001866, 2.832048, 0.306058, 0.0
1797.0, 0.053136, 0.232213, -0.001839, 2.832048, 0.306058, 0.0
1813.0, 0.073945, 0.237746, -0.001811, 2.832048, 0.306058, 0.0
1813.0, 0.073945, 0.237746, -0.001811, 2.832048, 0.306058, 0.0
1831.0, 0.09525, 0.243346, -0.001783, 2.832446, 0.806062, 0.0
1831.0, 0.09525, 0.243346, -0.001783, 2.832446, 0.806062, 0.0
1847.0, 0.117051, 0.249013, -0.001754, 2.832446, 0.806062, 0.0
1865.0, 0.139347, 0.254746, -0.001725, 2.832446, 0.806062, 0.0
1865.0, 0.139347, 0.254746, -0.001725, 2.832446, 0.806062, 0.0
1880.0, 0.162143, 0.260546, -0.001697, 2.832446, 0.806062, 0.0
1880.0, 0.162143, 0.260546, -0.001697, 2.832446, 0.806062, 0.0
1897.0, 0.185437, 0.266413, -0.001669, 2.832446, 0.806062, 0.0
1913.0, 0.209226, 0.272346, -0.00164, 2.832446, 0.806062, 0.0
1913.0, 0.209226, 0.272346, -0.00164, 2.832446, 0.806062, 0.0
1930.0, 0.233511, 0.278343, -0.00161, 2.832446, 0.806062, 0.0
1930.0, 0.233511, 0.278343, -0.00161, 2.832446, 0.806062, 0.0
1946.0, 0.25829, 0.284406, -0.001578, 2.832446, 0.806062, 0.0
1963.0, 0.283565, 0.290534, -0.001547, 2.832446, 0.806062, 0.0
1963.0, 0.283565, 0.290534, -0.001547, 2.832446, 0.806062, 0.0
1980.0, 0.30933, 0.296725, -0.001513, 2.832446, 0.806062, 0.0
1980.0, 0.30933, 0.296725, -0.001513, 2.832446, 0.806062, 0.0
1996.0, 0.33559, 0.30298, -0.001479, 2.832446, 0.806062, 0.0
2013.0, 0.362345, 0.309299, -0.001447, 2.832446, 0.806062, 0.0
2013.0, 0.362345, 0.309299, -0.001447, 2.832446, 0.806062, 0.0
2030.0, 0.389596, 0.315683, -0.001414, 2.832446, 0.806062, 0.0
2030.0, 0.389596, 0.315683, -0.001414, 2.832446, 0.806062, 0.0
2046.0, 0.417343, 0.322129, -0.001383, 2.832446, 0.806062, 0.0
2065.0, 0.445586, 0.32864, -0.001352, 2.832446, 0.806062, 0.0
2065.0, 0.445586, 0.32864, -0.001352, 2.832446, 0.806062, 0.0
2080.0, 0.474327, 0.335214, -0.001321, 2.832844, 1.306065, 0.0
2080.0, 0.474327, 0.335214, -0.001321, 2.832844, 1.306065, 0.0
2097.0, 0.503564, 0.341852, -0.00129, 2.832844, 1.306065, 0.0
2114.0, 0.533297, 0.348552, -0.001259, 2.832844, 1.306065, 0.0
2114.0, 0.533297, 0.348552, -0.001259, 2.832844, 1.306065, 0.0
2130.0, 0.563526, 0.355315, -0.001228, 2.832844, 1.306065, 0.0
2130.0, 0.563526, 0.355315, -0.001228, 2.832844, 1.306065, 0.0
2146.0, 0.594252, 0.36214, -0.001197, 2.832844, 1.306065, 0.0
2165.0, 0.625474, 0.369027, -0.001165, 2.832844, 1.306065, 0.0
2165.0, 0.625474, 0.369027, -0.001165, 2.832844, 1.306065, 0.0
2180.0, 0.657193, 0.375975, -0.001134, 2.832844, 1.306065, 0.0
2180.0, 0.657193, 0.375975, -0.001134, 2.832844, 1.306065, 0.0
2196.0, 0.689408, 0.382985, -0.001102, 2.832844, 1.306065, 0.0
2213.0, 0.722119, 0.390056, -0.001071, 2.832844, 1.306065, 0.0
2213.0, 0.722119, 0.390056, -0.001071, 2.832844, 1.306065, 0.0
2230.0, 0.755327, 0.397188, -0.001039, 2.832844, 1.306065, 0.0
2230.0, 0.755327, 0.397188, -0.001039, 2.832844, 1.306065, 0.0
2247.0, 0.789032, 0.40438, -0.001007, 2.832844, 1.306065, 0.0
2265.0, 0.823233, 0.411631, -0.000975, 2.832844, 1.306065, 0.0
2265.0, 0.823233, 0.411631, -0.000975, 2.832844, 1.306065, 0.0
2281.0, 0.85793, 0.418943, -0.000943, 2.832844, 1.306065, 0.0
2281.0, 0.85793, 0.418943, -0.000943, 2.832844, 1.306065, 0.0
2296.0, 0.893123, 0.426314, -0.000912, 2.832844, 1.306065, 0.0
2313.0, 0.928813, 0.433743, -0.00088, 2.832844, 1.306065, 0.0
2313.0, 0.928813, 0.433743, -0.00088, 2.832844, 1.306065, 0.0
2331.0, 0.965001, 0.441231, -0.000848, 2.833243, 1.806069, 0.0
2331.0, 0.965001, 0.441231, -0.000848, 2.833243, 1.806069, 0.0
2346.0, 1.001684, 0.448777, -0.000817, 2.833243, 1.806069, 0.0
2364.0, 1.038865, 0.456381, -0.000785, 2.833243, 1.806069, 0.0
2365.0, 1.038865, 0.456381, -0.000785, 2.833243, 1.806069, 0.0
2381.0, 1.076542, 0.464043, -0.000754, 2.833243, 1.806069, 0.0
2381.0, 1.076542, 0.464043, -0.000754, 2.833243, 1.806069, 0.0
2396.0, 1.114716, 0.471761, -0.000723, 2.833243, 1.806069, 0.0
2413.0, 1.153387, 0.479537, -0.000692, 2.833243, 1.806069, 0.0
2413.0, 1.153387, 0.479537, -0.000692, 2.833243, 1.806069, 0.0
2430.0, 1.192554, 0.487368, -0.000661, 2.833243, 1.806069, 0.0
2430.0, 1.192554, 0.487368, -0.000661, 2.833243, 1.806069, 0.0
2446.0, 1.232219, 0.495256, -0.00063, 2.833243, 1.806069, 0.0
2464.0, 1.27238, 0.503199, -0.0006, 2.833243, 1.806069, 0.0
2464.0, 1.27238, 0.503199, -0.0006, 2.833243, 1.806069, 0.0
2480.0, 1.312945, 0.511188, -0.000531, 2.833243, 1.806069, 0.0
2480.0, 1.312945, 0.511188, -0.000531, 2.833243, 1.806069, 0.0
2496.0, 1.353778, 0.519206, -0.000385, 2.833243, 1.806069, 0.0
2514.0, 1.394752, 0.527235, -0.000142, 2.833243, 1.806069, 0.0
2514.0, 1.394752, 0.527235, -0.000142, 2.833243, 1.806069, 0.0
2530.0, 1.435754, 0.535261, 0.000198, 2.833243, 1.806069, 0.0
2530.0, 1.435754, 0.535261, 0.000198, 2.833243, 1.806069, 0.0
2546.0, 1.476686, 0.54327, 0.000626, 2.833243, 1.806069, 0.0
2565.0, 1.517468, 0.55125, 0.001122, 2.833243, 1.806069, 0.0
2565.0, 1.517468, 0.55125, 0.001122, 2.833243, 1.806069, 0.0
2580.0, 1.558026, 0.559193, 0.001666, 2.833641, 2.306074, 0.0
2580.0, 1.558026, 0.559193, 0.001666, 2.833641, 2.306074, 0.0
2596.0, 1.598312, 0.567093, 0.002232, 2.833641, 2.306074, 0.0
2614.0, 1.638284, 0.574947, 0.0028, 2.833641, 2.306074, 0.0
2614.0, 1.638284, 0.574947, 0.0028, 2.833641, 2.306074, 0.0
2630.0, 1.677907, 0.582754, 0.003352, 2.833641, 2.306074, 0.0
2631.0, 1.677907, 0.582754, 0.003352, 2.833641, 2.306074, 0.0
2646.0, 1.717152, 0.590513, 0.003875, 2.833641, 2.306074, 0.0
2663.0, 1.755995, 0.598225, 0.004359, 2.833641, 2.306074, 0.0
2664.0, 1.755995, 0.598225, 0.004359, 2.833641, 2.306074, 0.0
2680.0, 1.794418, 0.60589, 0.004798, 2.833641, 2.306074, 0.0
2680.0, 1.794418, 0.60589, 0.004798, 2.833641, 2.306074, 0.0
2696.0, 1.832405, 0.613509, 0.00519, 2.833641, 2.306074, 0.0
2712.0, 1.869943, 0.621084, 0.005532, 2.833641, 2.306074, 0.0
2712.0, 1.869943, 0.621084, 0.005532, 2.833641, 2.306074, 0.0
2729.0, 1.907024, 0.628615, 0.005827, 2.833641, 2.306074, 0.0
2729.0, 1.907024, 0.628615, 0.005827, 2.833641, 2.306074, 0.0
2746.0, 1.943638, 0.636103, 0.006076, 2.833641, 2.306074, 0.0
2764.0, 1.97978, 0.643548, 0.006283, 2.833641, 2.306074, 0.0
2764.0, 1.97978, 0.643548, 0.006283, 2.833641, 2.306074, 0.0
2780.0, 2.015444, 0.650952, 0.006452, 2.833641, 2.306074, 0.0
2780.0, 2.015444, 0.650952, 0.006452, 2.833641, 2.306074, 0.0
2796.0, 2.050627, 0.658312, 0.006587, 2.833641, 2.306074, 0.0
2813.0, 2.085326, 0.665631, 0.006693, 2.833641, 2.306074, 0.0
2813.0, 2.085326, 0.665631, 0.006693, 2.833641, 2.306074, 0.0
2831.0, 2.119537, 0.672906, 0.006772, 2.834039, 2.806077, 0.0
2831.0, 2.119537, 0.672906, 0.006772, 2.834039, 2.806077, 0.0
2846.0, 2.153265, 0.680138, 0.00683, 2.834039, 2.806077, 0.0
2865.0, 2.186497, 0.687325, 0.00687, 2.834039, 2.806077, 0.0
2865.0, 2.186497, 0.687325, 0.00687, 2.834039, 2.806077, 0.0
2880.0, 2.219338, 0.694477, 0.006854, 2.834039, 2.806077, 0.0
2880.0, 2.219338, 0.694477, 0.006854, 2.834039, 2.806077, 0.0
2896.0, 2.251916, 0.701609, 0.006749, 2.834039, 2.806077, 0.0
2913.0, 2.284371, 0.708737, 0.006538, 2.834039, 2.806077, 0.0
2913.0, 2.284371, 0.708737, 0.006538, 2.834039, 2.806077, 0.0
2930.0, 2.316787, 0.715869, 0.006223, 2.834039, 2.806077, 0.0
2930.0, 2.316787, 0.715869, 0.006223, 2.834039, 2.806077, 0.0
2946.0, 2.349273, 0.723019, 0.005815, 2.834039, 2.806077, 0.0
2964.0, 2.38191, 0.730199, 0.005335, 2.834039, 2.806077, 0.0
2964.0, 2.38191, 0.730199, 0.005335, 2.834039, 2.806077, 0.0
2980.0, 2.414763, 0.737415, 0.004807, 2.834039, 2.806077, 0.0
2980.0, 2.414763, 0.737415, 0.004807, 2.834039, 2.806077, 0.0
2997.0, 2.447887, 0.744673, 0.004253, 2.834039, 2.806077, 0.0
3014.0, 2.481326, 0.751977, 0.003694, 2.834039, 2.806077, 0.0
3014.0, 2.481326, 0.751977, 0.003694, 2.834039, 2.806077, 0.0
3031.0, 2.515115, 0.759331, 0.003147, 2.834039, 2.806077, 0.0
3031.0, 2.515115, 0.759331, 0.003147, 2.834039, 2.806077, 0.0
3047.0, 2.549283, 0.766736, 0.002628, 2.834039, 2.806077, 0.0
3065.0, 2.583854, 0.774192, 0.002146, 2.834039, 2.806077, 0.0
3065.0, 2.583854, 0.774192, 0.002146, 2.834039, 2.806077, 0.0
3080.0, 2.618846, 0.781699, 0.001707, 2.834437, 3.306103, 0.0
3080.0, 2.618846, 0.781699, 0.001707, 2.834437, 3.306103, 0.0
3097.0, 2.654274, 0.789258, 0.001316, 2.834437, 3.306103, 0.0
3114.0, 2.690151, 0.796867, 0.000974, 2.834437, 3.306103, 0.0
3114.0, 2.690151, 0.796867, 0.000974, 2.834437, 3.306103, 0.0
3130.0, 2.726486, 0.804526, 0.000679, 2.834437, 3.306103, 0.0
3130.0, 2.726486, 0.804526, 0.000679, 2.834437, 3.306103, 0.0
3146.0, 2.763288, 0.812234, 0.00043, 2.834437, 3.306103, 0.0
3164.0, 2.800562, 0.81999, 0.000224, 2.834437, 3.306103, 0.0
3164.0, 2.800562, 0.81999, 0.000224, 2.834437, 3.306103, 0.0
3180.0, 2.83832, 0.827796, 0.000053, 2.834437, 3.306103, 0.0
3180.0, 2.83832, 0.827796, 0.000053, 2.834437, 3.306103, 0.0
3196.0, 2.876563, 0.83565, -0.000083, 2.834437, 3.306103, 0.0
3214.0, 2.915289, 0.843551, -0.000189, 2.834437, 3.306103, 0.0
3214.0, 2.915289, 0.843551, -0.000189, 2.834437, 3.306103, 0.0
3230.0, 2.954502, 0.851498, -0.000267, 2.834437, 3.306103, 0.0
3230.0, 2.954502, 0.851498, -0.000267, 2.834437, 3.306103, 0.0
3246.0, 2.994203, 0.859493, -0.000323, 2.834437, 3.306103, 0.0
3265.0, 3.034393, 0.867534, -0.00036, 2.834437, 3.306103, 0.0
3265.0, 3.034393, 0.867534, -0.00036, 2.834437, 3.306103, 0.0
3280.0, 3.074965, 0.875609, -0.000338, 2.834437, 3.306103, 0.0
3280.0, 3.074965, 0.875609, -0.000338, 2.834437, 3.306103, 0.0
3296.0, 3.115798, 0.883705, -0.000227, 2.834437, 3.306103, 0.0
3314.0, 3.156767, 0.891806, -0.000011, 2.834437, 3.306103, 0.0
3314.0, 3.156767, 0.891806, -0.000011, 2.834437, 3.306103, 0.0
3331.0, 3.197762, 0.899898, 0.000307, 2.834836, 3.806107, 0.0
3331.0, 3.197762, 0.899898, 0.000307, 2.834836, 3.806107, 0.0
3347.0, 3.238687, 0.907968, 0.000716, 2.834836, 3.806107, 0.0
3365.0, 3.279463, 0.916006, 0.001197, 2.834836, 3.806107, 0.0
3365.0, 3.279463, 0.916006, 0.001197, 2.834836, 3.806107, 0.0
3381.0, 3.320023, 0.924005, 0.001725, 2.834836, 3.806107, 0.0
3381.0, 3.320023, 0.924005, 0.001725, 2.834836, 3.806107, 0.0
3396.0, 3.360313, 0.931958, 0.002279, 2.834836, 3.806107, 0.0
3413.0, 3.40029, 0.939864, 0.002838, 2.834836, 3.806107, 0.0
3413.0, 3.40029, 0.939864, 0.002838, 2.834836, 3.806107, 0.0
3429.0, 3.439916, 0.94772, 0.003384, 2.834836, 3.806107, 0.0
3429.0, 3.439916, 0.94772, 0.003384, 2.834836, 3.806107, 0.0
3446.0, 3.479164, 0.955526, 0.003903, 2.834836, 3.806107, 0.0
3463.0, 3.51801, 0.963283, 0.004386, 2.834836, 3.806107, 0.0
3463.0, 3.51801, 0.963283, 0.004386, 2.834836, 3.806107, 0.0
3479.0, 3.556434, 0.970991, 0.004824, 2.834836, 3.806107, 0.0
3479.0, 3.556434, 0.970991, 0.004824, 2.834836, 3.806107, 0.0
3496.0, 3.594421, 0.978651, 0.005216, 2.834836, 3.806107, 0.0
3513.0, 3.631959, 0.986266, 0.005559, 2.834836, 3.806107, 0.0
3513.0, 3.631959, 0.986266, 0.005559, 2.834836, 3.806107, 0.0
3530.0, 3.669039, 0.993836, 0.005854, 2.834836, 3.806107, 0.0
3530.0, 3.669039, 0.993836, 0.005854, 2.834836, 3.806107, 0.0
3546.0, 3.705652, 1.001361, 0.006103, 2.834836, 3.806107, 0.0
3565.0, 3.741791, 1.008843, 0.006311, 2.834836, 3.806107, 0.0
3565.0, 3.741791, 1.008843, 0.006311, 2.834836, 3.806107, 0.0
3580.0, 3.777454, 1.016282, 0.00648, 2.835234, 4.306111, 0.0
3580.0, 3.777454, 1.016282, 0.00648, 2.835234, 4.306111, 0.0
3596.0, 3.812635, 1.023677, 0.006615, 2.835234, 4.306111, 0.0
3614.0, 3.847331, 1.03103, 0.006721, 2.835234, 4.306111, 0.0
3614.0, 3.847331, 1.03103, 0.006721, 2.835234, 4.306111, 0.0
3630.0, 3.881539, 1.038339, 0.0068, 2.835234, 4.306111, 0.0
3630.0, 3.881539, 1.038339, 0.0068, 2.835234, 4.306111, 0.0
3646.0, 3.915259, 1.045603, 0.006858, 2.835234, 4.306111, 0.0
3665.0, 3.948488, 1.052824, 0.006898, 2.835234, 4.306111, 0.0
3665.0, 3.948488, 1.052824, 0.006898, 2.835234, 4.306111, 0.0
3681.0, 3.981325, 1.060009, 0.006881, 2.835234, 4.306111, 0.0
3681.0, 3.981325, 1.060009, 0.006881, 2.835234, 4.306111, 0.0
3696.0, 4.0139, 1.067173, 0.006776, 2.835234, 4.306111, 0.0
3714.0, 4.046338, 1.074331, 0.006564, 2.835234, 4.306111, 0.0
3714.0, 4.046338, 1.074331, 0.006564, 2.835234, 4.306111, 0.0
3730.0, 4.07875, 1.081494, 0.006248, 2.835234, 4.306111, 0.0
3730.0, 4.07875, 1.081494, 0.006248, 2.835234, 4.306111, 0.0
3747.0, 4.111233, 1.088676, 0.005841, 2.835234, 4.306111, 0.0
3765.0, 4.143867, 1.095886, 0.005361, 2.835234, 4.306111, 0.0
3765.0, 4.143867, 1.095886, 0.005361, 2.835234, 4.306111, 0.0
3782.0, 4.176724, 1.103133, 0.004829, 2.835234, 4.306111, 0.0
3782.0, 4.176724, 1.103133, 0.004829, 2.835234, 4.306111, 0.0
3797.0, 4.209853, 1.110422, 0.004272, 2.835234, 4.306111, 0.0
3813.0, 4.243297, 1.117757, 0.003711, 2.835234, 4.306111, 0.0
3813.0, 4.243297, 1.117757, 0.003711, 2.835234, 4.306111, 0.0
3830.0, 4.27709, 1.12514, 0.003164, 2.835632, 4.806115, 0.0
3830.0, 4.27709, 1.12514, 0.003164, 2.835632, 4.806115, 0.0
3847.0, 4.311262, 1.132572, 0.002645, 2.835632, 4.806115, 0.0
3864.0, 4.345834, 1.140055, 0.002163, 2.835632, 4.806115, 0.0
3864.0, 4.345834, 1.140055, 0.002163, 2.835632, 4.806115, 0.0
3881.0, 4.380821, 1.147586, 0.001727, 2.835632, 4.806115, 0.0
3881.0, 4.380821, 1.147586, 0.001727, 2.835632, 4.806115, 0.0
3896.0, 4.416242, 1.155167, 0.001339, 2.835632, 4.806115, 0.0
3912.0, 4.452112, 1.162798, 0.000999, 2.835632, 4.806115, 0.0
3912.0, 4.452112, 1.162798, 0.000999, 2.835632, 4.806115, 0.0
3930.0, 4.48844, 1.170477, 0.000705, 2.835632, 4.806115, 0.0
3930.0, 4.48844, 1.170477, 0.000705, 2.835632, 4.806115, 0.0
3947.0, 4.525235, 1.178205, 0.000455, 2.835632, 4.806115, 0.0
3964.0, 4.562503, 1.185981, 0.000248, 2.835632, 4.806115, 0.0
3964.0, 4.562503, 1.185981, 0.000248, 2.835632, 4.806115, 0.0
3980.0, 4.600148, 1.193792, 0.000119, 2.835632, 4.806115, 0.0
3980.0, 4.600148, 1.193792, 0.000119, 2.835632, 4.806115, 0.0
3996.0, 4.638044, 1.201624, 0.000101, 2.835632, 4.806115, 0.0
4014.0, 4.67607, 1.209461, 0.000209, 2.835632, 4.806115, 0.0
4014.0, 4.67607, 1.209461, 0.000209, 2.835632, 4.806115, 0.0
4030.0, 4.714114, 1.217286, 0.00044, 2.835632, 4.806115, 0.0
4030.0, 4.714114, 1.217286, 0.00044, 2.835632, 4.806115, 0.0
4047.0, 4.752081, 1.225087, 0.000779, 2.835632, 4.806115, 0.0
4065.0, 4.789895, 1.232855, 0.001204, 2.835632, 4.806115, 0.0
4065.0, 4.789895, 1.232855, 0.001204, 2.835632, 4.806115, 0.0
4081.0, 4.827488, 1.240579, 0.001688, 2.83603, 5.306118, 0.0
4081.0, 4.827488, 1.240579, 0.001688, 2.83603, 5.306118, 0.0
4097.0, 4.864809, 1.248257, 0.002209, 2.83603, 5.306118, 0.0
4114.0, 4.901813, 1.255884, 0.002742, 2.83603, 5.306118, 0.0
4114.0, 4.901813, 1.255884, 0.002742, 2.83603, 5.306118, 0.0
4131.0, 4.938465, 1.263458, 0.003269, 2.83603, 5.306118, 0.0
4131.0, 4.938465, 1.263458, 0.003269, 2.83603, 5.306118, 0.0
4146.0, 4.974735, 1.270979, 0.003773, 2.83603, 5.306118, 0.0
4163.0, 5.010602, 1.278448, 0.004246, 2.83603, 5.306118, 0.0
4163.0, 5.010602, 1.278448, 0.004246, 2.83603, 5.306118, 0.0
4179.0, 5.046047, 1.285866, 0.004677, 2.83603, 5.306118, 0.0
4179.0, 5.046047, 1.285866, 0.004677, 2.83603, 5.306118, 0.0
4196.0, 5.081058, 1.293235, 0.005063, 2.83603, 5.306118, 0.0
4213.0, 5.115615, 1.300555, 0.005402, 2.83603, 5.306118, 0.0
4213.0, 5.115615, 1.300555, 0.005402, 2.83603, 5.306118, 0.0
4230.0, 5.149713, 1.307826, 0.005695, 2.83603, 5.306118, 0.0
4230.0, 5.149713, 1.307826, 0.005695, 2.83603, 5.306118, 0.0
4246.0, 5.183344, 1.315051, 0.005943, 2.83603, 5.306118, 0.0
4264.0, 5.216502, 1.322231, 0.006149, 2.83603, 5.306118, 0.0
4264.0, 5.216502, 1.322231, 0.006149, 2.83603, 5.306118, 0.0
4280.0, 5.249283, 1.329375, 0.006276, 2.83603, 5.306118, 0.0
4280.0, 5.249283, 1.329375, 0.006276, 2.83603, 5.306118, 0.0
4296.0, 5.281813, 1.3365, 0.006292, 2.83603, 5.306118, 0.0
4313.0, 5.314215, 1.343619, 0.006183, 2.83603, 5.306118, 0.0
4313.0, 5.314215, 1.343619, 0.006183, 2.83603, 5.306118, 0.0
4330.0, 5.346598, 1.350747, 0.005951, 2.836428, 5.806126, 0.0
4330.0, 5.346598, 1.350747, 0.005951, 2.836428, 5.806126, 0.0
4347.0, 5.379058, 1.357897, 0.005612, 2.836428, 5.806126, 0.0
4365.0, 5.411673, 1.365077, 0.005187, 2.836428, 5.806126, 0.0
4365.0, 5.411673, 1.365077, 0.005187, 2.836428, 5.806126, 0.0
4380.0, 5.444514, 1.372298, 0.004699, 2.836428, 5.806126, 0.0
4380.0, 5.444514, 1.372298, 0.004699, 2.836428, 5.806126, 0.0
4396.0, 5.477631, 1.379563, 0.004176, 2.836428, 5.806126, 0.0
4413.0, 5.511064, 1.386877, 0.003642, 2.836428, 5.806126, 0.0
4413.0, 5.511064, 1.386877, 0.003642, 2.836428, 5.806126, 0.0
4430.0, 5.544849, 1.394242, 0.003114, 2.836428, 5.806126, 0.0
4430.0, 5.544849, 1.394242, 0.003114, 2.836428, 5.806126, 0.0
4446.0, 5.579014, 1.401659, 0.00261, 2.836428, 5.806126, 0.0
4465.0, 5.613582, 1.409128, 0.002138, 2.836428, 5.806126, 0.0
4465.0, 5.613582, 1.409128, 0.002138, 2.836428, 5.806126, 0.0
4480.0, 5.648564, 1.416649, 0.001711, 2.836428, 5.806126, 0.0
4480.0, 5.648564, 1.416649, 0.001711, 2.836428, 5.806126, 0.0
4496.0, 5.683982, 1.424221, 0.001328, 2.836428, 5.806126, 0.0
4513.0, 5.719848, 1.431844, 0.000991, 2.836428, 5.806126, 0.0
4513.0, 5.719848, 1.431844, 0.000991, 2.836428, 5.806126, 0.0
4530.0, 5.756174, 1.439517, 0.0007, 2.836428, 5.806126, 0.0
4530.0, 5.756174, 1.439517, 0.0007, 2.836428, 5.806126, 0.0
4547.0, 5.792966, 1.44724, 0.000452, 2.836428, 5.806126, 0.0
4565.0, 5.830232, 1.455013, 0.000245, 2.836428, 5.806126, 0.0
4565.0, 5.830232, 1.455013, 0.000245, 2.836428, 5.806126, 0.0
4580.0, 5.867876, 1.462822, 0.000117, 2.836826, 6.306129, 0.0
4580.0, 5.867876, 1.462822, 0.000117, 2.836826, 6.306129, 0.0
4597.0, 5.905771, 1.470653, 0.0001, 2.836826, 6.306129, 0.0
4614.0, 5.943795, 1.478488, 0.000208, 2.836826, 6.306129, 0.0
4614.0, 5.943795, 1.478488, 0.000208, 2.836826, 6.306129, 0.0
4630.0, 5.981838, 1.486313, 0.000439, 2.836826, 6.306129, 0.0
4630.0, 5.981838, 1.486313, 0.000439, 2.836826, 6.306129, 0.0
4645.0, 6.019805, 1.494113, 0.000778, 2.836826, 6.306129, 0.0
4664.0, 6.057618, 1.501879, 0.001203, 2.836826, 6.306129, 0.0
4664.0, 6.057618, 1.501879, 0.001203, 2.836826, 6.306129, 0.0
4679.0, 6.095212, 1.509603, 0.001687, 2.836826, 6.306129, 0.0
4679.0, 6.095212, 1.509603, 0.001687, 2.836826, 6.306129, 0.0
4696.0, 6.132532, 1.517278, 0.002207, 2.836826, 6.306129, 0.0
4713.0, 6.169535, 1.524902, 0.00274, 2.836826, 6.306129, 0.0
4713.0, 6.169535, 1.524902, 0.00274, 2.836826, 6.306129, 0.0
4730.0, 6.206187, 1.532472, 0.003267, 2.836826, 6.306129, 0.0
4730.0, 6.206187, 1.532472, 0.003267, 2.836826, 6.306129, 0.0
4747.0, 6.242458, 1.539989, 0.003771, 2.836826, 6.306129, 0.0
4765.0, 6.278326, 1.547453, 0.004243, 2.836826, 6.306129, 0.0
4765.0, 6.278326, 1.547453, 0.004243, 2.836826, 6.306129, 0.0
4780.0, 6.313771, 1.554864, 0.004674, 2.836826, 6.306129, 0.0
4780.0, 6.313771, 1.554864, 0.004674, 2.836826, 6.306129, 0.0
4797.0, 6.348779, 1.562224, 0.005059, 2.836826, 6.306129, 0.0
4814.0, 6.383337, 1.569534, 0.005398, 2.836826, 6.306129, 0.0
4814.0, 6.383337, 1.569534, 0.005398, 2.836826, 6.306129, 0.0
4831.0, 6.417436, 1.576796, 0.00569, 2.837224, 6.806133, 0.0
4831.0, 6.417436, 1.576796, 0.00569, 2.837224, 6.806133, 0.0
4846.0, 6.451068, 1.58401, 0.005937, 2.837224, 6.806133, 0.0
4865.0, 6.484227, 1.591177, 0.006143, 2.837224, 6.806133, 0.0
4865.0, 6.484227, 1.591177, 0.006143, 2.837224, 6.806133, 0.0
4881.0, 6.516908, 1.598297, 0.00631, 2.837224, 6.806133, 0.0
4881.0, 6.516908, 1.598297, 0.00631, 2.837224, 6.806133, 0.0
4897.0, 6.549108, 1.605371, 0.006444, 2.837224, 6.806133, 0.0
4913.0, 6.580822, 1.612398, 0.006548, 2.837224, 6.806133, 0.0
4913.0, 6.580822, 1.612398, 0.006548, 2.837224, 6.806133, 0.0
4929.0, 6.61205, 1.619379, 0.006626, 2.837224, 6.806133, 0.0
4929.0, 6.61205, 1.619379, 0.006626, 2.837224, 6.806133, 0.0
4946.0, 6.642788, 1.626313, 0.006683, 2.837224, 6.806133, 0.0
4963.0, 6.673036, 1.6332, 0.006721, 2.837224, 6.806133, 0.0
4963.0, 6.673036, 1.6332, 0.006721, 2.837224, 6.806133, 0.0
4979.0, 6.702899, 1.640051, 0.006701, 2.837224, 6.806133, 0.0
4979.0, 6.702899, 1.640051, 0.006701, 2.837224, 6.806133, 0.0
4996.0, 6.732501, 1.646879, 0.006592, 2.837224, 6.806133, 0.0
5013.0, 6.761965, 1.653699, 0.006379, 2.837224, 6.806133, 0.0
5013.0, 6.761965, 1.653699, 0.006379, 2.837224, 6.806133, 0.0
5030.0, 6.791404, 1.660524, 0.006063, 2.837224, 6.806133, 0.0
5030.0, 6.791404, 1.660524, 0.006063, 2.837224, 6.806133, 0.0
5047.0, 6.820912, 1.667366, 0.005655, 2.837224, 6.806133, 0.0
5064.0, 6.85057, 1.674235, 0.005175, 2.837224, 6.806133, 0.0
5064.0, 6.85057, 1.674235, 0.005175, 2.837224, 6.806133, 0.0
5080.0, 6.880438, 1.681136, 0.00465, 2.837623, 7.306137, 0.0
5080.0, 6.880438, 1.681136, 0.00465, 2.837623, 7.306137, 0.0
5097.0, 6.910575, 1.688077, 0.004099, 2.837623, 7.306137, 0.0
5114.0, 6.941026, 1.695064, 0.003541, 2.837623, 7.306137, 0.0
5114.0, 6.941026, 1.695064, 0.003541, 2.837623, 7.306137, 0.0
5129.0, 6.971828, 1.702098, 0.002995, 2.837623, 7.306137, 0.0
5129.0, 6.971828, 1.702098, 0.002995, 2.837623, 7.306137, 0.0
5146.0, 7.003009, 1.709181, 0.002476, 2.837623, 7.306137, 0.0
5164.0, 7.034593, 1.716316, 0.001992, 2.837623, 7.306137, 0.0
5164.0, 7.034593, 1.716316, 0.001992, 2.837623, 7.306137, 0.0
5181.0, 7.0666, 1.723501, 0.001552, 2.837623, 7.306137, 0.0
5181.0, 7.0666, 1.723501, 0.001552, 2.837623, 7.306137, 0.0
5196.0, 7.099043, 1.730736, 0.001159, 2.837623, 7.306137, 0.0
5214.0, 7.131936, 1.738022, 0.000815, 2.837623, 7.306137, 0.0
5214.0, 7.131936, 1.738022, 0.000815, 2.837623, 7.306137, 0.0
5230.0, 7.165287, 1.745358, 0.000519, 2.837623, 7.306137, 0.0
5230.0, 7.165287, 1.745358, 0.000519, 2.837623, 7.306137, 0.0
5246.0, 7.199104, 1.752744, 0.000269, 2.837623, 7.306137, 0.0
5265.0, 7.233395, 1.760178, 0.000061, 2.837623, 7.306137, 0.0
5265.0, 7.233395, 1.760178, 0.000061, 2.837623, 7.306137, 0.0
5281.0, 7.268162, 1.76766, -0.000109, 2.837623, 7.306137, 0.0
5281.0, 7.268162, 1.76766, -0.000109, 2.837623, 7.306137, 0.0
5296.0, 7.303414, 1.775192, -0.000243, 2.837623, 7.306137, 0.0
5314.0, 7.339148, 1.782771, -0.000348, 2.837623, 7.306137, 0.0
5314.0, 7.339148, 1.782771, -0.000348, 2.837623, 7.306137, 0.0
5331.0, 7.375369, 1.790398, -0.000427, 2.838021, 7.806143, 0.0
5331.0, 7.375369, 1.790398, -0.000427, 2.838021, 7.806143, 0.0
5347.0, 7.412078, 1.798073, -0.000484, 2.838021, 7.806143, 0.0
5365.0, 7.449279, 1.805797, -0.000522, 2.838021, 7.806143, 0.0
5365.0, 7.449279, 1.805797, -0.000522, 2.838021, 7.806143, 0.0
5380.0, 7.48687, 1.813559, -0.000505, 2.838021, 7.806143, 0.0
5380.0, 7.48687, 1.813559, -0.000505, 2.838021, 7.806143, 0.0
5396.0, 7.524724, 1.821341, -0.000398, 2.838021, 7.806143, 0.0
5413.0, 7.562715, 1.82913, -0.000186, 2.838021, 7.806143, 0.0
5413.0, 7.562715, 1.82913, -0.000186, 2.838021, 7.806143, 0.0
5430.0, 7.600731, 1.836909, 0.000131, 2.838021, 7.806143, 0.0
5430.0, 7.600731, 1.836909, 0.000131, 2.838021, 7.806143, 0.0
5446.0, 7.638678, 1.844665, 0.00054, 2.838021, 7.806143, 0.0
5464.0, 7.676475, 1.852389, 0.001021, 2.838021, 7.806143, 0.0
5464.0, 7.676475, 1.852389, 0.001021, 2.838021, 7.806143, 0.0
5480.0, 7.714055, 1.860072, 0.001549, 2.838021, 7.806143, 0.0
5480.0, 7.714055, 1.860072, 0.001549, 2.838021, 7.806143, 0.0
5497.0, 7.751365, 1.867708, 0.002104, 2.838021, 7.806143, 0.0
5514.0, 7.788361, 1.875295, 0.002663, 2.838021, 7.806143, 0.0
5514.0, 7.788361, 1.875295, 0.002663, 2.838021, 7.806143, 0.0
5531.0, 7.825007, 1.882829, 0.003209, 2.838021, 7.806143, 0.0
5531.0, 7.825007, 1.882829, 0.003209, 2.838021, 7.806143, 0.0
5546.0, 7.861274, 1.890312, 0.003728, 2.838021, 7.806143, 0.0
5565.0, 7.897139, 1.897742, 0.004209, 2.838021, 7.806143, 0.0
5565.0, 7.897139, 1.897742, 0.004209, 2.838021, 7.806143, 0.0
5581.0, 7.932588, 1.905122, 0.004644, 2.838419, 8.306147, 0.0
5581.0, 7.932588, 1.905122, 0.004644, 2.838419, 8.306147, 0.0
5596.0, 7.967603, 1.912452, 0.005032, 2.838419, 8.306147, 0.0
5614.0, 8.002169, 1.919732, 0.005372, 2.838419, 8.306147, 0.0
5614.0, 8.002169, 1.919732, 0.005372, 2.838419, 8.306147, 0.0
5631.0, 8.036275, 1.926963, 0.005665, 2.838419, 8.306147, 0.0
5631.0, 8.036275, 1.926963, 0.005665, 2.838419, 8.306147, 0.0
5647.0, 8.069914, 1.934147, 0.005913, 2.838419, 8.306147, 0.0
5664.0, 8.103079, 1.941282, 0.006119, 2.838419, 8.306147, 0.0
5664.0, 8.103079, 1.941282, 0.006119, 2.838419, 8.306147, 0.0
5679.0, 8.135861, 1.94838, 0.006249, 2.838419, 8.306147, 0.0
5679.0, 8.135861, 1.94838, 0.006249, 2.838419, 8.306147, 0.0
5696.0, 8.16839, 1.955456, 0.006267, 2.838419, 8.306147, 0.0
5712.0, 8.200789, 1.962527, 0.006159, 2.838419, 8.306147, 0.0
5712.0, 8.200789, 1.962527, 0.006159, 2.838419, 8.306147, 0.0
5729.0, 8.233172, 1.969607, 0.005927, 2.838419, 8.306147, 0.0
5729.0, 8.233172, 1.969607, 0.005927, 2.838419, 8.306147, 0.0
5746.0, 8.265633, 1.976708, 0.005587, 2.838419, 8.306147, 0.0
5764.0, 8.298248, 1.983841, 0.00516, 2.838419, 8.306147, 0.0
5764.0, 8.298248, 1.983841, 0.00516, 2.838419, 8.306147, 0.0
5780.0, 8.331084, 1.991014, 0.004673, 2.838419, 8.306147, 0.0
5780.0, 8.331084, 1.991014, 0.004673, 2.838419, 8.306147, 0.0
5796.0, 8.364195, 1.998232, 0.004151, 2.838419, 8.306147, 0.0
5814.0, 8.397623, 2.005501, 0.003617, 2.838419, 8.306147, 0.0
5814.0, 8.397623, 2.005501, 0.003617, 2.838419, 8.306147, 0.0
5830.0, 8.431404, 2.012821, 0.003088, 2.838817, 8.806149, 0.0
5831.0, 8.431404, 2.012821, 0.003088, 2.838817, 8.806149, 0.0
5847.0, 8.465565, 2.020195, 0.002582, 2.838817, 8.806149, 0.0
5865.0, 8.500131, 2.027624, 0.00211, 2.838817, 8.806149, 0.0
5865.0, 8.500131, 2.027624, 0.00211, 2.838817, 8.806149, 0.0
5880.0, 8.535119, 2.035106, 0.001679, 2.838817, 8.806149, 0.0
5880.0, 8.535119, 2.035106, 0.001679, 2.838817, 8.806149, 0.0
5896.0, 8.570544, 2.042643, 0.001293, 2.838817, 8.806149, 0.0
5914.0, 8.60642, 2.050232, 0.000954, 2.838817, 8.806149, 0.0
5914.0, 8.60642, 2.050232, 0.000954, 2.838817, 8.806149, 0.0
5930.0, 8.642753, 2.057873, 0.000662, 2.838817, 8.806149, 0.0
5930.0, 8.642753, 2.057873, 0.000662, 2.838817, 8.806149, 0.0
5946.0, 8.679554, 2.065567, 0.000415, 2.838817, 8.806149, 0.0
5964.0, 8.716826, 2.07331, 0.00021, 2.838817, 8.806149, 0.0
5964.0, 8.716826, 2.07331, 0.00021, 2.838817, 8.806149, 0.0
5980.0, 8.754476, 2.081092, 0.000085, 2.838817, 8.806149, 0.0
5980.0, 8.754476, 2.081092, 0.000085, 2.838817, 8.806149, 0.0
5996.0, 8.792377, 2.088896, 0.00007, 2.838817, 8.806149, 0.0
6014.0, 8.830405, 2.096704, 0.000181, 2.838817, 8.806149, 0.0
6014.0, 8.830405, 2.096704, 0.000181, 2.838817, 8.806149, 0.0
6030.0, 8.868453, 2.104501, 0.000414, 2.838817, 8.806149, 0.0
6030.0, 8.868453, 2.104501, 0.000414, 2.838817, 8.806149, 0.0
6047.0, 8.906425, 2.112273, 0.000754, 2.838817, 8.806149, 0.0
6065.0, 8.944242, 2.120009, 0.00118, 2.838817, 8.806149, 0.0
6065.0, 8.944242, 2.120009, 0.00118, 2.838817, 8.806149, 0.0
6080.0, 8.98184, 2.127701, 0.001665, 2.839215, 9.306153, 0.0
6080.0, 8.98184, 2.127701, 0.001665, 2.839215, 9.306153, 0.0
6097.0, 9.019164, 2.135343, 0.002186, 2.839215, 9.306153, 0.0
6114.0, 9.056172, 2.142932, 0.002719, 2.839215, 9.306153, 0.0
6114.0, 9.056172, 2.142932, 0.002719, 2.839215, 9.306153, 0.0
6131.0, 9.092829, 2.150464, 0.003245, 2.839215, 9.306153, 0.0
6131.0, 9.092829, 2.150464, 0.003245, 2.839215, 9.306153, 0.0
6146.0, 9.129105, 2.157941, 0.003749, 2.839215, 9.306153, 0.0
6163.0, 9.164977, 2.165362, 0.004219, 2.839215, 9.306153, 0.0
6163.0, 9.164977, 2.165362, 0.004219, 2.839215, 9.306153, 0.0
6180.0, 9.200434, 2.17273, 0.004646, 2.839215, 9.306153, 0.0
6180.0, 9.200434, 2.17273, 0.004646, 2.839215, 9.306153, 0.0
6196.0, 9.235456, 2.180044, 0.005027, 2.839215, 9.306153, 0.0
6213.0, 9.270027, 2.187306, 0.005363, 2.839215, 9.306153, 0.0
6213.0, 9.270027, 2.187306, 0.005363, 2.839215, 9.306153, 0.0
6230.0, 9.304139, 2.194516, 0.005653, 2.839215, 9.306153, 0.0
6230.0, 9.304139, 2.194516, 0.005653, 2.839215, 9.306153, 0.0
6247.0, 9.337784, 2.201676, 0.005899, 2.839215, 9.306153, 0.0
6265.0, 9.370955, 2.208785, 0.006103, 2.839215, 9.306153, 0.0
6265.0, 9.370955, 2.208785, 0.006103, 2.839215, 9.306153, 0.0
6280.0, 9.40365, 2.215845, 0.006273, 2.839215, 9.306153, 0.0
6280.0, 9.40365, 2.215845, 0.006273, 2.839215, 9.306153, 0.0
6297.0, 9.435853, 2.222854, 0.006408, 2.839215, 9.306153, 0.0
6313.0, 9.467569, 2.229813, 0.006512, 2.839215, 9.306153, 0.0
6313.0, 9.467569, 2.229813, 0.006512, 2.839215, 9.306153, 0.0
6331.0, 9.498799, 2.236722, 0.006589, 2.839613, 9.806168, 0.0
6331.0, 9.498799, 2.236722, 0.006589, 2.839613, 9.806168, 0.0
6347.0, 9.529542, 2.243583, 0.006643, 2.839613, 9.806168, 0.0
6365.0, 9.559794, 2.250393, 0.006679, 2.839613, 9.806168, 0.0
6365.0, 9.559794, 2.250393, 0.006679, 2.839613, 9.806168, 0.0
6381.0, 9.589657, 2.257165, 0.006658, 2.839613, 9.806168, 0.0
6381.0, 9.589657, 2.257165, 0.006658, 2.839613, 9.806168, 0.0
6396.0, 9.619258, 2.263911, 0.006549, 2.839613, 9.806168, 0.0
6413.0, 9.648722, 2.270648, 0.006334, 2.839613, 9.806168, 0.0
6413.0, 9.648722, 2.270648, 0.006334, 2.839613, 9.806168, 0.0
6429.0, 9.678161, 2.27739, 0.006014, 2.839613, 9.806168, 0.0
6429.0, 9.678161, 2.27739, 0.006014, 2.839613, 9.806168, 0.0
6446.0, 9.707671, 2.284148, 0.005604, 2.839613, 9.806168, 0.0
6464.0, 9.737334, 2.290934, 0.005121, 2.839613, 9.806168, 0.0
6464.0, 9.737334, 2.290934, 0.005121, 2.839613, 9.806168, 0.0
6480.0, 9.767213, 2.297754, 0.004591, 2.839613, 9.806168, 0.0
6480.0, 9.767213, 2.297754, 0.004591, 2.839613, 9.806168, 0.0
6497.0, 9.797362, 2.304615, 0.004035, 2.839613, 9.806168, 0.0
6513.0, 9.827826, 2.311522, 0.003475, 2.839613, 9.806168, 0.0
6513.0, 9.827826, 2.311522, 0.003475, 2.839613, 9.806168, 0.0
6530.0, 9.858641, 2.318477, 0.002928, 2.839613, 9.806168, 0.0
6530.0, 9.858641, 2.318477, 0.002928, 2.839613, 9.806168, 0.0
6547.0, 9.889834, 2.325481, 0.002407, 2.839613, 9.806168, 0.0
6565.0, 9.921431, 2.332537, 0.001924, 2.839613, 9.806168, 0.0
6565.0, 9.921431, 2.332537, 0.001924, 2.839613, 9.806168, 0.0
6580.0, 9.953456, 2.339646, 0.001485, 2.840012, 10.306173, 0.0
6580.0, 9.953456, 2.339646, 0.001485, 2.840012, 10.306173, 0.0
6596.0, 9.98591, 2.346805, 0.001094, 2.840012, 10.306173, 0.0
6614.0, 10.018813, 2.354014, 0.000751, 2.840012, 10.306173, 0.0
6614.0, 10.018813, 2.354014, 0.000751, 2.840012, 10.306173, 0.0
6630.0, 10.052175, 2.361274, 0.000457, 2.840012, 10.306173, 0.0
6630.0, 10.052175, 2.361274, 0.000457, 2.840012, 10.306173, 0.0
6646.0, 10.086002, 2.368584, 0.000208, 2.840012, 10.306173, 0.0
6665.0, 10.120303, 2.375944, 0.000002, 2.840012, 10.306173, 0.0
6665.0, 10.120303, 2.375944, 0.000002, 2.840012, 10.306173, 0.0
6680.0, 10.15508, 2.383353, -0.000166, 2.840012, 10.306173, 0.0
6680.0, 10.15508, 2.383353, -0.000166, 2.840012, 10.306173, 0.0
6696.0, 10.190338, 2.390812, -0.0003, 2.840012, 10.306173, 0.0
6713.0, 10.22608, 2.39832, -0.000403, 2.840012, 10.306173, 0.0
6713.0, 10.22608, 2.39832, -0.000403, 2.840012, 10.306173, 0.0
6730.0, 10.262309, 2.405878, -0.000481, 2.840012, 10.306173, 0.0
6730.0, 10.262309, 2.405878, -0.000481, 2.840012, 10.306173, 0.0
6747.0, 10.299027, 2.413486, -0.000536, 2.840012, 10.306173, 0.0
6765.0, 10.336235, 2.421145, -0.000574, 2.840012, 10.306173, 0.0
6765.0, 10.336235, 2.421145, -0.000574, 2.840012, 10.306173, 0.0
6781.0, 10.373834, 2.428841, -0.000555, 2.840012, 10.306173, 0.0
6781.0, 10.373834, 2.428841, -0.000555, 2.840012, 10.306173, 0.0
6797.0, 10.411695, 2.43656, -0.000447, 2.840012, 10.306173, 0.0
6814.0, 10.449694, 2.444285, -0.000234, 2.840012, 10.306173, 0.0
6814.0, 10.449694, 2.444285, -0.000234, 2.840012, 10.306173, 0.0
6831.0, 10.487718, 2.452, 0.000084, 2.84041, 10.806185, 0.0
6831.0, 10.487718, 2.452, 0.000084, 2.84041, 10.806185, 0.0
6847.0, 10.525672, 2.459692, 0.000493, 2.84041, 10.806185, 0.0
6865.0, 10.563476, 2.467349, 0.000974, 2.84041, 10.806185, 0.0
6865.0, 10.563476, 2.467349, 0.000974, 2.84041, 10.806185, 0.0
6881.0, 10.601071, 2.474965, 0.0015, 2.84041, 10.806185, 0.0
6881.0, 10.601071, 2.474965, 0.0015, 2.84041, 10.806185, 0.0
6896.0, 10.638398, 2.482534, 0.002051, 2.84041, 10.806185, 0.0
6912.0, 10.67541, 2.49005, 0.002608, 2.84041, 10.806185, 0.0
6912.0, 10.67541, 2.49005, 0.002608, 2.84041, 10.806185, 0.0
6929.0, 10.712072, 2.497512, 0.003153, 2.84041, 10.806185, 0.0
6929.0, 10.712072, 2.497512, 0.003153, 2.84041, 10.806185, 0.0
6947.0, 10.748354, 2.50492, 0.003672, 2.84041, 10.806185, 0.0
6965.0, 10.784233, 2.512271, 0.004154, 2.84041, 10.806185, 0.0
6965.0, 10.784233, 2.512271, 0.004154, 2.84041, 10.806185, 0.0
6980.0, 10.819682, 2.519568, 0.004594, 2.84041, 10.806185, 0.0
6980.0, 10.819682, 2.519568, 0.004594, 2.84041, 10.806185, 0.0
6996.0, 10.854693, 2.52681, 0.004986, 2.84041, 10.806185, 0.0
7014.0, 10.889256, 2.534, 0.005328, 2.84041, 10.806185, 0.0
7014.0, 10.889256, 2.534, 0.005328, 2.84041, 10.806185, 0.0
7030.0, 10.923359, 2.541138, 0.00562, 2.84041, 10.806185, 0.0
7030.0, 10.923359, 2.541138, 0.00562, 2.84041, 10.806185, 0.0
7047.0, 10.956998, 2.548225, 0.005866, 2.84041, 10.806185, 0.0
7065.0, 10.990166, 2.555263, 0.006068, 2.84041, 10.806185, 0.0
7065.0, 10.990166, 2.555263, 0.006068, 2.84041, 10.806185, 0.0
7081.0, 11.022958, 2.562262, 0.006191, 2.840808, 11.30619, 0.0
7081.0, 11.022958, 2.562262, 0.006191, 2.840808, 11.30619, 0.0
7096.0, 11.0555, 2.569239, 0.006202, 2.840808, 11.30619, 0.0
7114.0, 11.087914, 2.57621, 0.006088, 2.840808, 11.30619, 0.0
7114.0, 11.087914, 2.57621, 0.006088, 2.840808, 11.30619, 0.0
7131.0, 11.120312, 2.583189, 0.005853, 2.840808, 11.30619, 0.0
7131.0, 11.120312, 2.583189, 0.005853, 2.840808, 11.30619, 0.0
7146.0, 11.152785, 2.590191, 0.00551, 2.840808, 11.30619, 0.0
7164.0, 11.185415, 2.597225, 0.005082, 2.840808, 11.30619, 0.0
7164.0, 11.185415, 2.597225, 0.005082, 2.840808, 11.30619, 0.0
7179.0, 11.218265, 2.6043, 0.004595, 2.840808, 11.30619, 0.0
7179.0, 11.218265, 2.6043, 0.004595, 2.840808, 11.30619, 0.0
7196.0, 11.251389, 2.611423, 0.004073, 2.840808, 11.30619, 0.0
7213.0, 11.284828, 2.618596, 0.003539, 2.840808, 11.30619, 0.0
7213.0, 11.284828, 2.618596, 0.003539, 2.840808, 11.30619, 0.0
7229.0, 11.318621, 2.625824, 0.003012, 2.840808, 11.30619, 0.0
7229.0, 11.318621, 2.625824, 0.003012, 2.840808, 11.30619, 0.0
7246.0, 11.352794, 2.633107, 0.002508, 2.840808, 11.30619, 0.0
7264.0, 11.387371, 2.640447, 0.002037, 2.840808, 11.30619, 0.0
7264.0, 11.387371, 2.640447, 0.002037, 2.840808, 11.30619, 0.0
7280.0, 11.42237, 2.647843, 0.001608, 2.840808, 11.30619, 0.0
7280.0, 11.42237, 2.647843, 0.001608, 2.840808, 11.30619, 0.0
7297.0, 11.457806, 2.655295, 0.001224, 2.840808, 11.30619, 0.0
7314.0, 11.49369, 2.662802, 0.000887, 2.840808, 11.30619, 0.0
7314.0, 11.49369, 2.662802, 0.000887, 2.840808, 11.30619, 0.0
7330.0, 11.530034, 2.670364, 0.000597, 2.841206, 11.806193, 0.0
7330.0, 11.530034, 2.670364, 0.000597, 2.841206, 11.806193, 0.0
7346.0, 11.566844, 2.677981, 0.000352, 2.841206, 11.806193, 0.0
7365.0, 11.604126, 2.68565, 0.00015, 2.841206, 11.806193, 0.0
7365.0, 11.604126, 2.68565, 0.00015, 2.841206, 11.806193, 0.0
7380.0, 11.641784, 2.69336, 0.000026, 2.841206, 11.806193, 0.0
7380.0, 11.641784, 2.69336, 0.000026, 2.841206, 11.806193, 0.0
7396.0, 11.679693, 2.701094, 0.000013, 2.841206, 11.806193, 0.0
7413.0, 11.717731, 2.708832, 0.000125, 2.841206, 11.806193, 0.0
7413.0, 11.717731, 2.708832, 0.000125, 2.841206, 11.806193, 0.0
7430.0, 11.755787, 2.716559, 0.00036, 2.841206, 11.806193, 0.0
7430.0, 11.755787, 2.716559, 0.00036, 2.841206, 11.806193, 0.0
7446.0, 11.793767, 2.724261, 0.000701, 2.841206, 11.806193, 0.0
7464.0, 11.831593, 2.731925, 0.001127, 2.841206, 11.806193, 0.0
7464.0, 11.831593, 2.731925, 0.001127, 2.841206, 11.806193, 0.0
7480.0, 11.869205, 2.739545, 0.001611, 2.841206, 11.806193, 0.0
7480.0, 11.869205, 2.739545, 0.001611, 2.841206, 11.806193, 0.0
7496.0, 11.906548, 2.747114, 0.002129, 2.841206, 11.806193, 0.0
7514.0, 11.943574, 2.754628, 0.00266, 2.841206, 11.806193, 0.0
7514.0, 11.943574, 2.754628, 0.00266, 2.841206, 11.806193, 0.0
7530.0, 11.980247, 2.762083, 0.003185, 2.841206, 11.806193, 0.0
7530.0, 11.980247, 2.762083, 0.003185, 2.841206, 11.806193, 0.0
7547.0, 12.016539, 2.76948, 0.003689, 2.841206, 11.806193, 0.0
7565.0, 12.052426, 2.776818, 0.004159, 2.841206, 11.806193, 0.0
7565.0, 12.052426, 2.776818, 0.004159, 2.841206, 11.806193, 0.0
7580.0, 12.087884, 2.784097, 0.004592, 2.841604, 12.306197, 0.0
7580.0, 12.087884, 2.784097, 0.004592, 2.841604, 12.306197, 0.0
7597.0, 12.122901, 2.791318, 0.004978, 2.841604, 12.306197, 0.0
7614.0, 12.15747, 2.798484, 0.005316, 2.841604, 12.306197, 0.0
7614.0, 12.15747, 2.798484, 0.005316, 2.841604, 12.306197, 0.0
7631.0, 12.191581, 2.805596, 0.005605, 2.841604, 12.306197, 0.0
7631.0, 12.191581, 2.805596, 0.005605, 2.841604, 12.306197, 0.0
