1.0, 0.0, 0.0, 0.002231, 4.244329, -4.240951, 0.0
1.0, 0.0, 0.0, 0.002231, 4.244329, -4.240951, 0.0
14.0, -0.000066, -0.000222, -0.004082, 4.244329, -4.240951, 0.0
14.0, -0.000066, -0.000222, -0.004082, 4.244329, -4.240951, 0.0
31.0, -0.000083, -0.00019, -0.009556, 4.244329, -4.240951, 0.0
48.0, 0.000027, 0.00022, -0.012323, 4.244329, -4.240951, 0.0
48.0, 0.000027, 0.00022, -0.012323, 4.244329, -4.240951, 0.0
65.0, 0.000313, 0.000972, -0.013496, 4.244329, -4.240951, 0.0
65.0, 0.000313, 0.000972, -0.013496, 4.244329, -4.240951, 0.0
81.0, 0.00073, 0.001936, -0.013481, 4.244329, -4.240951, 0.0
98.0, 0.001201, 0.002964, -0.012609, 4.244329, -4.240951, 0.0
98.0, 0.001201, 0.002964, -0.012609, 4.244329, -4.240951, 0.0
115.0, 0.001641, 0.003908, -0.011149, 4.244329, -4.240951, 0.0
115.0, 0.001641, 0.003908, -0.011149, 4.244329, -4.240951, 0.0
131.0, 0.001812, 0.004544, -0.011245, 4.244515, -4.007616, 0.0
148.0, 0.001866, 0.005221, -0.011151, 4.244515, -4.007616, 0.0
148.0, 0.001866, 0.005221, -0.011151, 4.244515, -4.007616, 0.0
166.0, 0.001694, 0.006029, -0.010073, 4.244515, -4.007616, 0.0
166.0, 0.001694, 0.006029, -0.010073, 4.244515, -4.007616, 0.0
181.0, 0.001205, 0.006866, -0.008125, 4.244515, -4.007616, 0.0
198.0, 0.000366, 0.007812, -0.00595, 4.244515, -4.007616, 0.0
198.0, 0.000366, 0.007812, -0.00595, 4.244515, -4.007616, 0.0
215.0, -0.000423, 0.008462, -0.005825, 4.244515, -4.007616, 0.0
215.0, -0.000423, 0.008462, -0.005825, 4.244515, -4.007616, 0.0
231.0, -0.001847, 0.009696, -0.004556, 4.244515, -4.007616, 0.0
247.0, -0.003736, 0.011071, -0.003066, 4.244515, -4.007616, 0.0
247.0, -0.003736, 0.011071, -0.003066, 4.244515, -4.007616, 0.0
265.0, -0.006052, 0.012537, -0.001658, 4.244515, -4.007616, 0.0
265.0, -0.006052, 0.012537, -0.001658, 4.244515, -4.007616, 0.0
281.0, -0.008834, 0.014059, -0.00033, 4.244515, -4.007616, 0.0
298.0, -0.012095, 0.015605, 0.000938, 4.244515, -4.007616, 0.0
298.0, -0.012095, 0.015605, 0.000938, 4.244515, -4.007616, 0.0
315.0, -0.015849, 0.017157, 0.002101, 4.244515, -4.007616, 0.0
315.0, -0.015849, 0.017157, 0.002101, 4.244515, -4.007616, 0.0
331.0, -0.020097, 0.018704, 0.003159, 4.244515, -4.007616, 0.0
348.0, -0.024848, 0.020239, 0.004092, 4.244515, -4.007616, 0.0
348.0, -0.024848, 0.020239, 0.004092, 4.244515, -4.007616, 0.0
366.0, -0.030101, 0.021758, 0.004905, 4.244515, -4.007616, 0.0
366.0, -0.030101, 0.021758, 0.004905, 4.244515, -4.007616, 0.0
381.0, -0.035861, 0.023258, 0.005594, 4.244914, -3.507611, 0.0
398.0, -0.042124, 0.024735, 0.006169, 4.244914, -3.507611, 0.0
398.0, -0.042124, 0.024735, 0.006169, 4.244914, -3.507611, 0.0
415.0, -0.048893, 0.026188, 0.006638, 4.244914, -3.507611, 0.0
415.0, -0.048893, 0.026188, 0.006638, 4.244914, -3.507611, 0.0
431.0, -0.056165, 0.027615, 0.007009, 4.244914, -3.507611, 0.0
449.0, -0.063942, 0.029015, 0.007298, 4.244914, -3.507611, 0.0
449.0, -0.063942, 0.029015, 0.007298, 4.244914, -3.507611, 0.0
465.0, -0.07222, 0.030388, 0.007511, 4.244914, -3.507611, 0.0
465.0, -0.07222, 0.030388, 0.007511, 4.244914, -3.507611, 0.0
481.0, -0.080998, 0.031731, 0.007665, 4.244914, -3.507611, 0.0
497.0, -0.090275, 0.033044, 0.007763, 4.244914, -3.507611, 0.0
497.0, -0.090275, 0.033044, 0.007763, 4.244914, -3.507611, 0.0
514.0, -0.100053, 0.034325, 0.007826, 4.244914, -3.507611, 0.0
514.0, -0.100053, 0.034325, 0.007826, 4.244914, -3.507611, 0.0
530.0, -0.11033, 0.035574, 0.007851, 4.244914, -3.507611, 0.0
548.0, -0.121109, 0.03679, 0.007857, 4.244914, -3.507611, 0.0
548.0, -0.121109, 0.03679, 0.007857, 4.244914, -3.507611, 0.0
565.0, -0.132386, 0.037972, 0.007837, 4.244914, -3.507611, 0.0
565.0, -0.132386, 0.037972, 0.007837, 4.244914, -3.507611, 0.0
581.0, -0.144168, 0.03912, 0.007813, 4.244914, -3.507611, 0.0
598.0, -0.156449, 0.040232, 0.007771, 4.244914, -3.507611, 0.0
598.0, -0.156449, 0.040232, 0.007771, 4.244914, -3.507611, 0.0
615.0, -0.169231, 0.041306, 0.00773, 4.244914, -3.507611, 0.0
615.0, -0.169231, 0.041306, 0.00773, 4.244914, -3.507611, 0.0
631.0, -0.182509, 0.042341, 0.007675, 4.245312, -3.007607, 0.0
648.0, -0.196286, 0.043336, 0.007627, 4.245312, -3.007607, 0.0
648.0, -0.196286, 0.043336, 0.007627, 4.245312, -3.007607, 0.0
665.0, -0.21056, 0.04429, 0.007568, 4.245312, -3.007607, 0.0
665.0, -0.21056, 0.04429, 0.007568, 4.245312, -3.007607, 0.0
681.0, -0.225327, 0.045201, 0.007517, 4.245312, -3.007607, 0.0
697.0, -0.240589, 0.046067, 0.007457, 4.245312, -3.007607, 0.0
697.0, -0.240589, 0.046067, 0.007457, 4.245312, -3.007607, 0.0
714.0, -0.256349, 0.046887, 0.007409, 4.245312, -3.007607, 0.0
714.0, -0.256349, 0.046887, 0.007409, 4.245312, -3.007607, 0.0
730.0, -0.272606, 0.047659, 0.007353, 4.245312, -3.007607, 0.0
748.0, -0.289361, 0.048381, 0.00731, 4.245312, -3.007607, 0.0
748.0, -0.289361, 0.048381, 0.00731, 4.245312, -3.007607, 0.0
766.0, -0.306614, 0.049052, 0.007257, 4.245312, -3.007607, 0.0
766.0, -0.306614, 0.049052, 0.007257, 4.245312, -3.007607, 0.0
781.0, -0.324372, 0.04967, 0.007219, 4.245312, -3.007607, 0.0
798.0, -0.342628, 0.050231, 0.00717, 4.245312, -3.007607, 0.0
798.0, -0.342628, 0.050231, 0.00717, 4.245312, -3.007607, 0.0
815.0, -0.361383, 0.050733, 0.007131, 4.245312, -3.007607, 0.0
815.0, -0.361383, 0.050733, 0.007131, 4.245312, -3.007607, 0.0
831.0, -0.380632, 0.051173, 0.007079, 4.245312, -3.007607, 0.0
847.0, -0.400377, 0.051548, 0.007038, 4.245312, -3.007607, 0.0
847.0, -0.400377, 0.051548, 0.007038, 4.245312, -3.007607, 0.0
866.0, -0.420617, 0.051858, 0.006983, 4.245312, -3.007607, 0.0
866.0, -0.420617, 0.051858, 0.006983, 4.245312, -3.007607, 0.0
881.0, -0.441352, 0.052097, 0.006938, 4.24571, -2.507603, 0.0
898.0, -0.462579, 0.052264, 0.00688, 4.24571, -2.507603, 0.0
898.0, -0.462579, 0.052264, 0.00688, 4.24571, -2.507603, 0.0
914.0, -0.484302, 0.052353, 0.006833, 4.24571, -2.507603, 0.0
914.0, -0.484302, 0.052353, 0.006833, 4.24571, -2.507603, 0.0
931.0, -0.506516, 0.052363, 0.006771, 4.24571, -2.507603, 0.0
947.0, -0.529224, 0.05229, 0.006721, 4.24571, -2.507603, 0.0
947.0, -0.529224, 0.05229, 0.006721, 4.24571, -2.507603, 0.0
966.0, -0.552424, 0.052132, 0.006655, 4.24571, -2.507603, 0.0
966.0, -0.552424, 0.052132, 0.006655, 4.24571, -2.507603, 0.0
979.0, -0.576008, 0.051909, 0.006559, 4.24571, -2.507603, 0.0
997.0, -0.599854, 0.051644, 0.006374, 4.24571, -2.507603, 0.0
997.0, -0.599854, 0.051644, 0.006374, 4.24571, -2.507603, 0.0
1014.0, -0.623841, 0.05136, 0.006114, 4.24571, -2.507603, 0.0
1014.0, -0.623841, 0.05136, 0.006114, 4.24571, -2.507603, 0.0
1030.0, -0.647856, 0.051078, 0.005749, 4.24571, -2.507603, 0.0
1047.0, -0.671807, 0.050816, 0.00532, 4.24571, -2.507603, 0.0
1047.0, -0.671807, 0.050816, 0.00532, 4.24571, -2.507603, 0.0
1065.0, -0.695612, 0.050587, 0.004817, 4.24571, -2.507603, 0.0
1065.0, -0.695612, 0.050587, 0.004817, 4.24571, -2.507603, 0.0
1080.0, -0.719216, 0.050406, 0.004295, 4.24571, -2.507603, 0.0
1097.0, -0.742559, 0.050287, 0.003743, 4.24571, -2.507603, 0.0
1097.0, -0.742559, 0.050287, 0.003743, 4.24571, -2.507603, 0.0
1115.0, -0.765595, 0.05024, 0.003209, 4.24571, -2.507603, 0.0
1115.0, -0.765595, 0.05024, 0.003209, 4.24571, -2.507603, 0.0
1131.0, -0.788288, 0.050277, 0.002682, 4.246108, -2.0076, 0.0
1147.0, -0.810611, 0.050406, 0.002203, 4.246108, -2.0076, 0.0
1147.0, -0.810611, 0.050406, 0.002203, 4.246108, -2.0076, 0.0
1166.0, -0.832539, 0.050634, 0.001755, 4.246108, -2.0076, 0.0
1166.0, -0.832539, 0.050634, 0.001755, 4.246108, -2.0076, 0.0
1181.0, -0.85405, 0.050971, 0.001367, 4.246108, -2.0076, 0.0
1198.0, -0.875134, 0.05142, 0.001023, 4.246108, -2.0076, 0.0
1198.0, -0.875134, 0.05142, 0.001023, 4.246108, -2.0076, 0.0
1213.0, -0.895783, 0.05199, 0.000746, 4.246108, -2.0076, 0.0
1213.0, -0.895783, 0.05199, 0.000746, 4.246108, -2.0076, 0.0
1229.0, -0.915987, 0.052683, 0.000513, 4.246108, -2.0076, 0.0
1247.0, -0.935743, 0.053503, 0.000341, 4.246108, -2.0076, 0.0
1247.0, -0.935743, 0.053503, 0.000341, 4.246108, -2.0076, 0.0
1265.0, -0.955043, 0.054454, 0.000207, 4.246108, -2.0076, 0.0
1265.0, -0.955043, 0.054454, 0.000207, 4.246108, -2.0076, 0.0
1281.0, -0.973891, 0.055538, 0.000127, 4.246108, -2.0076, 0.0
1297.0, -0.992275, 0.056757, 0.000075, 4.246108, -2.0076, 0.0
1297.0, -0.992275, 0.056757, 0.000075, 4.246108, -2.0076, 0.0
1314.0, -1.010194, 0.058112, 0.000061, 4.246108, -2.0076, 0.0
1314.0, -1.010194, 0.058112, 0.000061, 4.246108, -2.0076, 0.0
1330.0, -1.027642, 0.059604, 0.000065, 4.246108, -2.0076, 0.0
1348.0, -1.044618, 0.061233, 0.000098, 4.246108, -2.0076, 0.0
1348.0, -1.044618, 0.061233, 0.000098, 4.246108, -2.0076, 0.0
1365.0, -1.061118, 0.062999, 0.000142, 4.246108, -2.0076, 0.0
1365.0, -1.061118, 0.062999, 0.000142, 4.246108, -2.0076, 0.0
1380.0, -1.077145, 0.064903, 0.000206, 4.246506, -1.507595, 0.0
1398.0, -1.092694, 0.066944, 0.000278, 4.246506, -1.507595, 0.0
1398.0, -1.092694, 0.066944, 0.000278, 4.246506, -1.507595, 0.0
1413.0, -1.107768, 0.069122, 0.000361, 4.246506, -1.507595, 0.0
1413.0, -1.107768, 0.069122, 0.000361, 4.246506, -1.507595, 0.0
1430.0, -1.122363, 0.071437, 0.00045, 4.246506, -1.507595, 0.0
1448.0, -1.136481, 0.073889, 0.000545, 4.246506, -1.507595, 0.0
1448.0, -1.136481, 0.073889, 0.000545, 4.246506, -1.507595, 0.0
1465.0, -1.150119, 0.076476, 0.000643, 4.246506, -1.507595, 0.0
1465.0, -1.150119, 0.076476, 0.000643, 4.246506, -1.507595, 0.0
1480.0, -1.163276, 0.079198, 0.000741, 4.246506, -1.507595, 0.0
1497.0, -1.17595, 0.082054, 0.000842, 4.246506, -1.507595, 0.0
1497.0, -1.17595, 0.082054, 0.000842, 4.246506, -1.507595, 0.0
1514.0, -1.188148, 0.085045, 0.000942, 4.246506, -1.507595, 0.0
1514.0, -1.188148, 0.085045, 0.000942, 4.246506, -1.507595, 0.0
1530.0, -1.199866, 0.08817, 0.001046, 4.246506, -1.507595, 0.0
1548.0, -1.211107, 0.091428, 0.001145, 4.246506, -1.507595, 0.0
1548.0, -1.211107, 0.091428, 0.001145, 4.246506, -1.507595, 0.0
1566.0, -1.221868, 0.094819, 0.001248, 4.246506, -1.507595, 0.0
1566.0, -1.221868, 0.094819, 0.001248, 4.246506, -1.507595, 0.0
1581.0, -1.232156, 0.098344, 0.001343, 4.246506, -1.507595, 0.0
1598.0, -1.241965, 0.102, 0.001445, 4.246506, -1.507595, 0.0
1598.0, -1.241965, 0.102, 0.001445, 4.246506, -1.507595, 0.0
1615.0, -1.251298, 0.105788, 0.001529, 4.246506, -1.507595, 0.0
1615.0, -1.251298, 0.105788, 0.001529, 4.246506, -1.507595, 0.0
1630.0, -1.260149, 0.109705, 0.001621, 4.246904, -1.007589, 0.0
1648.0, -1.268526, 0.113754, 0.001692, 4.246904, -1.007589, 0.0
1648.0, -1.268526, 0.113754, 0.001692, 4.246904, -1.007589, 0.0
1666.0, -1.27642, 0.117929, 0.001771, 4.246904, -1.007589, 0.0
1666.0, -1.27642, 0.117929, 0.001771, 4.246904, -1.007589, 0.0
1681.0, -1.283835, 0.122232, 0.001821, 4.246904, -1.007589, 0.0
1698.0, -1.29077, 0.126661, 0.001882, 4.246904, -1.007589, 0.0
1698.0, -1.29077, 0.126661, 0.001882, 4.246904, -1.007589, 0.0
1715.0, -1.29723, 0.131217, 0.001907, 4.246904, -1.007589, 0.0
1715.0, -1.29723, 0.131217, 0.001907, 4.246904, -1.007589, 0.0
1730.0, -1.303213, 0.135899, 0.001944, 4.246904, -1.007589, 0.0
1746.0, -1.308725, 0.140708, 0.001937, 4.246904, -1.007589, 0.0
1746.0, -1.308725, 0.140708, 0.001937, 4.246904, -1.007589, 0.0
1764.0, -1.31376, 0.145643, 0.001943, 4.246904, -1.007589, 0.0
1764.0, -1.31376, 0.145643, 0.001943, 4.246904, -1.007589, 0.0
1780.0, -1.318327, 0.150707, 0.001898, 4.246904, -1.007589, 0.0
1796.0, -1.322419, 0.155896, 0.001866, 4.246904, -1.007589, 0.0
1796.0, -1.322419, 0.155896, 0.001866, 4.246904, -1.007589, 0.0
1814.0, -1.326043, 0.161212, 0.001779, 4.246904, -1.007589, 0.0
1814.0, -1.326043, 0.161212, 0.001779, 4.246904, -1.007589, 0.0
1830.0, -1.329191, 0.166654, 0.001708, 4.246904, -1.007589, 0.0
1848.0, -1.331874, 0.172225, 0.001583, 4.246904, -1.007589, 0.0
1848.0, -1.331874, 0.172225, 0.001583, 4.246904, -1.007589, 0.0
1865.0, -1.33408, 0.177924, 0.001483, 4.246904, -1.007589, 0.0
1865.0, -1.33408, 0.177924, 0.001483, 4.246904, -1.007589, 0.0
1881.0, -1.335819, 0.183752, 0.001338, 4.247303, -0.507574, 0.0
1897.0, -1.337079, 0.189709, 0.00123, 4.247303, -0.507574, 0.0
1897.0, -1.337079, 0.189709, 0.00123, 4.247303, -0.507574, 0.0
1915.0, -1.33787, 0.195802, 0.001089, 4.247303, -0.507574, 0.0
1915.0, -1.33787, 0.195802, 0.001089, 4.247303, -0.507574, 0.0
1931.0, -1.338179, 0.202025, 0.000998, 4.247303, -0.507574, 0.0
1948.0, -1.338013, 0.208387, 0.000883, 4.247303, -0.507574, 0.0
1948.0, -1.338013, 0.208387, 0.000883, 4.247303, -0.507574, 0.0
1965.0, -1.33736, 0.21488, 0.000829, 4.247303, -0.507574, 0.0
1965.0, -1.33736, 0.21488, 0.000829, 4.247303, -0.507574, 0.0
1980.0, -1.336226, 0.221515, 0.000754, 4.247303, -0.507574, 0.0
1997.0, -1.3346, 0.228279, 0.000744, 4.247303, -0.507574, 0.0
1997.0, -1.3346, 0.228279, 0.000744, 4.247303, -0.507574, 0.0
2013.0, -1.332487, 0.23518, 0.000707, 4.247303, -0.507574, 0.0
2013.0, -1.332487, 0.23518, 0.000707, 4.247303, -0.507574, 0.0
2030.0, -1.329879, 0.242204, 0.000735, 4.247303, -0.507574, 0.0
2047.0, -1.326779, 0.249362, 0.000729, 4.247303, -0.507574, 0.0
2047.0, -1.326779, 0.249362, 0.000729, 4.247303, -0.507574, 0.0
2065.0, -1.323184, 0.256639, 0.000785, 4.247303, -0.507574, 0.0
2065.0, -1.323184, 0.256639, 0.000785, 4.247303, -0.507574, 0.0
2080.0, -1.319094, 0.264046, 0.000798, 4.247303, -0.507574, 0.0
2097.0, -1.314508, 0.271567, 0.000868, 4.247303, -0.507574, 0.0
2097.0, -1.314508, 0.271567, 0.000868, 4.247303, -0.507574, 0.0
2114.0, -1.309426, 0.279213, 0.000886, 4.247303, -0.507574, 0.0
2114.0, -1.309426, 0.279213, 0.000886, 4.247303, -0.507574, 0.0
2130.0, -1.303848, 0.28697, 0.000957, 4.247701, -0.00757, 0.0
2148.0, -1.297775, 0.294847, 0.000974, 4.247701, -0.00757, 0.0
2148.0, -1.297775, 0.294847, 0.000974, 4.247701, -0.00757, 0.0
2166.0, -1.291206, 0.302833, 0.001043, 4.247701, -0.00757, 0.0
2166.0, -1.291206, 0.302833, 0.001043, 4.247701, -0.00757, 0.0
2180.0, -1.284144, 0.310934, 0.001056, 4.247701, -0.00757, 0.0
2198.0, -1.276589, 0.319139, 0.001121, 4.247701, -0.00757, 0.0
2198.0, -1.276589, 0.319139, 0.001121, 4.247701, -0.00757, 0.0
2215.0, -1.268538, 0.327458, 0.001128, 4.247701, -0.00757, 0.0
2215.0, -1.268538, 0.327458, 0.001128, 4.247701, -0.00757, 0.0
2230.0, -1.259995, 0.335881, 0.001187, 4.247701, -0.00757, 0.0
2247.0, -1.250956, 0.344416, 0.001188, 4.247701, -0.00757, 0.0
2247.0, -1.250956, 0.344416, 0.001188, 4.247701, -0.00757, 0.0
2265.0, -1.241424, 0.353053, 0.001241, 4.247701, -0.00757, 0.0
2265.0, -1.241424, 0.353053, 0.001241, 4.247701, -0.00757, 0.0
2280.0, -1.231393, 0.361803, 0.001236, 4.247701, -0.00757, 0.0
2297.0, -1.22087, 0.370655, 0.001283, 4.247701, -0.00757, 0.0
2297.0, -1.22087, 0.370655, 0.001283, 4.247701, -0.00757, 0.0
2313.0, -1.20985, 0.379613, 0.001276, 4.247701, -0.00757, 0.0
2313.0, -1.20985, 0.379613, 0.001276, 4.247701, -0.00757, 0.0
2330.0, -1.198341, 0.388669, 0.001322, 4.247701, -0.00757, 0.0
2348.0, -1.186336, 0.39783, 0.001315, 4.247701, -0.00757, 0.0
2348.0, -1.186336, 0.39783, 0.001315, 4.247701, -0.00757, 0.0
2365.0, -1.173842, 0.407087, 0.00136, 4.247701, -0.00757, 0.0
2365.0, -1.173842, 0.407087, 0.00136, 4.247701, -0.00757, 0.0
2380.0, -1.160858, 0.416442, 0.001355, 4.248099, 0.492435, 0.0
2398.0, -1.147387, 0.425891, 0.001402, 4.248099, 0.492435, 0.0
2398.0, -1.147387, 0.425891, 0.001402, 4.248099, 0.492435, 0.0
2415.0, -1.13342, 0.435441, 0.001396, 4.248099, 0.492435, 0.0
2415.0, -1.13342, 0.435441, 0.001396, 4.248099, 0.492435, 0.0
2430.0, -1.118964, 0.445083, 0.001441, 4.248099, 0.492435, 0.0
2448.0, -1.104012, 0.454825, 0.001435, 4.248099, 0.492435, 0.0
2448.0, -1.104012, 0.454825, 0.001435, 4.248099, 0.492435, 0.0
2464.0, -1.08857, 0.464658, 0.00148, 4.248099, 0.492435, 0.0
2464.0, -1.08857, 0.464658, 0.00148, 4.248099, 0.492435, 0.0
2480.0, -1.072626, 0.474593, 0.001472, 4.248099, 0.492435, 0.0
2497.0, -1.05619, 0.484618, 0.001516, 4.248099, 0.492435, 0.0
2497.0, -1.05619, 0.484618, 0.001516, 4.248099, 0.492435, 0.0
2514.0, -1.039258, 0.494739, 0.00151, 4.248099, 0.492435, 0.0
2514.0, -1.039258, 0.494739, 0.00151, 4.248099, 0.492435, 0.0
2530.0, -1.021837, 0.504946, 0.001557, 4.248099, 0.492435, 0.0
2547.0, -1.00392, 0.515247, 0.001555, 4.248099, 0.492435, 0.0
2547.0, -1.00392, 0.515247, 0.001555, 4.248099, 0.492435, 0.0
2565.0, -0.985515, 0.525632, 0.001604, 4.248099, 0.492435, 0.0
2565.0, -0.985515, 0.525632, 0.001604, 4.248099, 0.492435, 0.0
2580.0, -0.966621, 0.536105, 0.001607, 4.248099, 0.492435, 0.0
2597.0, -0.94724, 0.54666, 0.001661, 4.248099, 0.492435, 0.0
2597.0, -0.94724, 0.54666, 0.001661, 4.248099, 0.492435, 0.0
2614.0, -0.927363, 0.557303, 0.001663, 4.248099, 0.492435, 0.0
2614.0, -0.927363, 0.557303, 0.001663, 4.248099, 0.492435, 0.0
2631.0, -0.906996, 0.568029, 0.001715, 4.248497, 0.992438, 0.0
2648.0, -0.886131, 0.578842, 0.001716, 4.248497, 0.992438, 0.0
2648.0, -0.886131, 0.578842, 0.001716, 4.248497, 0.992438, 0.0
2665.0, -0.864776, 0.589737, 0.001766, 4.248497, 0.992438, 0.0
2665.0, -0.864776, 0.589737, 0.001766, 4.248497, 0.992438, 0.0
2680.0, -0.842914, 0.600721, 0.001764, 4.248497, 0.992438, 0.0
2698.0, -0.820559, 0.611786, 0.001812, 4.248497, 0.992438, 0.0
2698.0, -0.820559, 0.611786, 0.001812, 4.248497, 0.992438, 0.0
2714.0, -0.797706, 0.622935, 0.001812, 4.248497, 0.992438, 0.0
2714.0, -0.797706, 0.622935, 0.001812, 4.248497, 0.992438, 0.0
2730.0, -0.774363, 0.63416, 0.001863, 4.248497, 0.992438, 0.0
2748.0, -0.750524, 0.645466, 0.001866, 4.248497, 0.992438, 0.0
2748.0, -0.750524, 0.645466, 0.001866, 4.248497, 0.992438, 0.0
2765.0, -0.726195, 0.656848, 0.001919, 4.248497, 0.992438, 0.0
2765.0, -0.726195, 0.656848, 0.001919, 4.248497, 0.992438, 0.0
2780.0, -0.701368, 0.668309, 0.001924, 4.248497, 0.992438, 0.0
2798.0, -0.676053, 0.679844, 0.001978, 4.248497, 0.992438, 0.0
2798.0, -0.676053, 0.679844, 0.001978, 4.248497, 0.992438, 0.0
2815.0, -0.650239, 0.691456, 0.001983, 4.248497, 0.992438, 0.0
2815.0, -0.650239, 0.691456, 0.001983, 4.248497, 0.992438, 0.0
2830.0, -0.623935, 0.703141, 0.002037, 4.248497, 0.992438, 0.0
2847.0, -0.597132, 0.714901, 0.002042, 4.248497, 0.992438, 0.0
2847.0, -0.597132, 0.714901, 0.002042, 4.248497, 0.992438, 0.0
2865.0, -0.569839, 0.726733, 0.002095, 4.248497, 0.992438, 0.0
2865.0, -0.569839, 0.726733, 0.002095, 4.248497, 0.992438, 0.0
2880.0, -0.542058, 0.738635, 0.002105, 4.248895, 1.492442, 0.0
2898.0, -0.51379, 0.750605, 0.002161, 4.248895, 1.492442, 0.0
2898.0, -0.51379, 0.750605, 0.002161, 4.248895, 1.492442, 0.0
2914.0, -0.485022, 0.762648, 0.002168, 4.248895, 1.492442, 0.0
2914.0, -0.485022, 0.762648, 0.002168, 4.248895, 1.492442, 0.0
2930.0, -0.455763, 0.77476, 0.00222, 4.248895, 1.492442, 0.0
2948.0, -0.426002, 0.786944, 0.002224, 4.248895, 1.492442, 0.0
2948.0, -0.426002, 0.786944, 0.002224, 4.248895, 1.492442, 0.0
2966.0, -0.39575, 0.799196, 0.002274, 4.248895, 1.492442, 0.0
2966.0, -0.39575, 0.799196, 0.002274, 4.248895, 1.492442, 0.0
2980.0, -0.364984, 0.811524, 0.002272, 4.248895, 1.492442, 0.0
2996.0, -0.333723, 0.82392, 0.002317, 4.248895, 1.492442, 0.0
2997.0, -0.333723, 0.82392, 0.002317, 4.248895, 1.492442, 0.0
3013.0, -0.301961, 0.836385, 0.002318, 4.248895, 1.492442, 0.0
3013.0, -0.301961, 0.836385, 0.002318, 4.248895, 1.492442, 0.0
3030.0, -0.269708, 0.848916, 0.002367, 4.248895, 1.492442, 0.0
3047.0, -0.236957, 0.861513, 0.002372, 4.248895, 1.492442, 0.0
3047.0, -0.236957, 0.861513, 0.002372, 4.248895, 1.492442, 0.0
3065.0, -0.203715, 0.874174, 0.002424, 4.248895, 1.492442, 0.0
3065.0, -0.203715, 0.874174, 0.002424, 4.248895, 1.492442, 0.0
3080.0, -0.169987, 0.886896, 0.002437, 4.248895, 1.492442, 0.0
3098.0, -0.135772, 0.899679, 0.002494, 4.248895, 1.492442, 0.0
3098.0, -0.135772, 0.899679, 0.002494, 4.248895, 1.492442, 0.0
3114.0, -0.101058, 0.912527, 0.002504, 4.248895, 1.492442, 0.0
3114.0, -0.101058, 0.912527, 0.002504, 4.248895, 1.492442, 0.0
3130.0, -0.065851, 0.925438, 0.002557, 4.249293, 1.992447, 0.0
3148.0, -0.030142, 0.938413, 0.002563, 4.249293, 1.992447, 0.0
3148.0, -0.030142, 0.938413, 0.002563, 4.249293, 1.992447, 0.0
3165.0, 0.00606, 0.951451, 0.002612, 4.249293, 1.992447, 0.0
3165.0, 0.00606, 0.951451, 0.002612, 4.249293, 1.992447, 0.0
3180.0, 0.042778, 0.964558, 0.002611, 4.249293, 1.992447, 0.0
3198.0, 0.079993, 0.977727, 0.002654, 4.249293, 1.992447, 0.0
3198.0, 0.079993, 0.977727, 0.002654, 4.249293, 1.992447, 0.0
3213.0, 0.117709, 0.99096, 0.002656, 4.249293, 1.992447, 0.0
3213.0, 0.117709, 0.99096, 0.002656, 4.249293, 1.992447, 0.0
3230.0, 0.155916, 1.004253, 0.002704, 4.249293, 1.992447, 0.0
3247.0, 0.194624, 1.017608, 0.00271, 4.249293, 1.992447, 0.0
3247.0, 0.194624, 1.017608, 0.00271, 4.249293, 1.992447, 0.0
3265.0, 0.23382, 1.031021, 0.002761, 4.249293, 1.992447, 0.0
3265.0, 0.23382, 1.031021, 0.002761, 4.249293, 1.992447, 0.0
3280.0, 0.273517, 1.044496, 0.00277, 4.249293, 1.992447, 0.0
3297.0, 0.313705, 1.058028, 0.002822, 4.249293, 1.992447, 0.0
3297.0, 0.313705, 1.058028, 0.002822, 4.249293, 1.992447, 0.0
3314.0, 0.354392, 1.071622, 0.002831, 4.249293, 1.992447, 0.0
3314.0, 0.354392, 1.071622, 0.002831, 4.249293, 1.992447, 0.0
3330.0, 0.39557, 1.085274, 0.002883, 4.249293, 1.992447, 0.0
3348.0, 0.437249, 1.098986, 0.002892, 4.249293, 1.992447, 0.0
3348.0, 0.437249, 1.098986, 0.002892, 4.249293, 1.992447, 0.0
3366.0, 0.479419, 1.112756, 0.002943, 4.249293, 1.992447, 0.0
3366.0, 0.479419, 1.112756, 0.002943, 4.249293, 1.992447, 0.0
3381.0, 0.522073, 1.126581, 0.002958, 4.249691, 2.492451, 0.0
3398.0, 0.565215, 1.140462, 0.003015, 4.249691, 2.492451, 0.0
3398.0, 0.565215, 1.140462, 0.003015, 4.249691, 2.492451, 0.0
3413.0, 0.608857, 1.154403, 0.003025, 4.249691, 2.492451, 0.0
3413.0, 0.608857, 1.154403, 0.003025, 4.249691, 2.492451, 0.0
3430.0, 0.652994, 1.168402, 0.003076, 4.249691, 2.492451, 0.0
3447.0, 0.697634, 1.182462, 0.003082, 4.249691, 2.492451, 0.0
3447.0, 0.697634, 1.182462, 0.003082, 4.249691, 2.492451, 0.0
3465.0, 0.742767, 1.19658, 0.003129, 4.249691, 2.492451, 0.0
3465.0, 0.742767, 1.19658, 0.003129, 4.249691, 2.492451, 0.0
3480.0, 0.788422, 1.210765, 0.003127, 4.249691, 2.492451, 0.0
3498.0, 0.834575, 1.225009, 0.003167, 4.249691, 2.492451, 0.0
3498.0, 0.834575, 1.225009, 0.003167, 4.249691, 2.492451, 0.0
3514.0, 0.88123, 1.239313, 0.003169, 4.249691, 2.492451, 0.0
3514.0, 0.88123, 1.239313, 0.003169, 4.249691, 2.492451, 0.0
3530.0, 0.928377, 1.253675, 0.003216, 4.249691, 2.492451, 0.0
3548.0, 0.976008, 1.268096, 0.00323, 4.249691, 2.492451, 0.0
3548.0, 0.976008, 1.268096, 0.00323, 4.249691, 2.492451, 0.0
3565.0, 1.02406, 1.282573, 0.003314, 4.249691, 2.492451, 0.0
3565.0, 1.02406, 1.282573, 0.003314, 4.249691, 2.492451, 0.0
3580.0, 1.072461, 1.297101, 0.003407, 4.249691, 2.492451, 0.0
3598.0, 1.121153, 1.311682, 0.003592, 4.249691, 2.492451, 0.0
3598.0, 1.121153, 1.311682, 0.003592, 4.249691, 2.492451, 0.0
3615.0, 1.170099, 1.326316, 0.003779, 4.249691, 2.492451, 0.0
3615.0, 1.170099, 1.326316, 0.003779, 4.249691, 2.492451, 0.0
3630.0, 1.219244, 1.341001, 0.004049, 4.25009, 2.992455, 0.0
3648.0, 1.268562, 1.355738, 0.004307, 4.25009, 2.992455, 0.0
3648.0, 1.268562, 1.355738, 0.004307, 4.25009, 2.992455, 0.0
3666.0, 1.318013, 1.370523, 0.004627, 4.25009, 2.992455, 0.0
3666.0, 1.318013, 1.370523, 0.004627, 4.25009, 2.992455, 0.0
3680.0, 1.367598, 1.385365, 0.004908, 4.25009, 2.992455, 0.0
3698.0, 1.417273, 1.400258, 0.005234, 4.25009, 2.992455, 0.0
3698.0, 1.417273, 1.400258, 0.005234, 4.25009, 2.992455, 0.0
3715.0, 1.467025, 1.415203, 0.005515, 4.25009, 2.992455, 0.0
3715.0, 1.467025, 1.415203, 0.005515, 4.25009, 2.992455, 0.0
3730.0, 1.516827, 1.430198, 0.005828, 4.25009, 2.992455, 0.0
3747.0, 1.566678, 1.445246, 0.006085, 4.25009, 2.992455, 0.0
3747.0, 1.566678, 1.445246, 0.006085, 4.25009, 2.992455, 0.0
3764.0, 1.616558, 1.460346, 0.006366, 4.25009, 2.992455, 0.0
3764.0, 1.616558, 1.460346, 0.006366, 4.25009, 2.992455, 0.0
3780.0, 1.666452, 1.475495, 0.00659, 4.25009, 2.992455, 0.0
3797.0, 1.716357, 1.490698, 0.006835, 4.25009, 2.992455, 0.0
3797.0, 1.716357, 1.490698, 0.006835, 4.25009, 2.992455, 0.0
3813.0, 1.766285, 1.505958, 0.007012, 4.25009, 2.992455, 0.0
3813.0, 1.766285, 1.505958, 0.007012, 4.25009, 2.992455, 0.0
3830.0, 1.816223, 1.521276, 0.007206, 4.25009, 2.992455, 0.0
3848.0, 1.86618, 1.536654, 0.007336, 4.25009, 2.992455, 0.0
3848.0, 1.86618, 1.536654, 0.007336, 4.25009, 2.992455, 0.0
3865.0, 1.916143, 1.55209, 0.007489, 4.25009, 2.992455, 0.0
3865.0, 1.916143, 1.55209, 0.007489, 4.25009, 2.992455, 0.0
3880.0, 1.966138, 1.567595, 0.007575, 4.250488, 3.49246, 0.0
3898.0, 2.016141, 1.58316, 0.00769, 4.250488, 3.49246, 0.0
3898.0, 2.016141, 1.58316, 0.00769, 4.250488, 3.49246, 0.0
3915.0, 2.066154, 1.598788, 0.007753, 4.250488, 3.49246, 0.0
3915.0, 2.066154, 1.598788, 0.007753, 4.250488, 3.49246, 0.0
3930.0, 2.116164, 1.614473, 0.007853, 4.250488, 3.49246, 0.0
3948.0, 2.166179, 1.630219, 0.007903, 4.250488, 3.49246, 0.0
3948.0, 2.166179, 1.630219, 0.007903, 4.250488, 3.49246, 0.0
3966.0, 2.216189, 1.646022, 0.007992, 4.250488, 3.49246, 0.0
3966.0, 2.216189, 1.646022, 0.007992, 4.250488, 3.49246, 0.0
3980.0, 2.266204, 1.661884, 0.008032, 4.250488, 3.49246, 0.0
3997.0, 2.316213, 1.677803, 0.008111, 4.250488, 3.49246, 0.0
3997.0, 2.316213, 1.677803, 0.008111, 4.250488, 3.49246, 0.0
4013.0, 2.366226, 1.69378, 0.008143, 4.250488, 3.49246, 0.0
4013.0, 2.366226, 1.69378, 0.008143, 4.250488, 3.49246, 0.0
4030.0, 2.416234, 1.709813, 0.008216, 4.250488, 3.49246, 0.0
4047.0, 2.466247, 1.725904, 0.008242, 4.250488, 3.49246, 0.0
4047.0, 2.466247, 1.725904, 0.008242, 4.250488, 3.49246, 0.0
4065.0, 2.516254, 1.74205, 0.008309, 4.250488, 3.49246, 0.0
4065.0, 2.516254, 1.74205, 0.008309, 4.250488, 3.49246, 0.0
4081.0, 2.566246, 1.758248, 0.008339, 4.250488, 3.49246, 0.0
4097.0, 2.616229, 1.774499, 0.00841, 4.250488, 3.49246, 0.0
4097.0, 2.616229, 1.774499, 0.00841, 4.250488, 3.49246, 0.0
4114.0, 2.666216, 1.790807, 0.008432, 4.250488, 3.49246, 0.0
4114.0, 2.666216, 1.790807, 0.008432, 4.250488, 3.49246, 0.0
4131.0, 2.7162, 1.80717, 0.008495, 4.250886, 3.992464, 0.0
4147.0, 2.766193, 1.823591, 0.00851, 4.250886, 3.992464, 0.0
4147.0, 2.766193, 1.823591, 0.00851, 4.250886, 3.992464, 0.0
4165.0, 2.816184, 1.840067, 0.008568, 4.250886, 3.992464, 0.0
4165.0, 2.816184, 1.840067, 0.008568, 4.250886, 3.992464, 0.0
4181.0, 2.86615, 1.856597, 0.008594, 4.250886, 3.992464, 0.0
4198.0, 2.916021, 1.873164, 0.008702, 4.250886, 3.992464, 0.0
4198.0, 2.916021, 1.873164, 0.008702, 4.250886, 3.992464, 0.0
4215.0, 2.965703, 1.889741, 0.008816, 4.250886, 3.992464, 0.0
4215.0, 2.965703, 1.889741, 0.008816, 4.250886, 3.992464, 0.0
4229.0, 3.015144, 1.906318, 0.009024, 4.250886, 3.992464, 0.0
4247.0, 3.064306, 1.922883, 0.009232, 4.250886, 3.992464, 0.0
4247.0, 3.064306, 1.922883, 0.009232, 4.250886, 3.992464, 0.0
4264.0, 3.113139, 1.939424, 0.009517, 4.250886, 3.992464, 0.0
4264.0, 3.113139, 1.939424, 0.009517, 4.250886, 3.992464, 0.0
4280.0, 3.161602, 1.95593, 0.009786, 4.250886, 3.992464, 0.0
4298.0, 3.209672, 1.972395, 0.010108, 4.250886, 3.992464, 0.0
4298.0, 3.209672, 1.972395, 0.010108, 4.250886, 3.992464, 0.0
4314.0, 3.257342, 1.988821, 0.010381, 4.250886, 3.992464, 0.0
4314.0, 3.257342, 1.988821, 0.010381, 4.250886, 3.992464, 0.0
4330.0, 3.304586, 2.005203, 0.010686, 4.250886, 3.992464, 0.0
4348.0, 3.351401, 2.02154, 0.010928, 4.250886, 3.992464, 0.0
4348.0, 3.351401, 2.02154, 0.010928, 4.250886, 3.992464, 0.0
4366.0, 3.397763, 2.037831, 0.011191, 4.250886, 3.992464, 0.0
4366.0, 3.397763, 2.037831, 0.011191, 4.250886, 3.992464, 0.0
4380.0, 3.443691, 2.054083, 0.011378, 4.251284, 4.492481, 0.0
4398.0, 3.489153, 2.070288, 0.011584, 4.251284, 4.492481, 0.0
4398.0, 3.489153, 2.070288, 0.011584, 4.251284, 4.492481, 0.0
4415.0, 3.534148, 2.086448, 0.011723, 4.251284, 4.492481, 0.0
4415.0, 3.534148, 2.086448, 0.011723, 4.251284, 4.492481, 0.0
4430.0, 3.578659, 2.102559, 0.011884, 4.251284, 4.492481, 0.0
4448.0, 3.62269, 2.118622, 0.011979, 4.251284, 4.492481, 0.0
4448.0, 3.62269, 2.118622, 0.011979, 4.251284, 4.492481, 0.0
4465.0, 3.66623, 2.134635, 0.012099, 4.251284, 4.492481, 0.0
4465.0, 3.66623, 2.134635, 0.012099, 4.251284, 4.492481, 0.0
4480.0, 3.709268, 2.150594, 0.012161, 4.251284, 4.492481, 0.0
4496.0, 3.751805, 2.1665, 0.012252, 4.251284, 4.492481, 0.0
4496.0, 3.751805, 2.1665, 0.012252, 4.251284, 4.492481, 0.0
4514.0, 3.793855, 2.182358, 0.012277, 4.251284, 4.492481, 0.0
4514.0, 3.793855, 2.182358, 0.012277, 4.251284, 4.492481, 0.0
4530.0, 3.835409, 2.198164, 0.012332, 4.251284, 4.492481, 0.0
4547.0, 3.876475, 2.213923, 0.012327, 4.251284, 4.492481, 0.0
4547.0, 3.876475, 2.213923, 0.012327, 4.251284, 4.492481, 0.0
4565.0, 3.917044, 2.22963, 0.012358, 4.251284, 4.492481, 0.0
4565.0, 3.917044, 2.22963, 0.012358, 4.251284, 4.492481, 0.0
4581.0, 3.957241, 2.245305, 0.012286, 4.251284, 4.492481, 0.0
4598.0, 3.997173, 2.260954, 0.012177, 4.251284, 4.492481, 0.0
4598.0, 3.997173, 2.260954, 0.012177, 4.251284, 4.492481, 0.0
4614.0, 4.036971, 2.276596, 0.011924, 4.251284, 4.492481, 0.0
4614.0, 4.036971, 2.276596, 0.011924, 4.251284, 4.492481, 0.0
4631.0, 4.076734, 2.292238, 0.011618, 4.251682, 4.992486, 0.0
4648.0, 4.116568, 2.307899, 0.011179, 4.251682, 4.992486, 0.0
4648.0, 4.116568, 2.307899, 0.011179, 4.251682, 4.992486, 0.0
4665.0, 4.156541, 2.323584, 0.010719, 4.251682, 4.992486, 0.0
4665.0, 4.156541, 2.323584, 0.010719, 4.251682, 4.992486, 0.0
4680.0, 4.19673, 2.339307, 0.010165, 4.251682, 4.992486, 0.0
4698.0, 4.23718, 2.355069, 0.009633, 4.251682, 4.992486, 0.0
4698.0, 4.23718, 2.355069, 0.009633, 4.251682, 4.992486, 0.0
4714.0, 4.277945, 2.370879, 0.009051, 4.251682, 4.992486, 0.0
4714.0, 4.277945, 2.370879, 0.009051, 4.251682, 4.992486, 0.0
4730.0, 4.31905, 2.386738, 0.008527, 4.251682, 4.992486, 0.0
4748.0, 4.360537, 2.402648, 0.007984, 4.251682, 4.992486, 0.0
4748.0, 4.360537, 2.402648, 0.007984, 4.251682, 4.992486, 0.0
4765.0, 4.402419, 2.418609, 0.007523, 4.251682, 4.992486, 0.0
4765.0, 4.402419, 2.418609, 0.007523, 4.251682, 4.992486, 0.0
4780.0, 4.444708, 2.434617, 0.007065, 4.251682, 4.992486, 0.0
4798.0, 4.487424, 2.450672, 0.0067, 4.251682, 4.992486, 0.0
4798.0, 4.487424, 2.450672, 0.0067, 4.251682, 4.992486, 0.0
4815.0, 4.530592, 2.466781, 0.006333, 4.251682, 4.992486, 0.0
4815.0, 4.530592, 2.466781, 0.006333, 4.251682, 4.992486, 0.0
4831.0, 4.574216, 2.482939, 0.006057, 4.251682, 4.992486, 0.0
4847.0, 4.618314, 2.499148, 0.005778, 4.251682, 4.992486, 0.0
4847.0, 4.618314, 2.499148, 0.005778, 4.251682, 4.992486, 0.0
4866.0, 4.662882, 2.515407, 0.005586, 4.251682, 4.992486, 0.0
4866.0, 4.662882, 2.515407, 0.005586, 4.251682, 4.992486, 0.0
4881.0, 4.707851, 2.531711, 0.00542, 4.25208, 5.49249, 0.0
4898.0, 4.753075, 2.548038, 0.005411, 4.25208, 5.49249, 0.0
4898.0, 4.753075, 2.548038, 0.005411, 4.25208, 5.49249, 0.0
4914.0, 4.798435, 2.564369, 0.005486, 4.25208, 5.49249, 0.0
4914.0, 4.798435, 2.564369, 0.005486, 4.25208, 5.49249, 0.0
4931.0, 4.843811, 2.580686, 0.005733, 4.25208, 5.49249, 0.0
4948.0, 4.889116, 2.596977, 0.006044, 4.25208, 5.49249, 0.0
4948.0, 4.889116, 2.596977, 0.006044, 4.25208, 5.49249, 0.0
4965.0, 4.934264, 2.613227, 0.006488, 4.25208, 5.49249, 0.0
4965.0, 4.934264, 2.613227, 0.006488, 4.25208, 5.49249, 0.0
4980.0, 4.979183, 2.629424, 0.006956, 4.25208, 5.49249, 0.0
4997.0, 5.023823, 2.645564, 0.007503, 4.25208, 5.49249, 0.0
4997.0, 5.023823, 2.645564, 0.007503, 4.25208, 5.49249, 0.0
5014.0, 5.068154, 2.661649, 0.008016, 4.25208, 5.49249, 0.0
5014.0, 5.068154, 2.661649, 0.008016, 4.25208, 5.49249, 0.0
5030.0, 5.112134, 2.677673, 0.008566, 4.25208, 5.49249, 0.0
5047.0, 5.155744, 2.693641, 0.009046, 4.25208, 5.49249, 0.0
5048.0, 5.155744, 2.693641, 0.009046, 4.25208, 5.49249, 0.0
5065.0, 5.198949, 2.70955, 0.009539, 4.25208, 5.49249, 0.0
5065.0, 5.198949, 2.70955, 0.009539, 4.25208, 5.49249, 0.0
5080.0, 5.241757, 2.725411, 0.009938, 4.25208, 5.49249, 0.0
5098.0, 5.284131, 2.741217, 0.01034, 4.25208, 5.49249, 0.0
5098.0, 5.284131, 2.741217, 0.01034, 4.25208, 5.49249, 0.0
5115.0, 5.32606, 2.756971, 0.010652, 4.25208, 5.49249, 0.0
5115.0, 5.32606, 2.756971, 0.010652, 4.25208, 5.49249, 0.0
5131.0, 5.367526, 2.77267, 0.010967, 4.252479, 5.992495, 0.0
5148.0, 5.408527, 2.788319, 0.011194, 4.252479, 5.992495, 0.0
5148.0, 5.408527, 2.788319, 0.011194, 4.252479, 5.992495, 0.0
5166.0, 5.449049, 2.803915, 0.011428, 4.252479, 5.992495, 0.0
5166.0, 5.449049, 2.803915, 0.011428, 4.252479, 5.992495, 0.0
5181.0, 5.489096, 2.819461, 0.011578, 4.252479, 5.992495, 0.0
5198.0, 5.528654, 2.834955, 0.011742, 4.252479, 5.992495, 0.0
5198.0, 5.528654, 2.834955, 0.011742, 4.252479, 5.992495, 0.0
5213.0, 5.567729, 2.850399, 0.011828, 4.252479, 5.992495, 0.0
5213.0, 5.567729, 2.850399, 0.011828, 4.252479, 5.992495, 0.0
5230.0, 5.606312, 2.865791, 0.011936, 4.252479, 5.992495, 0.0
5247.0, 5.644408, 2.881133, 0.011975, 4.252479, 5.992495, 0.0
5247.0, 5.644408, 2.881133, 0.011975, 4.252479, 5.992495, 0.0
5265.0, 5.682007, 2.896422, 0.012042, 4.252479, 5.992495, 0.0
5265.0, 5.682007, 2.896422, 0.012042, 4.252479, 5.992495, 0.0
5280.0, 5.719103, 2.911654, 0.012051, 4.252479, 5.992495, 0.0
5297.0, 5.755697, 2.926831, 0.012095, 4.252479, 5.992495, 0.0
5297.0, 5.755697, 2.926831, 0.012095, 4.252479, 5.992495, 0.0
5314.0, 5.791801, 2.941955, 0.012077, 4.252479, 5.992495, 0.0
5314.0, 5.791801, 2.941955, 0.012077, 4.252479, 5.992495, 0.0
5331.0, 5.827408, 2.957024, 0.012098, 4.252479, 5.992495, 0.0
5347.0, 5.862527, 2.972042, 0.012062, 4.252479, 5.992495, 0.0
5347.0, 5.862527, 2.972042, 0.012062, 4.252479, 5.992495, 0.0
5366.0, 5.897148, 2.987002, 0.012068, 4.252479, 5.992495, 0.0
5366.0, 5.897148, 2.987002, 0.012068, 4.252479, 5.992495, 0.0
5381.0, 5.931393, 3.001927, 0.011976, 4.252877, 6.492499, 0.0
5398.0, 5.965373, 3.016823, 0.011853, 4.252877, 6.492499, 0.0
5398.0, 5.965373, 3.016823, 0.011853, 4.252877, 6.492499, 0.0
5413.0, 5.999218, 3.031708, 0.011586, 4.252877, 6.492499, 0.0
5413.0, 5.999218, 3.031708, 0.011586, 4.252877, 6.492499, 0.0
5430.0, 6.033029, 3.046592, 0.011273, 4.252877, 6.492499, 0.0
5447.0, 6.066909, 3.061492, 0.010826, 4.252877, 6.492499, 0.0
5447.0, 6.066909, 3.061492, 0.010826, 4.252877, 6.492499, 0.0
5465.0, 6.10093, 3.076414, 0.010361, 4.252877, 6.492499, 0.0
5465.0, 6.10093, 3.076414, 0.010361, 4.252877, 6.492499, 0.0
5480.0, 6.135154, 3.091367, 0.009808, 4.252877, 6.492499, 0.0
5498.0, 6.169635, 3.106355, 0.009279, 4.252877, 6.492499, 0.0
5498.0, 6.169635, 3.106355, 0.009279, 4.252877, 6.492499, 0.0
5514.0, 6.204431, 3.121392, 0.008697, 4.252877, 6.492499, 0.0
5514.0, 6.204431, 3.121392, 0.008697, 4.252877, 6.492499, 0.0
5530.0, 6.239573, 3.136476, 0.008174, 4.252877, 6.492499, 0.0
5548.0, 6.275095, 3.151613, 0.007628, 4.252877, 6.492499, 0.0
5548.0, 6.275095, 3.151613, 0.007628, 4.252877, 6.492499, 0.0
5566.0, 6.311015, 3.166801, 0.007166, 4.252877, 6.492499, 0.0
5566.0, 6.311015, 3.166801, 0.007166, 4.252877, 6.492499, 0.0
5581.0, 6.347373, 3.18205, 0.006693, 4.252877, 6.492499, 0.0
5598.0, 6.384168, 3.197353, 0.006315, 4.252877, 6.492499, 0.0
5598.0, 6.384168, 3.197353, 0.006315, 4.252877, 6.492499, 0.0
5614.0, 6.421415, 3.21271, 0.00594, 4.252877, 6.492499, 0.0
5614.0, 6.421415, 3.21271, 0.00594, 4.252877, 6.492499, 0.0
5631.0, 6.459116, 3.228118, 0.005662, 4.253275, 6.992506, 0.0
5648.0, 6.497286, 3.243579, 0.005384, 4.253275, 6.992506, 0.0
5648.0, 6.497286, 3.243579, 0.005384, 4.253275, 6.992506, 0.0
5666.0, 6.535923, 3.259089, 0.005196, 4.253275, 6.992506, 0.0
5666.0, 6.535923, 3.259089, 0.005196, 4.253275, 6.992506, 0.0
5680.0, 6.575026, 3.274646, 0.005007, 4.253275, 6.992506, 0.0
5698.0, 6.614601, 3.290251, 0.004898, 4.253275, 6.992506, 0.0
5698.0, 6.614601, 3.290251, 0.004898, 4.253275, 6.992506, 0.0
5715.0, 6.654665, 3.305909, 0.004771, 4.253275, 6.992506, 0.0
5715.0, 6.654665, 3.305909, 0.004771, 4.253275, 6.992506, 0.0
5730.0, 6.695214, 3.321618, 0.004713, 4.253275, 6.992506, 0.0
5747.0, 6.736259, 3.337382, 0.004629, 4.253275, 6.992506, 0.0
5747.0, 6.736259, 3.337382, 0.004629, 4.253275, 6.992506, 0.0
5765.0, 6.777791, 3.353198, 0.004609, 4.253275, 6.992506, 0.0
5765.0, 6.777791, 3.353198, 0.004609, 4.253275, 6.992506, 0.0
5780.0, 6.819737, 3.369064, 0.004592, 4.253275, 6.992506, 0.0
5797.0, 6.861949, 3.384954, 0.004711, 4.253275, 6.992506, 0.0
5797.0, 6.861949, 3.384954, 0.004711, 4.253275, 6.992506, 0.0
5814.0, 6.904305, 3.400855, 0.004892, 4.253275, 6.992506, 0.0
5814.0, 6.904305, 3.400855, 0.004892, 4.253275, 6.992506, 0.0
5830.0, 6.946684, 3.416743, 0.005227, 4.253275, 6.992506, 0.0
5847.0, 6.988998, 3.432608, 0.00561, 4.253275, 6.992506, 0.0
5847.0, 6.988998, 3.432608, 0.00561, 4.253275, 6.992506, 0.0
5865.0, 7.031159, 3.448436, 0.006112, 4.253275, 6.992506, 0.0
5865.0, 7.031159, 3.448436, 0.006112, 4.253275, 6.992506, 0.0
5881.0, 7.073111, 3.464219, 0.006617, 4.253673, 7.49251, 0.0
5897.0, 7.11479, 3.47995, 0.007195, 4.253673, 7.49251, 0.0
5897.0, 7.11479, 3.47995, 0.007195, 4.253673, 7.49251, 0.0
5914.0, 7.156162, 3.495626, 0.007732, 4.253673, 7.49251, 0.0
5914.0, 7.156162, 3.495626, 0.007732, 4.253673, 7.49251, 0.0
5931.0, 7.197182, 3.511243, 0.008301, 4.253673, 7.49251, 0.0
5947.0, 7.237829, 3.526803, 0.008798, 4.253673, 7.49251, 0.0
5948.0, 7.237829, 3.526803, 0.008798, 4.253673, 7.49251, 0.0
5965.0, 7.278071, 3.542303, 0.009304, 4.253673, 7.49251, 0.0
5965.0, 7.278071, 3.542303, 0.009304, 4.253673, 7.49251, 0.0
5980.0, 7.317883, 3.55774, 0.009726, 4.253673, 7.49251, 0.0
5997.0, 7.357251, 3.573117, 0.010146, 4.253673, 7.49251, 0.0
5997.0, 7.357251, 3.573117, 0.010146, 4.253673, 7.49251, 0.0
6013.0, 7.396175, 3.58844, 0.010468, 4.253673, 7.49251, 0.0
6014.0, 7.396175, 3.58844, 0.010468, 4.253673, 7.49251, 0.0
6030.0, 7.434639, 3.603706, 0.010788, 4.253673, 7.49251, 0.0
6047.0, 7.472644, 3.618921, 0.011012, 4.253673, 7.49251, 0.0
6047.0, 7.472644, 3.618921, 0.011012, 4.253673, 7.49251, 0.0
6065.0, 7.510175, 3.634081, 0.011241, 4.253673, 7.49251, 0.0
6065.0, 7.510175, 3.634081, 0.011241, 4.253673, 7.49251, 0.0
6080.0, 7.547248, 3.649195, 0.011378, 4.253673, 7.49251, 0.0
6098.0, 7.583841, 3.664257, 0.011529, 4.253673, 7.49251, 0.0
6098.0, 7.583841, 3.664257, 0.011529, 4.253673, 7.49251, 0.0
6114.0, 7.619954, 3.679267, 0.011605, 4.253673, 7.49251, 0.0
6114.0, 7.619954, 3.679267, 0.011605, 4.253673, 7.49251, 0.0
6130.0, 7.655573, 3.69422, 0.011706, 4.254071, 7.992515, 0.0
6148.0, 7.690707, 3.70912, 0.011739, 4.254071, 7.992515, 0.0
6148.0, 7.690707, 3.70912, 0.011739, 4.254071, 7.992515, 0.0
6166.0, 7.725343, 3.723962, 0.011803, 4.254071, 7.992515, 0.0
6166.0, 7.725343, 3.723962, 0.011803, 4.254071, 7.992515, 0.0
6181.0, 7.759579, 3.738755, 0.011769, 4.254071, 7.992515, 0.0
6198.0, 7.793542, 3.753517, 0.011694, 4.254071, 7.992515, 0.0
6198.0, 7.793542, 3.753517, 0.011694, 4.254071, 7.992515, 0.0
6215.0, 7.827371, 3.768268, 0.011463, 4.254071, 7.992515, 0.0
6215.0, 7.827371, 3.768268, 0.011463, 4.254071, 7.992515, 0.0
6230.0, 7.861168, 3.783023, 0.011174, 4.254071, 7.992515, 0.0
6247.0, 7.89504, 3.797798, 0.010744, 4.254071, 7.992515, 0.0
6247.0, 7.89504, 3.797798, 0.010744, 4.254071, 7.992515, 0.0
6265.0, 7.929056, 3.812602, 0.010288, 4.254071, 7.992515, 0.0
6265.0, 7.929056, 3.812602, 0.010288, 4.254071, 7.992515, 0.0
6280.0, 7.963303, 3.827452, 0.00973, 4.254071, 7.992515, 0.0
6297.0, 7.997817, 3.842349, 0.009194, 4.254071, 7.992515, 0.0
6297.0, 7.997817, 3.842349, 0.009194, 4.254071, 7.992515, 0.0
6314.0, 8.032647, 3.857299, 0.008608, 4.254071, 7.992515, 0.0
6314.0, 8.032647, 3.857299, 0.008608, 4.254071, 7.992515, 0.0
6330.0, 8.067819, 3.872301, 0.008084, 4.254071, 7.992515, 0.0
6348.0, 8.103369, 3.88736, 0.007541, 4.254071, 7.992515, 0.0
6348.0, 8.103369, 3.88736, 0.007541, 4.254071, 7.992515, 0.0
6365.0, 8.139315, 3.902475, 0.007083, 4.254071, 7.992515, 0.0
6365.0, 8.139315, 3.902475, 0.007083, 4.254071, 7.992515, 0.0
6381.0, 8.175682, 3.917648, 0.006621, 4.254469, 8.492518, 0.0
6398.0, 8.21248, 3.932877, 0.006254, 4.254469, 8.492518, 0.0
6398.0, 8.21248, 3.932877, 0.006254, 4.254469, 8.492518, 0.0
6415.0, 8.249727, 3.948166, 0.005889, 4.254469, 8.492518, 0.0
6415.0, 8.249727, 3.948166, 0.005889, 4.254469, 8.492518, 0.0
6430.0, 8.287428, 3.963509, 0.005617, 4.254469, 8.492518, 0.0
6448.0, 8.325598, 3.978912, 0.005344, 4.254469, 8.492518, 0.0
6448.0, 8.325598, 3.978912, 0.005344, 4.254469, 8.492518, 0.0
6464.0, 8.364235, 3.994369, 0.005159, 4.254469, 8.492518, 0.0
6464.0, 8.364235, 3.994369, 0.005159, 4.254469, 8.492518, 0.0
6480.0, 8.403238, 4.009865, 0.005013, 4.254469, 8.492518, 0.0
6496.0, 8.442485, 4.025383, 0.005024, 4.254469, 8.492518, 0.0
6496.0, 8.442485, 4.025383, 0.005024, 4.254469, 8.492518, 0.0
6514.0, 8.481866, 4.040909, 0.00511, 4.254469, 8.492518, 0.0
6514.0, 8.481866, 4.040909, 0.00511, 4.254469, 8.492518, 0.0
6530.0, 8.521264, 4.056422, 0.005363, 4.254469, 8.492518, 0.0
6547.0, 8.560598, 4.071911, 0.005674, 4.254469, 8.492518, 0.0
6547.0, 8.560598, 4.071911, 0.005674, 4.254469, 8.492518, 0.0
6565.0, 8.599778, 4.087362, 0.006116, 4.254469, 8.492518, 0.0
6565.0, 8.599778, 4.087362, 0.006116, 4.254469, 8.492518, 0.0
6581.0, 8.638763, 4.102773, 0.006565, 4.254469, 8.492518, 0.0
6598.0, 8.677483, 4.11813, 0.007096, 4.254469, 8.492518, 0.0
6598.0, 8.677483, 4.11813, 0.007096, 4.254469, 8.492518, 0.0
6614.0, 8.715894, 4.13343, 0.007596, 4.254469, 8.492518, 0.0
6614.0, 8.715894, 4.13343, 0.007596, 4.254469, 8.492518, 0.0
6631.0, 8.753952, 4.148667, 0.00814, 4.254868, 8.992522, 0.0
6648.0, 8.791636, 4.163843, 0.008617, 4.254868, 8.992522, 0.0
6648.0, 8.791636, 4.163843, 0.008617, 4.254868, 8.992522, 0.0
6665.0, 8.828915, 4.178954, 0.00911, 4.254868, 8.992522, 0.0
6665.0, 8.828915, 4.178954, 0.00911, 4.254868, 8.992522, 0.0
6680.0, 8.865762, 4.193997, 0.009523, 4.254868, 8.992522, 0.0
6697.0, 8.902164, 4.208975, 0.009938, 4.254868, 8.992522, 0.0
6697.0, 8.902164, 4.208975, 0.009938, 4.254868, 8.992522, 0.0
6714.0, 8.938124, 4.223894, 0.010257, 4.254868, 8.992522, 0.0
6714.0, 8.938124, 4.223894, 0.010257, 4.254868, 8.992522, 0.0
6730.0, 8.973621, 4.238751, 0.010575, 4.254868, 8.992522, 0.0
6747.0, 9.00866, 4.253551, 0.010799, 4.254868, 8.992522, 0.0
6747.0, 9.00866, 4.253551, 0.010799, 4.254868, 8.992522, 0.0
